vertices 383         
2         2.11022442026412    2.34543501227972    2.68913348381269
4         1.35179844326783    1.30223881554806    3.34126134549649
6         1.94758782083781    1.11457357851926    3.19927073669779
13        1.47940147666324     1.1452573035374    3.11369182350498
14        1.53242711511942    1.37503078357637    2.67951025708779
16        1.88868494536591    2.44019077486024    2.49913612176394
17        1.10082685341435    1.78826967947471    3.24310053031539
20        1.07738773318942    1.90493691110101    2.86684631116144
31        3.15159676339368    1.73733872738823    3.23715102629569
36        3.94671232184073    1.64571168731144   0.435686257463677
40        3.62895258029185    2.24509336363975    3.31681231973321
43        3.83223406469993    1.25638616882349    3.51722605498924
45      0.0174846523718312     2.3449080649019    3.17271910696226
59       0.637889712370567    1.94367468836452   0.107983701634175
69        0.70097636597634    2.10996480703302    3.77896354280693
70       0.569743576135992    1.57816058013087  0.0521710664171026
73        3.89291637517954    1.30515391473703   0.113926674668474
80        3.49576489556248   0.558342926904116    1.12903070936065
83        3.36449034466331   0.682104687981452   0.619368565417732
86       0.152107134830968     1.4433238059166    1.28806359091755
87       0.385655062999023    1.20664781825418    1.21130204484955
95        3.72070055366928    1.61316655786151    1.04492046506934
96        3.90970169017908     1.6837432786502   0.973075184015609
106       2.55191284210964   0.933425041320581    1.20448400400469
109       3.15114200313319   0.437767657301333    1.17171468029814
113       3.25681883767442    1.96172607355569    1.31223686044943
114       3.02071270636518    1.03196529385317    1.78683303302192
115       2.86422996634278   0.648091954699706     1.4710270523278
116       1.21090905703941    2.16131034617644    1.69881587237435
122       2.35922918255646    2.47904386244476    2.03853106585182
124       2.16080402336653    2.64379638979814    1.15326038473364
126       2.31407314489119    2.19684919785783    1.73025088438332
129       2.32311647400962    2.97744410782902     1.8612851844619
131        1.6688876727901    3.21186439317766     1.5064139062844
136       1.55050384262274     2.5530468699378    1.08000495246936
142       2.22743141591475    2.32819714607592    1.25130802272954
147       1.20259698356367    1.37098638823296   0.981379578975848
148       1.20853948653562   0.444026349535812   0.260548088050261
149       1.20049067427712    1.36912204033214   0.536907354322914
150      0.812194249748623    1.29394263679466   0.263537409479845
152       1.38321040565266   0.578305810894818    1.16609030282209
153      0.670246569760858    1.31398917674497    1.36948365362702
154       1.34286280473355   0.914902113719369    1.34039974510667
155      0.980283321645518   0.682105699229418  0.0418813138040065
156       1.08508426600401     1.0047954917152  0.0324956180797513
157       1.35542227261216    1.03162732925849    0.21921207406917
158       1.42230615538603   0.600968748685555   0.379649653479656
160    0.00311831590997093    3.89512089276353   0.333763420530611
177       3.82394973962315    3.63247967233654   0.264126921537568
182        3.3548895976825   0.342578901067383    2.54434307621116
186       3.22821034907252   0.292325910583199    2.88929795495011
200       3.60135686124675    3.20158051620666    2.32996623435919
201       3.14338737178635    3.22459982486618    2.47709134280203
203       3.97359923789099   0.340127855263287    2.42731263143099
210      0.908508214165114  0.0163529944584698    1.41320509903302
218      0.898704340476453    2.93217002932392    2.23396302003871
220        1.3815743793798    3.78408529442291    2.16157310100663
223      0.764234420300349     3.7829944393377    1.16324538587833
229       1.06442677155054     1.1480573999353    3.48265600318451
230       3.73626247944542   0.757019193492618    3.59356427874882
231      0.939504739309874   0.694668755277402    3.20545701225058
236       0.42768510207807   0.775454974084136    3.00522582188818
246       1.05426275502716    2.90476164417599   0.717467288761299
252       2.33367170105901    2.73039649401753   0.977181162697313
262       2.20811580859476    3.23104145547537   0.239386359745977
264       2.41137604110728    3.82002101443919    3.58605885109509
266       2.03171002926941   0.226275095257159    3.66130659150659
273       2.09140302248567   0.874313467578242    3.24209348222659
274        2.2020311659949    1.01329914428864    3.51371627231472
278       1.93046994873405   0.426385018866456    3.25080882025928
281       2.74342785884429    1.07349025205525    3.66011715544367
311        2.7258261808211     2.3359822750085    2.22055492021349
326        1.3985278915564    1.68270174918457   0.601090855115573
331       1.02390673675111    3.80276573188998    3.36751901818966
332       1.27901488610415  0.0630539843704002    3.59020001706395
335       0.99465617654645    3.76090261955038   0.381511373847825
336       1.32386174126587   0.147785185038427  0.0939875271637838
338       2.10882685747477    1.58816974214595   0.611724305791097
339       1.77314942276228    1.19345072486092   0.071589442414788
340       1.85235865718455    1.61383167886915    0.34800712507115
341       2.44500776604221   0.994669268879761   0.748104537673315
344       2.09159503548519   0.733922435780559   0.153363878263192
349       3.01315237134722    2.89541251691752  0.0192550998079591
351       2.39752454319628    3.25416083217982   0.039508008026241
355       2.20476300421345     3.4110846246794    3.72668073904034
358       1.64006931358354    3.16241182030726    3.30049285879943
359       1.28004567864101     2.6940350766939    3.74785024757604
360        1.4029998151523    2.87673102139537    3.34030448490519
362       2.01974565720431    3.42962813003246     3.7858688182475
369      0.798888825942807    2.76999698071818    2.60858632576895
373      0.823753811116487    2.90185911390205    3.67532952583446
378      0.138267374931265   0.403760766288609    2.17543325413329
380     0.0685589828710384   0.510190527403837    2.33498700932142
383      0.200589912509499    1.26115189924546    2.60314884315878
387      0.383402147858249   0.810597068351321    2.58166283598615
394       1.76892964879818  0.0381860318983515     3.8057580923452
397       1.66731372196743   0.109582658436766   0.113390879780272
399        2.7412161300143   0.293640171890874     1.7641180233133
407        1.3146509756468    3.97890777050259    2.69624312739238
408       1.28082534517988   0.332790389090377    3.10802622520351
410        1.1275034402102   0.658544857767208    3.04444383137503
425       2.61978328045189    3.92102040591056    1.74138024764721
439       1.62732723696085    3.86957665106486    2.50335023008494
444       3.59588561371742    2.86150864631111    1.93973226134486
445       3.89963648014031    3.41581201499188    1.73613672454978
449       3.81227474911153    0.70042462532891  0.0820090158331268
450     0.0624045657903586   0.513281742038053   0.156385771263556
470        3.7010559841872     3.1932230007451    3.26951437634563
478       3.64801917585188    2.73892050556368    1.92871034376963
483       1.00456524770767    3.07747250587256    3.27138124830438
486       1.25991946704279  0.0208922466866634    2.47259578089208
494        2.2943903109409    1.63257346184883    3.40125518230338
509       3.26302039552976    3.39855295977459    1.06898446420616
514       2.18043232749281    2.77474811670855   0.409088005731082
518      0.213350344386132    3.80945249091844    2.29115128888392
519       3.85449259444847     3.6245143774508     2.0586567469892
531       1.79785863994864   0.434809678528178   0.307092629736706
538       2.72016398108391    2.40456130608508   0.833246790770391
544       3.97213629264979    2.66000004176562    3.44904083089445
545      0.213394065918826     2.6539573174913    3.73953560244947
557        2.5540532232565     1.0110794429498    0.76278544845656
564       3.75711492370529   0.358974442740113    1.21708941418027
565       3.98772258840093   0.638568886526915    1.48342122941944
566        1.9887493979349     3.3064015870988   0.148386994781167
567       1.79471086245161    3.66239365206814   0.409852006058017
568       3.00553121327139    3.44690105866001    2.46087102097331
570        2.5874930786279    3.48666233213483    2.12421985335348
571       3.36209941652041    2.22174268920027    3.15813985727882
579       1.50367767066732    2.83465535629862   0.201645554283455
580       1.13521876858169    3.06868184100374   0.456328390033021
593      0.807302058944965    1.44762720427659    2.16771597812249
598       2.37606601240239     0.7107515609956   0.481889904186504
601       3.59915542772735    2.27509145764499   0.101101917071957
602       3.18287506763002    2.58270283345021   0.354862384805763
603       2.19831268966849    3.01325343642047     1.4284660110456
604       2.39314386022506    3.15508152845791    1.27347136661325
605        1.1968901247165    2.85118935126029    2.13296590202706
609       2.24517919077518    1.67373069205743    2.88897701208028
610       2.00285348901115     1.3204371642547    2.81877359678311
614      0.168436885719233    1.42328763788207   0.262625500191522
615      0.443666018325702    1.15777600793437   0.452378008263965
623       3.72791906394037    3.44546808322962    3.42146572214907
636       1.51275469143639    2.64079283268139    3.16917595362485
637       1.28547583469979    2.48951187896502    2.77838830661693
645       2.57030153275492    3.13993940006297    1.86620788778432
649       3.00731238463008    0.58471984008685   0.628745549058591
650       2.89951094150329   0.443401492308549   0.480726661838094
660       2.67075866049859     1.6845398061842    3.54837565394991
661       3.57541768969192   0.492981085334978   0.310576730354647
663      0.562045274902218     1.8853417504846    2.78669798334662
670       2.66190846857714    1.96469089073967   0.408702862574491
671       2.73883046397013    2.36212283106119    0.49674260147026
675       1.56067193029732    3.22723843476318    2.05952845488984
676       1.84184613816871    3.13992558770446    2.25540350353142
679       1.16881429904959    3.42547471264931   0.994781748420506
680       1.23901801744182    3.45571912124666   0.583501984215293
683       2.79674390249262    1.30769924033255    1.64871025858229
684       3.06333903760054    1.86477380678963    1.46805516756968
686       1.16078057490535    2.20408672752532   0.699321435879365
687       1.21785921085407     2.0600924367569   0.470559348957568
691       1.45385672595446    2.25848405891102    3.53938066475342
697      0.442319254391054    1.57508054751633    2.41117414765048
701      0.722907151773777    2.77888497899442    1.89999276229027
702      0.291156419469592     3.6281918981358    2.72491375078708
705       3.64775697102282    2.47691779232536     3.5089526917888
710       3.22000477046311       1.90721120123    1.48890047385468
715       3.39276644733878   0.632010565638618    3.49999938747881
716        3.1740680649474    0.91963520951679    3.33677908021043
718      0.901976268478492    0.46189374585377    3.39629929337829
720      0.296083900700353   0.692981076400918    1.34839544259398
724       2.57840782176724    3.52032894580998    1.29683896257606
727       1.31003333812146    2.39244754145981    3.77763665472148
728       1.52248007547344    2.32451816468729   0.148386575522943
729      0.332261891867319    2.59963057070195    3.64730285831915
730     0.0801273389614499    2.60069675008225    3.34546297409364
731       1.48603254230671     3.9417101193903    2.34031019213516
735       2.05340953671961    1.23403632056422    3.44852171860568
736       1.81405328061049    1.36293506805446    3.64706128003662
738       2.59202089025173    3.23854485810001    1.38327134982463
739       1.04058425790736   0.654807713936691    2.51808172465986
741       3.92273187976498   0.282133816010621   0.378002892778238
743      0.121167211391008    2.13619131827467   0.411571587167811
745      0.406766056406729   0.697404146454955   0.368373723932961
748       3.42410401977343   0.252399008055821    3.16261735538986
749      0.685345340712551    3.00645650817827    2.84100746551298
750      0.658238603641754    3.51980587829658    2.70645104038378
753       2.76049393531698   0.840319359979003   0.535060784149183
754       2.67276720357364   0.700045304472213    0.41272096677663
757       1.59030760497957    2.62667474024004   0.320933230150684
758       1.34361543302066    2.55916167822029   0.708536375099699
759       2.72402770201415    2.31412086478865    2.30285029139434
764     0.0402011789198329   0.205678484935169    2.25905366397059
766        1.1224575066994    0.19710775830842    3.33198142340808
767      0.976200654888879    3.87198347157456    3.28225699893616
772       2.99231599442288    3.84463337963433    3.05016886568027
779       3.97685291381969     2.3512135303718   0.293380508834923
781       3.94287684420672    3.16027863146761    2.83765330659432
782      0.170743286967002    2.79957074007126    2.92721179985457
784        0.4027279429936    3.00543839514171    1.59988490468552
785       1.07532561385303    3.11254762302512     1.0492415540342
786       0.48264531357281    3.11806155948879    1.26314706022203
788      0.870817856825942   0.253811722806874    1.29405031752806
789       1.10973273462672    3.59540054974162    3.21079578791665
790       1.03216918109052    3.73134892393715    3.08557898247722
791       2.91550181252876    2.41902410333347    2.35070259947202
792       3.29814388456883     2.1312433528899     2.6172951059495
796       3.70486465844636    1.52344368529443   0.293939413595401
797       3.44974276619854    1.38006884083612   0.552175660117563
799      0.919166596176285    1.06143327566972    2.12152131425551
801      0.719433448157669   0.736737212128974    2.35352677929656
802       0.51396968102464   0.422805173786163    2.07781447618379
803       1.35695266016639    2.91405577915717    1.33644792671059
804       1.08738506382991    2.70386091906418    1.82343398870702
805       2.21462222327633   0.687796661529117    3.94225217256708
806       2.64838860796094   0.702458084125444  0.0680007285330114
812       3.00147002884559    1.45378325888753   0.457882630412114
816       2.76827335449016    3.80302703649521   0.657808568736787
817        2.9450376455867    3.67917376599781    1.07819446406149
822        2.2032975024935    1.10649785665611    2.47829753212786
823      0.336435171593101    2.38547752893393    2.59408200884479
824      0.121021462440557    2.49910698102342    2.73791569887731
827       2.63642547902856    2.00569328980131    1.83555443178467
828       2.53649829708579    1.47881836737976    1.90408594657739
829        2.9517532193906   0.943546416722567    2.29080403362111
830       2.58734076537252    1.32293434978798    2.31508113662786
831       1.84785706356137   0.401913592882741    1.30672597743105
833       2.04636686106595   0.347138997828781   0.656228033113943
839       1.83822613650271    1.88464375079995    1.68288530748634
840        1.9492593295334    1.41166498707185    1.75012268516865
841        2.9265393146393    3.45126897497372    2.77848190018481
848      0.857779421433437   0.973031591511322    1.61870923426237
849      0.603048117341112   0.603373643967497      1.575745706765
850       3.14035232738104    1.67465578470923    2.79218354498099
851       2.67230465428411    1.66742266532756     2.5721771108013
852      0.364402634159581    3.41810159018684    1.31819776164092
853       0.27737941868706    3.35389802140548    1.63929751760155
859       3.96836931812965    3.62480774345159    1.03408938780874
860       3.69221368670303    3.64839955197507    1.30682405029544
861       2.19434689660078     0.2539802538717    2.93509979159434
863       1.97993224779028    3.97816515071554    2.51337621367434
866       3.02256088685734   0.638666738332529    2.85807940223505
871       3.50697447477778     2.6892421431874    1.86999656581297
872       3.03245304758724    2.86897592753636    2.13835084407697
873       3.45880319270994    2.79496428663784    1.87932545926719
874       2.53389644582407    3.81328833627563    3.12145519496718
876       1.35929283976545    1.68743431202098    2.57525188084069
877       1.61326585992786    2.26893645936156    2.42180903407099
879       2.92579086995116    2.44461601947119     2.2657932806066
880       3.34017708663817    2.35081622679458    2.02885667387529
884       2.07875633599212   0.257640723357278    2.19736607700675
885       2.45144981469898   0.146783904934206    1.77558566145748
892       1.60498199849516    3.55709994121513    1.32800811734773
894       2.04336002578969    2.58081625314286    3.05941985204312
895         2.381778018289    2.86921628948788    3.22012613663784
896      0.398601227254988    2.47738756400997     1.8665535076787
897       0.19064436720386    2.65693911800589    1.65881612146095
899      0.100114287857205   0.208122570390424   0.796439400826984
901       1.48561056843265    1.99000092759619    1.98634606681703
902       1.29040869383695    1.56930871892596    2.32957244595279
905       3.46797478089014    1.73953068902597  0.0796508901429537
908        1.9264094603623   0.280977840517684    1.49059530210242
909       1.83432826464779   0.311981002431913    2.06595136515687
910       3.84336484622032    1.61972008678893    2.12435419224337
914       1.51750045207126    2.51247904013951    2.51433617072347
915       3.02928234791862   0.327071681486626 0.00642106822755649
918       0.15563436497737    3.99755113869355   0.774706128604429
919      0.638305846689034   0.014303866787666   0.860277678970477
928      0.345388559037023   0.365600631378812   0.848776772426251
929      0.664934546564086   0.161404559441336   0.883519680364448
930       1.47836143749296    3.88201638759951    1.54946535234187
937       1.87425000267287   0.224800625897352     1.4196231771375
939       1.75252554275044    2.61813955651771     2.5660924001497
940       1.82512658037281     2.7239824492496    3.00160652400977
941       2.87080454159862    1.48094991703913    3.68512053551043
942       3.00392575923994    1.63490924700273   0.223370751240918
945       2.68005571282481    2.22316392703149   0.917672076418678
947       2.61776082629251    1.87514154619205   0.566398040000712
948        3.0860107936579    1.92485196434064    1.25334961401478
949       2.83226360938454    1.55993610005025   0.650302189588114
950       1.25943169072049    1.01649248538691    2.25491920204556
951       1.59872541673574   0.939476655404437    2.04216091900437
954       3.09811400622884   0.285282478683372   0.166965919238713
955        3.5818268582504    3.97108524639223    1.42469641290919
958      0.702245984828203    3.98754483623462    2.06091348473089
959       1.06005862056927    3.85663561496981    2.30042684976274
961      0.250603504059831    1.75675702381038    2.15485590239647
962      0.186194776885193     2.3051438330569    2.27627987437558
965      0.315988829236333     3.0406931401466  0.0262577853241865
966       3.91342808236118    2.40912278378487    2.33337170253423
967       3.57295057031297    2.17969707345235    2.28534554402716
968       3.07675020303338    3.20948605361763     2.8009917235115
971      0.760036243943293    3.58195552591351    2.38398185181147
972      0.513097557407709    3.74560977237205    2.15713032032959
973      0.664662783572162    3.54062016778872     3.9478412953283
974      0.678186045500226    3.14266553395544    3.98752224610114
977        1.9087374972712    3.45078380309576    2.53848680577481
978       1.71879301346619    1.14408129326147    2.13552131800093
979       1.43074977618889    1.27628306202804    2.35707248254063
980       2.47465483055389    3.52406205003136    2.93127738850369
981       2.15424537929547    3.60045175119588    2.52981834082244
982       3.27628344407802    3.95162594094083    2.20308304694869
983        3.7093029540102    3.89788944530428    2.01439773600919
984       2.89926271931074   0.785632437961599    2.34334529849839
985       3.09686669287632   0.743151495655577    2.51530782956042
989        3.1375788018591  0.0572556101113359    1.33814259482953
990       2.84964816694843  0.0898048697793215    1.73846321833578
991        3.1118463990086    2.66893108706337    3.31455204445433
992       2.91639243361972    2.86681959300696    2.94149484446642
993      0.112778474659186    2.22845690396925   0.968291696851891
994      0.182491206376546     2.3142063321148   0.787059669527252
995       3.50682113612297    3.20091732773285    3.28511996352222
996       3.29813652433565    2.77601104499745    3.46533034088888
997       2.39643807296859   0.626143107091556    2.84582880034301
998       2.38071863172144   0.739897881168337    2.53007218821034
999     0.0647132685997736    2.31693785507319   0.993423268709401
1001     0.228858568156475    3.67628872916406    3.94345329568135
1002    0.0691462142528303    3.50493464381094    3.94738473386408
1004      1.88758258259908   0.447825303195616    1.35717902070669
1005      2.32236621787289   0.908899897184525     1.1576636870693
1006      2.22875853603942    3.14407714777795    3.22312059639606
1007      1.88573215331689    3.07590885051286    3.07858349341004
1009       3.3732681878686    2.72996209363337   0.654429929498482
1011      1.63979847020982   0.916864312188919    1.51724879436434
1012      1.87442636486249    1.21548137868862    1.42985090773928
1013     0.635269503543184    1.53454787598446    3.49830569796374
1016     0.412446494447318     1.8004320727067     3.1485903554306
1017     0.684384541738529    1.74565208069643    3.40851305159815
1018      2.09317426067122    3.79831988260974    0.75230105206921
1020      2.01551969772235    3.74011573547145    1.14710154542366
1022      3.10967235975178    3.04552116960331    1.26181036800191
1023      2.34190213692574    3.62851863761941    0.74166501116848
1024      2.36509029883419    3.49457822690983    1.15128196257381
1025      3.43982969755412     2.3703327069718    1.24550653300119
1026      3.18355222568572    2.63195458770289   0.979078006965417
1027      3.41603078910463    3.26735965204504   0.661994388643237
1028       3.7816041563734    3.36176461702452    0.62939254541513
1033     0.182234020519106   0.428412220629149    3.22724483547423
1035     0.570771251748967    1.71649272094538    1.74772890072911
1037     0.645193138020412    1.90673441021693     1.6379607264317
1038     0.536543974127295    1.64201043589233     1.5272732068527
1039      0.61945497049983    1.84794413446472    1.47684911665573
1043      3.85590503256907    1.36067171662158    1.38097878527181
1044      3.66728500302498    1.42604642272492    1.70087428492913
1045     0.371754281520445   0.281773821205531    3.40647683240158
1046     0.378412747495247  0.0207840258820208    3.36936548320584
1047      3.74813723586648   0.946610398374365    1.46731579887371
1048      3.57356067262948    1.14247180696527     1.7763214272576
1049    0.0204220045913263   0.217481173312771    3.04505110827582
1050     0.148504484414223    3.93333179210913    3.12933491750001
1051      3.68832028810529    1.40200392949553    3.39132728564062
1053      3.39356936828018    1.34421035340455     3.2695144217187
1054      3.49667982937735    1.63646908981364    3.50523767275148
1055      3.28112455148475    1.55476248173668    3.39279548777601
1056      0.19893725085808    1.34261932512138    3.23863246209135
1057     0.163489292653463    1.40225063018645    3.17678896458496
1060      1.71774852721272    1.67217383711779    1.06345566141307
1061      1.27105539400672    1.96472400235992    1.03854208745048
1062      1.40505353526456    1.68568344724168   0.919746834996878
1063      1.46719412075833    2.12924256797591    1.24456638060841
1064      1.74595385783349    1.98353573567056    1.28878925415384
1066      2.59266959459651    2.67137585100357    3.59250837440728
1068      2.61414510455324    2.83251268825509    3.96364161527064
1069      2.44143487758882    2.55268531619695   0.234133030319272
1070      3.52172508775218     3.4539511127965    3.44389566283992
1071      3.22641359960931    3.87345228453719    3.32194563878957
1073       2.9663048255727    3.95409737992159     3.8476596650618
1075     0.338612381033716    2.77539992424102   0.782396645433752
1076     0.136310868169911    2.40379829576519   0.802351147000893
1078       3.9666473120271    2.55466458118497   0.578180460597556
1079     0.127016494279168      2.846350283187   0.559484384505205
1081      2.13024278241851    2.00200838530786    3.62204691832623
1083      1.93554923912105    1.95076963126378    3.74099535202636
1084      1.95638520169697     2.0088805769682  0.0144152870505221
1085        2.347167592677    2.08620716621049    3.75677781204386
1086      2.29872547185064    2.12511764241258  0.0414750066961228
1117      3.06624327734293    3.81946836744612  0.0830241708139381
1118      3.27079693541259    3.60691237790992   0.085118977277716
1120       3.1439070994818    3.47530455423672    0.20989069169901
1121      2.95387811380824    3.62447879045186   0.227072912753614
1122      3.17182827405931   0.944732697589315    2.44559975317842
1123      3.34481448749879    1.35370407295326    2.74348647193366
1125       3.7695482689313     1.2991379851716    2.39549256344404
1126      3.65545602263145    1.03988270520935    2.23676950464908
edges 766         
2                 2           16
25                4           13
26               13           14
29               20           17
30               17            4
32                6           13
57               40           45
71               43           73
98               69           59
114              59           70
121              95           96
122              96           86
126              86           87
137              80           83
152              96           36
171             113           95
174             106          115
175             115          109
180              80          109
181             115          114
186              16          122
187             122          126
192             126          142
198             129          122
214             136          124
228             124          142
233             152          158
234             158          148
239             153          147
240             147          154
242              87          153
243             147          149
244             149          157
245             157          158
246             152          154
248             150          149
249             157          156
250             156          155
251             155          148
253             156          150
257             160          177
299             201          200
311             186          182
312             182          203
337             210          223
369             236          231
370             231          229
371             229          156
372             150           70
376              43          230
413             124          252
443             264          266
452             278          266
463             273          278
470             273          274
473             274          281
510             122          311
555             326          149
565             332          336
566             336          148
568             335          336
569             332          331
573             339          344
577             339          340
578             340          338
579             338          341
615             355          351
619             264          355
623             360          359
630             360          358
631             358          362
634             355          362
637             351          262
657             373          359
679             387          383
687             387          380
688             380          378
700             394          362
702             397          394
703             394          332
707             397          336
719             399          115
733             273            6
745             408          410
749             407          408
752             231          410
762             236          387
764             203          380
841             394          266
846             218          369
854             439          407
858             340          326
859             229            4
860             157          339
861              13          410
862             408          278
884             444          445
891             444          200
901             449          450
904              73          449
907             230          449
990             444          478
1007            360          483
1010            373          483
1016            407          486
1101            262          514
1102            252          514
1114            518          519
1118            200          519
1119            445          519
1157            397          531
1158            158          531
1159            344          531
1184            252          538
1196            544          545
1202            470          544
1239            341          557
1240            106          557
1260            564          565
1261             80          564
1265            378          565
1267            566          567
1268            362          566
1269            262          566
1271            397          567
1275            568          570
1279            425          570
1280            201          568
1286             40          571
1289             31          571
1308            579          580
1309            566          579
1310            359          579
1314            246          580
1369            344          598
1370            341          598
1379            601          602
1383            349          602
1386            603          604
1387            124          603
1388            131          603
1389            129          603
1390            252          604
1394            218          605
1407            609          610
1408            494          609
1410              2          609
1411              6          610
1413             14          610
1423            614          615
1424             36          614
1425             73          614
1426             70          614
1427             87          615
1429            150          615
1456            470          623
1494            636          637
1496            360          636
1497            369          637
1500             20          637
1527            570          645
1530            129          645
1535            649          650
1537            109          649
1540             83          649
1574             31          660
1575            494          660
1579            449          661
1580             83          661
1587             20          663
1607            670          671
1612            538          671
1613            602          671
1623            675          676
1624            131          675
1625            605          675
1626            220          675
1627            129          676
1637            679          680
1639            223          679
1641            580          680
1642            335          680
1643            567          680
1651            683          684
1654            106          683
1657            114          683
1660            686          687
1665            326          687
1666             59          687
1678            636          691
1680             17          691
1698            663          697
1699            593          697
1700            383          697
1709            218          701
1719            518          702
1723             40          705
1724            601          705
1725            544          705
1739            684          710
1740            113          710
1754            715          716
1756            230          715
1760            281          716
1765            231          718
1768            155          718
1771            565          720
1773             87          720
1782            425          724
1793            727          728
1794            359          727
1795            691          727
1796             69          727
1799            687          728
1800            729          730
1801            373          729
1802            545          729
1803             69          729
1805            544          730
1806             45          730
1808            439          731
1809            220          731
1810            486          731
1821            735          736
1822              6          735
1823            274          735
1824            494          735
1825              4          736
1826            339          736
1832            604          738
1833            645          738
1834            724          738
1837            486          739
1838            410          739
1843            450          741
1844            661          741
1845            160          741
1851             59          743
1852             36          743
1857            450          745
1858            155          745
1859            615          745
1867            715          748
1869            186          748
1870            749          750
1871            369          749
1873            483          749
1875            702          750
1884            753          754
1886            649          753
1887            557          753
1889            650          754
1890            598          754
1898            757          758
1899            579          757
1900            514          757
1901            728          757
1902            246          758
1903            136          758
1904            686          758
1908            311          759
1911              2          759
1922            203          764
1923            378          764
1924            518          764
1928            766          767
1929            332          766
1930            718          766
1931            408          766
1932            331          767
1948            186          772
1970            601          779
1971            743          779
1972            545          779
1976            781          782
1977            200          781
1978            702          781
1979            470          781
1981            749          782
1982            730          782
1988            701          784
1990            785          786
1991            679          785
1993            246          785
1995            784          786
2001            210          788
2003            152          788
2004            789          790
2005            331          789
2006            483          789
2007            358          789
2008            767          790
2009            750          790
2010            407          790
2011            791          792
2013            759          791
2015            571          792
2027            796          797
2028             36          796
2030             73          796
2031             95          797
2033             83          797
2041            593          799
2043            801          802
2044            387          801
2045            799          801
2046            739          801
2047            378          802
2050            803          804
2051            136          803
2052            785          803
2053            131          803
2054            116          804
2055            701          804
2056            605          804
2057            805          806
2058            274          805
2059            344          805
2060            266          805
2061            281          806
2062            754          806
2082            797          812
2083            753          812
2094            816          817
2097            650          816
2098            509          817
2099            724          817
2114            610          822
2117            823          824
2118            369          823
2119            663          823
2121            782          824
2122             45          824
2131            827          828
2132            311          827
2133            684          827
2134            126          827
2136            683          828
2138            829          830
2141            114          829
2142            822          830
2144            828          830
2146            831          833
2148            152          831
2150            531          833
2153            598          833
2170            839          840
2173            126          839
2176            828          840
2179            772          841
2180            568          841
2200            848          849
2201            153          848
2202            799          848
2203            154          848
2204            720          849
2205            802          849
2206            788          849
2207            850          851
2208             31          850
2209            792          850
2211            609          851
2212            759          851
2213            830          851
2214            852          853
2215            223          852
2216            786          852
2219            784          853
2220            445          853
2237            859          860
2238            852          859
2241            445          860
2242            509          860
2245            861          863
2247            278          861
2249            439          863
2263            186          866
2266            716          866
2274            478          871
2278            872          873
2279            645          872
2281            201          872
2283            871          873
2284            444          873
2286            772          874
2287            861          874
2288            264          874
2292            876          877
2295             14          876
2296             16          877
2298             20          876
2301            879          880
2302            311          879
2303            872          879
2304            791          879
2305            710          880
2306            871          880
2317            884          885
2321            399          885
2323            863          884
2324            425          885
2344            131          892
2347            679          892
2349            894          895
2352              2          894
2356            896          897
2357            701          896
2360            784          897
2361            478          897
2367            564          899
2370            741          899
2372            901          902
2373            116          901
2374            877          901
2375            839          901
2376            593          902
2377            876          902
2389            601          905
2392            796          905
2395            908          909
2397            885          908
2399            731          909
2400            884          909
2415            877          914
2416            637          914
2417            605          914
2421            806          915
2424            715          915
2427            918          919
2428            160          918
2429            899          918
2430            859          918
2431            335          919
2433            223          919
2459            928          929
2460            745          928
2461            899          928
2462            720          928
2463            148          929
2464            919          929
2465            788          929
2467            210          930
2468            892          930
2469            220          930
2490            908          937
2491            930          937
2492            831          937
2496            939          940
2497            676          939
2498            914          939
2499             16          939
2501            636          940
2502            894          940
2503            941          942
2504            281          941
2506            660          941
2507            812          942
2508            905          942
2509            670          942
2518            945          947
2520            538          945
2522            670          947
2523            142          945
2525            338          947
2526            948          949
2527            684          948
2528            945          948
2529            113          948
2530            557          949
2531            947          949
2532            812          949
2533            950          951
2536            799          950
2539            739          950
2540            909          951
2546            661          954
2547            915          954
2548            650          954
2552            564          955
2555            860          955
2558            958          959
2561            210          958
2562            220          959
2564            802          958
2565            486          959
2567            961          962
2568            697          961
2569            910          961
2571            823          962
2573            896          962
2582            545          965
2583            966          967
2584            824          966
2585            962          966
2586            478          966
2587            792          967
2588            910          967
2589            880          967
2593            841          968
2596            201          968
2599            971          972
2600            750          971
2601            959          971
2602            218          971
2603            518          972
2604            958          972
2605            853          972
2606            973          974
2607            331          973
2609            335          973
2610            373          974
2611            965          974
2612            580          974
2618            439          977
2621            676          977
2622            978          979
2623            822          978
2624            951          978
2625            840          978
2626             14          979
2627            950          979
2628            902          979
2629            980          981
2630            841          980
2632            874          980
2633            570          981
2634            977          981
2635            863          981
2636            982          983
2637            568          982
2639            182          982
2640            519          983
2641            955          983
2642            764          983
2643            984          985
2644            829          984
2646            399          984
2648            866          985
2649            182          985
2659            989          990
2660            817          989
2661            955          989
2662            109          989
2663            425          990
2664            982          990
2665            399          990
2666            991          992
2667            571          991
2670            791          992
2671            968          992
2672            895          992
2673            993          994
2674             96          993
2677            743          994
2679            686          994
2680            995          996
2681            470          995
2682            968          995
2684            705          996
2685            991          996
2686            349          996
2687            997          998
2688            273          997
2689            866          997
2690            861          997
2691            822          998
2692            984          998
2693            884          998
2696            993          999
2697            897          999
2701           1001         1002
2703            973         1001
2704            160         1001
2705            623         1002
2706            965         1002
2707            177         1002
2710           1004         1005
2712            908         1004
2713            106         1005
2715            831         1004
2716            341         1005
2717           1006         1007
2718            895         1006
2719            980         1006
2720            355         1006
2721            940         1007
2722            977         1007
2723            358         1007
2731            602         1009
2733           1011         1012
2734            154         1011
2735           1004         1011
2736            951         1011
2738           1005         1012
2739            840         1012
2743             70         1013
2746            229         1013
2749           1016         1017
2750            663         1016
2752             45         1016
2753             17         1017
2754           1013         1017
2755             69         1017
2757           1018         1020
2759            567         1018
2761            892         1020
2762            833         1018
2764            937         1020
2769            738         1022
2770            873         1022
2771            509         1022
2772           1023         1024
2773            816         1023
2774           1018         1023
2775            262         1023
2776            724         1024
2777           1020         1024
2778            604         1024
2779           1025         1026
2780            999         1025
2781            871         1025
2782            113         1025
2783           1009         1026
2784           1022         1026
2785            538         1026
2786           1027         1028
2788           1009         1027
2789            509         1027
2790            177         1028
2792            859         1028
2806            230         1033
2809            236         1033
2812           1035         1037
2814            593         1035
2816            116         1037
2817            961         1035
2819            896         1037
2820           1038         1039
2821             86         1038
2822           1035         1038
2823            153         1038
2824            993         1039
2825           1037         1039
2836           1043         1044
2838             95         1043
2839            710         1044
2841             86         1043
2842            910         1044
2843           1045         1046
2844            718         1045
2845           1033         1045
2846            450         1045
2847            767         1046
2849           1001         1046
2850           1047         1048
2851            565         1047
2852           1043         1047
2853             80         1047
2855           1044         1048
2856            114         1048
2857           1049         1050
2858            203         1049
2859           1033         1049
2860            748         1049
2861            702         1050
2862           1046         1050
2863            623         1050
2865           1051         1053
2870             43         1051
2872            716         1053
2873           1054         1055
2874            905         1054
2875           1051         1054
2876             40         1054
2877            941         1055
2878           1053         1055
2879             31         1055
2880           1056         1057
2881            236         1056
2882           1013         1056
2883             43         1056
2884            383         1057
2885           1016         1057
2886           1051         1057
2892            338         1060
2895           1012         1060
2896           1061         1062
2897           1039         1061
2899            686         1061
2900            147         1062
2901           1060         1062
2902            326         1062
2903           1063         1064
2904            116         1063
2905           1061         1063
2906            136         1063
2907            839         1064
2908           1060         1064
2909            142         1064
2914            991         1066
2917            895         1066
2919           1068         1069
2920            351         1068
2921           1066         1068
2922            349         1068
2923            514         1069
2925            671         1069
2926           1070         1071
2929            995         1070
2930            772         1071
2932            623         1070
2933            748         1071
2936            915         1073
2937           1071         1073
2938            264         1073
2942           1075         1076
2945            246         1075
2946            994         1076
2948            786         1075
2949            999         1076
2951           1078         1079
2952           1009         1078
2953           1076         1078
2954            779         1078
2955           1028         1079
2956           1075         1079
2957            965         1079
2962            494         1081
2965            894         1081
2967           1083         1084
2968            691         1083
2969           1081         1083
2970            736         1083
2971            728         1084
2973            340         1084
2974           1085         1086
2975           1066         1085
2976           1081         1085
2977            660         1085
2978           1069         1086
2979           1084         1086
2980            670         1086
3077           1117         1118
3080            954         1117
3081            177         1118
3083           1073         1117
3084           1070         1118
3086           1120         1121
3087            349         1120
3088           1118         1120
3089           1027         1120
3090            351         1121
3091           1117         1121
3092            816         1121
3093           1122         1123
3096            985         1122
3097           1053         1123
3099            829         1122
3100            850         1123
3102           1125         1126
3103            910         1125
3104           1123         1125
3105            383         1125
3106           1048         1126
3107           1122         1126
3108            380         1126
polygons 447         
0                 2         1407         1410         1413         2292         2295         2296
1              1407         1408         1411         1822         1824
3                 2         2352         2496         2499         2502
4              1408         1410         2352         2962         2965
6                25           26           29           30         2295         2298
7                32           25         1821         1822         1825
8                30         1680         1825         2968         2970
9                26           32         1411         1413
10               29         1494         1500         1678         1680
11             1678         2501         2502         2965         2968         2969
12             1821         1824         2962         2969         2970
14             2296         2415         2498         2499
15             1500         2292         2298         2415         2416
16             1289         2015         2208         2209
17             1410         1911         2211         2212
18             1911         2013         2349         2352         2670         2672
19             1289         1574         2667         2914         2975         2977
20             2666         2672         2914         2917
21             1408         1574         1575         2207         2208         2211
23               57         1723         1725         1805         1806
24             1723         1724         2389         2874         2876
26               71         1425         1426         2743         2882         2883
27             2870         2880         2883         2886
28               57         2752         2875         2876         2885         2886
29             1196         1724         1725         1970         1972
33               98         1802         1803         1851         1971         1972
34               71         2030         2392         2870         2874         2875
38             1800         1803         1806         2749         2752         2755
40             1852         1970         1971         2028         2389         2392
41              114         1424         1426         1851         1852
42               98          114         2743         2754         2755
43             1424         1425         2028         2030
46              121          122         2838         2841
48              126         1771         1773         2841         2851         2852
49             1260         1261         2851         2853
50              137         2031         2033         2838         2852         2853
51              137         1261         1580         1844         2367         2370
52             1843         1857         2370         2460         2461
54              904         1579         1580         2027         2030         2033
55             1260         1771         2367         2461         2462
56              122          152          126         1423         1424         1427
57             1427         1773         1859         2460         2462
58              901          904         1423         1425         1857         1859
60              152          121         2027         2028         2031
61             1240         1651         1654         2526         2527         2530
62             1739         1740         2527         2529
63             1887         2083         2530         2532
64              171         1740         2836         2838         2839
66              174          175         1240         1537         1886         1887
68             1651         1657         1739         2839         2855         2856
69              180          175          181         2850         2853         2856
70              180          137         1537         1540
71              181          174         1654         1657
72             1540         1886         2033         2082         2083
73              171         2031         2082         2526         2529         2532
75              186          187         2173         2296         2374         2375
77              192         2173         2907         2909
78              198          186         1627         2497         2499
79             1624         1625         2050         2053         2056
81             2054         2056         2373         2374         2415         2417
82              214         1387         1388         2051         2053
84             2373         2375         2903         2904         2907
87              198          228          192          187         1387         1389
89              214          228         2903         2906         2909
92             1388         1389         1623         1624         1627
93             2050         2051         2054         2904         2906
94              233          234         2003         2463         2465
95              239          240         2201         2203
96              242         1773         2200         2201         2204
97              243          244          245          233          246          240
98              239          242          248          243         1427         1429
99              234          245          249          250          251
100             251         1858         2459         2460         2463
101             250          253         1429         1858         1859
102             248          253          249          244
103             246         2003         2200         2203         2206
104            1845         2370         2428         2429
105             257         2428         2430         2790         2792
106             257         1844         1845         2546         3077         3080         3081
107             180         1261         2552         2661         2662
109            2237         2367         2429         2430         2552         2555
111            1535         1540         1580         2546         2548
114            1535         1537         2094         2097         2660         2662
115            2097         2548         3080         3091         3092
116            2098         2242         2555         2660         2661
117            2094         2098         2789         3086         3089         3092
118            2786         2790         3081         3088         3089
119            1114         1924         2640         2642
120            1114         1118         1719         1977         1978
121             299         1118         1280         2636         2637         2640
123            1280         2180         2593         2596
124            1869         1948         2930         2933
125             311          312         1869         2858         2860
126            1456         2681         2929         2932
127             312         1922         2636         2639         2642
128             311         1948         2179         2180         2637         2639
129            1719         1922         1924         2857         2858         2861
131            2179         2593         2682         2926         2929         2930
132             299         1977         1979         2596         2681         2682
134            1456         1978         1979         2861         2863
136             337         1639         2347         2467         2468
137            1991         2052         2053         2344         2347
138            1639         1990         1991         2215         2216
139             337         2214         2215         2561         2604         2605
140            2467         2469         2558         2561         2562
141            1624         1626         2344         2468         2469
142            1394         1625         1626         2562         2601         2602
144            1709         1988         2219         2599         2602         2605
145            1394         1709         2055         2056
150             369          370         2746         2881         2882
151             371          253          372         2743         2746
152             370          250          371         1765         1768
153             376         2806         2809         2881         2883
154              71          376          904          907
155            1768         1857         1858         2844         2846
157             372         1423         1426         1429
158             901          907         2806         2845         2846
159             369         1765         2809         2844         2845
162            2705         2707         2932         3081         3084
163            2701         2705         2849         2862         2863
164            1843         1845         2704         2843         2846         2849
165             907         1579         1756         2424         2546         2547
166            1756         1867         2806         2859         2860
167            1867         2424         2933         2936         2937
169             257         2701         2704         2707
170            1101         1269         1309         1899         1900
171             214          413         1102         1898         1900         1903
172            1902         1903         1993         2051         2052
174            1314         1637         1641         1991         1993
176             413         1386         1387         1390
177            1386         1388         2344         2761         2777         2778
178            1101         1102         1390         2772         2775         2778
181            1267         1308         1309         1641         1643
182            1637         1643         2347         2757         2759         2761
183            1267         1269         2759         2774         2775
184            1308         1314         1898         1899         1902
186            1754         1867         1869         2263         2266
187             443         2057         2060         2421         2936         2938
188             452          443         2247         2287         2288
189            2286         2288         2930         2937         2938
191             463         2247         2688         2690
193            1948         2263         2286         2287         2689         2690
194             452          463          470         2058         2060
196             473         2057         2058         2061
197             473          470         1760         2266         2688         2689
201            1754         1760         2061         2421         2424
203            2001         2003         2148         2467         2491         2492
205             246         2148         2715         2734         2735
207            2490         2492         2712         2715
208            1809         1810         2562         2565
209            1810         1837         2399         2533         2539         2540
210            2001         2205         2206         2561         2564
211            2395         2540         2712         2735         2736
213            2202         2203         2533         2536         2734         2736
214            2045         2046         2536         2539
215            1809         2395         2399         2469         2490         2491
216             187          510         2132         2134
218            1739         2132         2133         2301         2302         2305
219             192         2133         2134         2523         2527         2528
221            2520         2528         2529         2779         2782         2785
222            1740         2305         2306         2781         2782
225            1184         1390         1832         2769         2784         2785
227             198          510         1530         2279         2302         2303
228            1386         1389         1530         1832         1833
229             413          228         1184         2520         2523
231             152         1852         2673         2674         2677
232             122         2674         2820         2821         2824
233            2673         2679         2824         2897         2899
234             239         2820         2823         2896         2897         2900
235             555          243         2900         2902
236            1660         1665         2896         2899         2902
238             242          126         2821         2823
239             248          555          114          372         1665         1666
240            1660         1666         1851         2677         2679
241            1932         2607         2703         2847         2849
242             565          566          251         1768         1929         1930
243             568          565          569         2607         2609
244             569         1928         1929         1932
245             566          568         2431         2463         2464
246            2427         2428         2431         2609         2703         2704
249             573         1821         1823         1826         2058         2059
250             577          578          579          573         1369         1370
251             577         1826         2967         2970         2973
253             578         2522         2525         2973         2979         2980
254            1369         1890         2057         2059         2062
255            1239         1370         1884         1887         1890
256             579         1239         2525         2530         2531
257            1884         2061         2062         2083         2503         2504         2507
259             473         1575         1823         1824         2504         2506
260            2507         2509         2522         2531         2532
261            2503         2506         2509         2974         2977         2980
262            2680         2686         2929         3084         3087         3088
263            2685         2686         2914         2921         2922
264            2593         2630         2671         2672         2718         2719
267             615         2718         2720         2917         2920         2921
269             619         2288         2632         2719         2720
270            2920         2922         3086         3087         3090
272             615          619         2938         3083         3090         3091
275             623         1496         1678         1794         1795
277             623          630          631         1268         1309         1310
278             634          631         2717         2720         2723
279             630         1496         2501         2721         2723
281             634          615          637         1268         1269
282            1900         1901         2923         2971         2978         2979
283            1310         1793         1794         1899         1901
285             637         1101         2919         2920         2923
287            2349         2502         2717         2718         2721
289            1806         1982         2121         2122
290             657         1794         1796         1801         1803
291             657          623         1007         1010
292            1007         1494         1496         1497         1871         1873
294            1680         1795         1796         2753         2755
295            1871         1981         2117         2118         2121
296            1497         1500         1587         2118         2119
297              29         1587         2749         2750         2753
299            2117         2119         2122         2750         2752
300            1010         1800         1801         1873         1981         1982
301            2041         2201         2202         2814         2822         2823
302            2842         2855         3102         3103         3106
303             679         1699         1700         2041         2044         2045
304            1265         1771         2047         2204         2205
306             679          687         3102         3105         3108
307             688         1265         2850         2851         3106         3108
308             687          688         2043         2044         2047
309            2569         2817         2821         2822         2836         2841         2842
310            1700         2568         2569         3103         3105
313            1383         1613         2919         2922         2925
314            1574         2506         2877         2879
315            1286         1289         2873         2876         2879
317            1286         1723         2667         2684         2685
318            1379         1383         1724         2684         2686
319            1379         1607         1613         2389         2508         2509
320             700          702         1267         1268         1271
321             703          569          631          700         2005         2007
322             702          707          565          703
323             630         1007         2006         2007
324             568          707         1271         1642         1643
325            1010         2005         2006         2606         2607         2610
326            1641         1642         2606         2609         2612
327             657         1308         1310         2610         2612
329            1654         2136         2176         2713         2738         2739
330             719          174         2321         2397         2710         2712         2713
331            1657         2136         2138         2141         2144
332            2142         2144         2176         2623         2625
333            2400         2540         2623         2624         2691         2693
334            2317         2321         2646         2692         2693
336             181          719         2141         2644         2646
337            1760         2504         2872         2877         2878
338            2266         2648         2872         3093         3096         3097
339            2643         2644         3096         3099
340             470          733         1822         1823
342            1407         2114         2142         2211         2213
343            2138         2207         2213         3093         3099         3100
344            2208         2878         2879         3097         3100
345             733         1411         2114         2687         2688         2691
346            1202         1725         2680         2681         2684
348            1383         2731         2788         3087         3089
349            2706         2707         2790         2955         2957
350            1196         1202         1456         2582         2705         2706
351            1972         2582         2951         2954         2957
354             745          749         1016         1837         1838
355             752          745         1765         1930         1931
356             749         1928         1931         2008         2010
357            1923         1924         2047         2564         2603         2604
358            1016         2009         2010         2565         2600         2601
359             752          369          762         1838         2044         2046
360             764          687          762         2809         2858         2859
361            1875         2008         2009         2847         2861         2862
362            1719         1875         2599         2600         2603
363             764          688         1922         1923
367            1903         1904         2899         2905         2906
368            1995         2360         2697         2942         2948         2949
369            1990         1993         2945         2948
370            2356         2696         2697         2819         2824         2825
371            2816         2825         2897         2904         2905
373            1902         1904         2679         2942         2945         2946
374            2054         2055         2357         2816         2819
376            1988         2356         2357         2360
377            1908         2013         2302         2304
378            2281         2303         2304         2596         2670         2671
382            1275         1280         1527         2279         2281
383             186            2          510         1908         1911
384            1527         1530         1627         2621         2633         2634
385            1275         1279         2637         2663         2664
386            2321         2324         2663         2665
388            1279         2317         2323         2324         2633         2635
389             311         2263         2648         2649
390            2639         2643         2646         2649         2664         2665
392            2245         2323         2687         2690         2693
394             171          121         2674         2696         2780         2782
395            2274         2361         2697         2780         2781
396            2305         2588         2589         2839         2842
400            2356         2361         2573         2585         2586
401            2372         2373         2376         2812         2814         2816
403             240         2733         2734         2895         2900         2901
404            2041         2376         2536         2627         2628
408            1698         1700         2750         2884         2885
409            2865         2884         2886         3097         3104         3105
410              57         1286         2015         2122         2583         2584         2587
411            2209         2587         2588         3100         3103         3104
414            2117         2571         2584         2585
415              98         1666         1793         1796         1799
416            1660         1799         1898         1901         1904
417            1314         2611         2612         2945         2956         2957
418            1801         1802         2582         2610         2611
421            1889         1890         2097         2153         2762         2773         2774
422             637         2773         2775         3090         3092
423            1889         2062         2421         2547         2548
426             702          841         1157         1159         2059         2060
427            1159         1369         2150         2153
428            1157         1271         2150         2759         2762
429             619          443          841          700          634
431            2779         2780         2783         2949         2952         2953
432            1612         1613         2731         2783         2785
433             846         1394         1497         2416         2417
434             846         1870         1871         2600         2602
435            1623         1626         1808         1809         2618         2621
436             854         1016         1808         1810
437             854         2004         2007         2010         2618         2722         2723
442             846         1709         2118         2357         2571         2573
443            1587         1698         1699         2298         2376         2377
444             858         1665         1799         2971         2973
445             859           30         2746         2753         2754
446             859          371          249          860         1825         1826
447             577          860          244          555          858
448             764          312         2649         3096         3107         3108
449            2141         2856         3099         3106         3107
450             175          719         2659         2662         2665
451            1260         1265         1923         2552         2641         2642
452              32          861          745          862          463          733
453             703          841          452          862         1929         1931
454             370          752          861           25          859
455             573          245          860         1158         1159
456             234          707          566         1157         1158
458            1834         2098         2099         2769         2771
459            1832         1834         2776         2778
461            2771         2783         2784         2788         2789
462            1102         1184         1612         2923         2925
464            1239         1240         2713         2716
465            1370         2146         2153         2710         2715         2716
466            1782         2324         2397         2490         2764         2776         2777
467            1782         2099         2659         2660         2663
470            1637         1639         1642         2431         2433
471            2216         2238         2792         2948         2955         2956
473            2215         2238         2427         2430         2433
476             854          862          749         2245         2247         2249
477            1932         2004         2005         2008
478            2249         2618         2634         2635
479            1279         1527         1782         1833         1834
480            1808         2249         2323         2399         2400
481            1413         2114         2622         2623         2626
482              26          861         1838         2539         2626         2627
485            2295         2377         2626         2628
488             762          679         2880         2881         2884
489            1908         2131         2132         2144         2212         2213
490            2131         2134         2170         2173         2176
492             376         1754         1756         2865         2870         2872
493             884          990         2219         2220         2360         2361
494             990         2274         2283         2284
495             884         2241         2242         2284         2770         2771
496            2214         2220         2237         2238         2241
497             579         2716         2738         2892         2895
498            2518         2523         2525         2892         2908         2909
499             578          858         2892         2901         2902
500            1114         1119         2220         2603         2605
502             891          990         1976         1977         2121         2584         2586
503             884          891         1118         1119
504            2011         2301         2304         2587         2589
505             299          891         2278         2281         2284
506            1119         2241         2555         2640         2641
508             337         2001         2433         2464         2465
509             233         1158         2146         2148         2150
511             901         1579         1843         1844
516            1202         1805         1976         1979         1982
518            2274         2306         2583         2586         2589
519            1607         2925         2978         2980
520            1870         1873         2004         2006         2009
521            1837         2043         2046         2558         2564         2565
524            1575         2962         2976         2977
527            1379         1970         2731         2952         2954
529            2237         2242         2786         2789         2792
531            1971         2677         2946         2953         2954
532            2496         2497         2621         2721         2722
534            1607         1612         2518         2520         2522
536            1196         1800         1802         1805
537            1698         2119         2567         2568         2571
538            2170         2739         2895         2907         2908
539            1623         1625         2417         2497         2498
540            1275         2180         2629         2630         2633
541            2011         2015         2666         2667         2670
543            1793         1795         2967         2968         2971
544            2624         2625         2733         2736         2739
546            1699         2568         2814         2817
549            2857         2860         2863         2926         2932         2933
551            1494         2416         2496         2498         2501
552            1995         2214         2216         2219
553            1833         2278         2279         2769         2770
554            1535         1884         1886         1889
555            2138         2142         2644         2691         2692
556            2204         2206         2459         2462         2465
557            1651         2131         2133         2136
559            1988         1990         1995         2050         2052         2055
560            1870         1875         1976         1978         1981
561            2027         2082         2392         2507         2508
563            1928         1930         2843         2844         2847
564            2094         2099         2772         2773         2776
565            2011         2013         2207         2209         2212
567            2179         2286         2630         2632
569            2349         2917         2965         2975         2976
570            2043         2045         2200         2202         2205
571            2283         2770         2779         2781         2784
572            2170         2372         2375         2622         2625         2628
573            2146         2492         2757         2762         2764
577            2245         2287         2629         2632         2635
578            2643         2648         2687         2689         2692
579            2278         2283         2301         2303         2306
580            2292         2372         2374         2377
581            2567         2573         2812         2817         2819
582            2317         2395         2397         2400
583            2468         2491         2761         2764
584            2427         2429         2459         2461         2464
585            2503         2508         2873         2874         2877
586            2567         2569         2583         2585         2588
587            2547         2936         3080         3083
591            2518         2526         2528         2531
592            2533         2622         2624         2627
593            2636         2641         2659         2661         2664
594            2558         2599         2601         2604
595            2606         2611         2701         2703         2706
596            2666         2671         2680         2682         2685
597            2629         2634         2717         2719         2722
598            2673         2696         2946         2949
599            2710         2733         2735         2738
600            2786         2788         2951         2952         2955
601            2749         2754         2880         2882         2885
602            2757         2772         2774         2777
604            2843         2845         2857         2859         2862
605            2812         2820         2822         2825
606            2836         2850         2852         2855
607            2865         2873         2875         2878
608            2896         2901         2903         2905         2908
609            2919         2921         2974         2975         2978
610            2926         2937         3077         3083         3084
611            2942         2951         2953         2956
612            2967         2969         2974         2976         2979
619            3077         3086         3088         3091
620            3093         3102         3104         3107
cells 64          
0                 0            1            3            4            6            7            8            9           10           11           12           14           15          551
1                16           17           18           19           20           21            4          524          541          565          569
2                23           24           26           27           28           29           33           34           38           40           41           42           43          536          601
3                46           48           49           50           51           52           54           55           56           57           58           43           60          511
4                61           62           63           64           50           66           68           69           70           71           72           73          606
5                75           77           78           79           81           82           84           87           89           14           92           93          539
6                94           95           96           97           98           99          100          101           57          102          103          556
7               104          105          106          107          109          111           51           70          114          115          116          117          118          529          619
8               119          120          121          123          124          125          126          127          128          129          131          132          134          549
9               136          137          138          139          140          141          142          144          145           79          552          559          594
10              150          151          152           26          153          154           58          155          101          157          158          159
11              162          163          164          165          158          166          167          106          169          511          549          587          604          610
12              170          171          172          137          174          176           82          177          178          181          182          183          184          602
13              186          167          187          188          189          191          124          193          194          196          197          201
14              140          203          205          207          208          209          210          211          103          213          214          215          521          570
15              216          218          219           62          221          222          225           87          227          228          229          176          553          571          579
16              231           56          232          233          234          235          236           98          238          239          157           41          240
17              241          155          242          243          244          245          100          246          164          104           52          563          584
18              249          250          251           12          253          254          255           63          256          257          259          196          260          261          524          612
19              262          263          131          189          264          267          269          270          272           20          567          596          610          619
20              275          277          170           11          278          279          281          282          267          283          285          287          543          569          609          612
21              275           10          289          290          291          292          294           38          295          296          297          299          300
22              301           96          238          302           48          303          304          306          307          308          309          310          546          570          606
23              261          313          263          314          315           24           19          317          318          319          519          585          609
24              320          321          322          277          323          324          181          325          243          326          327          291
25              329           71          330          331          332          333          334          211          336          544          555          582          599
26              337          338          259          197            1          339          340          342           21          343          344          314          345          555          578
27              346           29          126          348          262          349          118          350          351          318          162          527          600
28              354          355          356          357          358          308          359          360          361          159          129          362          363          521          563          594          604
29              233          367          172           93          368          369          370          371          373          374          376          559          598
30               78          287          377          378          227          382          123          383          264           18            3          384          532          540          597
31              385          386          388          128          389          193          334          390          392          540          567          577          578
32              394          395          309          396          222          232          370           64           46          400          518          581          586          605
33              371          401           84          234          301          403           95          404          213          538          544          572          592          605          608
34              344          315           16          310          408          409           28          410          411          299          414          537          586          607
35              415          416          373          417          184          283          351           33          240          327          290          418          531          611
36              421          281          422          183          423          254          115          187          426          427          320          428          272          429          587
37              431          394          231           40          221          432           60           73          260          319          527          531          534          561          591          598
38              142          279          292          433          434          435          208          323          436          358          437          520          532          539          551
39              442          443          401          145          433           15           81          296          374          537          546          580          581
40              444          415          294            8          445          446           42          151          251          447          102          239          543
41              307          107           49          448          449          339          450           69          127          390          363          336          451          593
42              340          452            7          453          355          454          152          446           99          249          455          242          194          456          426          322
43              458          459          422          117          432          461          348          313          270          225          178          462          285          564
44              464           66          421          465          255          207          386          466          467          330          450          114          554          564          573          602
45              417          174          369          470          326          471          138          473          349          105          246          169          595
46              437          356          476          188          453          269          278          477          478          321          244          429          577          597
47              177          459           92          215          435          466          384          388          479          141          480          228          478          582          583
48              436          476          354          481          482            9          452          345          333          191          392          480          209          592
49                6          443          359          303          485          454          445          150          408          297          214          404          482          488          601
50              489          332          342           17           75          485            0          490          216          383          481          572          580
51              306          488          360          125          186          389          409           27          153          448          166          492          338          620
52              395          368          471          493          494          495          461          431          496          529          552          571          600          611
53              464           61          329          490           77          219          497          256          498          538          557          591
54              350          134          300          477          361          418          325          241          163          516          520          536          560          595
55              229          171           89          367          236          499          498          253          444          462          282          416          519          534          608
56              144          442          362          434          500          502          120          295          493          376          400          414          503          560
57              302          449          411          489          343          377          218          331           68          396          504          557          565          620
58              505          382          495          385          116          506          121          503          479          467          458          553          593
59              165          111          201          423          257           54           72           34          337          492          154          554          561          585          607
60              451          357          139          508          210          304          109          500           55          473          506          119          496          556          584
61               94          508          470          136          182          245          428          509          203          324          456          573          583
62              403          235           97          447          499          455          509          205          250          465          497          427          599
63              502          289          378          317          132          346           23          494          410          504          505          516          518          541          579          596

