2.29e-03
1.06e-03
5.12e-04
2.38e-04
1.12e-04
5.34e-05
2.62e-05
1.36e-05
7.70e-06
4.85e-06
3.45e-06
2.79e-06
2.43e-06
2.24e-06
2.13e-06
2.06e-06
2.01e-06
1.96e-06
1.93e-06
1.89e-06
1.86e-06
1.83e-06
1.80e-06
1.77e-06
1.75e-06
1.72e-06
1.69e-06
1.66e-06
1.64e-06
1.61e-06
1.59e-06
1.56e-06
1.54e-06
1.52e-06
1.49e-06
1.47e-06
1.45e-06
1.42e-06
1.40e-06
1.38e-06
1.36e-06
1.34e-06
1.32e-06
1.30e-06
1.28e-06
1.26e-06
1.24e-06
1.22e-06
1.20e-06
1.19e-06
1.17e-06
1.15e-06
1.14e-06
1.12e-06
1.10e-06
1.08e-06
1.07e-06
1.05e-06
1.03e-06
1.02e-06
1.00e-06
9.90e-07
