2.15e-03
1.22e-03
5.45e-04
1.57e-04
4.13e-05
1.41e-05
1.42e-04
1.24e-04
1.14e-04
1.24e-04
1.20e-04
1.16e-04
1.12e-04
1.08e-04
1.05e-04
1.01e-04
9.79e-05
9.46e-05
9.13e-05
2.01e-04
1.65e-04
1.49e-04
1.40e-04
1.34e-04
1.30e-04
1.25e-04
1.22e-04
1.18e-04
1.14e-04
1.11e-04
1.08e-04
1.04e-04
1.01e-04
9.84e-05
9.55e-05
9.27e-05
9.00e-05
8.74e-05
8.48e-05
8.24e-05
8.00e-05
7.77e-05
7.55e-05
7.33e-05
7.12e-05
6.92e-05
6.72e-05
6.53e-05
6.34e-05
6.16e-05
5.99e-05
5.82e-05
5.66e-05
5.50e-05
5.34e-05
5.19e-05
5.05e-05
4.91e-05
4.77e-05
4.64e-05
4.51e-05
4.38e-05
4.26e-05
4.15e-05
4.03e-05
3.92e-05
3.81e-05
3.71e-05
3.61e-05
3.51e-05
3.42e-05
3.33e-05
3.24e-05
3.15e-05
3.06e-05
2.98e-05
2.90e-05
2.82e-05
2.75e-05
2.67e-05
2.60e-05
2.53e-05
2.47e-05
2.40e-05
2.34e-05
2.28e-05
2.22e-05
2.16e-05
2.10e-05
2.05e-05
1.99e-05
1.94e-05
1.89e-05
1.84e-05
1.79e-05
1.75e-05
1.70e-05
1.66e-05
1.62e-05
1.58e-05
1.54e-05
1.50e-05
1.46e-05
1.42e-05
1.39e-05
1.35e-05
1.32e-05
1.28e-05
1.25e-05
1.22e-05
1.19e-05
1.16e-05
1.13e-05
1.10e-05
1.08e-05
1.05e-05
1.02e-05
9.97e-06
9.72e-06
9.49e-06
9.25e-06
9.03e-06
8.80e-06
8.59e-06
8.37e-06
8.18e-06
7.99e-06
7.79e-06
7.60e-06
7.41e-06
7.24e-06
7.07e-06
6.89e-06
6.74e-06
6.58e-06
6.42e-06
6.27e-06
6.12e-06
5.98e-06
5.83e-06
5.70e-06
5.56e-06
5.43e-06
5.30e-06
5.18e-06
5.06e-06
4.94e-06
4.83e-06
4.71e-06
4.60e-06
4.50e-06
4.40e-06
4.30e-06
4.20e-06
4.10e-06
4.01e-06
3.92e-06
3.83e-06
3.74e-06
3.66e-06
3.58e-06
3.49e-06
3.42e-06
3.34e-06
3.27e-06
3.19e-06
3.12e-06
3.05e-06
2.98e-06
2.91e-06
2.85e-06
2.79e-06
2.72e-06
2.67e-06
2.61e-06
2.55e-06
2.49e-06
2.44e-06
2.38e-06
2.34e-06
2.28e-06
2.23e-06
2.19e-06
2.14e-06
2.09e-06
2.05e-06
2.01e-06
1.96e-06
1.92e-06
1.88e-06
1.84e-06
1.80e-06
1.76e-06
1.73e-06
1.69e-06
1.65e-06
1.62e-06
1.59e-06
1.55e-06
1.52e-06
1.49e-06
1.46e-06
1.43e-06
1.40e-06
1.37e-06
1.34e-06
1.32e-06
1.29e-06
1.26e-06
1.24e-06
1.21e-06
1.19e-06
1.16e-06
1.14e-06
1.12e-06
1.10e-06
1.08e-06
1.05e-06
1.03e-06
1.01e-06
9.93e-07
