vertices 383
     0 0.91533920082605 3.82957703282677 1.11584517081844
     2 1.30322910940103 0.00214659288162 1.66444465272864
     8 0.80910985009790 3.72473378220589 1.11634810213818
    11 0.16626926705255 0.10754779094392 1.12206095757853
    14 0.78660577232506 3.52440936352576 2.21408704137458
    16 0.21640046099312 0.09330742239588 2.38212824142668
    18 1.05284891061600 0.44888753625246 1.98496903759494
    36 3.81604916363118 0.06218632707510 1.76842925095164
    37 0.41879636850668 0.56301871450525 2.08631660589928
    41 0.15929996026140 0.23190527969024 2.33081215675070
    47 1.35241978924407 3.23432281283970 0.60722274265142
    52 1.58675709371018 0.14123981500254 0.28160931454437
    58 1.78294601035519 3.68297975845316 0.93155239973421
    59 1.45715663301653 3.67818144350559 0.74794433976020
    61 1.78640720607419 2.77772854654993 0.18164207528387
    69 0.97572179804358 2.86215633017888 2.72535911530275
    72 0.87707213513725 3.06081655367642 2.72633583766172
    76 1.10279619588157 3.57760009733004 2.97168761255779
    98 3.02776397288330 0.13522435880197 3.40880076068164
   115 0.96929230976629 3.16353782820207 0.77065264853663
   119 0.71199873394500 0.38193275502472 0.16063318823541
   134 2.56157118849448 2.64519403173309 3.30838064954638
   136 2.59909207329003 2.27373395636431 3.48083199917312
   139 1.57788365554457 2.10446936889800 3.14463058963654
   140 2.33849752108710 2.11631416813551 3.18163281291507
   143 1.94695132002377 1.88063345949146 3.28779578483201
   147 2.47581723542115 2.28159541841270 3.98728309604454
   149 2.59024617568421 2.51838959767646 2.32834924398091
   152 3.36436218198405 2.64227114725803 3.09575634793977
   156 2.58357172297409 2.02789689050379 2.30479224802353
   157 3.43809601569525 2.06028275699021 3.17992299670442
   163 3.52664775178342 2.20660414387270 2.81157554545498
   169 1.85088200799804 1.06014621687397 2.28736683946527
   171 1.22788475867374 0.88322431671906 2.22972194212178
   174 2.23376932156715 0.62220488143990 1.56823734046892
   177 2.18333513575870 0.18081696651749 1.51608095022956
   180 1.98904992196572 0.15713135219466 1.39284044259525
   185 1.78030797243851 3.91128718526282 1.49715644784130
   191 1.30178967005375 0.98419283132684 2.16183997503408
   195 1.21184733003583 2.17258998040011 2.02981301032569
   198 2.33308265267800 2.80828674211406 1.35322468425812
   199 2.35393706976816 2.93009427379801 1.67958519540620
   203 0.90276222304623 1.88758195309170 0.61352652529324
   214 3.75786478696371 1.84190954671885 0.46078336362644
   215 0.15885752257089 1.24848480501515 0.06079919798583
   220 0.45715255654383 1.17628044790338 0.09480154175743
   230 2.68703355352045 1.57717947918909 0.26452314683242
   231 2.19118189237057 1.87433679274798 1.34908715928517
   235 2.08544042558785 1.15442027280110 0.90084034900720
   236 2.50936638626300 2.14242386385348 1.00748164932363
   240 1.93532835132160 1.57074531567076 1.22547969602386
   241 2.54445380882742 1.92259914294646 1.11389742379048
   243 2.54179623685740 2.07741633187570 0.24110277863888
   254 2.93366436367632 0.66364502164449 1.26936816743692
   260 2.75664033483763 3.05698815624690 1.70234070113120
   261 2.98375261858839 2.91651525531901 1.95942014376408
   264 3.09428549996598 3.27124872764401 2.18165537226905
   277 1.51181757446923 0.81160686657094 0.45680859222462
   284 0.37575081796559 2.26305338852279 1.90348651856160
   288 0.16436185816387 0.19297254340628 2.96519092677373
   290 3.83850874320301 3.96807634170060 2.99988707257567
   291 0.00734468256788 3.09167528634395 3.26066721832783
   292 0.91037787325092 3.98233744583169 2.98516548395953
   295 0.05066931361088 0.18765797095147 2.79937649165664
   300 2.78259513027016 3.89291535382724 0.70140108991722
   310 1.00474123627233 1.29021644288705 2.25382560226353
   311 0.97048352899092 1.95006756190033 2.12027698242494
   315 1.07880273890441 1.62473701644168 2.44549269913667
   332 2.95273031488807 3.24059144584969 2.55929621739886
   336 3.87530372111620 2.09383108414806 2.63493328603796
   339 0.76014701307364 2.23266245904508 2.15014184109750
   343 1.94266117634229 1.59969187943172 3.06994393370406
   346 1.11878852533821 1.71516847363471 3.16658926534549
   347 1.52569912709051 1.83258579359317 3.03799767546093
   354 0.87999002693304 1.60405641928428 2.80125261265493
   356 2.66161862062605 2.18938640272933 0.15155287300097
   358 3.59883768806847 0.62977037018167 0.60476880751497
   364 0.02885717156102 0.08322099446366 0.97804399685150
   365 3.63052038441153 0.58278753344423 0.17252719427596
   376 2.99753994446505 1.83905335174277 1.42367737671199
   380 3.46654799474908 2.23802394228751 0.19036455401489
   394 0.16547627533334 0.89709030890027 2.95440274559108
   396 3.99525469849705 0.32684739604801 2.72851364312864
   399 0.12422814601227 1.27086650491641 2.77737428135936
   403 0.14605869317140 1.78497762355439 2.94821414976394
   405 3.95704271054775 1.77835659175168 3.29164947253614
   406 0.19544174209439 0.83235271866283 3.76963576467779
   408 0.30933388991530 0.74970536380290 3.21503027295707
   410 0.44124212983818 0.86007397177750 3.84795706469288
   413 3.10886759791717 3.30234069912164 3.99634191885398
   422 3.69636008208919 0.95825286120042 0.06258772948531
   425 0.02041368536349 1.05400140906479 3.85223062606355
   429 2.89843017525630 3.84578849382026 3.03080779691808
   432 2.14587544966349 0.96265995033827 3.22434344417406
   436 2.05809181230121 1.04977457315703 1.93684584270460
   439 2.69674301621770 1.41901329753092 0.66384017353860
   440 3.23256143188467 1.19069854485228 0.89800666973948
   447 3.45941421901343 3.14280663101892 3.97516524461092
   457 1.48233847256357 0.52652121799928 2.62897880142250
   460 2.39578364203807 3.41326330513332 0.52111397987002
   473 3.45913405320266 0.10995852910236 1.75885213399894
   481 2.27764303833396 1.86447697219633 2.01852597646988
   488 0.04055831697406 3.64746331801547 2.11459084835339
   489 0.18286145184103 3.48188401353932 2.05818955954012
   500 2.10509354399328 1.99371910840851 1.34141783286543
   502 2.20977502188346 2.23167732276914 1.15032031671706
   510 2.25370557732955 2.66519173617589 2.00013568564780
   513 3.98284340759937 2.92050735068254 0.57329503577714
   519 0.15340915210559 2.85220467171933 2.65672864489958
   524 1.42513773669931 0.95333155013417 1.62002683369432
   529 1.45688500665287 2.65971961206758 3.08101950352401
   538 2.76272063065371 3.12916603566792 0.23817265318722
   544 0.15488460951869 0.57592346097795 1.75011052163257
   545 3.85988538442606 0.26167681928816 1.89177261801897
   553 2.88552834024563 2.60993798334591 2.29694795142598
   557 0.78429853053323 1.28034079988744 2.75543017706319
   559 0.31924197554820 1.14112818355814 2.73098098701410
   568 2.87072771406699 2.84212871373888 2.60895730079289
   569 3.11532811831161 2.84057330808215 3.04199748944008
   571 2.91012394317993 3.63253646145270 0.66477660598993
   573 1.41739545078507 0.36124932654628 0.23458004997969
   581 0.48973513386342 2.32903136031645 2.58934204165627
   582 0.54888540120287 1.94169477310379 2.92069118917644
   587 2.93043073464217 1.58789965288629 0.12629253095869
   605 0.73291605700535 3.11351982923587 0.48760949078222
   611 3.48863511067659 0.34278545839783 1.89777506667186
   625 0.93216279559935 2.81069863699488 1.05216563859586
   629 3.26054554591360 0.46808297556862 2.80099268386323
   630 3.16252715103137 0.11619207869612 3.09878090893279
   635 3.14596566516644 2.92499391631416 3.07620056167238
   636 3.14476523768381 3.28573966358114 2.80477176023686
   640 1.91136855126430 1.24801126467536 3.44003248369853
   645 1.30025007461091 3.87229405275772 1.88287237820323
   647 2.78871082991034 3.86564349204335 3.28033332697661
   648 2.82064688455086 3.31071130508326 3.58981843693173
   649 2.96256871121310 2.08831231909417 3.50835686268978
   650 2.95420099844566 2.02300578342216 0.00966209616578
   658 0.52281656063737 3.99896388012944 0.97086504427875
   660 3.60941805224746 2.40288111779642 0.76069817270475
   662 3.92599487693503 2.75644169666689 0.83942603160727
   663 0.00033053800985 1.04115360182895 2.97632527812716
   667 0.72696475392510 2.06414929339619 3.26080255724916
   668 3.84269976436122 3.02476649820963 2.97144813092634
   669 3.67757840875667 3.36443621932693 2.74335019293716
   673 3.24097805987755 1.09291294920422 3.58292657702237
   674 3.84567366069861 1.22777380096753 3.40873396672989
   678 0.57605712853239 2.84405064142707 0.49609677852017
   681 0.32406823325384 0.50711555794704 1.28738711377659
   691 2.35242826336928 1.73125604577658 1.85050942095551
   692 2.79433545689126 1.70547190209630 1.85989087840324
   695 0.91735808701850 1.17995799856538 2.33121859385244
   696 0.44943339108450 1.04385929840170 2.27503441597510
   698 1.60193164089703 2.55493788301710 2.96699748234375
   701 1.95076804225169 0.64896140874096 3.17578628751322
   711 2.65505884852558 3.33640419140184 0.58160421392264
   717 1.80909185757897 1.00274256317798 1.57032578057802
   718 1.93895471693283 0.80102838547982 1.40681559536087
   723 2.07242358428208 2.13826477992996 1.85230013975936
   724 1.51375260453752 2.17990527442998 2.19371742690440
   725 2.94417910208575 2.53270335149663 0.42068277188620
   726 3.44052567852814 2.44438757212746 0.34047918915562
   731 0.79539362750801 1.98425075580941 0.52509035333815
   735 3.69226222081173 2.87954713967001 3.52075103746954
   736 3.44816428836862 2.80252541676800 3.14596182498142
   737 3.80748749922023 1.44502654525582 2.32901288177616
   738 0.10967866563015 1.27906340239937 1.94511284851470
   739 1.90806631468908 0.54801145565786 2.70886591304897
   740 2.06644831442866 0.75815591084800 2.57675826828984
   758 2.17975495969611 3.93051264502199 1.81810373397884
   760 3.35692936543964 2.27422195201429 3.34152938473017
   761 3.72479320138450 2.35046970560994 3.75172220486526
   762 0.23579272743419 1.68406524835061 0.03250544798270
   764 0.16267245202448 1.95898941875146 3.65872327807319
   777 3.31233208158660 0.06937169936976 3.85296173980137
   780 1.81515413784615 0.70221376701133 1.34852667153491
   783 1.72776020454064 3.69847356493285 1.92727601112128
   784 1.88631089870302 3.73528730763153 1.74604642576980
   791 1.91642761587745 2.90205430313653 2.24153092993939
   792 1.52911740017352 2.58002880198343 2.38251508436879
   795 3.65321792892773 2.74979574823683 0.16105386422874
   796 3.81744464285175 2.59493917560167 3.77385936491821
   797 1.89032290988617 1.49379113102912 2.46966971350010
   798 1.50128262202439 1.74758469981816 2.53792183685253
   799 3.53816334877996 3.46498134422163 0.12246790269009
   800 3.26215663999531 3.56104782608165 0.12448621278617
   806 0.92536523016069 3.09557777268655 0.09894819614242
   816 0.54069234209746 1.74892773269528 0.05787458221055
   817 0.42447014914771 2.04845048460520 3.64109864553578
   819 0.16525754444156 2.38510261264341 2.49670243021193
   821 1.24119164780294 2.65581448625836 1.15920695152532
   822 0.59550967869917 2.85632030077037 2.86155772607048
   826 3.13641612401193 0.53452211076911 0.76871976693511
   837 2.93115493722913 0.33112671686337 0.40385972747239
   838 2.50700335938431 1.15516267513043 0.67643328585631
   839 3.00357313339175 0.83380804391032 0.91649588166806
   842 1.11333311966229 3.74830172093324 3.59743296472003
   844 0.96396384241535 3.69910211087272 3.17815872192239
   847 3.82114620085178 2.01128419382540 0.82286958846207
   854 0.42295088883550 2.99422449717880 3.27940829558068
   862 1.77470437870366 3.11913905321415 3.49265029835089
   866 1.59226697671514 1.19944311852030 0.27841552511869
   869 3.73969195566129 0.05448552706537 3.80213852645271
   870 3.89762928117020 0.36782686929267 0.02991131499896
   871 3.83869701685847 3.41636242109758 0.57535360943930
   874 0.68308999603540 2.71189592454949 2.84546858023620
   877 3.87054495722702 3.78229489065570 3.90246391852277
   881 2.35409942239876 1.06588549566006 0.42051525161171
   882 2.76928444040985 3.61397587998462 1.77685613648147
   883 2.92783082976688 3.66134970622431 1.99590825960330
   884 1.95004301963018 1.05193122904539 0.58871943921990
   885 1.77701603692004 0.76736944489396 0.63117589491741
   890 3.18547251515110 0.97279938080933 1.67363225136089
   899 3.23977082957234 0.74408360371623 2.88166638757144
   900 3.02550816361272 0.89749012577565 3.44574586904537
   903 2.92252022561302 0.51376495323741 3.63020362394629
   904 3.20833848682760 0.34399193949413 0.00435449234214
   905 2.45091143789952 1.77592170264954 2.87044581297713
   907 0.93645882322174 1.49773874225563 0.39296755146729
   908 0.73977366663515 1.55143839233115 0.05143891496600
   909 1.74584085478210 3.22410107570100 1.91657202173879
   910 1.95726060539559 3.23537183133742 1.66612384133881
   911 2.60394624503689 0.89570744176185 3.59446645044400
   912 2.40252239683614 1.27456459670581 0.11697727792818
   913 2.23768267569308 1.06229869881138 2.97349877339718
   914 2.09914567231979 1.49038729010338 2.87963291512959
   915 3.30316006977537 0.91718058062744 1.79263206216206
   916 3.95031808145190 1.05226260154814 1.70070462176171
   917 3.98413419026429 3.24160973156147 2.19676540852567
   918 3.83122679927516 3.37176395282780 2.26491604287295
   920 1.13039463325874 0.42278747511405 1.71545493398948
   922 2.64527507377707 0.57144637044364 3.69615202393690
   923 2.54894385529051 0.51006669557419 0.19659894493667
   926 0.11851332850896 3.56377003906219 3.40052327869139
   927 3.95208709465145 3.97609796650524 3.14953487979514
   928 1.39347568210320 0.82107171072792 1.53528719399629
   933 2.26255476738819 0.17576716982439 2.37385916121950
   938 1.78850119989419 2.31181663383224 0.83616808479477
   941 0.77214787967103 3.52344759936470 3.76100612379470
   942 0.58121714990472 3.44721145615561 3.41402541382826
   946 2.28600900649459 0.82014899440154 1.93851667042416
   948 3.00142297155421 1.08407977254108 1.90106246877424
   949 3.25213510835255 2.74470212067875 1.78572404290025
   952 3.33171926162059 1.32318184426097 1.19990342470184
   954 3.89187187979559 2.93275623396592 1.91939945003536
   955 0.09512725006300 2.35385358105388 2.13247814707994
   957 0.85844420920764 3.88532063274907 2.36034029605355
   958 1.04765303068264 3.88565242858517 2.75764099895459
   959 1.26421099622145 3.15636231180866 0.10561927915956
   960 1.50553761326227 2.87782198915020 3.94262604656645
   966 2.31280150575738 0.61119113479405 2.35985643629366
   970 2.64614323803013 0.00253212716111 2.46149555255285
   971 2.61773086968445 3.82994114837513 2.67587402140301
   972 3.98741351859591 3.93070802015837 1.33109995648245
   977 1.44198857019671 0.25692041815384 3.83953279349100
   978 1.15838761862777 0.19134196047762 3.71131601719578
   980 2.07115792916855 0.11422437676826 2.56749994587965
   982 1.17507094465974 0.08729143449657 2.16345153395628
   983 1.40154331684262 0.11811270437837 2.49170493347052
   984 1.83814410548585 3.92338839682859 2.47092647907872
   989 3.83149329105246 3.90924063348610 1.15392903515471
   992 0.43690342852627 2.71671576440087 1.45637983044811
   995 3.11038558488138 3.59139766490203 1.05253994496717
   997 0.22953280426412 3.71768058542424 0.49058100686799
   998 0.25218529589215 3.92985920329816 0.63339279372845
  1000 0.27414828955318 2.09605143846977 0.97745699921621
  1001 0.35832694835274 2.53728079804465 1.01296426719785
  1002 0.24665654306946 3.85544033827545 0.25223064787584
  1003 0.26163210681722 0.02809135604219 0.31905532511625
  1007 2.80277991555745 1.60799190717610 2.93549813482280
  1010 0.24377208742792 3.42175734172113 1.68694494237360
  1011 0.07020841511461 3.05770962877996 1.60568438036162
  1012 3.20886255271736 2.05615118108489 1.43151256236022
  1015 3.73179152584392 3.06398377212574 1.21023193760772
  1016 3.65497185620072 3.50680902440185 0.99609184904865
  1018 3.06941073058592 0.46115148989644 2.49429083283931
  1019 3.05560935440285 1.78490395063664 3.29040477040468
  1020 3.05184608222189 1.23369172574072 3.58268783668352
  1021 2.89961485573392 1.00778431107475 3.44549791633345
  1022 2.73263965488456 1.12965260120430 3.00563793470662
  1023 2.19695165328227 3.90287395827798 2.76423438032079
  1025 0.76537409342710 2.02820011883466 0.67115111637376
  1026 0.65658433384200 2.59491526644797 0.83101445278153
  1028 3.72744885155781 1.94878138152612 2.35688672680687
  1030 3.03364852359876 0.89905918673159 2.66525281982025
  1032 3.23108601661130 1.26299964007154 2.33377780193562
  1036 3.83883148985768 2.09508182448342 2.08022690322214
  1037 3.30727311113258 2.28196807492608 1.91138014771704
  1038 2.94248994416871 0.73402454362755 2.46253074898094
  1039 3.11254924482777 1.03271620763288 2.03172108830943
  1040 3.69392063495374 1.76694817195490 1.18603150873672
  1043 0.98378290005047 3.47025488094207 1.92642082026745
  1047 2.69769752448191 2.86354280118600 1.19117594088780
  1048 0.71374839308053 3.39264033678912 1.57063493865599
  1049 0.80584752771059 2.88879506592113 1.41678288618866
  1050 3.17805487031666 2.79642314980312 1.43172773906637
  1051 2.89607627115929 2.98731862886700 1.39441902661581
  1057 1.63987091803665 3.38333833235164 3.12210246789556
  1059 1.95888838658022 3.66049723046161 2.70346595784659
  1060 3.13443768659090 2.44264677648284 1.18074452609487
  1061 2.84995733777485 2.48634479028408 1.02699648389948
  1071 1.24202743530541 2.37391790700536 3.76314100616419
  1073 1.17183372477756 1.48739526196030 3.40449859404414
  1091 0.65793924406715 0.46715281051652 1.21291388887201
  1096 0.68665810804007 0.11711816743127 0.98153133688648
  1097 0.91433777237673 0.44350600956600 0.46133217782329
  1098 1.71093808011841 2.97835394363532 3.19237125876985
  1100 1.27236305801315 2.37424047613421 3.34017035066741
  1101 0.80577195888367 2.34654458337669 3.30352662822837
  1105 1.66012722789971 1.22214955360276 3.54232338533961
  1106 1.59379959948053 0.70807332524719 3.36427137208786
  1109 1.71291725675544 3.42717572363125 3.42342294359936
  1113 0.72647334843572 2.67880706530359 3.99901479843639
  1115 0.81159934151582 2.47935308823213 3.92872403422896
  1120 1.38499344243502 3.64043854821449 3.71250472898816
  1121 1.58330581313636 0.06822070263120 3.88970522402260
  1122 0.50560306629238 2.59702897770780 3.69639199615121
  1123 0.56684349693868 2.49690954267173 3.67305290511225
  1124 0.70090116644580 0.79714966911773 3.33947606805553
  1125 1.05072582801914 0.45381513644497 3.27571415834791
  1127 1.25470676176492 0.65810876783923 3.14736095209366
  1128 0.96504182362435 1.01776698159269 3.16916471519273
  1131 1.42581495472525 1.79905318774997 0.46712506984651
  1133 2.32076595079945 2.14834029340816 0.09112728685580
  1134 1.85692792007731 2.30503059755274 0.27918136900610
  1135 2.05099192011923 1.40143394397120 3.96930593578169
  1136 1.70661597817186 1.23012944856238 0.36857719602101
  1137 1.93022968235554 1.81262333242170 3.88886733536118
  1138 1.61487524812603 2.01418568064266 0.09312701870770
  1140 2.35259852390328 2.56619760439034 3.05634199226974
  1141 2.51357287074984 2.71121895728201 2.63022738069651
  1142 0.66314783977756 1.04812481969754 0.94764465872605
  1143 0.74380989793090 1.08828489321739 0.56153600783988
  1145 1.89775820786919 2.77254349071585 2.99537554498824
  1146 2.07473016806270 2.99005662403609 2.58356574460596
  1147 0.94247892881724 0.81367980884254 0.64329768469270
  1148 0.82728324280323 0.84115038280200 0.99335541119167
  1164 3.07731243011863 1.75316267100083 2.45383806442921
  1166 2.88795376433179 1.94277506116204 2.22736817384388
  1167 3.37945268848634 2.05579122066315 2.46299608015175
  1168 3.12966060450045 2.22912686436571 2.21752264800326
  1169 2.00313283110396 3.93473308633537 0.81544240490142
  1170 2.33491718932079 3.83601102415859 0.58790912704534
  1172 2.17966204470560 0.13304401610011 0.28444049017010
  1173 1.90134185970505 0.21189600153293 0.46335933439792
  1174 0.01068147653595 1.21168739472199 1.38961338230081
  1176 0.20692711181397 0.94616496997415 1.10262091117450
  1177 3.57948563832166 1.37376879759127 1.12686667449922
  1205 2.90267696288569 0.03376569110704 1.14369142726633
  1206 3.06370540918652 0.25849941033478 1.14429183285083
  1212 3.03324705495313 3.89844987720560 1.24498130823174
  1213 3.24015612955038 0.06558195703643 1.28219672329796
  1224 0.87856102668923 1.92506418778589 0.70831389861135
  1229 0.86015420988060 1.59471947647505 1.87503537027297
  1238 0.74399934340889 1.48020331411409 1.18516533674863
  1239 1.06237452618520 1.50100587101037 1.48077952303361
  1332 1.54987748477390 2.02540478082647 0.93491985684685
  1333 1.73190204747432 1.86256158348409 1.19691482309299
  1335 1.41558973657663 1.93218051471416 1.32744738870109
  1336 1.36820444044657 2.11082432441355 1.04697548927695
  1337 1.25587993770645 3.03334263597885 1.93355936900728
  1339 1.07339082405734 2.76399337915863 1.60267552008160
  1345 1.20647882564737 2.72531104178671 2.29101553463687
  1346 1.04531936560742 2.41940410334217 2.05904571713084
  1352 1.90821920281268 3.27862873635812 0.87125937954545
  1354 1.94967878572711 3.03595112940714 1.20348672042402
  1355 1.63801249079970 3.04462288709371 0.70135815810927
  1356 1.63059271328208 2.78388731785569 0.97667360467914
  1377 2.11686174615170 3.75223748301090 3.55441624330949
  1378 2.03691428320574 0.01338730403847 3.72657720453847
  1385 2.22470101615172 0.20833512231076 3.46425168616464
  1386 2.29679445205931 3.96988439928545 3.31681418140598
  1395 3.53537999801574 1.38884426967847 0.49022769333570
  1396 3.74386944238634 1.13990938439428 0.35219354210460
  1400 3.50347183896948 1.23041734361537 0.78341415369804
  1401 3.70501543101973 1.00047920877450 0.65400369500353
  1437 0.25017062123655 1.58926856458382 1.49046747880635
  1439 0.28120453530626 1.61440072410222 1.66698126659954
  1440 0.15727454678723 1.75611829681871 1.44989377193084
  1441 0.19064477375894 1.81898806090470 1.68572924500037
  1450 2.30551964312970 2.92373055415137 3.94034512413149
  1451 2.45666107618112 3.14961555752557 0.04780115146387
  1455 2.30922866184123 3.02590540959544 3.71009551169883
  1456 2.42834274513724 3.22087681718396 3.77265667793563
edges 766
16      2      0
17      0      8
32     16     41
33     41     37
34     37     18
84     58     59
85     59     52
93     59     47
101     76     72
102     72     14
111     72     69
177    115     47
181     59      0
189    115      8
218    143    139
224    134    136
225    136    147
229    140    136
231    143    140
232    149    156
246    152    163
247    163    157
272    171    191
273    191    169
284    185      2
292    177    180
293    180    185
295    171     18
303    174    177
313    199    198
363    220    215
382    230    243
389    241    236
390    236    243
391    231    240
395    231    241
398    235    240
419    254    174
433    260    261
438    264    261
486     16    295
487    295    290
496    295    288
501    292    288
524    260    199
526     58    185
537    310    191
544    195    311
553    311    315
554    315    310
584    264    332
588    163    336
596    339    284
597    311    339
612    354    346
623    347    346
624    354    315
625    343    347
629    243    356
632    147    356
636    343    143
641    365    358
642    358    364
669    139    347
690    376    241
700    214    380
736     41    396
737    396    394
760     11    364
766    403    336
767    399    403
774    157    405
775    405    403
776    119    410
782    406    410
785    408    288
786    406    408
825    410    220
835    365    422
839    425    215
843    425    422
844    396    295
849    406    425
850    394    408
886    169    436
890    439    440
892    230    439
895    241    439
921    413    447
947    171    457
998     36    473
1021    156    481
1042    488    489
1045     36    488
1048     16    488
1049     14    489
1079    500    502
1081    231    500
1083    236    502
1086    198    502
1109    199    510
1112    149    510
1153    191    524
1172     69    529
1194    413    538
1214    544    545
1218     36    545
1220     37    544
1221     41    545
1242    149    553
1243    261    553
1256    557    559
1260    394    559
1261    354    557
1263    399    559
1289    568    569
1290    553    568
1292    332    568
1293    152    569
1294    134    569
1301    300    571
1307     52    573
1308    277    573
1333    581    582
1336    339    581
1337    403    582
1339    354    582
1355    230    587
1410    115    605
1431    545    611
1432    473    611
1476    115    625
1486    629    630
1487    396    629
1490    290    630
1491     98    630
1492    429    630
1507    635    636
1510    569    635
1512    429    636
1513    332    636
1525    343    640
1528    432    640
1540      2    645
1546    647    648
1547     98    647
1549    429    647
1550    413    648
1552    635    648
1553    649    650
1554    136    649
1557    356    650
1558    587    650
1559    380    650
1584      8    658
1586     11    658
1591    660    662
1595    513    662
1602    394    663
1605    399    663
1612    346    667
1614    582    667
1615    668    669
1617    519    668
1618    291    668
1619    636    669
1621    290    669
1631    673    674
1634    422    673
1635    405    674
1636    663    674
1637    425    674
1648    513    678
1649    605    678
1658    544    681
1660     11    681
1691    691    692
1692    481    691
1693    436    691
1694    231    691
1697    376    692
1705    695    696
1706    310    695
1707    557    695
1708    171    695
1710    559    696
1711     37    696
1716    139    698
1718    529    698
1729    432    701
1760    571    711
1761    538    711
1762    460    711
1779    717    718
1780    524    717
1781    436    717
1782    240    717
1784    174    718
1785    235    718
1800    723    724
1801    481    723
1802    510    723
1803    500    723
1806    195    724
1807    725    726
1808    356    725
1809    538    725
1811    380    726
1813    660    726
1830    203    731
1839    735    736
1841    447    735
1842    291    735
1843    152    736
1844    635    736
1845    668    736
1846    737    738
1847    399    737
1850    696    738
1853    739    740
1855    701    739
1856    457    739
1859    169    740
1920    177    758
1922    760    761
1923    152    760
1924    649    760
1925    157    760
1927    380    761
1930    762    764
1932    214    762
1934    761    764
1935    215    762
1937    405    764
1980     98    777
1988    180    780
1989    718    780
1998    783    784
2001    645    783
2002    758    784
2004    185    784
2023    791    792
2024    510    791
2027    724    792
2028    698    792
2037    795    796
2038    726    795
2039    513    795
2040    447    795
2041    761    796
2043    735    796
2044    797    798
2045    169    797
2046    481    797
2048    315    798
2049    724    798
2050    347    798
2051    799    800
2054    447    799
2055    571    800
2056    777    800
2057    413    800
2077    605    806
2106    816    817
2108    762    816
2109    731    816
2110    667    817
2111    764    817
2117    581    819
2118    519    819
2119    336    819
2126    625    821
2130    519    822
2133     72    822
2142    358    826
2173    826    837
2176    300    837
2177    838    839
2178    439    838
2180    235    838
2181    440    839
2182    826    839
2183    254    839
2192    842    844
2196     76    844
2199    292    844
2208    660    847
2210    214    847
2232    822    854
2233    291    854
2270    277    866
2278    869    870
2281    406    870
2283    777    869
2284    365    870
2286    513    871
2287    799    871
2296    581    874
2297    822    874
2298     69    874
2307    799    877
2308    869    877
2318    838    881
2322    882    883
2324    758    882
2325    260    882
2326    473    883
2328    264    883
2329    884    885
2331    881    884
2332    235    884
2333    277    885
2335    780    885
2352    254    890
2377    899    900
2378    663    899
2380    629    899
2381    673    900
2391    903    904
2392     98    903
2394    900    903
2395    777    904
2396    837    904
2397    365    904
2399    140    905
2401    156    905
2405    907    908
2407    866    907
2408    203    907
2409    220    908
2411    816    908
2412    909    910
2413    791    909
2414    783    909
2416    199    910
2417    784    910
2419    911    912
2420    432    911
2424    881    912
2425    230    912
2426    913    914
2427    432    913
2429    740    913
2430    343    914
2431    905    914
2432    797    914
2433    915    916
2434    611    915
2435    890    915
2437    544    916
2439    738    916
2440    917    918
2442    519    917
2443    489    917
2444    264    918
2445    669    918
2446    488    918
2451     18    920
2454      2    920
2456    922    923
2458    911    922
2459    903    922
2461    881    923
2462    837    923
2470    926    927
2472    877    926
2473    291    926
2474    288    927
2475    869    927
2476    290    927
2478    780    928
2479    920    928
2480    524    928
2495    758    933
2513    502    938
2521    941    942
2523    842    941
2524    806    941
2525    926    942
2526    844    942
2527    854    942
2538    946    948
2540    174    946
2542    890    948
2543    436    946
2545    692    948
2549    261    949
2556    890    952
2557    440    952
2558    376    952
2562    954    955
2564    949    954
2565    917    954
2566    284    955
2568    819    955
2571    957    958
2573     14    957
2574     76    958
2576     16    957
2577    292    958
2578    959    960
2579    806    959
2580     47    959
2583     61    960
2584    862    960
2602    740    966
2603    946    966
2604    933    966
2615    970    971
2617    933    970
2618    883    970
2619    429    971
2621    332    971
2625     36    972
2628     11    972
2638    977    978
2641    573    977
2642    842    978
2644    119    978
2649    739    980
2652    933    980
2654    982    983
2655     18    982
2656    957    982
2657    645    982
2658    457    983
2659    958    983
2662    783    984
2663    980    984
2664    983    984
2679    364    989
2680    972    989
2690    284    992
2696    571    995
2702    997    998
2704    605    997
2705    658    998
2707    871    997
2708    364    998
2711   1000   1001
2714    992   1001
2716    847   1000
2717    662   1001
2718   1002   1003
2719    877   1002
2720    997   1002
2721    941   1002
2722    870   1003
2723    998   1003
2724    119   1003
2740    905   1007
2743   1010   1011
2744    489   1010
2746    972   1010
2747    954   1011
2748    992   1011
2756    376   1012
2759   1015   1016
2760   1011   1015
2762    662   1015
2763    989   1016
2764    995   1016
2765    871   1016
2770    629   1018
2771    970   1018
2772    611   1018
2773   1019   1020
2774    649   1019
2775   1007   1019
2776    157   1019
2777    587   1020
2779    673   1020
2780   1021   1022
2781    911   1021
2782   1020   1021
2783    900   1021
2784    913   1022
2785   1007   1022
2788    980   1023
2790    971   1023
2794   1025   1026
2795    731   1025
2796   1000   1025
2798    678   1026
2799   1001   1026
2800    625   1026
2805    737   1028
2808    336   1028
2811   1030   1032
2813    899   1030
2815    737   1032
2816   1022   1030
2828   1036   1037
2829    955   1036
2830   1028   1036
2832    949   1037
2834   1012   1037
2835   1038   1039
2836    966   1038
2837   1030   1038
2838   1018   1038
2839    948   1039
2840   1032   1039
2841    915   1039
2843    847   1040
2845   1012   1040
2853    645   1043
2856     14   1043
2863    198   1047
2866    711   1047
2867   1048   1049
2868   1010   1048
2869   1043   1048
2870      8   1048
2871    992   1049
2873    625   1049
2874   1050   1051
2875   1015   1050
2877    949   1050
2878    995   1051
2879   1047   1051
2880    260   1051
2898   1057   1059
2900     76   1057
2902    984   1059
2905   1023   1059
2906   1060   1061
2907    660   1060
2908   1050   1060
2909   1012   1060
2910    725   1061
2911   1047   1061
2912    236   1061
2942    960   1071
2950    346   1073
2953    908   1073
3006    681   1091
3007    920   1091
3020   1096   1097
3021      0   1096
3022   1091   1096
3023    658   1096
3024    573   1097
3026    119   1097
3028    862   1098
3029   1057   1098
3030    529   1098
3034   1100   1101
3035    139   1100
3036   1071   1100
3037    529   1100
3038    667   1101
3040    874   1101
3050   1105   1106
3051    866   1105
3052   1073   1105
3053    640   1105
3054    977   1106
3056    701   1106
3067    862   1109
3070   1057   1109
3077    678   1113
3080    806   1113
3083   1071   1115
3084   1113   1115
3085    731   1115
3098   1120   1121
3099    842   1120
3100   1109   1120
3101    959   1120
3102    977   1121
3104     52   1121
3105   1122   1123
3106    854   1122
3107    796   1122
3108   1113   1122
3109   1101   1123
3110    817   1123
3111   1115   1123
3112   1124   1125
3115    410   1124
3116    978   1125
3118    408   1124
3119    292   1125
3121   1127   1128
3122    457   1127
3123   1125   1127
3124   1106   1127
3125    557   1128
3126   1124   1128
3127   1073   1128
3133    203   1131
3139   1133   1134
3141    147   1133
3142     61   1134
3144    243   1133
3145    938   1134
3146   1135   1136
3147    912   1135
3149    640   1135
3150    884   1136
3151   1131   1136
3152    866   1136
3153   1137   1138
3154   1135   1137
3155   1133   1137
3156    143   1137
3157   1131   1138
3158   1134   1138
3159   1071   1138
3162   1140   1141
3164    140   1140
3165    149   1141
3167    134   1140
3168    568   1141
3169   1142   1143
3173    907   1143
3176    220   1143
3178   1145   1146
3179   1098   1145
3180   1140   1145
3181    698   1145
3182   1059   1146
3183   1141   1146
3184    791   1146
3185   1147   1148
3186   1097   1147
3187   1143   1147
3188    277   1147
3189   1091   1148
3190   1142   1148
3191    928   1148
3241   1164   1166
3243   1007   1164
3245    156   1166
3246   1032   1164
3248    692   1166
3249   1167   1168
3250   1028   1167
3251   1164   1167
3252    163   1167
3253   1037   1168
3254   1166   1168
3255    553   1168
3256   1169   1170
3259     58   1169
3260    460   1170
3262    180   1169
3263    300   1170
3265   1172   1173
3266    923   1172
3267   1170   1172
3269    885   1173
3270   1169   1173
3271     52   1173
3273   1174   1176
3275    916   1174
3277    681   1176
3280   1142   1176
3282   1040   1177
3283   1174   1177
3284    952   1177
3370   1205   1206
3372    177   1205
3373    254   1206
3375    300   1205
3376    826   1206
3393   1212   1213
3394    882   1212
3395    995   1212
3396   1205   1212
3397    473   1213
3398    989   1213
3399   1206   1213
3435   1025   1224
3438    203   1224
3446    311   1229
3449    310   1229
3475   1238   1239
3476   1142   1238
3478   1224   1238
3479    524   1239
3480   1229   1239
3777   1332   1333
3780    938   1332
3781    500   1333
3783   1131   1332
3784    240   1333
3786   1335   1336
3787   1239   1335
3788   1333   1335
3789    195   1335
3790   1224   1336
3791   1332   1336
3792    821   1336
3794   1337   1339
3796    909   1337
3798    821   1339
3799   1043   1337
3801   1049   1339
3818   1345   1346
3819   1337   1345
3820     69   1345
3821    792   1345
3822   1339   1346
3823    339   1346
3824    195   1346
3842   1352   1354
3844    460   1352
3846    198   1354
3847     58   1352
3849    910   1354
3850   1355   1356
3851     47   1355
3852   1352   1355
3853     61   1355
3854    821   1356
3855   1354   1356
3856    938   1356
3921   1377   1378
3925   1172   1378
3927   1109   1377
3928   1121   1378
3946   1385   1386
3947    922   1385
3948   1378   1385
3949    701   1385
3950    647   1386
3951   1377   1386
3952   1023   1386
3978   1395   1396
3980    587   1395
3981    214   1395
3983    422   1396
3984    215   1396
3994   1400   1401
3995   1395   1400
3996    440   1400
3997   1177   1400
3998   1396   1401
3999    358   1401
4000   1176   1401
4114   1437   1439
4116   1238   1437
4118   1229   1439
4119   1174   1437
4121    738   1439
4122   1440   1441
4123   1040   1440
4124   1437   1440
4125   1000   1440
4126   1036   1441
4127   1439   1441
4128    284   1441
4154   1450   1451
4155    147   1450
4157     61   1450
4158    538   1451
4160    460   1451
4170   1455   1456
4171    862   1455
4172    134   1455
4173   1450   1455
4174   1377   1456
4175    648   1456
4176   1451   1456
polygons 447
0   1540   2451   2454   2655   2657
3     16     17   1540   2853   2869   2870
4     16   2454   3007   3021   3022
5   2573   2656   2657   2853   2856
7     32     33     34   2576   2655   2656
10   1584   1586   2628   2746   2868   2870
11     17   1584   3021   3023
13   1586   1660   3006   3022   3023
15   1214   1218   1658   1660   2625   2628
16   1049   2744   2856   2868   2869
17   1042   1048   1049   2573   2576
18     32   1045   1048   1218   1221
19     34   1220   1658   2451   3006   3007
21   1042   1045   2625   2744   2746
22     33   1214   1220   1221
23   3844   3852   3853   4154   4157   4160
27   3260   3267   3921   3925   4160   4174   4176
28     84     85   3259   3270   3271
29   3256   3259   3260   3844   3847
30   3104   3265   3271   3925   3928
31   2578   2584   3067   3100   3101
32     85     93   2580   3098   3101   3104
33     93     84   3847   3851   3852
34   2578   2580   2583   3851   3853
36   2583   2584   4157   4171   4173
37   2574   2659   2664   2898   2900   2902
38    101    102   2571   2573   2574
39   2001   2414   2853   3796   3799
40   2023   2413   3796   3819   3821
42    102    111   2856   3799   3819   3820
43   2413   2414   2662   2902   3182   3184
44   1172   1718   2028   3820   3821
45    111    101   1172   2900   3029   3030
47   1486   1492   2615   2619   2770   2771
48   2380   2770   2813   2837   2838
49   1491   1492   1547   1549
51   2394   2458   2459   2781   2783
54   1547   2392   2459   3946   3947   3950
56   1729   2420   2458   3947   3949
57   1549   2619   2790   3950   3952
58   1853   2602   2604   2649   2652
60   2420   2427   2780   2781   2784
61   1729   1853   1855   2427   2429
62   2429   2602   2784   2816   2836   2837
63   1486   1491   2377   2380   2392   2394
67    177   1410   2077   2579   2580
68   1307   2641   3102   3104
69     85    181   1307   3020   3021   3024
70   2638   2641   2644   3024   3026
71    177    189     17    181     93
73    189   1410   1584   2702   2704   2705
75   2638   2642   3098   3099   3102
76   2523   2524   2579   3099   3101
77   2523   2642   2644   2718   2721   2724
78   2705   2723   2724   3020   3023   3026
81   2077   2524   2704   2720   2721
82   2583   2942   3142   3158   3159
83   1716   1718   3035   3037
84    218   3035   3036   3153   3156   3159
85   3139   3141   3142   4155   4157
86   2584   2942   3028   3030   3036   3037
87    224    225   4155   4172   4173
88    229    224   3164   3167
89   3028   3167   3179   3180   4171   4172
90    218    231   1716   3164   3180   3181
91    229    231    225   3141   3155   3156
92    232   1242   3245   3254   3255
93    232   2399   2401   3162   3164   3165
94   1242   1290   3165   3168
95    246    247   1923   1925
96    224   1293   1294   1554   1923   1924
97   1924   1925   2774   2776
100   1289   1294   3162   3167   3168
101    246   1289   1290   1293   3249   3252   3255
102   2401   2740   3241   3243   3245
103    247   2775   2776   3243   3251   3252
104    229   1554   2399   2740   2774   2775
107   1856   2649   2658   2663   2664
108    272    273    947   1853   1856   1859
109    273    886   1153   1780   1781
110    886   1859   2543   2602   2603
111    284   1540   1998   2001   2004
112    292    293   1920   2002   2004
114    295    272   1153   2451   2479   2480
115    295    947   2654   2655   2658
119    303   1920   2495   2540   2603   2604
121   1779   1780   1989   2478   2480
122    292    303   1784   1988   1989
123   1779   1781   1784   2540   2543
124    284    293   1988   2454   2478   2479
125   1998   2002   2495   2652   2662   2663
126    313   1079   1086   1109   1802   1803
127   1800   1803   1806   3781   3788   3789
128   1086   2513   3846   3855   3856
129   1109   2024   2412   2413   2416
130   1806   2027   3818   3821   3824
131   2412   3794   3796   3798   3849   3854   3855
133   3786   3789   3792   3798   3822   3824
134    313   2416   3846   3849
135   1932   2108   2109   2210   2716   2795   2796
136   2210   2843   3282   3981   3995   3997
139   3273   3280   3476   4116   4119
141   1830   2109   2405   2408   2411
142   1830   2795   3435   3438
143   2408   3169   3173   3438   3476   3478
145    363   3169   3176   3280   3984   3998   4000
146   2405   2409   3173   3176
148   1932   1935   3978   3981   3984
149    363   1935   2108   2409   2411
150   2796   3435   3478   4116   4124   4125
151   2578   2579   2942   3080   3083   3084
152   1172   2298   3034   3037   3040
154   3028   3029   3067   3070
155   2192   2196   2900   3070   3099   3100
156    101   2133   2196   2232   2526   2527
159    111   2133   2297   2298
160    892   2178   2318   2424   2425
161    382   2425   3144   3147   3154   3155
162    389    390    382    892    895
163    391   1081   3781   3784
164    395    398    391    895   2178   2180
165    389    395   1079   1081   1083
166    390   1083   2513   3139   3144   3145
167   2331   2424   3146   3147   3150
169    398   2332   3150   3151   3777   3783   3784
171   2180   2318   2331   2332
173   1432   2352   2434   2435   3373   3397   3399
174   1920   2324   3372   3394   3396
176    419    303   3370   3372   3373
178    419   2352   2538   2540   2542
179   2435   2542   2839   2841
180   1432   2326   2618   2771   2772
181   2434   2772   2835   2838   2841
182   2325   2878   2880   3394   3395
183    433   2549   2874   2877   2880
184    438    433   2322   2325   2328
185    438   2440   2444   2549   2564   2565
186   2443   2565   2743   2744   2747
187   2564   2747   2760   2875   2877
188    998   2625   2680   3397   3398
191    998   1045   2326   2328   2444   2446
192   1528   1729   3050   3053   3056
193   2270   2329   2333   3150   3152
194   2456   3266   3925   3947   3948
195   1307   1308   2333   3269   3271
199   1308   2270   2641   3050   3051   3054
200   3054   3056   3102   3928   3948   3949
201   2714   2717   2748   2760   2762
202   2690   2711   2714   4122   4125   4128
203   2832   2834   2877   2908   2909
204   2208   2843   2845   2907   2909
205   2566   2829   4126   4128
207   2562   2566   2690   2747   2748
210   2196   2199   2574   2577
211    486    487   1048   1621   2445   2446
212    102   1049   2130   2133   2442   2443
213   1617   1618   2130   2232   2233
214   1615   1618   1621   2470   2473   2476
215    487    496   2474   2476
216   2233   2473   2525   2527
217    501    496    486   2571   2576   2577
219    501   2199   2470   2474   2525   2526
223   1301   2696   3375   3395   3396
224   1760   2696   2866   2878   2879
226   1301   1760   1762   3260   3263
227    292   3256   3262   3263   3372   3375
228   1762   2863   2866   3842   3844   3846
230    524   2002   2324   2325   2416   2417
231    313    524   2863   2879   2880
234    526   2004   2417   3842   3847   3849
235    293    526   3259   3262
240    537   1153   3449   3479   3480
241   1780   1782   3479   3784   3787   3788
243    544   3446   3480   3787   3789
244   1081   1692   1694   1801   1803
246    391   1693   1694   1781   1782
248    553    554   3446   3449
249    554    273    537   2044   2045   2048
250    544    553   1806   2048   2049
251    886   1692   1693   2045   2046
253   2039   2040   2054   2286   2287
254   1841   1842   2054   2307   2472   2473
255   1842   2043   2233   3106   3107
257   2472   2521   2525   2719   2721
258   1648   1649   2286   2704   2707
261   1293   1510   1843   1844
262   1289   1292   1507   1510   1513
263    438    584   1243   1290   1292
264    584   1513   1619   2444   2445
265    588   2808   3250   3252
266   1243   2549   2832   3253   3255
267   2119   2568   2808   2829   2830
268    588    246   1617   1843   1845   2118   2119
269   1507   1615   1619   1844   1845
270   2126   2873   3798   3801
271   2714   2799   2800   2871   2873
272    596   2690   2871   3801   3822   3823
273    544    597   3823   3824
274    596    597   3446   4118   4127   4128
275   1525   1528   2426   2427   2430
276    537    272   1706   1708
277   1859   2045   2426   2429   2432
279    612   1261   2950   3125   3127
280    947   1707   1708   3121   3122   3125
281   1855   1856   3056   3122   3124
284    623    612    624   2048   2050
285    625   2044   2050   2430   2432
286    623    625   1525   2950   3052   3053
287    624    554   1261   1706   1707
289   1355   2419   2425   2777   2781   2782
290    382    629   1355   1557   1558
291    632    629   3141   3144
294    636   1525   3149   3154   3156
295    231    636   2399   2430   2431
296    632    225   1553   1554   1557
297    641   2142   2173   2396   2397
298    642   2142   2679   3376   3398   3399
299    641    642   2284   2708   2722   2723
300   2679   2702   2707   2708   2763   2765
301   1301   2055   2056   2176   2395   2396
302   2051   2055   2287   2696   2764   2765
303   2173   2176   3370   3375   3376
304   2278   2283   2284   2395   2397
305   2270   2407   3173   3187   3188
306   2333   2335   2478   3185   3188   3191
307   3133   3438   3783   3790   3791
309   1785   1989   2329   2332   2335
310   2480   3190   3191   3475   3476   3479
311   2407   2408   3133   3151   3152
313    398   1779   1782   1785
314   1021   2046   2401   2431   2432
315    669   1716   2027   2028   2049   2050
316   1112   2024   3165   3183   3184
319    232   1021   1112   1801   1802
320    669    218    636    625
322   3142   3145   3850   3853   3856
323   1083   1086   2863   2911   2912
326   1761   1762   4158   4160
327   1761   1809   2866   2910   2911
328    629    390   1808   2910   2912
329    632   1808   1809   4154   4155   4158
331   1292   2621   2790   2905   3168   3182   3183
332   1512   1513   2619   2621
333   1294   1510   1552   4170   4172   4175
334    690    389   2756   2906   2909   2912
335   1557   1559   1807   1808   1811
336   1807   1813   2906   2907   2910
338    890    892   1355   3980   3995   3996
339    700   1558   1559   3980   3981
341   2558   2756   2845   3282   3284
342    690    890    895   2557   2558
343    700   1811   1813   2208   2210
345   2557   3284   3996   3997
348   1846   2433   2439   2815   2840   2841
349   2545   2839   2840   3241   3246   3248
350   2805   2815   3246   3250   3251
351   1697   2756   2834   3248   3253   3254
352   2439   3275   4114   4119   4121
353   1697   2542   2545   2556   2558
354   1846   2805   2830   4121   4126   4127
355    433    524   1109   1112   1242   1243
358    584   2328   2615   2618   2621
360   1263   1710   1846   1847   1850
361   1220   1711   1850   2437   2439
362   1260   1263   1602   1605
363     33    736    737   1260   1710   1711
364    736   1221   1431   1487   2770   2772
365    737   1487   1602   2378   2380
369   1605   1847   2378   2811   2813   2815
372   1410   1476   1649   2798   2800
373   1830   3083   3085   3133   3157   3159
376    177   1476   2126   3850   3851   3854
378    189   1476   2867   2870   2873
380   1595   2286   2759   2762   2765
382    760   1586   2705   2708
384   1595   1648   2717   2798   2799
386    760   2628   2679   2680
387    597    553    624   1333   1336   1339
388    596   1336   2117   2566   2568
389    766   1333   1337   2117   2119
390    767   1256   1261   1263   1337   1339
391    766    767   1847   2805   2808
393   1705   1706   1850   3449   4118   4121
395   2785   2811   2816   3243   3246
397   2381   2779   2782   2783
398    774   1631   1635   2773   2776   2779
399    775    767   1605   1635   1636
400    774    247    588    766    775
401    776   2644   3112   3115   3116
402    782    776   2281   2722   2724
403   2192   2199   2642   3116   3119
404    785    501   3112   3118   3119
405    782    786   3115   3118
406    786    785   2278   2281   2474   2475
407   2308   2470   2472   2475
408   1194   1760   1761   2055   2057
409   1194   1550   4158   4175   4176
411   1546   1547   1550   1980   2056   2057
412   2176   2462   3263   3266   3267
414   1980   2391   2392   2395
417   1612   2106   2110   2411   2950   2953
418    623    669   1612   3034   3035   3038
420   1591   1595   1813   2038   2039
422    921   2051   2054   2057
423    921   1194   1807   1809   2038   2040
424   1934   2041   2111   3105   3107   3110
425    774   1922   1925   1934   1937
426   1839   1843   1922   1923   2041   2043
427   1333   1614   2296   3038   3040
428   2117   2118   2130   2296   2297
429   1618   1839   1842   1845
430    775   1337   1614   1937   2110   2111
432   2638   3054   3116   3123   3124
434   2577   2658   2659   3119   3122   3123
436   1553   1559   1922   1924   1927
437   1811   1927   2037   2038   2041
439    921   1550   1552   1839   1841   1844
440   1490   1492   1512   1619   1621
441   1490   1491   1980   2283   2475   2476
444   1336   2296   2298   3818   3820   3823
445   1988   2335   3262   3269   3270
446   1308   3024   3186   3188
447    284    526     84    181     16
449    776    825   3026   3176   3186   3187
450    825   2409   2953   3115   3126   3127
454   2173   2177   2182   2318   2461   2462
456   1634   2777   2779   3978   3980   3983
458    835   1634   2381   2391   2394   2397
460   2142   2181   2182   3994   3996   3999
461    641    835   3983   3998   3999
462    839   1635   1637   1930   1935   1937
463    700   1927   1930   1932   1934
466    839    843   3983   3984
467    843   1631   1634   1637
468    844    487   1486   1487   1490
469     32    486    844    736
470    998   1218   1431   1432
473   2181   2183   2352   2556   2557
474    419   1784   1785   2177   2180   2183
475    395    690   1691   1694   1697
477   1021   1691   1692   3245   3248
478   2182   2183   3373   3376
479    786    849    850   1602   1636   1637
480    850    737    844    496    785
481    835    843    849   2281   2284
482    760    642   1660   3277   3999   4000
483   3006   3189   3190   3277   3280
484    363    839    849    782    825
485    850   1256   1260   3118   3125   3126
486     34    295   1705   1708   1711
488   1658   2437   3273   3275   3277
489    612   1339   1612   1614
491   1507   1512   1546   1549   1552
492   1528   2419   2420   3147   3149
493   1691   1693   2538   2543   2545
494    890   2177   2178   2181
495   2118   2442   2562   2565   2568
496   1591   2762   2875   2907   2908
497   1841   2037   2040   2043
501   1546   3950   3951   4174   4175
503   2322   2326   3393   3394   3397
506   1800   1801   2044   2046   2049
508   1042   2440   2443   2446
510   2794   2795   2798   3077   3084   3085
511   2110   3038   3109   3110
512   1079   2513   3777   3780   3781
515   1800   1802   2023   2024   2027
516   1648   2037   2039   3077   3107   3108
518   1615   1617   2440   2442   2445
521   1718   3030   3179   3181
523   2001   2654   2657   2662   2664
524   1214   1431   2433   2434   2437
525   2287   2307   2707   2719   2720
527   1256   1705   1707   1710
531   1553   1558   2773   2774   2777
533   1855   2649   2788   3946   3949   3952
536   1649   2077   3077   3080
539   2126   2794   2800   3435   3790   3792
541   3051   3053   3146   3149   3152
542   2023   2028   3178   3181   3184
544   1591   2208   2711   2716   2717
545   1631   1636   2377   2378   2381
547   2051   2056   2283   2307   2308
548   2716   2843   4123   4125
552   2106   2109   3085   3110   3111
553   3780   3791   3792   3854   3856
554   2329   2331   2461   3265   3266   3269
555   2322   2324   2495   2617   2618
556   1930   2106   2108   2111
558   1998   2412   2414   2417
559   3067   3927   4170   4171   4174
562   2521   2524   2527   3080   3106   3108
564   2232   2297   3040   3105   3106   3109
565   2405   2407   2953   3051   3052
566   3145   3157   3158   3780   3783
567   2391   2396   2456   2459   2462
568   2192   2521   2523   2526
571   2426   2431   2740   2784   2785
572   2278   2308   2718   2719   2722
573   2419   2424   2456   2458   2461
574   2377   2780   2783   2813   2816
575   2433   2435   2556   3275   3283   3284
576   2604   2617   2771   2836   2838
577   2479   3007   3189   3191
578   2615   2617   2652   2788   2790
580   2538   2603   2835   2836   2839
581   2562   2564   2828   2829   2832
582   2571   2654   2656   2659
583   2763   2764   3393   3395   3398
584   2680   2743   2746   2759   2760   2763
585   2663   2788   2902   2905
586   2743   2748   2867   2868   2871
587   2759   2764   2874   2875   2878
588   2702   2718   2720   2723
589   2711   2794   2796   2799
590   2898   2905   3070   3927   3951   3952
591   2773   2775   2780   2782   2785
592   2828   2834   2845   4122   4123   4126
593   2828   2830   3249   3250   3253
594   2811   2835   2837   2840
595   3282   3283   4119   4123   4124
596   2867   2869   3794   3799   3801
597   2874   2879   2906   2908   2911
599   2898   3029   3178   3179   3182
600   3020   3022   3185   3186   3189
602   3034   3036   3083   3109   3111
603   3050   3052   3121   3124   3127
609   3098   3100   3921   3927   3928
610   3084   3105   3108   3111
612   3112   3121   3123   3126
613   3146   3151   3153   3154   3157
614   3139   3153   3155   3158
615   3162   3178   3180   3183
616   3169   3185   3187   3190
620   3241   3249   3251   3254
621   3256   3265   3267   3270
622   3273   3283   3994   3997   4000
628   3370   3393   3396   3399
630   3475   3478   3786   3787   3790
631   3475   3480   4114   4116   4118
652   3777   3786   3788   3791
653   3794   3818   3819   3822
656   3842   3850   3852   3855
661   3921   3946   3948   3951
663   3978   3994   3995   3998
671   4114   4122   4124   4127
673   4154   4170   4173   4176
cells 64
0      0      3      4      5      7     10     11     13     15     16     17     18     19     21     22
1     23     27     28     29     30     31     32     33     34     36    559    609    621    673
2     37      5     38     39     40     42     43     44     45    521    523    542    582    599
3     47     48     49     51     54     56     57     58     60     61     62     63    533    574    576    578
4     32     67     68     69     70     11     71     73     75     76     77     78     81    588
5     82     83     84     85     86     36     87     88     89     90     91    521    614
6     92     93     94     95     96     97     88    100    101    102    103    104    620
7    107    108     58    109    110    111    112    114    115    119    121    122    123    124      0    125    523
8    126    127    128    129    130    131     40    133    134    512    515    553    652    653
9    135    136    139    141    142    143    145    146    148    149    150    548    595    622    663
10    151    152     86     45    154     76    155    156     31    159    562    564    568    602    610
11    160    161    162    163    164    165    166    167    169    171    512    566    613    614
12    173    174    176    178    179    119    180    181    503    555    576    580    628
13    182    183    184    185     21    186    187    188    191    503    508    583    584    587
14    167    192    193    194     56    195     30    199    200     68    492    541    554    573
15    201    202    203    204    205    187    207    496    544    548    581    592
16     17    210     38    211    212    213    214    215    156    216    217    219    508    518
17    182    223    174    224    226    227     29    228    230    231    112    134    234    235
18    240    241    163    243    127    244    246    109    248    249    250    251    506
19    253    254    255    216    257    258     81    497    516    525    536    562
20    261    262    263    264    185    265    266    267    268    269    101    495    518    581    593
21    270    271    243    272    202    133    273    150    274    539    589    630    631    671
22    275     61    276    249    108    277    279    280    281    284    285    286    192    287    603
23    289    104    290    291    275    294     91    295    296    161     60    492    531    571    591
24    297    298    299    223    300    301    302    303    304    525    547    572    583    588    628
25    121    241    305    169    193    306    307    143    309    310    311    313    616    630    652
26    314    285    315    316     93    319    320    295     90    506    515    542    615
27     85    322     23    228    128    323    326    327    328    329    166    291    656
28    331    154     57    332    333    100     89    262    491    501    559    590    599    615
29    162    334    328    290    335    336    338    339    341    342    343    204    136    345
30    348    349    350    351    179    352    353    341    354    575    592    593    595    620    671
31    129    355    125    331    230    184     43    316     94    358    263    555    558    578    585
32    360    361    362    363    364    365    348     48     22    369    181    524    594
33    322     82    142    372    307    373    376     34     67    151    510    536    539    553    566
34    372     73    378    380    271     10    258    382    384    201    386    300    584    586
35    387    388    389    390    391    360    267    393    274    205    354    287    248    527
36    395    103    391    369    265    350    397    398    399    400    545    574    591
37     77    401    402    403    404    405    406    257    219    407    568    572
38    408    326    409    411    412    226    414    194     27     54    301    501    567    661
39    311    417    286    373    418    141    294     84    320    511    541    552    565    602    613
40    224    336    380    253    302    408    420    422    423    327    496    587    597
41    424    425    426     95    427    428    213    255    429    430    389    400    268    511    564
42    155     37    432    210     75    403    107    200    281    434    533    585    590    609    661
43    436    437    335    439    261    426    423    333    409    296     87     96    329    497    673
44    429    439    269    440    422    254    411    441    214     49    407    491    547
45    428    212    388    272    444    159     42    207     16    186    495    586    596    653
46    445    195     28     69    446      4    235    124    447    306    577    600
47    401    432    199    305    446     70    449    450    146    565    603    612
48    454     51    297    289    160    456    397    458    338    460    461    494    567    573    663
49    456    398    462    148    463    339    425     97    436    466    467    531
50    468    440    211    191    358    364     47     18    469    264    470    332    180
51    353    178    473    474    246    475    123    164    342    313    493    494
52    351    334    266    355    475    231    323    126     92    244    203    183    319    477    165    597
53    445    227    122    474    309    412    171    454    478    303    176    554    621
54    270      3    378    447     71    376     33    111     39    131    234    558    596    656
55    424    384    135    437    420    343    463    510    516    544    552    556    589    610
56    441    406    479    480    468    215    365    414    304    458     63    481    467    545
57    482    483    466    299    382    449     13    402     78    461    145    484    481    600    616
58      7    280    434    363    480    485    404    469    217    486    115    527    582    612
59    477    314    102    277     62    251    349    395    110    493    571    580    594
60    139    483    393    488    352    361    276    240    114    486     19    310    577    631
61     15    482    478    473    460    488    345    470    173    298    188    386    524    575    622
62    387    489    427    130     44    418    315     83    444    273    284    152    250
63    149    484    450    390    489    279    362    485    417    479    405    462    430    399    556
