vertices 383
     0 0.92970036200261 3.83874157079404 0.99164651745065
     2 1.31737312579243 0.01303601118874 1.54251246629433
     8 0.82460305387940 3.73469760654231 0.99191046125515
    11 0.17923770097533 0.11538049349080 0.99970857165920
    14 0.80499130021633 3.53131861466269 2.08920888871182
    16 0.23031409456429 0.09811045213928 2.25715867670828
    18 1.06701175999018 0.45587814910877 1.85976207000630
    36 3.83037228265781 0.07373354669042 1.64599106922867
    37 0.43620028582370 0.56899502948559 1.96141448281732
    41 0.17299394176184 0.23771241727671 2.20546340128494
    47 1.37026572289712 3.24289501097391 0.48221197600842
    52 1.60221906175806 0.15103598775410 0.15574066138972
    58 1.80016950646157 3.69269690387765 0.80628262954888
    59 1.47418264533648 3.68728048965595 0.62248079923086
    61 1.80248699497589 2.79113050659331 0.06433918267926
    69 0.99247187775312 2.87308764188587 2.59960118907588
    72 0.89534135240681 3.06677401134681 2.60129657720940
    76 1.12064242941740 3.58628912391300 2.84781293050924
    98 3.04327144343216 0.14288286024789 3.28188033087922
   115 0.98621167582162 3.17154018790208 0.64639980707707
   119 0.72390246899505 0.38528116901487 0.03837356811874
   134 2.58421903559286 2.66129244104633 3.18920609348241
   136 2.62078583290432 2.27977047498983 3.36556915195167
   139 1.59953666656220 2.11134291440186 3.02337092353308
   140 2.35514998809810 2.12243776441506 3.06061288702029
   143 1.96166626581851 1.89072171046527 3.16647418506158
   147 2.49834627489664 2.28586364727411 3.86992971257224
   149 2.60836588880549 2.53570298317458 2.20536495291177
   152 3.38756471143265 2.65674206905465 2.97617089838052
   156 2.60211009820442 2.03358928519872 2.18270363600336
   157 3.46317090106256 2.06413026284186 3.06039588392055
   163 3.55216328174025 2.21236508300514 2.68492468314619
   169 1.86704083493742 1.06512644762773 2.16604619561152
   171 1.24164488480393 0.89454338935241 2.10699788371024
   174 2.24926226922419 0.63309553699231 1.44234299865167
   177 2.19682542682331 0.19077117454825 1.39219535349040
   180 2.00540803271069 0.16745021194012 1.27038871934534
   185 1.79774858960430 3.92302390388730 1.37482134695840
   191 1.31143153531506 0.98971173549504 2.04320983920282
   195 1.23419564728227 2.17900386191739 1.89981965301593
   198 2.34488419773928 2.81820149295153 1.23160817450874
   199 2.36580302826626 2.93759645955828 1.55406351395368
   203 0.94197945070455 1.87446513808249 0.46535869407208
   214 3.77993592500605 1.84871894951954 0.33887169417633
   215 0.17874654604280 1.25216188667190 3.93938349713233
   220 0.47331679950511 1.17872533201756 3.97198107131477
   230 2.70999425680577 1.58402132789150 0.13860958544802
   231 2.20686481448204 1.88218055631560 1.23571431561640
   235 2.10136481470767 1.16172826235741 0.77798673772490
   236 2.53456774708946 2.15377385781244 0.88350197812783
   240 1.94946505526719 1.57595762836281 1.10531920945042
   241 2.57025922792988 1.93081173918567 0.99218639169983
   243 2.56462221097166 2.08791909187488 0.11515580252816
   254 2.94926746238326 0.67382382120875 1.14663894784341
   260 2.77693792820720 3.07417787625758 1.57723901531411
   261 3.00289886772849 2.93442634578515 1.83739586099504
   264 3.11185099687789 3.28297627219767 2.05636264438294
   277 1.52760564108468 0.81835125166311 0.33520597852281
   284 0.39287291857940 2.27040408082603 1.77924962802095
   288 0.17740590649650 0.19723441009233 2.84121574925428
   290 3.85695965673299 3.97548905374510 2.87564988044142
   291 0.02559851030739 3.09835337387552 3.13665554381569
   292 0.92846435018354 3.98701643809075 2.86147962719787
   295 0.06450435735720 0.19172173722211 2.67781128578976
   300 2.80192942441376 3.90184198482287 0.57645887124169
   310 1.02801302432365 1.28260353009312 2.13426828915491
   311 0.98911344570388 1.95502603091947 1.99367264218847
   315 1.10178432663368 1.62458109481813 2.32669448101891
   332 2.96900669611025 3.25291179912342 2.43583571288770
   336 3.89175947723419 2.10103375450325 2.51113061665426
   339 0.77738210016866 2.23898383576434 2.02356722301798
   343 1.94297292688217 1.62037588785475 2.96796706689346
   346 1.13786041641227 1.71373814278461 3.04303420939318
   347 1.54912965151374 1.83611737904218 2.91656876763365
   354 0.90367048057007 1.60367946102917 2.67970313458979
   356 2.67870319935623 2.19444303174881 0.02971406084425
   358 3.61738736817610 0.63785821798148 0.48285489870593
   364 0.04500615580275 0.09182161849916 0.85835144592533
   365 3.64927851726700 0.59107704318325 0.05058215851121
   376 3.01555749888695 1.84669504444663 1.29890064438424
   380 3.48840650582475 2.24321557353705 0.06928250493010
   394 0.18118518563111 0.89846104046445 2.83074530780556
   396 0.00807365327284 0.33381410321275 2.60527573555785
   399 0.14070765149675 1.27396529366933 2.65418786065972
   403 0.16381125040038 1.78967640370826 2.82595052059018
   405 3.97601627308558 1.78340572541474 3.16789984149806
   406 0.21043772665697 0.83595123100815 3.64989250856473
   408 0.32380829886602 0.75141139050715 3.08977255987464
   410 0.45466560516644 0.86251721727505 3.72706478568802
   413 3.12624062537970 3.31150298459006 3.87318134859140
   422 3.71513873106650 0.96286827760854 3.94151345428885
   425 0.03828620227101 1.05655343189126 3.73143383472721
   429 2.91516612793714 3.85505644174451 2.90695909785114
   432 2.15996215183120 0.97239723227256 3.10239647830963
   436 2.07745541858106 1.05610413627766 1.80999854568103
   439 2.72038130415097 1.42538250845688 0.54278377209689
   440 3.24181278058945 1.19917453354059 0.77784141444926
   447 3.47839331043223 3.15060414449309 3.85189022701487
   457 1.49675767654407 0.53365437821468 2.50609217270197
   460 2.41562559850107 3.42209726456771 0.39663411858432
   473 3.47585608744583 0.12092796287070 1.63618441343166
   481 2.29598394376211 1.87143898257895 1.89875881230667
   488 0.05624502986466 3.65729228228657 1.99109985222758
   489 0.20143768358244 3.48860727867813 1.93326962044859
   500 2.12096911976714 2.00252366876684 1.23076970516454
   502 2.22525132629963 2.24713286549280 1.03378417823782
   510 2.27401507212634 2.67369177837771 1.87990875050470
   513 0.00313372245024 2.92358594554847 0.44968650738701
   519 0.17317287459399 2.85858131454510 2.53186226066757
   524 1.44019331875382 0.96389350380478 1.49005890225559
   529 1.47632193396033 2.67749071386376 2.95074515489867
   538 2.78085760929039 3.13924572586315 0.11563709987284
   544 0.17177082151490 0.58353210197216 1.62386752401275
   545 3.87354177353797 0.26822454513364 1.76646139945773
   553 2.90155836235250 2.62849010646123 2.17501457900457
   557 0.80807345812979 1.27876753322622 2.63450026860530
   559 0.33707140405449 1.14127509654157 2.60795044301560
   568 2.88600996011200 2.85765347724607 2.48286863849334
   569 3.13567315493559 2.85611680520385 2.92356336240366
   571 2.92862548507965 3.64215127819693 0.53968582055513
   573 1.43739164231122 0.36414093303818 0.11064287666779
   581 0.50727802720982 2.33696098525735 2.46406065888061
   582 0.56695603339386 1.94548792931973 2.79924964221071
   587 2.94907218000696 1.59533272709738 0.00267729244817
   605 0.75060692480143 3.11997192552940 0.36402641627360
   611 3.50470552217032 0.34978870073858 1.77275150770102
   625 0.94969256292782 2.81682946385987 0.93156367239016
   629 3.27473675671085 0.47686201802962 2.67729651688241
   630 3.17685476984440 0.12382891343129 2.97499043964381
   635 3.16355249234537 2.93312403847923 2.95501320383970
   636 3.16050445652256 3.29700806067046 2.68214435307180
   640 1.91705150659943 1.26267716520242 3.32192176121578
   645 1.31479452063483 3.88172792837247 1.76247981129852
   647 2.80629383174702 3.87554483291708 3.15570924038410
   648 2.83923884342182 3.31913934062814 3.46875298572363
   649 2.98274767198020 2.09342455376090 3.39377393022877
   650 2.97309847195341 2.02756633792191 3.88747974909304
   658 0.54072923049752 0.00579334061830 0.84813686733431
   660 3.63007493898419 2.40885690892870 0.63462911519882
   662 3.94664657215816 2.76129955516129 0.71339149004938
   663 0.01523091493647 1.04491118134240 2.85287901023213
   667 0.74546874614400 2.06694042103393 3.14079762739203
   668 3.86127251240753 3.03183156531151 2.84914325321006
   669 3.69545219241587 3.37370654453654 2.62033627357934
   673 3.25973102918506 1.10021369381121 3.45995771844315
   674 3.86221570033126 1.23211803983628 3.28543705561037
   678 0.59468990711177 2.84933810255185 0.37267310827430
   681 0.33903016646582 0.51581847862396 1.16613807520229
   691 2.37033170560899 1.73769103119097 1.72936467724804
   692 2.81390420693023 1.71284471939924 1.73773657739057
   695 0.94583740658920 1.17834859430893 2.20703940946085
   696 0.46833296109992 1.04412098392519 2.14995413775338
   698 1.62132766496054 2.57285002001238 2.83800938070240
   701 1.96502038542711 0.65833876413053 3.05426022480830
   711 2.67358757695575 3.34618543452415 0.45700334632593
   717 1.82586049220993 1.01479867386029 1.43467928217805
   718 1.94395083049607 0.82081303322030 1.27199276705152
   723 2.09466021249188 2.14151684074366 1.73632998709525
   724 1.53866477504758 2.18654753745993 2.06827736889199
   725 2.96364498760496 2.53924770522171 0.30056447827572
   726 3.46256237842513 2.44977451179113 0.21964472503213
   731 0.81914767794816 1.98488841350644 0.37463399498407
   735 3.71102336965028 2.88639629293767 3.39602594878748
   736 3.46710359918555 2.81036026416149 3.02416248299581
   737 3.82488433659634 1.45139760097884 2.20522198614816
   738 0.12850751395262 1.28478225891498 1.81990574993077
   739 1.92285746799346 0.55630388497594 2.58584523443620
   740 2.07985660586741 0.76515621803654 2.45379669579415
   758 2.19333063925434 3.94055016201805 1.69340762936124
   760 3.38200763241506 2.28097831208681 3.22530544798625
   761 3.74578369870926 2.35620736345480 3.62929761907633
   762 0.25772882503989 1.68793748054166 3.90841298374011
   764 0.18357961646894 1.96305851309876 3.53377560757654
   777 3.33059183623876 0.07678658091476 3.73045852626071
   780 1.82612444028177 0.72183297551257 1.21808405763914
   783 1.74584639247641 3.70891710307919 1.80638496711389
   784 1.90480819139838 3.74725317822299 1.62318409338337
   791 1.93439497411571 2.90558648271329 2.11311752505921
   792 1.55077869215497 2.58956752166203 2.24920899119068
   795 3.67409415568141 2.75321815992299 0.03992314223544
   796 3.83778634866181 2.59845201721712 3.65110724085730
   797 1.90873796521881 1.50298033936572 2.34985754920847
   798 1.52524638245040 1.75149877230519 2.41782134619274
   799 3.55806887852547 3.47282930674153 3.99920242730333
   800 3.27979668097133 3.57021334974094 0.00112044087395
   806 0.94339240082894 3.10198017974232 3.97587958533176
   816 0.56516729794447 1.75088177848822 3.93059898504736
   817 0.45273359786352 2.05313189385232 3.51424769865811
   819 0.18391708924818 2.39384178936235 2.37239357513210
   821 1.25162330246220 2.66693584414605 1.03879803426371
   822 0.61602518320911 2.86313759922144 2.73562318343905
   826 3.15490639009713 0.54264741447317 0.64578125277966
   837 2.94947639024942 0.33922355793038 0.28040943649410
   838 2.52845610629232 1.15931302317753 0.55384476284326
   839 3.01844723634882 0.84473382641625 0.79479473785886
   842 1.13092618319121 3.75616355893570 3.47392987120614
   844 0.98231292798911 3.70633712415755 3.05262651056765
   847 3.84238295991264 2.01695551433264 0.69745989043020
   854 0.44258965105191 3.00118449547518 3.15530170111097
   862 1.79453034176666 3.13601943886596 3.36939531148101
   866 1.60064970299108 1.20758330050929 0.15081255643368
   869 3.75595572930291 0.06226750503779 3.68023951267754
   870 3.91468785414665 0.37655231037785 3.90851793945806
   871 3.85804021742331 3.42401313340701 0.45118973655088
   874 0.70126726971518 2.72260055457247 2.71990484126635
   877 3.88786250830110 3.78760259413728 3.78132637558086
   881 2.37422642176685 1.06831278326656 0.29475423818974
   882 2.78741171509798 3.62460203858567 1.65147070184713
   883 2.94613646851110 3.67201542619984 1.87104233577431
   884 1.97175882474678 1.05997515550597 0.46459981376109
   885 1.79182849023713 0.77626164389223 0.50862719049546
   890 3.19963422733215 0.98175588996924 1.55025361809147
   899 3.25412735152433 0.75058166483693 2.75771326528732
   900 3.04071870515223 0.90312523983042 3.32014717399074
   903 2.93783116849319 0.52248083884527 3.50391654380731
   904 3.22627951803361 0.35200042713510 3.88180865366168
   905 2.46813186501664 1.78156376444666 2.75046509981595
   907 0.96232392795136 1.49511719871971 0.26808981044109
   908 0.75773398715376 1.54787660426525 3.92465594875836
   909 1.76368142688805 3.22941135195989 1.79061329463496
   910 1.97336262975429 3.23954332186085 1.54117293683228
   911 2.61729292622162 0.90412672577383 3.46981835535666
   912 2.42189189861850 1.27904618320802 3.99050634704090
   913 2.25231651850812 1.07207637700147 2.85327058219579
   914 2.11651475628869 1.49853220879014 2.75934160903501
   915 3.31701602950839 0.92606671880868 1.66853327251009
   916 3.96995068223950 1.06000062112124 1.57605582807326
   917 0.00310735826737 3.24851233953259 2.07177459159078
   918 3.84800829696355 3.38085823605467 2.14095802010550
   920 1.14510023142213 0.42967653963514 1.59108666170971
   922 2.65879973682301 0.58060497363589 3.57101966616109
   923 2.56451619022636 0.51923069725517 0.07219649498492
   926 0.13686493428093 3.56779963749728 3.27590951659340
   927 3.96890860413492 3.98370173892196 3.02256054326287
   928 1.40911496582878 0.83124566781174 1.40426168369475
   933 2.27665907584986 0.18460066021025 2.25018533284546
   938 1.80426296063426 2.32597428555147 0.72803400701567
   941 0.78889268337833 3.52902450832395 3.63747332275741
   942 0.59828317914757 3.45206256272913 3.28946105859363
   946 2.30010482623458 0.82980751100607 1.81138767972472
   948 3.01968313506316 1.09093890701420 1.77520751125172
   949 3.27488175460781 2.75921444486272 1.66338711509173
   952 3.34299575713273 1.33232729656551 1.07801495183239
   954 3.91079818857563 2.94216346057790 1.79578331953622
   955 0.11286743804593 2.36263499474627 2.00903130187353
   957 0.87644372345126 3.89019350065772 2.23518220362457
   958 1.06606784713220 3.89086928689355 2.63468211852697
   959 1.28285265740856 3.16453344029873 3.98305706035473
   960 1.52148934181986 2.89109791988571 3.82384828492479
   966 2.32599953904265 0.61709802401687 2.23687542823110
   970 2.66339095430395 0.01137271635643 2.33708259267646
   971 2.63578042146800 3.83820160206284 2.55154347825362
   972 0.00366337168308 3.94230227080868 1.20306579359773
   977 1.46241519559245 0.26058189945513 3.71968891747194
   978 1.17285449869668 0.19316732772203 3.58685679337312
   980 2.08755197027586 0.12192731578312 2.44307643919509
   982 1.19140374124377 0.09199327971027 2.03879922499117
   983 1.41925160384867 0.12406658964111 2.36784846752353
   984 1.85609868557655 3.93130876683224 2.34672098775086
   989 3.85205751814043 3.92134244841365 1.03043198319560
   992 0.45517546372607 2.72309513919814 1.33202596836935
   995 3.12864021800590 3.60125133584841 0.92768086163313
   997 0.24616928148741 3.72264500750969 0.36653235310986
   998 0.26942867412933 3.93746640190118 0.51128729293541
  1000 0.29280541895631 2.10218959637024 0.85210634457759
  1001 0.37682401958194 2.54308475317998 0.88792219357873
  1002 0.26274999439105 3.86015538558994 0.12829719700732
  1003 0.27828799259692 0.03644444074388 0.19638823078996
  1007 2.81930972525364 1.61284223234415 2.81570100332988
  1010 0.26183787166661 3.42833286413087 1.56279839387700
  1011 0.08861991935512 3.06589170267875 1.48225052730581
  1012 3.22775706156592 2.06349385030494 1.30663321878770
  1015 3.75027066332223 3.07275185146515 1.08738125827419
  1016 3.67396942386263 3.51524519678921 0.87186339246770
  1018 3.08352106047611 0.46980890666864 2.37051588601478
  1019 3.07458188344909 1.78775548063125 3.17267673155402
  1020 3.06848431769522 1.24362632650987 3.45985052307380
  1021 2.91291242140109 1.01556791913599 3.32013920381158
  1022 2.74792551478109 1.13767123140942 2.88602993744166
  1023 2.21357835238614 3.91057355339843 2.63907968073214
  1025 0.77977638973415 2.03966629872288 0.55215064877383
  1026 0.67409920554040 2.60000382093149 0.70840406715464
  1028 3.74507334394890 1.95775834259868 2.23502303813533
  1030 3.05057405866256 0.90449486473033 2.54381125436434
  1032 3.25054191089027 1.27200547496597 2.20921395469412
  1036 3.85633457610566 2.10424619548610 1.95758294722195
  1037 3.32868794002566 2.28947479653203 1.79086211299807
  1038 2.95845926644154 0.73802054383614 2.33930131604528
  1039 3.12986148367618 1.03952231125365 1.90359594349726
  1040 3.71483783963886 1.77312897019203 1.05961437769020
  1043 1.00041342203954 3.47819475225681 1.80356368071959
  1047 2.71680065774983 2.87751684857608 1.06496670708368
  1048 0.73010309389660 3.40056024322104 1.44689005932593
  1049 0.82450762214950 2.89443700586985 1.29154967140448
  1050 3.20126983701834 2.81092754424240 1.30713433787717
  1051 2.91693432220254 3.00417697636529 1.26898970946563
  1057 1.66013671810386 3.39271912992736 2.99741736719221
  1059 1.97710929238430 3.66906704974203 2.57890317067234
  1060 3.15500301376187 2.45085539199010 1.05383239400648
  1061 2.87102234751222 2.49480383287593 0.89962852846153
  1071 1.26133096240529 2.39240654638767 3.64785608574818
  1073 1.18589860785450 1.47672262359664 3.27900656534865
  1091 0.67688712883504 0.47416787019205 1.09117197516032
  1096 0.70443867514728 0.12342432708414 0.85897566056055
  1097 0.93011470850419 0.44778340769636 0.34158310512895
  1098 1.72941072483478 2.99387305480662 3.06208644144921
  1100 1.28902596223158 2.38547220252317 3.21972099610310
  1101 0.82567391979441 2.35398880642486 3.18481973626319
  1105 1.66835215680864 1.22230138779835 3.41845085924948
  1106 1.61116843805037 0.71478517873483 3.24171581374480
  1109 1.73337261819679 3.43687977679179 3.30007986657674
  1113 0.74933647981277 2.68747956143719 3.87709518608696
  1115 0.84048008944430 2.48355831575170 3.80435200483493
  1120 1.40227486525209 3.64964243119669 3.58973348702786
  1121 1.59881984950844 0.07931920323529 3.76819704242862
  1122 0.52676286161404 2.60383314742315 3.57109229257087
  1123 0.59464491425584 2.49438214552978 3.54540939403378
  1124 0.71668987883478 0.79833775871752 3.21440230676157
  1125 1.06547508305323 0.45664196538419 3.15123460381921
  1127 1.26892531694687 0.66235626107335 3.02283663102420
  1128 0.98206326448079 1.01846272452334 3.04418231585037
  1131 1.44578262724159 1.81740865840371 0.34462390739520
  1133 2.34835906645638 2.15860731228913 3.96880950188245
  1134 1.87212408293719 2.31970481230135 0.16062232289703
  1135 2.05972266293253 1.41457925822253 3.84138493494090
  1136 1.71877408597280 1.25443111319714 0.22810807457129
  1137 1.95172710672839 1.82541779585447 3.76380907787620
  1138 1.63120087205944 2.03509254628916 3.97544685354885
  1140 2.37057960360885 2.58146018320642 2.93151264089144
  1141 2.53147922560888 2.72722138421947 2.50446906262032
  1142 0.68784464940988 1.05821840426564 0.82410667169400
  1143 0.76939460301664 1.09238103483797 0.44716125862256
  1145 1.91455736420498 2.79005842560894 2.86710297083283
  1146 2.09286937675298 2.99955190408568 2.45982547114381
  1147 0.96136778863849 0.82385894464191 0.52563436196214
  1148 0.85016809564833 0.85081977848001 0.86971634019743
  1164 3.09766375958794 1.75889604834506 2.32870977136129
  1166 2.90869376491206 1.94796211477142 2.10338909077124
  1167 3.40376720114997 2.06267813198813 2.33855577947166
  1168 3.15327399468055 2.23663019126716 2.09363104557318
  1169 2.01939233862588 3.94341675631868 0.69052466070083
  1170 2.35372902132103 3.84431066041418 0.46255142003249
  1172 2.19722155198530 0.14314433581018 0.15859891310824
  1173 1.91778728470202 0.22139193954767 0.33838202319092
  1174 0.03158448928272 1.21949276381599 1.26372329569513
  1176 0.22423243712819 0.95652970746016 0.98048195929506
  1177 3.60043292756403 1.38381449556359 1.00173194604176
  1205 2.92306767246949 0.04309298254598 1.02048594678363
  1206 3.08209444408603 0.26530171244126 1.02162928500881
  1212 3.05082531890421 3.91071825444941 1.11989894355980
  1213 3.25525044303776 0.07660562850477 1.15722227747000
  1224 0.90905027479150 1.92224448560017 0.59482986893424
  1229 0.87765851989577 1.59821436152031 1.74849235266942
  1238 0.76421615351421 1.48475441843176 1.06014172513584
  1239 1.08099275655147 1.50706681878277 1.35813656093272
  1332 1.57046509945106 2.04347939881229 0.82804810978703
  1333 1.74136971903598 1.87970258604540 1.08021123888939
  1335 1.43740130636479 1.94250264917690 1.20161014960151
  1336 1.39144227553187 2.10950104839980 0.93010901796395
  1337 1.27572842878898 3.03968432499287 1.80577259765833
  1339 1.08960848464412 2.77251102714380 1.47282875081230
  1345 1.23176048797738 2.72944199540393 2.15131962707877
  1346 1.06972736492350 2.42888379608245 1.92711079238384
  1352 1.92670839789671 3.28648370859223 0.74668269596265
  1354 1.96552177990208 3.04434354012041 1.07995419602344
  1355 1.65775010354663 3.05285138521442 0.57743005408432
  1356 1.64941021556276 2.79604482924494 0.85385150296234
  1377 2.13504647768572 3.76181243535371 3.43090571081403
  1378 2.05447402427771 0.02509342865387 3.60374353516274
  1385 2.24038252103668 0.21953906405236 3.34199460836443
  1386 2.31356771080534 3.97863670315850 3.19320629388065
  1395 3.55691786187757 1.39396289037506 0.36957920870143
  1396 3.76326996792067 1.14677444237170 0.23357575383594
  1400 3.52486286438575 1.23925570643724 0.65800676261562
  1401 3.72469769430651 1.01084993158014 0.53162673043009
  1437 0.26955243829333 1.59150235154456 1.36235025074598
  1439 0.30086082645582 1.61782269533300 1.54504506183515
  1440 0.17345980465686 1.76382566461116 1.32012877204399
  1441 0.20721700991501 1.82933798611255 1.56421439948308
  1450 2.32841480091433 2.94091385680527 3.82009894045076
  1451 2.47547510498662 3.15915423716251 3.92468251141359
  1455 2.33297949419759 3.04212613862666 3.59291363599886
  1456 2.44766031522736 3.22940726790501 3.65233417816272
edges 766
16      2      0
17      0      8
32     16     41
33     41     37
34     37     18
84     58     59
85     59     52
93     59     47
101     76     72
102     72     14
111     72     69
177    115     47
181     59      0
189    115      8
218    143    139
224    134    136
225    136    147
229    140    136
231    143    140
232    149    156
246    152    163
247    163    157
272    171    191
273    191    169
284    185      2
292    177    180
293    180    185
295    171     18
303    174    177
313    199    198
363    220    215
382    230    243
389    241    236
390    236    243
391    231    240
395    231    241
398    235    240
419    254    174
433    260    261
438    264    261
486     16    295
487    295    290
496    295    288
501    292    288
524    260    199
526     58    185
537    310    191
544    195    311
553    311    315
554    315    310
584    264    332
588    163    336
596    339    284
597    311    339
612    354    346
623    347    346
624    354    315
625    343    347
629    243    356
632    147    356
636    343    143
641    365    358
642    358    364
669    139    347
690    376    241
700    214    380
736     41    396
737    396    394
760     11    364
766    403    336
767    399    403
774    157    405
775    405    403
776    119    410
782    406    410
785    408    288
786    406    408
825    410    220
835    365    422
839    425    215
843    425    422
844    396    295
849    406    425
850    394    408
886    169    436
890    439    440
892    230    439
895    241    439
921    413    447
947    171    457
998     36    473
1021    156    481
1042    488    489
1045     36    488
1048     16    488
1049     14    489
1079    500    502
1081    231    500
1083    236    502
1086    198    502
1109    199    510
1112    149    510
1153    191    524
1172     69    529
1194    413    538
1214    544    545
1218     36    545
1220     37    544
1221     41    545
1242    149    553
1243    261    553
1256    557    559
1260    394    559
1261    354    557
1263    399    559
1289    568    569
1290    553    568
1292    332    568
1293    152    569
1294    134    569
1301    300    571
1307     52    573
1308    277    573
1333    581    582
1336    339    581
1337    403    582
1339    354    582
1355    230    587
1410    115    605
1431    545    611
1432    473    611
1476    115    625
1486    629    630
1487    396    629
1490    290    630
1491     98    630
1492    429    630
1507    635    636
1510    569    635
1512    429    636
1513    332    636
1525    343    640
1528    432    640
1540      2    645
1546    647    648
1547     98    647
1549    429    647
1550    413    648
1552    635    648
1553    649    650
1554    136    649
1557    356    650
1558    587    650
1559    380    650
1584      8    658
1586     11    658
1591    660    662
1595    513    662
1602    394    663
1605    399    663
1612    346    667
1614    582    667
1615    668    669
1617    519    668
1618    291    668
1619    636    669
1621    290    669
1631    673    674
1634    422    673
1635    405    674
1636    663    674
1637    425    674
1648    513    678
1649    605    678
1658    544    681
1660     11    681
1691    691    692
1692    481    691
1693    436    691
1694    231    691
1697    376    692
1705    695    696
1706    310    695
1707    557    695
1708    171    695
1710    559    696
1711     37    696
1716    139    698
1718    529    698
1729    432    701
1760    571    711
1761    538    711
1762    460    711
1779    717    718
1780    524    717
1781    436    717
1782    240    717
1784    174    718
1785    235    718
1800    723    724
1801    481    723
1802    510    723
1803    500    723
1806    195    724
1807    725    726
1808    356    725
1809    538    725
1811    380    726
1813    660    726
1830    203    731
1839    735    736
1841    447    735
1842    291    735
1843    152    736
1844    635    736
1845    668    736
1846    737    738
1847    399    737
1850    696    738
1853    739    740
1855    701    739
1856    457    739
1859    169    740
1920    177    758
1922    760    761
1923    152    760
1924    649    760
1925    157    760
1927    380    761
1930    762    764
1932    214    762
1934    761    764
1935    215    762
1937    405    764
1980     98    777
1988    180    780
1989    718    780
1998    783    784
2001    645    783
2002    758    784
2004    185    784
2023    791    792
2024    510    791
2027    724    792
2028    698    792
2037    795    796
2038    726    795
2039    513    795
2040    447    795
2041    761    796
2043    735    796
2044    797    798
2045    169    797
2046    481    797
2048    315    798
2049    724    798
2050    347    798
2051    799    800
2054    447    799
2055    571    800
2056    777    800
2057    413    800
2077    605    806
2106    816    817
2108    762    816
2109    731    816
2110    667    817
2111    764    817
2117    581    819
2118    519    819
2119    336    819
2126    625    821
2130    519    822
2133     72    822
2142    358    826
2173    826    837
2176    300    837
2177    838    839
2178    439    838
2180    235    838
2181    440    839
2182    826    839
2183    254    839
2192    842    844
2196     76    844
2199    292    844
2208    660    847
2210    214    847
2232    822    854
2233    291    854
2270    277    866
2278    869    870
2281    406    870
2283    777    869
2284    365    870
2286    513    871
2287    799    871
2296    581    874
2297    822    874
2298     69    874
2307    799    877
2308    869    877
2318    838    881
2322    882    883
2324    758    882
2325    260    882
2326    473    883
2328    264    883
2329    884    885
2331    881    884
2332    235    884
2333    277    885
2335    780    885
2352    254    890
2377    899    900
2378    663    899
2380    629    899
2381    673    900
2391    903    904
2392     98    903
2394    900    903
2395    777    904
2396    837    904
2397    365    904
2399    140    905
2401    156    905
2405    907    908
2407    866    907
2408    203    907
2409    220    908
2411    816    908
2412    909    910
2413    791    909
2414    783    909
2416    199    910
2417    784    910
2419    911    912
2420    432    911
2424    881    912
2425    230    912
2426    913    914
2427    432    913
2429    740    913
2430    343    914
2431    905    914
2432    797    914
2433    915    916
2434    611    915
2435    890    915
2437    544    916
2439    738    916
2440    917    918
2442    519    917
2443    489    917
2444    264    918
2445    669    918
2446    488    918
2451     18    920
2454      2    920
2456    922    923
2458    911    922
2459    903    922
2461    881    923
2462    837    923
2470    926    927
2472    877    926
2473    291    926
2474    288    927
2475    869    927
2476    290    927
2478    780    928
2479    920    928
2480    524    928
2495    758    933
2513    502    938
2521    941    942
2523    842    941
2524    806    941
2525    926    942
2526    844    942
2527    854    942
2538    946    948
2540    174    946
2542    890    948
2543    436    946
2545    692    948
2549    261    949
2556    890    952
2557    440    952
2558    376    952
2562    954    955
2564    949    954
2565    917    954
2566    284    955
2568    819    955
2571    957    958
2573     14    957
2574     76    958
2576     16    957
2577    292    958
2578    959    960
2579    806    959
2580     47    959
2583     61    960
2584    862    960
2602    740    966
2603    946    966
2604    933    966
2615    970    971
2617    933    970
2618    883    970
2619    429    971
2621    332    971
2625     36    972
2628     11    972
2638    977    978
2641    573    977
2642    842    978
2644    119    978
2649    739    980
2652    933    980
2654    982    983
2655     18    982
2656    957    982
2657    645    982
2658    457    983
2659    958    983
2662    783    984
2663    980    984
2664    983    984
2679    364    989
2680    972    989
2690    284    992
2696    571    995
2702    997    998
2704    605    997
2705    658    998
2707    871    997
2708    364    998
2711   1000   1001
2714    992   1001
2716    847   1000
2717    662   1001
2718   1002   1003
2719    877   1002
2720    997   1002
2721    941   1002
2722    870   1003
2723    998   1003
2724    119   1003
2740    905   1007
2743   1010   1011
2744    489   1010
2746    972   1010
2747    954   1011
2748    992   1011
2756    376   1012
2759   1015   1016
2760   1011   1015
2762    662   1015
2763    989   1016
2764    995   1016
2765    871   1016
2770    629   1018
2771    970   1018
2772    611   1018
2773   1019   1020
2774    649   1019
2775   1007   1019
2776    157   1019
2777    587   1020
2779    673   1020
2780   1021   1022
2781    911   1021
2782   1020   1021
2783    900   1021
2784    913   1022
2785   1007   1022
2788    980   1023
2790    971   1023
2794   1025   1026
2795    731   1025
2796   1000   1025
2798    678   1026
2799   1001   1026
2800    625   1026
2805    737   1028
2808    336   1028
2811   1030   1032
2813    899   1030
2815    737   1032
2816   1022   1030
2828   1036   1037
2829    955   1036
2830   1028   1036
2832    949   1037
2834   1012   1037
2835   1038   1039
2836    966   1038
2837   1030   1038
2838   1018   1038
2839    948   1039
2840   1032   1039
2841    915   1039
2843    847   1040
2845   1012   1040
2853    645   1043
2856     14   1043
2863    198   1047
2866    711   1047
2867   1048   1049
2868   1010   1048
2869   1043   1048
2870      8   1048
2871    992   1049
2873    625   1049
2874   1050   1051
2875   1015   1050
2877    949   1050
2878    995   1051
2879   1047   1051
2880    260   1051
2898   1057   1059
2900     76   1057
2902    984   1059
2905   1023   1059
2906   1060   1061
2907    660   1060
2908   1050   1060
2909   1012   1060
2910    725   1061
2911   1047   1061
2912    236   1061
2942    960   1071
2950    346   1073
2953    908   1073
3006    681   1091
3007    920   1091
3020   1096   1097
3021      0   1096
3022   1091   1096
3023    658   1096
3024    573   1097
3026    119   1097
3028    862   1098
3029   1057   1098
3030    529   1098
3034   1100   1101
3035    139   1100
3036   1071   1100
3037    529   1100
3038    667   1101
3040    874   1101
3050   1105   1106
3051    866   1105
3052   1073   1105
3053    640   1105
3054    977   1106
3056    701   1106
3067    862   1109
3070   1057   1109
3077    678   1113
3080    806   1113
3083   1071   1115
3084   1113   1115
3085    731   1115
3098   1120   1121
3099    842   1120
3100   1109   1120
3101    959   1120
3102    977   1121
3104     52   1121
3105   1122   1123
3106    854   1122
3107    796   1122
3108   1113   1122
3109   1101   1123
3110    817   1123
3111   1115   1123
3112   1124   1125
3115    410   1124
3116    978   1125
3118    408   1124
3119    292   1125
3121   1127   1128
3122    457   1127
3123   1125   1127
3124   1106   1127
3125    557   1128
3126   1124   1128
3127   1073   1128
3133    203   1131
3139   1133   1134
3141    147   1133
3142     61   1134
3144    243   1133
3145    938   1134
3146   1135   1136
3147    912   1135
3149    640   1135
3150    884   1136
3151   1131   1136
3152    866   1136
3153   1137   1138
3154   1135   1137
3155   1133   1137
3156    143   1137
3157   1131   1138
3158   1134   1138
3159   1071   1138
3162   1140   1141
3164    140   1140
3165    149   1141
3167    134   1140
3168    568   1141
3169   1142   1143
3173    907   1143
3176    220   1143
3178   1145   1146
3179   1098   1145
3180   1140   1145
3181    698   1145
3182   1059   1146
3183   1141   1146
3184    791   1146
3185   1147   1148
3186   1097   1147
3187   1143   1147
3188    277   1147
3189   1091   1148
3190   1142   1148
3191    928   1148
3241   1164   1166
3243   1007   1164
3245    156   1166
3246   1032   1164
3248    692   1166
3249   1167   1168
3250   1028   1167
3251   1164   1167
3252    163   1167
3253   1037   1168
3254   1166   1168
3255    553   1168
3256   1169   1170
3259     58   1169
3260    460   1170
3262    180   1169
3263    300   1170
3265   1172   1173
3266    923   1172
3267   1170   1172
3269    885   1173
3270   1169   1173
3271     52   1173
3273   1174   1176
3275    916   1174
3277    681   1176
3280   1142   1176
3282   1040   1177
3283   1174   1177
3284    952   1177
3370   1205   1206
3372    177   1205
3373    254   1206
3375    300   1205
3376    826   1206
3393   1212   1213
3394    882   1212
3395    995   1212
3396   1205   1212
3397    473   1213
3398    989   1213
3399   1206   1213
3435   1025   1224
3438    203   1224
3446    311   1229
3449    310   1229
3475   1238   1239
3476   1142   1238
3478   1224   1238
3479    524   1239
3480   1229   1239
3777   1332   1333
3780    938   1332
3781    500   1333
3783   1131   1332
3784    240   1333
3786   1335   1336
3787   1239   1335
3788   1333   1335
3789    195   1335
3790   1224   1336
3791   1332   1336
3792    821   1336
3794   1337   1339
3796    909   1337
3798    821   1339
3799   1043   1337
3801   1049   1339
3818   1345   1346
3819   1337   1345
3820     69   1345
3821    792   1345
3822   1339   1346
3823    339   1346
3824    195   1346
3842   1352   1354
3844    460   1352
3846    198   1354
3847     58   1352
3849    910   1354
3850   1355   1356
3851     47   1355
3852   1352   1355
3853     61   1355
3854    821   1356
3855   1354   1356
3856    938   1356
3921   1377   1378
3925   1172   1378
3927   1109   1377
3928   1121   1378
3946   1385   1386
3947    922   1385
3948   1378   1385
3949    701   1385
3950    647   1386
3951   1377   1386
3952   1023   1386
3978   1395   1396
3980    587   1395
3981    214   1395
3983    422   1396
3984    215   1396
3994   1400   1401
3995   1395   1400
3996    440   1400
3997   1177   1400
3998   1396   1401
3999    358   1401
4000   1176   1401
4114   1437   1439
4116   1238   1437
4118   1229   1439
4119   1174   1437
4121    738   1439
4122   1440   1441
4123   1040   1440
4124   1437   1440
4125   1000   1440
4126   1036   1441
4127   1439   1441
4128    284   1441
4154   1450   1451
4155    147   1450
4157     61   1450
4158    538   1451
4160    460   1451
4170   1455   1456
4171    862   1455
4172    134   1455
4173   1450   1455
4174   1377   1456
4175    648   1456
4176   1451   1456
polygons 447
0   1540   2451   2454   2655   2657
3     16     17   1540   2853   2869   2870
4     16   2454   3007   3021   3022
5   2573   2656   2657   2853   2856
7     32     33     34   2576   2655   2656
10   1584   1586   2628   2746   2868   2870
11     17   1584   3021   3023
13   1586   1660   3006   3022   3023
15   1214   1218   1658   1660   2625   2628
16   1049   2744   2856   2868   2869
17   1042   1048   1049   2573   2576
18     32   1045   1048   1218   1221
19     34   1220   1658   2451   3006   3007
21   1042   1045   2625   2744   2746
22     33   1214   1220   1221
23   3844   3852   3853   4154   4157   4160
27   3260   3267   3921   3925   4160   4174   4176
28     84     85   3259   3270   3271
29   3256   3259   3260   3844   3847
30   3104   3265   3271   3925   3928
31   2578   2584   3067   3100   3101
32     85     93   2580   3098   3101   3104
33     93     84   3847   3851   3852
34   2578   2580   2583   3851   3853
36   2583   2584   4157   4171   4173
37   2574   2659   2664   2898   2900   2902
38    101    102   2571   2573   2574
39   2001   2414   2853   3796   3799
40   2023   2413   3796   3819   3821
42    102    111   2856   3799   3819   3820
43   2413   2414   2662   2902   3182   3184
44   1172   1718   2028   3820   3821
45    111    101   1172   2900   3029   3030
47   1486   1492   2615   2619   2770   2771
48   2380   2770   2813   2837   2838
49   1491   1492   1547   1549
51   2394   2458   2459   2781   2783
54   1547   2392   2459   3946   3947   3950
56   1729   2420   2458   3947   3949
57   1549   2619   2790   3950   3952
58   1853   2602   2604   2649   2652
60   2420   2427   2780   2781   2784
61   1729   1853   1855   2427   2429
62   2429   2602   2784   2816   2836   2837
63   1486   1491   2377   2380   2392   2394
67    177   1410   2077   2579   2580
68   1307   2641   3102   3104
69     85    181   1307   3020   3021   3024
70   2638   2641   2644   3024   3026
71    177    189     17    181     93
73    189   1410   1584   2702   2704   2705
75   2638   2642   3098   3099   3102
76   2523   2524   2579   3099   3101
77   2523   2642   2644   2718   2721   2724
78   2705   2723   2724   3020   3023   3026
81   2077   2524   2704   2720   2721
82   2583   2942   3142   3158   3159
83   1716   1718   3035   3037
84    218   3035   3036   3153   3156   3159
85   3139   3141   3142   4155   4157
86   2584   2942   3028   3030   3036   3037
87    224    225   4155   4172   4173
88    229    224   3164   3167
89   3028   3167   3179   3180   4171   4172
90    218    231   1716   3164   3180   3181
91    229    231    225   3141   3155   3156
92    232   1242   3245   3254   3255
93    232   2399   2401   3162   3164   3165
94   1242   1290   3165   3168
95    246    247   1923   1925
96    224   1293   1294   1554   1923   1924
97   1924   1925   2774   2776
100   1289   1294   3162   3167   3168
101    246   1289   1290   1293   3249   3252   3255
102   2401   2740   3241   3243   3245
103    247   2775   2776   3243   3251   3252
104    229   1554   2399   2740   2774   2775
107   1856   2649   2658   2663   2664
108    272    273    947   1853   1856   1859
109    273    886   1153   1780   1781
110    886   1859   2543   2602   2603
111    284   1540   1998   2001   2004
112    292    293   1920   2002   2004
114    295    272   1153   2451   2479   2480
115    295    947   2654   2655   2658
119    303   1920   2495   2540   2603   2604
121   1779   1780   1989   2478   2480
122    292    303   1784   1988   1989
123   1779   1781   1784   2540   2543
124    284    293   1988   2454   2478   2479
125   1998   2002   2495   2652   2662   2663
126    313   1079   1086   1109   1802   1803
127   1800   1803   1806   3781   3788   3789
128   1086   2513   3846   3855   3856
129   1109   2024   2412   2413   2416
130   1806   2027   3818   3821   3824
131   2412   3794   3796   3798   3849   3854   3855
133   3786   3789   3792   3798   3822   3824
134    313   2416   3846   3849
135   1932   2108   2109   2210   2716   2795   2796
136   2210   2843   3282   3981   3995   3997
139   3273   3280   3476   4116   4119
141   1830   2109   2405   2408   2411
142   1830   2795   3435   3438
143   2408   3169   3173   3438   3476   3478
145    363   3169   3176   3280   3984   3998   4000
146   2405   2409   3173   3176
148   1932   1935   3978   3981   3984
149    363   1935   2108   2409   2411
150   2796   3435   3478   4116   4124   4125
151   2578   2579   2942   3080   3083   3084
152   1172   2298   3034   3037   3040
154   3028   3029   3067   3070
155   2192   2196   2900   3070   3099   3100
156    101   2133   2196   2232   2526   2527
159    111   2133   2297   2298
160    892   2178   2318   2424   2425
161    382   2425   3144   3147   3154   3155
162    389    390    382    892    895
163    391   1081   3781   3784
164    395    398    391    895   2178   2180
165    389    395   1079   1081   1083
166    390   1083   2513   3139   3144   3145
167   2331   2424   3146   3147   3150
169    398   2332   3150   3151   3777   3783   3784
171   2180   2318   2331   2332
173   1432   2352   2434   2435   3373   3397   3399
174   1920   2324   3372   3394   3396
176    419    303   3370   3372   3373
178    419   2352   2538   2540   2542
179   2435   2542   2839   2841
180   1432   2326   2618   2771   2772
181   2434   2772   2835   2838   2841
182   2325   2878   2880   3394   3395
183    433   2549   2874   2877   2880
184    438    433   2322   2325   2328
185    438   2440   2444   2549   2564   2565
186   2443   2565   2743   2744   2747
187   2564   2747   2760   2875   2877
188    998   2625   2680   3397   3398
191    998   1045   2326   2328   2444   2446
192   1528   1729   3050   3053   3056
193   2270   2329   2333   3150   3152
194   2456   3266   3925   3947   3948
195   1307   1308   2333   3269   3271
199   1308   2270   2641   3050   3051   3054
200   3054   3056   3102   3928   3948   3949
201   2714   2717   2748   2760   2762
202   2690   2711   2714   4122   4125   4128
203   2832   2834   2877   2908   2909
204   2208   2843   2845   2907   2909
205   2566   2829   4126   4128
207   2562   2566   2690   2747   2748
210   2196   2199   2574   2577
211    486    487   1048   1621   2445   2446
212    102   1049   2130   2133   2442   2443
213   1617   1618   2130   2232   2233
214   1615   1618   1621   2470   2473   2476
215    487    496   2474   2476
216   2233   2473   2525   2527
217    501    496    486   2571   2576   2577
219    501   2199   2470   2474   2525   2526
223   1301   2696   3375   3395   3396
224   1760   2696   2866   2878   2879
226   1301   1760   1762   3260   3263
227    292   3256   3262   3263   3372   3375
228   1762   2863   2866   3842   3844   3846
230    524   2002   2324   2325   2416   2417
231    313    524   2863   2879   2880
234    526   2004   2417   3842   3847   3849
235    293    526   3259   3262
240    537   1153   3449   3479   3480
241   1780   1782   3479   3784   3787   3788
243    544   3446   3480   3787   3789
244   1081   1692   1694   1801   1803
246    391   1693   1694   1781   1782
248    553    554   3446   3449
249    554    273    537   2044   2045   2048
250    544    553   1806   2048   2049
251    886   1692   1693   2045   2046
253   2039   2040   2054   2286   2287
254   1841   1842   2054   2307   2472   2473
255   1842   2043   2233   3106   3107
257   2472   2521   2525   2719   2721
258   1648   1649   2286   2704   2707
261   1293   1510   1843   1844
262   1289   1292   1507   1510   1513
263    438    584   1243   1290   1292
264    584   1513   1619   2444   2445
265    588   2808   3250   3252
266   1243   2549   2832   3253   3255
267   2119   2568   2808   2829   2830
268    588    246   1617   1843   1845   2118   2119
269   1507   1615   1619   1844   1845
270   2126   2873   3798   3801
271   2714   2799   2800   2871   2873
272    596   2690   2871   3801   3822   3823
273    544    597   3823   3824
274    596    597   3446   4118   4127   4128
275   1525   1528   2426   2427   2430
276    537    272   1706   1708
277   1859   2045   2426   2429   2432
279    612   1261   2950   3125   3127
280    947   1707   1708   3121   3122   3125
281   1855   1856   3056   3122   3124
284    623    612    624   2048   2050
285    625   2044   2050   2430   2432
286    623    625   1525   2950   3052   3053
287    624    554   1261   1706   1707
289   1355   2419   2425   2777   2781   2782
290    382    629   1355   1557   1558
291    632    629   3141   3144
294    636   1525   3149   3154   3156
295    231    636   2399   2430   2431
296    632    225   1553   1554   1557
297    641   2142   2173   2396   2397
298    642   2142   2679   3376   3398   3399
299    641    642   2284   2708   2722   2723
300   2679   2702   2707   2708   2763   2765
301   1301   2055   2056   2176   2395   2396
302   2051   2055   2287   2696   2764   2765
303   2173   2176   3370   3375   3376
304   2278   2283   2284   2395   2397
305   2270   2407   3173   3187   3188
306   2333   2335   2478   3185   3188   3191
307   3133   3438   3783   3790   3791
309   1785   1989   2329   2332   2335
310   2480   3190   3191   3475   3476   3479
311   2407   2408   3133   3151   3152
313    398   1779   1782   1785
314   1021   2046   2401   2431   2432
315    669   1716   2027   2028   2049   2050
316   1112   2024   3165   3183   3184
319    232   1021   1112   1801   1802
320    669    218    636    625
322   3142   3145   3850   3853   3856
323   1083   1086   2863   2911   2912
326   1761   1762   4158   4160
327   1761   1809   2866   2910   2911
328    629    390   1808   2910   2912
329    632   1808   1809   4154   4155   4158
331   1292   2621   2790   2905   3168   3182   3183
332   1512   1513   2619   2621
333   1294   1510   1552   4170   4172   4175
334    690    389   2756   2906   2909   2912
335   1557   1559   1807   1808   1811
336   1807   1813   2906   2907   2910
338    890    892   1355   3980   3995   3996
339    700   1558   1559   3980   3981
341   2558   2756   2845   3282   3284
342    690    890    895   2557   2558
343    700   1811   1813   2208   2210
345   2557   3284   3996   3997
348   1846   2433   2439   2815   2840   2841
349   2545   2839   2840   3241   3246   3248
350   2805   2815   3246   3250   3251
351   1697   2756   2834   3248   3253   3254
352   2439   3275   4114   4119   4121
353   1697   2542   2545   2556   2558
354   1846   2805   2830   4121   4126   4127
355    433    524   1109   1112   1242   1243
358    584   2328   2615   2618   2621
360   1263   1710   1846   1847   1850
361   1220   1711   1850   2437   2439
362   1260   1263   1602   1605
363     33    736    737   1260   1710   1711
364    736   1221   1431   1487   2770   2772
365    737   1487   1602   2378   2380
369   1605   1847   2378   2811   2813   2815
372   1410   1476   1649   2798   2800
373   1830   3083   3085   3133   3157   3159
376    177   1476   2126   3850   3851   3854
378    189   1476   2867   2870   2873
380   1595   2286   2759   2762   2765
382    760   1586   2705   2708
384   1595   1648   2717   2798   2799
386    760   2628   2679   2680
387    597    553    624   1333   1336   1339
388    596   1336   2117   2566   2568
389    766   1333   1337   2117   2119
390    767   1256   1261   1263   1337   1339
391    766    767   1847   2805   2808
393   1705   1706   1850   3449   4118   4121
395   2785   2811   2816   3243   3246
397   2381   2779   2782   2783
398    774   1631   1635   2773   2776   2779
399    775    767   1605   1635   1636
400    774    247    588    766    775
401    776   2644   3112   3115   3116
402    782    776   2281   2722   2724
403   2192   2199   2642   3116   3119
404    785    501   3112   3118   3119
405    782    786   3115   3118
406    786    785   2278   2281   2474   2475
407   2308   2470   2472   2475
408   1194   1760   1761   2055   2057
409   1194   1550   4158   4175   4176
411   1546   1547   1550   1980   2056   2057
412   2176   2462   3263   3266   3267
414   1980   2391   2392   2395
417   1612   2106   2110   2411   2950   2953
418    623    669   1612   3034   3035   3038
420   1591   1595   1813   2038   2039
422    921   2051   2054   2057
423    921   1194   1807   1809   2038   2040
424   1934   2041   2111   3105   3107   3110
425    774   1922   1925   1934   1937
426   1839   1843   1922   1923   2041   2043
427   1333   1614   2296   3038   3040
428   2117   2118   2130   2296   2297
429   1618   1839   1842   1845
430    775   1337   1614   1937   2110   2111
432   2638   3054   3116   3123   3124
434   2577   2658   2659   3119   3122   3123
436   1553   1559   1922   1924   1927
437   1811   1927   2037   2038   2041
439    921   1550   1552   1839   1841   1844
440   1490   1492   1512   1619   1621
441   1490   1491   1980   2283   2475   2476
444   1336   2296   2298   3818   3820   3823
445   1988   2335   3262   3269   3270
446   1308   3024   3186   3188
447    284    526     84    181     16
449    776    825   3026   3176   3186   3187
450    825   2409   2953   3115   3126   3127
454   2173   2177   2182   2318   2461   2462
456   1634   2777   2779   3978   3980   3983
458    835   1634   2381   2391   2394   2397
460   2142   2181   2182   3994   3996   3999
461    641    835   3983   3998   3999
462    839   1635   1637   1930   1935   1937
463    700   1927   1930   1932   1934
466    839    843   3983   3984
467    843   1631   1634   1637
468    844    487   1486   1487   1490
469     32    486    844    736
470    998   1218   1431   1432
473   2181   2183   2352   2556   2557
474    419   1784   1785   2177   2180   2183
475    395    690   1691   1694   1697
477   1021   1691   1692   3245   3248
478   2182   2183   3373   3376
479    786    849    850   1602   1636   1637
480    850    737    844    496    785
481    835    843    849   2281   2284
482    760    642   1660   3277   3999   4000
483   3006   3189   3190   3277   3280
484    363    839    849    782    825
485    850   1256   1260   3118   3125   3126
486     34    295   1705   1708   1711
488   1658   2437   3273   3275   3277
489    612   1339   1612   1614
491   1507   1512   1546   1549   1552
492   1528   2419   2420   3147   3149
493   1691   1693   2538   2543   2545
494    890   2177   2178   2181
495   2118   2442   2562   2565   2568
496   1591   2762   2875   2907   2908
497   1841   2037   2040   2043
501   1546   3950   3951   4174   4175
503   2322   2326   3393   3394   3397
506   1800   1801   2044   2046   2049
508   1042   2440   2443   2446
510   2794   2795   2798   3077   3084   3085
511   2110   3038   3109   3110
512   1079   2513   3777   3780   3781
515   1800   1802   2023   2024   2027
516   1648   2037   2039   3077   3107   3108
518   1615   1617   2440   2442   2445
521   1718   3030   3179   3181
523   2001   2654   2657   2662   2664
524   1214   1431   2433   2434   2437
525   2287   2307   2707   2719   2720
527   1256   1705   1707   1710
531   1553   1558   2773   2774   2777
533   1855   2649   2788   3946   3949   3952
536   1649   2077   3077   3080
539   2126   2794   2800   3435   3790   3792
541   3051   3053   3146   3149   3152
542   2023   2028   3178   3181   3184
544   1591   2208   2711   2716   2717
545   1631   1636   2377   2378   2381
547   2051   2056   2283   2307   2308
548   2716   2843   4123   4125
552   2106   2109   3085   3110   3111
553   3780   3791   3792   3854   3856
554   2329   2331   2461   3265   3266   3269
555   2322   2324   2495   2617   2618
556   1930   2106   2108   2111
558   1998   2412   2414   2417
559   3067   3927   4170   4171   4174
562   2521   2524   2527   3080   3106   3108
564   2232   2297   3040   3105   3106   3109
565   2405   2407   2953   3051   3052
566   3145   3157   3158   3780   3783
567   2391   2396   2456   2459   2462
568   2192   2521   2523   2526
571   2426   2431   2740   2784   2785
572   2278   2308   2718   2719   2722
573   2419   2424   2456   2458   2461
574   2377   2780   2783   2813   2816
575   2433   2435   2556   3275   3283   3284
576   2604   2617   2771   2836   2838
577   2479   3007   3189   3191
578   2615   2617   2652   2788   2790
580   2538   2603   2835   2836   2839
581   2562   2564   2828   2829   2832
582   2571   2654   2656   2659
583   2763   2764   3393   3395   3398
584   2680   2743   2746   2759   2760   2763
585   2663   2788   2902   2905
586   2743   2748   2867   2868   2871
587   2759   2764   2874   2875   2878
588   2702   2718   2720   2723
589   2711   2794   2796   2799
590   2898   2905   3070   3927   3951   3952
591   2773   2775   2780   2782   2785
592   2828   2834   2845   4122   4123   4126
593   2828   2830   3249   3250   3253
594   2811   2835   2837   2840
595   3282   3283   4119   4123   4124
596   2867   2869   3794   3799   3801
597   2874   2879   2906   2908   2911
599   2898   3029   3178   3179   3182
600   3020   3022   3185   3186   3189
602   3034   3036   3083   3109   3111
603   3050   3052   3121   3124   3127
609   3098   3100   3921   3927   3928
610   3084   3105   3108   3111
612   3112   3121   3123   3126
613   3146   3151   3153   3154   3157
614   3139   3153   3155   3158
615   3162   3178   3180   3183
616   3169   3185   3187   3190
620   3241   3249   3251   3254
621   3256   3265   3267   3270
622   3273   3283   3994   3997   4000
628   3370   3393   3396   3399
630   3475   3478   3786   3787   3790
631   3475   3480   4114   4116   4118
652   3777   3786   3788   3791
653   3794   3818   3819   3822
656   3842   3850   3852   3855
661   3921   3946   3948   3951
663   3978   3994   3995   3998
671   4114   4122   4124   4127
673   4154   4170   4173   4176
cells 64
0      0      3      4      5      7     10     11     13     15     16     17     18     19     21     22
1     23     27     28     29     30     31     32     33     34     36    559    609    621    673
2     37      5     38     39     40     42     43     44     45    521    523    542    582    599
3     47     48     49     51     54     56     57     58     60     61     62     63    533    574    576    578
4     32     67     68     69     70     11     71     73     75     76     77     78     81    588
5     82     83     84     85     86     36     87     88     89     90     91    521    614
6     92     93     94     95     96     97     88    100    101    102    103    104    620
7    107    108     58    109    110    111    112    114    115    119    121    122    123    124      0    125    523
8    126    127    128    129    130    131     40    133    134    512    515    553    652    653
9    135    136    139    141    142    143    145    146    148    149    150    548    595    622    663
10    151    152     86     45    154     76    155    156     31    159    562    564    568    602    610
11    160    161    162    163    164    165    166    167    169    171    512    566    613    614
12    173    174    176    178    179    119    180    181    503    555    576    580    628
13    182    183    184    185     21    186    187    188    191    503    508    583    584    587
14    167    192    193    194     56    195     30    199    200     68    492    541    554    573
15    201    202    203    204    205    187    207    496    544    548    581    592
16     17    210     38    211    212    213    214    215    156    216    217    219    508    518
17    182    223    174    224    226    227     29    228    230    231    112    134    234    235
18    240    241    163    243    127    244    246    109    248    249    250    251    506
19    253    254    255    216    257    258     81    497    516    525    536    562
20    261    262    263    264    185    265    266    267    268    269    101    495    518    581    593
21    270    271    243    272    202    133    273    150    274    539    589    630    631    671
22    275     61    276    249    108    277    279    280    281    284    285    286    192    287    603
23    289    104    290    291    275    294     91    295    296    161     60    492    531    571    591
24    297    298    299    223    300    301    302    303    304    525    547    572    583    588    628
25    121    241    305    169    193    306    307    143    309    310    311    313    616    630    652
26    314    285    315    316     93    319    320    295     90    506    515    542    615
27     85    322     23    228    128    323    326    327    328    329    166    291    656
28    331    154     57    332    333    100     89    262    491    501    559    590    599    615
29    162    334    328    290    335    336    338    339    341    342    343    204    136    345
30    348    349    350    351    179    352    353    341    354    575    592    593    595    620    671
31    129    355    125    331    230    184     43    316     94    358    263    555    558    578    585
32    360    361    362    363    364    365    348     48     22    369    181    524    594
33    322     82    142    372    307    373    376     34     67    151    510    536    539    553    566
34    372     73    378    380    271     10    258    382    384    201    386    300    584    586
35    387    388    389    390    391    360    267    393    274    205    354    287    248    527
36    395    103    391    369    265    350    397    398    399    400    545    574    591
37     77    401    402    403    404    405    406    257    219    407    568    572
38    408    326    409    411    412    226    414    194     27     54    301    501    567    661
39    311    417    286    373    418    141    294     84    320    511    541    552    565    602    613
40    224    336    380    253    302    408    420    422    423    327    496    587    597
41    424    425    426     95    427    428    213    255    429    430    389    400    268    511    564
42    155     37    432    210     75    403    107    200    281    434    533    585    590    609    661
43    436    437    335    439    261    426    423    333    409    296     87     96    329    497    673
44    429    439    269    440    422    254    411    441    214     49    407    491    547
45    428    212    388    272    444    159     42    207     16    186    495    586    596    653
46    445    195     28     69    446      4    235    124    447    306    577    600
47    401    432    199    305    446     70    449    450    146    565    603    612
48    454     51    297    289    160    456    397    458    338    460    461    494    567    573    663
49    456    398    462    148    463    339    425     97    436    466    467    531
50    468    440    211    191    358    364     47     18    469    264    470    332    180
51    353    178    473    474    246    475    123    164    342    313    493    494
52    351    334    266    355    475    231    323    126     92    244    203    183    319    477    165    597
53    445    227    122    474    309    412    171    454    478    303    176    554    621
54    270      3    378    447     71    376     33    111     39    131    234    558    596    656
55    424    384    135    437    420    343    463    510    516    544    552    556    589    610
56    441    406    479    480    468    215    365    414    304    458     63    481    467    545
57    482    483    466    299    382    449     13    402     78    461    145    484    481    600    616
58      7    280    434    363    480    485    404    469    217    486    115    527    582    612
59    477    314    102    277     62    251    349    395    110    493    571    580    594
60    139    483    393    488    352    361    276    240    114    486     19    310    577    631
61     15    482    478    473    460    488    345    470    173    298    188    386    524    575    622
62    387    489    427    130     44    418    315     83    444    273    284    152    250
63    149    484    450    390    489    279    362    485    417    479    405    462    430    399    556
