vertices 383
     0 0.87459477827103 3.80913019107243 1.23367834616150
     2 1.25024689702460 3.99690510068992 1.76506779768455
     8 0.76007598989387 3.69050332135437 1.23367532859435
    11 0.11127463632436 0.06795459228956 1.24104333589446
    14 0.73568725872083 3.47648422350113 2.31122040783009
    16 0.18378856070740 0.03931572544762 2.48144287304148
    18 1.00910297692694 0.41350023616009 2.08368860830786
    36 3.77186455434056 0.04274217798315 1.88368767314009
    37 0.38783907445081 0.53356587101552 2.16677440197938
    41 0.11586623725297 0.21200486033494 2.41026600121019
    47 1.30212156272006 3.22217095258074 0.73666267984818
    52 1.50557141013631 0.16030222239509 0.34009382537628
    58 1.74879701913613 3.68047013907976 1.06174913144494
    59 1.39086844982619 3.66439773928800 0.87023740167278
    61 1.75908111498531 2.79515444827061 0.32444280088131
    69 0.90776441585910 2.84849183387944 2.83716973126916
    72 0.82949401722504 2.98279349410495 2.84505956659828
    76 1.05324648990850 3.55603249161389 3.10064951423488
    98 2.97056626480808 0.10194512603320 3.52034363046917
   115 0.93343416759307 3.13981174206712 0.89507841498906
   119 0.63592500149608 0.32230657483556 0.26708335409522
   134 2.55685687117133 2.65764146153967 3.42074995823988
   136 2.57516277813709 2.23533465408333 3.59085418482160
   139 1.57512791708386 2.09970150855775 3.28931191557295
   140 2.29212274689405 2.11007882786828 3.29891627907348
   143 1.86529215281542 1.90856531253073 3.42214043091831
   147 2.48151545738628 2.22101967168889 0.11446834153348
   149 2.52750557445082 2.58477989018443 2.38465769224604
   152 3.38971782709203 2.55209149492892 3.19079777678423
   156 2.52420111588103 2.00292571683649 2.36343896106016
   157 3.44450996430523 2.02208801848746 3.29673633253516
   163 3.52125759736936 2.17341626222522 2.91810607748824
   169 1.80908568291843 1.00068197014187 2.38206966614774
   171 1.19308268081028 0.83300038960291 2.32697895279734
   174 2.19884787323762 0.59726958515582 1.65663242892293
   177 2.15405664890967 0.16986990138735 1.60842013664630
   180 1.95208050597277 0.14325414790448 1.48497081412107
   185 1.76108619663944 3.91104279204800 1.58651086058435
   191 1.26595006692809 0.93143339099724 2.26278596440843
   195 1.20128078416633 2.13835686201560 2.08722233554414
   198 2.29866868130236 2.80197426887499 1.44012993989066
   199 2.31863769330034 2.92384180736949 1.75006747388376
   203 0.96064658243314 1.79698738591681 0.59420341738668
   214 3.76107484231684 1.80015796213174 0.55409720044191
   215 0.15201379252786 1.17889537406361 0.17082185262115
   220 0.40727323164333 1.10467875272915 0.19399067107979
   230 2.67625463584749 1.54167022153558 0.34304024930782
   231 2.17320420028100 1.85450144212650 1.48200624237409
   235 2.04844937559446 1.13293601164589 0.99785115996923
   236 2.52598266665590 2.13087925385036 1.09552268567983
   240 1.89591292990850 1.52914723911928 1.32706045836262
   241 2.55946745260355 1.89273664029187 1.21885385524094
   243 2.54647301247804 2.05175737856120 0.31787064506542
   254 2.89786691737622 0.64701225569169 1.35468577875482
   260 2.74674943965284 3.08113881165965 1.77370205358997
   261 2.96066734914139 2.93809527294619 2.06771083194558
   264 3.07671704563308 3.27841668021059 2.29094445646777
   277 1.46220861809378 0.78683461385540 0.54862893078017
   284 0.33974718321949 2.22697627860191 1.98772057503714
   288 0.11734885008222 0.13395163254180 3.06686218156263
   290 3.81502243924349 3.92882135371116 3.10586293388774
   291 3.97050885690794 3.04438358297310 3.35471659059079
   292 0.87946484235242 3.91092166936314 3.09899847709928
   295 0.01879897027812 0.13317848795512 2.92053524805662
   300 2.74464571572752 3.87181669769727 0.76547068342184
   310 0.99970383424654 1.20973709334824 2.35703493713139
   311 0.95141516929424 1.90633592753448 2.19597145127875
   315 1.07588469001209 1.55961091775217 2.55892808422173
   332 2.91406254502968 3.25163210469701 2.66401754559202
   336 3.82970102947958 2.07165177604461 2.72510414171654
   339 0.74251810775043 2.18836591755197 2.22389823128543
   343 1.79480698852870 1.66173499523614 3.29067267716370
   346 1.05271046282959 1.60643036322709 3.25213786476626
   347 1.52538393442602 1.78300080402703 3.16180241111022
   354 0.86427064326748 1.52778984169690 2.91577247904046
   356 2.63394061120118 2.12664308972564 0.25112094027419
   358 3.55528555614475 0.59851918155828 0.70642138809904
   364 3.97696262316181 0.04796028153737 1.09824703609632
   365 3.58333059756661 0.54358377583820 0.26922379343238
   376 2.96885379311629 1.80806795354054 1.50701403102455
   380 3.48062970512930 2.16111779954844 0.29455752693288
   394 0.11973617631993 0.79458664517419 3.03707228338008
   396 3.95216204278231 0.31593235524370 2.82446094169354
   399 0.06710102724484 1.24954947096551 2.85321356169471
   403 0.10578767353038 1.72779847552146 3.03890851337552
   405 3.92744934959429 1.72186503942082 3.37359127919260
   406 0.13339625673045 0.75187762489721 3.87860185755539
   408 0.25711966188154 0.64682892180053 3.28885122218307
   410 0.37767125939016 0.77813178729704 3.95525328136761
   413 3.07318893116262 3.24214367056506 0.09849621984539
   422 3.64607333353871 0.87509494583149 0.16364781729695
   425 3.98217444553805 0.95793622229560 3.94656605669026
   429 2.86337462123460 3.82038076327496 3.12556254039321
   432 2.13006800168848 0.94301348858106 3.35807478250896
   436 2.02109633702128 1.00685289922254 2.02189885463979
   439 2.68971452234701 1.37764445475350 0.77268471992711
   440 3.16126805558015 1.15612318715737 0.99711982536173
   447 3.43270950390409 3.10504006985300 0.08494449646094
   457 1.44788998650004 0.47420211896223 2.72526389977160
   460 2.35994672699251 3.39455802685558 0.61518860704240
   473 3.44063520321932 0.09243597329040 1.87156988440175
   481 2.25175437223261 1.87151606163936 2.13522276759632
   488 3.98852697499412 3.62802524122763 2.21670175954733
   489 0.14085910876336 3.44060329921503 2.14595308121854
   500 2.08564574261484 1.98023578085424 1.48362253980823
   502 2.18975047002224 2.24036338778647 1.26692690076344
   510 2.23285141060118 2.65098534571790 2.11719478504135
   513 3.96744653611148 2.84721238394980 0.67191439700798
   519 0.11127531501385 2.80808718138314 2.74313874575218
   524 1.40525267438067 0.92962610553634 1.69241065442689
   529 1.46637837611884 2.70647076556146 3.13537111547060
   538 2.77000163222424 3.05908528644795 0.29981201345272
   544 0.12857266346572 0.54931480120059 1.83334525627940
   545 3.81930960229242 0.22991639698855 1.99007994592213
   553 2.81108752093998 2.68314247325139 2.36291423184883
   557 0.77080830081746 1.18967401024725 2.85252243582027
   559 0.31344861174584 1.06895551752822 2.79525658000679
   568 2.79040603475924 2.88897901702194 2.67785337679202
   569 3.05066370057138 2.83577644635417 3.14404704504974
   571 2.88060634885465 3.58906378074359 0.73179595532837
   573 1.40344658717586 0.28732270324295 0.31039480978420
   581 0.47384044287729 2.29527902034861 2.68417805842794
   582 0.52640013032119 1.87109454963536 3.03266531508647
   587 2.90538658190340 1.55076304159437 0.20827830580824
   605 0.69150614567438 3.06957138076676 0.59518332995583
   611 3.46760813452275 0.31187675824057 1.99560257455783
   625 0.90495044926281 2.78133258681214 1.18916841867197
   629 3.20727809390584 0.45727722853985 2.89446775436220
   630 3.11166834479470 0.08343520181405 3.19931126116386
   635 3.09964440758822 2.93429190988808 3.18399196707649
   636 3.09932081210541 3.28259239736557 2.91552438888813
   640 1.79526511736868 1.29033632984943 3.59868543524234
   645 1.24969145118552 3.84627962626870 2.01580322703772
   647 2.74783381228226 3.84440710981912 3.39529756557628
   648 2.80895028148591 3.24572687050320 3.70036855114211
   649 2.96789534218793 2.00650440048667 3.60846629373879
   650 2.93882099169172 1.94080949046504 0.10307037324281
   658 0.47795454548959 3.95617292009143 1.09515752014609
   660 3.60725735304412 2.35135443162482 0.83889104067565
   662 3.91520284932139 2.69285607087035 0.91713752066977
   663 3.90939603403005 0.99270677560143 3.07366968511107
   667 0.71423319157470 1.97059856824309 3.39727902524230
   668 3.80771110110195 2.97997970650793 3.08491167319806
   669 3.63300254541103 3.33459870844562 2.85124770419700
   673 3.19261542582109 1.04823290124262 3.66927923109346
   674 3.78712740262512 1.16319315261703 3.47955405495577
   678 0.54411362596148 2.79140288060646 0.59957266798302
   681 0.28231977332695 0.48018360959561 1.40366578259153
   691 2.33252720952963 1.71885012444965 1.94541518278348
   692 2.77043428502947 1.68992518553564 1.95387008580888
   695 0.91375690397737 1.09821034743895 2.43202801912785
   696 0.43485496363670 0.98635533981003 2.36498302501868
   698 1.57679052553639 2.62996781619670 3.04625947616127
   701 1.92824855323843 0.60643616394755 3.30648529190838
   711 2.64097641601935 3.30663249632531 0.67061601477915
   717 1.76759317917903 0.98067400797087 1.63174208728563
   718 1.86142315413038 0.80691750303610 1.47303540715933
   723 2.06695870282040 2.11597039815002 1.99027093175235
   724 1.51425110409782 2.15918414042152 2.28221378867181
   725 2.93830626219346 2.47624852311018 0.52185029441165
   726 3.45086145090499 2.38374943289701 0.45306505850593
   731 0.81700535456436 1.91771307281375 0.50063305984656
   735 3.69281061417405 2.84647842493431 3.57723085745176
   736 3.49429204029697 2.78423744141810 3.25514171472533
   737 3.78033968647190 1.42249761440776 2.42584934656302
   738 0.09516477720792 1.25129143564274 2.03445640546962
   739 1.88007551101423 0.49240640349906 2.79692415250167
   740 2.02854033903967 0.69927356738985 2.66299021638034
   758 2.16235915860035 3.92209469974860 1.89635544249328
   760 3.39072122337999 2.19149529224033 3.43122378329038
   761 3.74579228086769 2.27260807397427 3.84300965613031
   762 0.23755576295647 1.62622391224328 0.11663364401838
   764 0.15978552706825 1.89097691037364 3.74885441955243
   777 3.24773220474236 0.03500627019847 3.96102101481862
   780 1.75821258234562 0.71431798047045 1.42661035705956
   783 1.70721560057889 3.67907201861919 2.06567124112744
   784 1.88698996090154 3.73398601252168 1.84225170504240
   791 1.88130949337287 2.87771445707692 2.33015147166597
   792 1.50281691065747 2.58858705242215 2.44914298939276
   795 3.65266221502256 2.67996457892961 0.28031064414707
   796 3.83496457851705 2.52273249412779 3.86598216464122
   797 1.85843648469492 1.49741512102331 2.60082589906578
   798 1.50911082684285 1.70492674444236 2.66128952889060
   799 3.50944283369174 3.42455208057511 0.24039569337962
   800 3.20937101088436 3.51819163605205 0.23922679902699
   806 0.88718166228530 3.05566540693860 0.21196670523413
   816 0.55491688187345 1.67494873676737 0.11765622935664
   817 0.52462717539132 1.97993540164902 3.71655821136621
   819 0.11391728589679 2.36312808440737 2.58783919249210
   821 1.17951244322737 2.65088517735885 1.29214017304116
   822 0.61135072975525 2.81825935820861 2.95419403201588
   826 3.10379087941316 0.50933547813528 0.86808952488304
   837 2.88000182357215 0.28578536927432 0.47705639290395
   838 2.49079389334571 1.11604863463140 0.77879175689069
   839 2.95919893308497 0.81536945758855 1.01578414425899
   842 1.07770806734895 3.70863995254043 3.71205131807685
   844 0.93488964248180 3.65339677663730 3.27121163724230
   847 3.81945525698031 1.96835550551766 0.89878232180498
   854 0.41343031059686 2.95727773910608 3.38089750856292
   862 1.75386191395796 3.15415848058378 3.60804445877978
   866 1.48214330152321 1.21865488021864 0.29931558720260
   869 3.68890040866244 0.01925434149228 3.92253459946840
   870 3.84199889078968 0.32453970422710 0.13790348573801
   871 3.80665838553999 3.38309123115280 0.67545495230418
   874 0.67707505159261 2.71460544675695 2.94439280395956
   877 3.82465397033031 3.73003294604856 0.03281977526618
   881 2.32797350227554 1.02425418320474 0.51058092519354
   882 2.75938088841346 3.61172147655597 1.84344938153381
   883 2.92728715511481 3.66690995028355 2.09793176798297
   884 1.93873493180425 1.04362911479623 0.68453787626781
   885 1.73417662985474 0.75404884121302 0.72570865168688
   890 3.14339494361446 0.95065589609531 1.75589698277050
   899 3.18199415047176 0.71821796219952 2.97384292585431
   900 2.97459523636405 0.86205797341094 3.52981780503405
   903 2.87024267005903 0.45003847988237 3.72821283652440
   904 3.14683580320350 0.29242845373855 0.09412016668370
   905 2.39989185197550 1.74626037549472 2.97983858072153
   907 0.94456822705938 1.42474841595134 0.43642105939454
   908 0.69038908206897 1.43982484306285 0.11983193995741
   909 1.72651669698650 3.18884123494569 2.02050651651243
   910 1.94748429029946 3.20636166777429 1.75067732716425
   911 2.53760719561813 0.87711641874450 3.68533405328910
   912 2.37351236134953 1.24285716513510 0.20293963134101
   913 2.22398299570621 1.04757467374317 3.10579020120627
   914 2.06594223632033 1.49416346876338 3.00067312624487
   915 3.27208457742829 0.89056139179646 1.88415751069450
   916 3.93282472956294 1.02302424347293 1.78823412361989
   917 3.93316020745814 3.18562566758293 2.29486868333874
   918 3.76390745726113 3.33694149025299 2.37776375298984
   920 1.09128869027772 0.38546210901480 1.80473339144635
   922 2.58102992557153 0.51264063174829 3.79905942356087
   923 2.50197189714991 0.45987252852320 0.27497192440153
   926 0.08477210248571 3.50085946148323 3.49641416512392
   927 3.91485043785026 3.93528384181135 3.23536621651095
   928 1.37270549758145 0.80154868153921 1.60192817212400
   933 2.24259982502455 0.14577469778255 2.45379233168648
   938 1.77547787051010 2.31405249084220 0.97360761466825
   941 0.72797966576916 3.46799579153954 3.87201461019932
   942 0.54277890448088 3.38629004796821 3.51223497040813
   946 2.24391291404800 0.78731896076370 2.02131058379983
   948 2.96714038638895 1.05723380423643 1.98794069070146
   949 3.24902810140284 2.73887831697135 1.89346594059644
   952 3.27295724379711 1.29730420144603 1.29728463135797
   954 3.84502791013483 2.89518200627217 2.02932020899244
   955 0.03668740814073 2.33600070859863 2.23811399525958
   957 0.81074926782769 3.82660342552182 2.46689994493566
   958 1.00476393286278 3.82618604103932 2.89705754485583
   959 1.22004660836682 3.13515932915692 0.22120575894508
   960 1.47696151333108 2.87883251353228 0.07587059003195
   966 2.27100442884295 0.56307657171448 2.45162938556641
   970 2.63345117725314 3.98542756388218 2.54585172191186
   971 2.60553596439930 3.79722396047661 2.77382017951080
   972 3.94401611532395 3.90562685187458 1.42823806711609
   977 1.42884112734418 0.19411397138826 3.98663846277552
   978 1.10179771658817 0.11142991030462 3.81427073784549
   980 2.04288283129324 0.06418690058541 2.65477789774304
   982 1.12897307695752 0.03443233927630 2.27412684077913
   983 1.36005762781158 0.07511842235926 2.60317528130345
   984 1.81695170001310 3.87688403902777 2.57131082608003
   989 3.79757576728282 3.88762403897257 1.26062581236829
   992 0.40657148092696 2.66972360059833 1.55061624116899
   995 3.09777547849355 3.55210540126746 1.14591959899661
   997 0.16875466642711 3.66578608855318 0.59529478908267
   998 0.19590336803416 3.88875461724432 0.74676275565529
  1000 0.25164900915992 2.05589990401117 1.05026961119967
  1001 0.32991228714310 2.48435739344911 1.08940488094591
  1002 0.18180970608680 3.79971045842772 0.36128907924183
  1003 0.19950655947928 3.98795406989562 0.43082221792263
  1007 2.73959476370975 1.57500117354765 3.04210644452420
  1010 0.20081249644023 3.38188484555259 1.78332304873963
  1011 0.03380997198966 3.01998895820043 1.70045597157486
  1012 3.18807907130920 2.02463258426821 1.51314294835556
  1015 3.70194265325985 3.02502617246168 1.31265130490771
  1016 3.62111850526878 3.47160881662370 1.09444602002639
  1018 3.02560885258692 0.44569183315716 2.59530849371976
  1019 3.02790496229903 1.75097368170583 3.41798588233739
  1020 3.00422266204488 1.20808866681612 3.67492279632387
  1021 2.83610117092549 0.98425513698574 3.53309330294467
  1022 2.67271973023120 1.10780086584492 3.12427343490662
  1023 2.16148070385176 3.86836428620737 2.84832875582654
  1025 0.72571422511855 2.01068119343117 0.77700158241836
  1026 0.61189529421177 2.54110896926861 0.92852326207591
  1028 3.68885077800471 1.94338632867275 2.45596348272256
  1030 2.99078006307578 0.86234354925453 2.76965781050767
  1032 3.20271773482733 1.24118059534438 2.41911704613752
  1036 3.78915770037034 2.08527611108345 2.19299422039694
  1037 3.28660895765146 2.25321970704719 2.02020445478051
  1038 2.90349753077696 0.69232974770765 2.56421062185778
  1039 3.08178718583018 1.00316770531876 2.11750880325566
  1040 3.69288919939817 1.72313748957459 1.25732810826826
  1043 0.93263976607233 3.42791195609311 2.02915653105601
  1047 2.68373986780734 2.86454528696215 1.26009645588000
  1048 0.67307513496042 3.35722491978746 1.67109531915071
  1049 0.78565868022676 2.84696069887791 1.51108474297398
  1050 3.18442949123973 2.79223928729713 1.51602446059845
  1051 2.89390915029530 3.00330974473168 1.46798855040030
  1057 1.61040345223808 3.36472706317866 3.22705423174913
  1059 1.93278639054985 3.63955810353726 2.79385843858160
  1060 3.12792379984232 2.40533261725840 1.25538474353978
  1061 2.84245885344145 2.45043608543344 1.09526420131182
  1071 1.28880944434932 2.43856690447776 3.94171443815204
  1073 1.08286179558611 1.31447339711988 3.47494272895145
  1091 0.63037472260104 0.42969024697034 1.32535698217156
  1096 0.65289189870983 0.08354762434774 1.10612641792154
  1097 0.86148825372804 0.39457405765353 0.58204973042859
  1098 1.67580551418860 2.98700087635248 3.23602469574399
  1100 1.29214172566510 2.35915520691541 3.47201136111734
  1101 0.81448563029646 2.28480130855139 3.46142994227110
  1105 1.54659223314328 1.16024309459855 3.65794675100994
  1106 1.56329920815629 0.66192163383611 3.48072852610382
  1109 1.68628011303178 3.41077508198231 3.53607518082591
  1113 0.72686098850210 2.65854421887859 0.12458740703081
  1115 0.87851911622987 2.39729727901859 0.03560363610978
  1120 1.32145511303248 3.62175132592807 3.82502270397632
  1121 1.50588975116088 0.09602235801981 0.01648034669326
  1122 0.50084976375049 2.56057154386280 3.79136957355999
  1123 0.66813641338468 2.32439589657463 3.74150996978415
  1124 0.64859025943392 0.70068639944355 3.41111820482922
  1125 0.99540321690808 0.36822739378542 3.36241459826227
  1127 1.21743408327879 0.60029220703185 3.22583812637273
  1128 0.92657928157086 0.94212113073657 3.24120721640417
  1131 1.43268771496479 1.82805281165723 0.56136135652002
  1133 2.35419026197963 2.12765836439955 0.19654666477482
  1134 1.83878577723556 2.31573883175412 0.41126591319236
  1135 1.93026451060307 1.45130373326403 0.04547643052770
  1136 1.64115851883719 1.33534869351924 0.36788825424816
  1137 1.93978921555786 1.86472215844576 0.00194754803370
  1138 1.64627131049799 2.11007245313539 0.25751151371671
  1140 2.30928956994571 2.58940702927514 3.14927457016397
  1141 2.45729157324935 2.76745182736708 2.69297511598932
  1142 0.67901779850769 1.01188670578562 1.03284799695327
  1143 0.74908661756262 1.02325047621473 0.70320464652364
  1145 1.82822652631027 2.82136121345932 3.06722699650795
  1146 2.02752348522661 2.99582524925873 2.67856742048431
  1147 0.90465047483843 0.80540095951996 0.76926327070172
  1148 0.81748653278751 0.83438491019381 1.07381490976021
  1160 2.29346951417853 3.08137940806993 0.06768881370212
  1161 2.43549070953401 2.99777355239052 0.02790033586250
  1162 2.26682716989010 3.16330257832372 3.87551804956328
  1163 2.44362360534835 3.05800210854301 3.84690206796422
  1164 3.05216655914297 1.70753465941354 2.50904902902796
  1166 2.86168561851513 1.89752274985283 2.26543303234973
  1167 3.36421477342122 2.01206441252456 2.52735217566490
  1168 3.12252599245228 2.19051222405051 2.26456326266927
  1169 1.96325578290828 3.92821058790067 0.93922796255766
  1170 2.32846671512032 3.81519706540414 0.67311592806947
  1172 2.16653787598139 0.13570134088085 0.35059258687974
  1173 1.85392556039954 0.23185407092812 0.55286575353906
  1174 3.99778764004281 1.18247004316498 1.46515004013990
  1176 0.17578747689502 0.92096230168638 1.20127635816497
  1177 3.58087684409329 1.35407357253980 1.20590357006003
  1205 2.87916534664012 0.02340179440402 1.22849743117132
  1206 3.03775322720838 0.24384488330907 1.23032813095013
  1212 3.01988188446779 3.87397711437733 1.34074187653552
  1213 3.22412089817227 0.04048097529700 1.38012378337803
  1224 0.89709075194295 1.86043802443464 0.83345419051137
  1229 0.84084948858595 1.54662896791486 1.96689676594896
  1238 0.73782848108280 1.42963005373503 1.26440473919565
  1239 1.05470688444945 1.45689326066686 1.57289323919348
  1332 1.53362246577887 2.01092871044623 1.07458642974880
  1333 1.67484181714545 1.85493475795182 1.30514386453920
  1335 1.40726623318059 1.89928263439522 1.40579126448876
  1336 1.35934441139787 2.04369505915267 1.16520709807062
  1337 1.22021301954356 2.98972071906157 2.01651942144529
  1339 1.03778735647201 2.73457662536492 1.67732378873102
  1345 1.19650291076672 2.68795886712211 2.32767601529651
  1346 1.04224780664281 2.38385256393915 2.10892730101435
  1352 1.88026540601852 3.23663353896135 0.99379728524029
  1354 1.91898972153112 3.02098608952435 1.28856823976644
  1355 1.63038934930133 3.02248524534057 0.84035077913233
  1356 1.62856576991417 2.79937081287756 1.08602370614602
  1377 2.07981447452792 3.72634291532426 3.66481235387591
  1378 2.01491667286297 0.02035062440340 3.83222322847067
  1385 2.19136153487811 0.19132016646078 3.58893135109612
  1386 2.26378359280318 3.94484258338647 3.43631509798492
  1395 3.53510366864467 1.31428725083435 0.60766164447856
  1396 3.70772459637444 1.09296082473744 0.50470477552859
  1400 3.50613851784781 1.19406614422334 0.84529268752018
  1401 3.67421781204040 0.98861926971282 0.74501806849345
  1437 0.22755259265294 1.53115276223551 1.55523779775887
  1439 0.26144149401068 1.56457412822674 1.77682442705174
  1440 0.12031280406677 1.72274123775473 1.50308076573996
  1441 0.15424967522468 1.80382937049396 1.79297903926243
edges 766
16      2      0
17      0      8
32     16     41
33     41     37
34     37     18
84     58     59
85     59     52
93     59     47
101     76     72
102     72     14
111     72     69
177    115     47
181     59      0
189    115      8
218    143    139
224    134    136
225    136    147
229    140    136
231    143    140
232    149    156
246    152    163
247    163    157
272    171    191
273    191    169
284    185      2
292    177    180
293    180    185
295    171     18
303    174    177
313    199    198
363    220    215
382    230    243
389    241    236
390    236    243
391    231    240
395    231    241
398    235    240
419    254    174
433    260    261
438    264    261
486     16    295
487    295    290
496    295    288
501    292    288
524    260    199
526     58    185
537    310    191
544    195    311
553    311    315
554    315    310
584    264    332
588    163    336
596    339    284
597    311    339
612    354    346
623    347    346
624    354    315
625    343    347
629    243    356
632    147    356
636    343    143
641    365    358
642    358    364
669    139    347
690    376    241
700    214    380
736     41    396
737    396    394
760     11    364
766    403    336
767    399    403
774    157    405
775    405    403
776    119    410
782    406    410
785    408    288
786    406    408
825    410    220
835    365    422
839    425    215
843    425    422
844    396    295
849    406    425
850    394    408
886    169    436
890    439    440
892    230    439
895    241    439
921    413    447
947    171    457
998     36    473
1021    156    481
1042    488    489
1045     36    488
1048     16    488
1049     14    489
1079    500    502
1081    231    500
1083    236    502
1086    198    502
1109    199    510
1112    149    510
1153    191    524
1172     69    529
1194    413    538
1214    544    545
1218     36    545
1220     37    544
1221     41    545
1242    149    553
1243    261    553
1256    557    559
1260    394    559
1261    354    557
1263    399    559
1289    568    569
1290    553    568
1292    332    568
1293    152    569
1294    134    569
1301    300    571
1307     52    573
1308    277    573
1333    581    582
1336    339    581
1337    403    582
1339    354    582
1355    230    587
1410    115    605
1431    545    611
1432    473    611
1476    115    625
1486    629    630
1487    396    629
1490    290    630
1491     98    630
1492    429    630
1507    635    636
1510    569    635
1512    429    636
1513    332    636
1525    343    640
1528    432    640
1540      2    645
1546    647    648
1547     98    647
1549    429    647
1550    413    648
1552    635    648
1553    649    650
1554    136    649
1557    356    650
1558    587    650
1559    380    650
1584      8    658
1586     11    658
1591    660    662
1595    513    662
1602    394    663
1605    399    663
1612    346    667
1614    582    667
1615    668    669
1617    519    668
1618    291    668
1619    636    669
1621    290    669
1631    673    674
1634    422    673
1635    405    674
1636    663    674
1637    425    674
1648    513    678
1649    605    678
1658    544    681
1660     11    681
1691    691    692
1692    481    691
1693    436    691
1694    231    691
1697    376    692
1705    695    696
1706    310    695
1707    557    695
1708    171    695
1710    559    696
1711     37    696
1716    139    698
1718    529    698
1729    432    701
1760    571    711
1761    538    711
1762    460    711
1779    717    718
1780    524    717
1781    436    717
1782    240    717
1784    174    718
1785    235    718
1800    723    724
1801    481    723
1802    510    723
1803    500    723
1806    195    724
1807    725    726
1808    356    725
1809    538    725
1811    380    726
1813    660    726
1830    203    731
1839    735    736
1841    447    735
1842    291    735
1843    152    736
1844    635    736
1845    668    736
1846    737    738
1847    399    737
1850    696    738
1853    739    740
1855    701    739
1856    457    739
1859    169    740
1920    177    758
1922    760    761
1923    152    760
1924    649    760
1925    157    760
1927    380    761
1930    762    764
1932    214    762
1934    761    764
1935    215    762
1937    405    764
1980     98    777
1988    180    780
1989    718    780
1998    783    784
2001    645    783
2002    758    784
2004    185    784
2023    791    792
2024    510    791
2027    724    792
2028    698    792
2037    795    796
2038    726    795
2039    513    795
2040    447    795
2041    761    796
2043    735    796
2044    797    798
2045    169    797
2046    481    797
2048    315    798
2049    724    798
2050    347    798
2051    799    800
2054    447    799
2055    571    800
2056    777    800
2057    413    800
2077    605    806
2106    816    817
2108    762    816
2109    731    816
2110    667    817
2111    764    817
2117    581    819
2118    519    819
2119    336    819
2126    625    821
2130    519    822
2133     72    822
2142    358    826
2173    826    837
2176    300    837
2177    838    839
2178    439    838
2180    235    838
2181    440    839
2182    826    839
2183    254    839
2192    842    844
2196     76    844
2199    292    844
2208    660    847
2210    214    847
2232    822    854
2233    291    854
2270    277    866
2278    869    870
2281    406    870
2283    777    869
2284    365    870
2286    513    871
2287    799    871
2296    581    874
2297    822    874
2298     69    874
2307    799    877
2308    869    877
2318    838    881
2322    882    883
2324    758    882
2325    260    882
2326    473    883
2328    264    883
2329    884    885
2331    881    884
2332    235    884
2333    277    885
2335    780    885
2352    254    890
2377    899    900
2378    663    899
2380    629    899
2381    673    900
2391    903    904
2392     98    903
2394    900    903
2395    777    904
2396    837    904
2397    365    904
2399    140    905
2401    156    905
2405    907    908
2407    866    907
2408    203    907
2409    220    908
2411    816    908
2412    909    910
2413    791    909
2414    783    909
2416    199    910
2417    784    910
2419    911    912
2420    432    911
2424    881    912
2425    230    912
2426    913    914
2427    432    913
2429    740    913
2430    343    914
2431    905    914
2432    797    914
2433    915    916
2434    611    915
2435    890    915
2437    544    916
2439    738    916
2440    917    918
2442    519    917
2443    489    917
2444    264    918
2445    669    918
2446    488    918
2451     18    920
2454      2    920
2456    922    923
2458    911    922
2459    903    922
2461    881    923
2462    837    923
2470    926    927
2472    877    926
2473    291    926
2474    288    927
2475    869    927
2476    290    927
2478    780    928
2479    920    928
2480    524    928
2495    758    933
2513    502    938
2521    941    942
2523    842    941
2524    806    941
2525    926    942
2526    844    942
2527    854    942
2538    946    948
2540    174    946
2542    890    948
2543    436    946
2545    692    948
2549    261    949
2556    890    952
2557    440    952
2558    376    952
2562    954    955
2564    949    954
2565    917    954
2566    284    955
2568    819    955
2571    957    958
2573     14    957
2574     76    958
2576     16    957
2577    292    958
2578    959    960
2579    806    959
2580     47    959
2583     61    960
2584    862    960
2602    740    966
2603    946    966
2604    933    966
2615    970    971
2617    933    970
2618    883    970
2619    429    971
2621    332    971
2625     36    972
2628     11    972
2638    977    978
2641    573    977
2642    842    978
2644    119    978
2649    739    980
2652    933    980
2654    982    983
2655     18    982
2656    957    982
2657    645    982
2658    457    983
2659    958    983
2662    783    984
2663    980    984
2664    983    984
2679    364    989
2680    972    989
2690    284    992
2696    571    995
2702    997    998
2704    605    997
2705    658    998
2707    871    997
2708    364    998
2711   1000   1001
2714    992   1001
2716    847   1000
2717    662   1001
2718   1002   1003
2719    877   1002
2720    997   1002
2721    941   1002
2722    870   1003
2723    998   1003
2724    119   1003
2740    905   1007
2743   1010   1011
2744    489   1010
2746    972   1010
2747    954   1011
2748    992   1011
2756    376   1012
2759   1015   1016
2760   1011   1015
2762    662   1015
2763    989   1016
2764    995   1016
2765    871   1016
2770    629   1018
2771    970   1018
2772    611   1018
2773   1019   1020
2774    649   1019
2775   1007   1019
2776    157   1019
2777    587   1020
2779    673   1020
2780   1021   1022
2781    911   1021
2782   1020   1021
2783    900   1021
2784    913   1022
2785   1007   1022
2788    980   1023
2790    971   1023
2794   1025   1026
2795    731   1025
2796   1000   1025
2798    678   1026
2799   1001   1026
2800    625   1026
2805    737   1028
2808    336   1028
2811   1030   1032
2813    899   1030
2815    737   1032
2816   1022   1030
2828   1036   1037
2829    955   1036
2830   1028   1036
2832    949   1037
2834   1012   1037
2835   1038   1039
2836    966   1038
2837   1030   1038
2838   1018   1038
2839    948   1039
2840   1032   1039
2841    915   1039
2843    847   1040
2845   1012   1040
2853    645   1043
2856     14   1043
2863    198   1047
2866    711   1047
2867   1048   1049
2868   1010   1048
2869   1043   1048
2870      8   1048
2871    992   1049
2873    625   1049
2874   1050   1051
2875   1015   1050
2877    949   1050
2878    995   1051
2879   1047   1051
2880    260   1051
2898   1057   1059
2900     76   1057
2902    984   1059
2905   1023   1059
2906   1060   1061
2907    660   1060
2908   1050   1060
2909   1012   1060
2910    725   1061
2911   1047   1061
2912    236   1061
2942    960   1071
2950    346   1073
2953    908   1073
3006    681   1091
3007    920   1091
3020   1096   1097
3021      0   1096
3022   1091   1096
3023    658   1096
3024    573   1097
3026    119   1097
3028    862   1098
3029   1057   1098
3030    529   1098
3034   1100   1101
3035    139   1100
3036   1071   1100
3037    529   1100
3038    667   1101
3040    874   1101
3050   1105   1106
3051    866   1105
3052   1073   1105
3053    640   1105
3054    977   1106
3056    701   1106
3067    862   1109
3070   1057   1109
3077    678   1113
3080    806   1113
3083   1071   1115
3084   1113   1115
3085    731   1115
3098   1120   1121
3099    842   1120
3100   1109   1120
3101    959   1120
3102    977   1121
3104     52   1121
3105   1122   1123
3106    854   1122
3107    796   1122
3108   1113   1122
3109   1101   1123
3110    817   1123
3111   1115   1123
3112   1124   1125
3115    410   1124
3116    978   1125
3118    408   1124
3119    292   1125
3121   1127   1128
3122    457   1127
3123   1125   1127
3124   1106   1127
3125    557   1128
3126   1124   1128
3127   1073   1128
3133    203   1131
3139   1133   1134
3141    147   1133
3142     61   1134
3144    243   1133
3145    938   1134
3146   1135   1136
3147    912   1135
3149    640   1135
3150    884   1136
3151   1131   1136
3152    866   1136
3153   1137   1138
3154   1135   1137
3155   1133   1137
3156    143   1137
3157   1131   1138
3158   1134   1138
3159   1071   1138
3162   1140   1141
3164    140   1140
3165    149   1141
3167    134   1140
3168    568   1141
3169   1142   1143
3173    907   1143
3176    220   1143
3178   1145   1146
3179   1098   1145
3180   1140   1145
3181    698   1145
3182   1059   1146
3183   1141   1146
3184    791   1146
3185   1147   1148
3186   1097   1147
3187   1143   1147
3188    277   1147
3189   1091   1148
3190   1142   1148
3191    928   1148
3226   1160   1161
3228     61   1160
3229    147   1161
3231    460   1160
3232    538   1161
3233   1162   1163
3235   1160   1162
3236    862   1162
3237    648   1163
3238   1161   1163
3239    134   1163
3241   1164   1166
3243   1007   1164
3245    156   1166
3246   1032   1164
3248    692   1166
3249   1167   1168
3250   1028   1167
3251   1164   1167
3252    163   1167
3253   1037   1168
3254   1166   1168
3255    553   1168
3256   1169   1170
3259     58   1169
3260    460   1170
3262    180   1169
3263    300   1170
3265   1172   1173
3266    923   1172
3267   1170   1172
3269    885   1173
3270   1169   1173
3271     52   1173
3273   1174   1176
3275    916   1174
3277    681   1176
3280   1142   1176
3282   1040   1177
3283   1174   1177
3284    952   1177
3370   1205   1206
3372    177   1205
3373    254   1206
3375    300   1205
3376    826   1206
3393   1212   1213
3394    882   1212
3395    995   1212
3396   1205   1212
3397    473   1213
3398    989   1213
3399   1206   1213
3435   1025   1224
3438    203   1224
3446    311   1229
3449    310   1229
3475   1238   1239
3476   1142   1238
3478   1224   1238
3479    524   1239
3480   1229   1239
3777   1332   1333
3780    938   1332
3781    500   1333
3783   1131   1332
3784    240   1333
3786   1335   1336
3787   1239   1335
3788   1333   1335
3789    195   1335
3790   1224   1336
3791   1332   1336
3792    821   1336
3794   1337   1339
3796    909   1337
3798    821   1339
3799   1043   1337
3801   1049   1339
3818   1345   1346
3819   1337   1345
3820     69   1345
3821    792   1345
3822   1339   1346
3823    339   1346
3824    195   1346
3842   1352   1354
3844    460   1352
3846    198   1354
3847     58   1352
3849    910   1354
3850   1355   1356
3851     47   1355
3852   1352   1355
3853     61   1355
3854    821   1356
3855   1354   1356
3856    938   1356
3921   1377   1378
3924   1162   1377
3925   1172   1378
3927   1109   1377
3928   1121   1378
3946   1385   1386
3947    922   1385
3948   1378   1385
3949    701   1385
3950    647   1386
3951   1377   1386
3952   1023   1386
3978   1395   1396
3980    587   1395
3981    214   1395
3983    422   1396
3984    215   1396
3994   1400   1401
3995   1395   1400
3996    440   1400
3997   1177   1400
3998   1396   1401
3999    358   1401
4000   1176   1401
4114   1437   1439
4116   1238   1437
4118   1229   1439
4119   1174   1437
4121    738   1439
4122   1440   1441
4123   1040   1440
4124   1437   1440
4125   1000   1440
4126   1036   1441
4127   1439   1441
4128    284   1441
polygons 447
0   1540   2451   2454   2655   2657
3     16     17   1540   2853   2869   2870
4     16   2454   3007   3021   3022
5   2573   2656   2657   2853   2856
7     32     33     34   2576   2655   2656
10   1584   1586   2628   2746   2868   2870
11     17   1584   3021   3023
13   1586   1660   3006   3022   3023
15   1214   1218   1658   1660   2625   2628
16   1049   2744   2856   2868   2869
17   1042   1048   1049   2573   2576
18     32   1045   1048   1218   1221
19     34   1220   1658   2451   3006   3007
21   1042   1045   2625   2744   2746
22     33   1214   1220   1221
23   3228   3231   3844   3852   3853
27   3231   3235   3260   3267   3921   3924   3925
28     84     85   3259   3270   3271
29   3256   3259   3260   3844   3847
30   3104   3265   3271   3925   3928
31   2578   2584   3067   3100   3101
32     85     93   2580   3098   3101   3104
33     93     84   3847   3851   3852
34   2578   2580   2583   3851   3853
36   2583   2584   3228   3235   3236
37   2574   2659   2664   2898   2900   2902
38    101    102   2571   2573   2574
39   2001   2414   2853   3796   3799
40   2023   2413   3796   3819   3821
42    102    111   2856   3799   3819   3820
43   2413   2414   2662   2902   3182   3184
44   1172   1718   2028   3820   3821
45    111    101   1172   2900   3029   3030
47   1486   1492   2615   2619   2770   2771
48   2380   2770   2813   2837   2838
49   1491   1492   1547   1549
51   2394   2458   2459   2781   2783
54   1547   2392   2459   3946   3947   3950
56   1729   2420   2458   3947   3949
57   1549   2619   2790   3950   3952
58   1853   2602   2604   2649   2652
60   2420   2427   2780   2781   2784
61   1729   1853   1855   2427   2429
62   2429   2602   2784   2816   2836   2837
63   1486   1491   2377   2380   2392   2394
67    177   1410   2077   2579   2580
68   1307   2641   3102   3104
69     85    181   1307   3020   3021   3024
70   2638   2641   2644   3024   3026
71    177    189     17    181     93
73    189   1410   1584   2702   2704   2705
75   2638   2642   3098   3099   3102
76   2523   2524   2579   3099   3101
77   2523   2642   2644   2718   2721   2724
78   2705   2723   2724   3020   3023   3026
81   2077   2524   2704   2720   2721
82   2583   2942   3142   3158   3159
83   1716   1718   3035   3037
84    218   3035   3036   3153   3156   3159
85   3139   3141   3142   3226   3228   3229
86   2584   2942   3028   3030   3036   3037
87    224    225   3229   3238   3239
88    229    224   3164   3167
89   3028   3167   3179   3180   3233   3236   3239
90    218    231   1716   3164   3180   3181
91    229    231    225   3141   3155   3156
92    232   1242   3245   3254   3255
93    232   2399   2401   3162   3164   3165
94   1242   1290   3165   3168
95    246    247   1923   1925
96    224   1293   1294   1554   1923   1924
97   1924   1925   2774   2776
100   1289   1294   3162   3167   3168
101    246   1289   1290   1293   3249   3252   3255
102   2401   2740   3241   3243   3245
103    247   2775   2776   3243   3251   3252
104    229   1554   2399   2740   2774   2775
107   1856   2649   2658   2663   2664
108    272    273    947   1853   1856   1859
109    273    886   1153   1780   1781
110    886   1859   2543   2602   2603
111    284   1540   1998   2001   2004
112    292    293   1920   2002   2004
114    295    272   1153   2451   2479   2480
115    295    947   2654   2655   2658
119    303   1920   2495   2540   2603   2604
121   1779   1780   1989   2478   2480
122    292    303   1784   1988   1989
123   1779   1781   1784   2540   2543
124    284    293   1988   2454   2478   2479
125   1998   2002   2495   2652   2662   2663
126    313   1079   1086   1109   1802   1803
127   1800   1803   1806   3781   3788   3789
128   1086   2513   3846   3855   3856
129   1109   2024   2412   2413   2416
130   1806   2027   3818   3821   3824
131   2412   3794   3796   3798   3849   3854   3855
133   3786   3789   3792   3798   3822   3824
134    313   2416   3846   3849
135   1932   2108   2109   2210   2716   2795   2796
136   2210   2843   3282   3981   3995   3997
139   3273   3280   3476   4116   4119
141   1830   2109   2405   2408   2411
142   1830   2795   3435   3438
143   2408   3169   3173   3438   3476   3478
145    363   3169   3176   3280   3984   3998   4000
146   2405   2409   3173   3176
148   1932   1935   3978   3981   3984
149    363   1935   2108   2409   2411
150   2796   3435   3478   4116   4124   4125
151   2578   2579   2942   3080   3083   3084
152   1172   2298   3034   3037   3040
154   3028   3029   3067   3070
155   2192   2196   2900   3070   3099   3100
156    101   2133   2196   2232   2526   2527
159    111   2133   2297   2298
160    892   2178   2318   2424   2425
161    382   2425   3144   3147   3154   3155
162    389    390    382    892    895
163    391   1081   3781   3784
164    395    398    391    895   2178   2180
165    389    395   1079   1081   1083
166    390   1083   2513   3139   3144   3145
167   2331   2424   3146   3147   3150
169    398   2332   3150   3151   3777   3783   3784
171   2180   2318   2331   2332
173   1432   2352   2434   2435   3373   3397   3399
174   1920   2324   3372   3394   3396
176    419    303   3370   3372   3373
178    419   2352   2538   2540   2542
179   2435   2542   2839   2841
180   1432   2326   2618   2771   2772
181   2434   2772   2835   2838   2841
182   2325   2878   2880   3394   3395
183    433   2549   2874   2877   2880
184    438    433   2322   2325   2328
185    438   2440   2444   2549   2564   2565
186   2443   2565   2743   2744   2747
187   2564   2747   2760   2875   2877
188    998   2625   2680   3397   3398
191    998   1045   2326   2328   2444   2446
192   1528   1729   3050   3053   3056
193   2270   2329   2333   3150   3152
194   2456   3266   3925   3947   3948
195   1307   1308   2333   3269   3271
199   1308   2270   2641   3050   3051   3054
200   3054   3056   3102   3928   3948   3949
201   2714   2717   2748   2760   2762
202   2690   2711   2714   4122   4125   4128
203   2832   2834   2877   2908   2909
204   2208   2843   2845   2907   2909
205   2566   2829   4126   4128
207   2562   2566   2690   2747   2748
210   2196   2199   2574   2577
211    486    487   1048   1621   2445   2446
212    102   1049   2130   2133   2442   2443
213   1617   1618   2130   2232   2233
214   1615   1618   1621   2470   2473   2476
215    487    496   2474   2476
216   2233   2473   2525   2527
217    501    496    486   2571   2576   2577
219    501   2199   2470   2474   2525   2526
223   1301   2696   3375   3395   3396
224   1760   2696   2866   2878   2879
226   1301   1760   1762   3260   3263
227    292   3256   3262   3263   3372   3375
228   1762   2863   2866   3842   3844   3846
230    524   2002   2324   2325   2416   2417
231    313    524   2863   2879   2880
234    526   2004   2417   3842   3847   3849
235    293    526   3259   3262
240    537   1153   3449   3479   3480
241   1780   1782   3479   3784   3787   3788
243    544   3446   3480   3787   3789
244   1081   1692   1694   1801   1803
246    391   1693   1694   1781   1782
248    553    554   3446   3449
249    554    273    537   2044   2045   2048
250    544    553   1806   2048   2049
251    886   1692   1693   2045   2046
253   2039   2040   2054   2286   2287
254   1841   1842   2054   2307   2472   2473
255   1842   2043   2233   3106   3107
257   2472   2521   2525   2719   2721
258   1648   1649   2286   2704   2707
261   1293   1510   1843   1844
262   1289   1292   1507   1510   1513
263    438    584   1243   1290   1292
264    584   1513   1619   2444   2445
265    588   2808   3250   3252
266   1243   2549   2832   3253   3255
267   2119   2568   2808   2829   2830
268    588    246   1617   1843   1845   2118   2119
269   1507   1615   1619   1844   1845
270   2126   2873   3798   3801
271   2714   2799   2800   2871   2873
272    596   2690   2871   3801   3822   3823
273    544    597   3823   3824
274    596    597   3446   4118   4127   4128
275   1525   1528   2426   2427   2430
276    537    272   1706   1708
277   1859   2045   2426   2429   2432
279    612   1261   2950   3125   3127
280    947   1707   1708   3121   3122   3125
281   1855   1856   3056   3122   3124
284    623    612    624   2048   2050
285    625   2044   2050   2430   2432
286    623    625   1525   2950   3052   3053
287    624    554   1261   1706   1707
289   1355   2419   2425   2777   2781   2782
290    382    629   1355   1557   1558
291    632    629   3141   3144
294    636   1525   3149   3154   3156
295    231    636   2399   2430   2431
296    632    225   1553   1554   1557
297    641   2142   2173   2396   2397
298    642   2142   2679   3376   3398   3399
299    641    642   2284   2708   2722   2723
300   2679   2702   2707   2708   2763   2765
301   1301   2055   2056   2176   2395   2396
302   2051   2055   2287   2696   2764   2765
303   2173   2176   3370   3375   3376
304   2278   2283   2284   2395   2397
305   2270   2407   3173   3187   3188
306   2333   2335   2478   3185   3188   3191
307   3133   3438   3783   3790   3791
309   1785   1989   2329   2332   2335
310   2480   3190   3191   3475   3476   3479
311   2407   2408   3133   3151   3152
313    398   1779   1782   1785
314   1021   2046   2401   2431   2432
315    669   1716   2027   2028   2049   2050
316   1112   2024   3165   3183   3184
319    232   1021   1112   1801   1802
320    669    218    636    625
322   3142   3145   3850   3853   3856
323   1083   1086   2863   2911   2912
326   1761   1762   3226   3231   3232
327   1761   1809   2866   2910   2911
328    629    390   1808   2910   2912
329    632   1808   1809   3229   3232
331   1292   2621   2790   2905   3168   3182   3183
332   1512   1513   2619   2621
333   1294   1510   1552   3237   3239
334    690    389   2756   2906   2909   2912
335   1557   1559   1807   1808   1811
336   1807   1813   2906   2907   2910
338    890    892   1355   3980   3995   3996
339    700   1558   1559   3980   3981
341   2558   2756   2845   3282   3284
342    690    890    895   2557   2558
343    700   1811   1813   2208   2210
345   2557   3284   3996   3997
348   1846   2433   2439   2815   2840   2841
349   2545   2839   2840   3241   3246   3248
350   2805   2815   3246   3250   3251
351   1697   2756   2834   3248   3253   3254
352   2439   3275   4114   4119   4121
353   1697   2542   2545   2556   2558
354   1846   2805   2830   4121   4126   4127
355    433    524   1109   1112   1242   1243
358    584   2328   2615   2618   2621
360   1263   1710   1846   1847   1850
361   1220   1711   1850   2437   2439
362   1260   1263   1602   1605
363     33    736    737   1260   1710   1711
364    736   1221   1431   1487   2770   2772
365    737   1487   1602   2378   2380
369   1605   1847   2378   2811   2813   2815
372   1410   1476   1649   2798   2800
373   1830   3083   3085   3133   3157   3159
376    177   1476   2126   3850   3851   3854
378    189   1476   2867   2870   2873
380   1595   2286   2759   2762   2765
382    760   1586   2705   2708
384   1595   1648   2717   2798   2799
386    760   2628   2679   2680
387    597    553    624   1333   1336   1339
388    596   1336   2117   2566   2568
389    766   1333   1337   2117   2119
390    767   1256   1261   1263   1337   1339
391    766    767   1847   2805   2808
393   1705   1706   1850   3449   4118   4121
395   2785   2811   2816   3243   3246
397   2381   2779   2782   2783
398    774   1631   1635   2773   2776   2779
399    775    767   1605   1635   1636
400    774    247    588    766    775
401    776   2644   3112   3115   3116
402    782    776   2281   2722   2724
403   2192   2199   2642   3116   3119
404    785    501   3112   3118   3119
405    782    786   3115   3118
406    786    785   2278   2281   2474   2475
407   2308   2470   2472   2475
408   1194   1760   1761   2055   2057
409   1194   1550   3232   3237   3238
411   1546   1547   1550   1980   2056   2057
412   2176   2462   3263   3266   3267
414   1980   2391   2392   2395
417   1612   2106   2110   2411   2950   2953
418    623    669   1612   3034   3035   3038
420   1591   1595   1813   2038   2039
422    921   2051   2054   2057
423    921   1194   1807   1809   2038   2040
424   1934   2041   2111   3105   3107   3110
425    774   1922   1925   1934   1937
426   1839   1843   1922   1923   2041   2043
427   1333   1614   2296   3038   3040
428   2117   2118   2130   2296   2297
429   1618   1839   1842   1845
430    775   1337   1614   1937   2110   2111
432   2638   3054   3116   3123   3124
434   2577   2658   2659   3119   3122   3123
436   1553   1559   1922   1924   1927
437   1811   1927   2037   2038   2041
439    921   1550   1552   1839   1841   1844
440   1490   1492   1512   1619   1621
441   1490   1491   1980   2283   2475   2476
444   1336   2296   2298   3818   3820   3823
445   1988   2335   3262   3269   3270
446   1308   3024   3186   3188
447    284    526     84    181     16
449    776    825   3026   3176   3186   3187
450    825   2409   2953   3115   3126   3127
454   2173   2177   2182   2318   2461   2462
456   1634   2777   2779   3978   3980   3983
458    835   1634   2381   2391   2394   2397
460   2142   2181   2182   3994   3996   3999
461    641    835   3983   3998   3999
462    839   1635   1637   1930   1935   1937
463    700   1927   1930   1932   1934
466    839    843   3983   3984
467    843   1631   1634   1637
468    844    487   1486   1487   1490
469     32    486    844    736
470    998   1218   1431   1432
473   2181   2183   2352   2556   2557
474    419   1784   1785   2177   2180   2183
475    395    690   1691   1694   1697
477   1021   1691   1692   3245   3248
478   2182   2183   3373   3376
479    786    849    850   1602   1636   1637
480    850    737    844    496    785
481    835    843    849   2281   2284
482    760    642   1660   3277   3999   4000
483   3006   3189   3190   3277   3280
484    363    839    849    782    825
485    850   1256   1260   3118   3125   3126
486     34    295   1705   1708   1711
488   1658   2437   3273   3275   3277
489    612   1339   1612   1614
491   1507   1512   1546   1549   1552
492   1528   2419   2420   3147   3149
493   1691   1693   2538   2543   2545
494    890   2177   2178   2181
495   2118   2442   2562   2565   2568
496   1591   2762   2875   2907   2908
497   1841   2037   2040   2043
501   1546   3233   3237   3924   3950   3951
503   2322   2326   3393   3394   3397
506   1800   1801   2044   2046   2049
508   1042   2440   2443   2446
510   2794   2795   2798   3077   3084   3085
511   2110   3038   3109   3110
512   1079   2513   3777   3780   3781
515   1800   1802   2023   2024   2027
516   1648   2037   2039   3077   3107   3108
518   1615   1617   2440   2442   2445
521   1718   3030   3179   3181
523   2001   2654   2657   2662   2664
524   1214   1431   2433   2434   2437
525   2287   2307   2707   2719   2720
527   1256   1705   1707   1710
531   1553   1558   2773   2774   2777
533   1855   2649   2788   3946   3949   3952
536   1649   2077   3077   3080
539   2126   2794   2800   3435   3790   3792
541   3051   3053   3146   3149   3152
542   2023   2028   3178   3181   3184
544   1591   2208   2711   2716   2717
545   1631   1636   2377   2378   2381
547   2051   2056   2283   2307   2308
548   2716   2843   4123   4125
552   2106   2109   3085   3110   3111
553   3780   3791   3792   3854   3856
554   2329   2331   2461   3265   3266   3269
555   2322   2324   2495   2617   2618
556   1930   2106   2108   2111
558   1998   2412   2414   2417
559   3067   3236   3924   3927
562   2521   2524   2527   3080   3106   3108
564   2232   2297   3040   3105   3106   3109
565   2405   2407   2953   3051   3052
566   3145   3157   3158   3780   3783
567   2391   2396   2456   2459   2462
568   2192   2521   2523   2526
571   2426   2431   2740   2784   2785
572   2278   2308   2718   2719   2722
573   2419   2424   2456   2458   2461
574   2377   2780   2783   2813   2816
575   2433   2435   2556   3275   3283   3284
576   2604   2617   2771   2836   2838
577   2479   3007   3189   3191
578   2615   2617   2652   2788   2790
580   2538   2603   2835   2836   2839
581   2562   2564   2828   2829   2832
582   2571   2654   2656   2659
583   2763   2764   3393   3395   3398
584   2680   2743   2746   2759   2760   2763
585   2663   2788   2902   2905
586   2743   2748   2867   2868   2871
587   2759   2764   2874   2875   2878
588   2702   2718   2720   2723
589   2711   2794   2796   2799
590   2898   2905   3070   3927   3951   3952
591   2773   2775   2780   2782   2785
592   2828   2834   2845   4122   4123   4126
593   2828   2830   3249   3250   3253
594   2811   2835   2837   2840
595   3282   3283   4119   4123   4124
596   2867   2869   3794   3799   3801
597   2874   2879   2906   2908   2911
599   2898   3029   3178   3179   3182
600   3020   3022   3185   3186   3189
602   3034   3036   3083   3109   3111
603   3050   3052   3121   3124   3127
609   3098   3100   3921   3927   3928
610   3084   3105   3108   3111
612   3112   3121   3123   3126
613   3146   3151   3153   3154   3157
614   3139   3153   3155   3158
615   3162   3178   3180   3183
616   3169   3185   3187   3190
619   3226   3233   3235   3238
620   3241   3249   3251   3254
621   3256   3265   3267   3270
622   3273   3283   3994   3997   4000
628   3370   3393   3396   3399
630   3475   3478   3786   3787   3790
631   3475   3480   4114   4116   4118
652   3777   3786   3788   3791
653   3794   3818   3819   3822
656   3842   3850   3852   3855
661   3921   3946   3948   3951
663   3978   3994   3995   3998
671   4114   4122   4124   4127
cells 64
0      0      3      4      5      7     10     11     13     15     16     17     18     19     21     22
1     23     27     28     29     30     31     32     33     34     36    559    609    621
2     37      5     38     39     40     42     43     44     45    521    523    542    582    599
3     47     48     49     51     54     56     57     58     60     61     62     63    533    574    576    578
4     32     67     68     69     70     11     71     73     75     76     77     78     81    588
5     82     83     84     85     86     36     87     88     89     90     91    521    614    619
6     92     93     94     95     96     97     88    100    101    102    103    104    620
7    107    108     58    109    110    111    112    114    115    119    121    122    123    124      0    125    523
8    126    127    128    129    130    131     40    133    134    512    515    553    652    653
9    135    136    139    141    142    143    145    146    148    149    150    548    595    622    663
10    151    152     86     45    154     76    155    156     31    159    562    564    568    602    610
11    160    161    162    163    164    165    166    167    169    171    512    566    613    614
12    173    174    176    178    179    119    180    181    503    555    576    580    628
13    182    183    184    185     21    186    187    188    191    503    508    583    584    587
14    167    192    193    194     56    195     30    199    200     68    492    541    554    573
15    201    202    203    204    205    187    207    496    544    548    581    592
16     17    210     38    211    212    213    214    215    156    216    217    219    508    518
17    182    223    174    224    226    227     29    228    230    231    112    134    234    235
18    240    241    163    243    127    244    246    109    248    249    250    251    506
19    253    254    255    216    257    258     81    497    516    525    536    562
20    261    262    263    264    185    265    266    267    268    269    101    495    518    581    593
21    270    271    243    272    202    133    273    150    274    539    589    630    631    671
22    275     61    276    249    108    277    279    280    281    284    285    286    192    287    603
23    289    104    290    291    275    294     91    295    296    161     60    492    531    571    591
24    297    298    299    223    300    301    302    303    304    525    547    572    583    588    628
25    121    241    305    169    193    306    307    143    309    310    311    313    616    630    652
26    314    285    315    316     93    319    320    295     90    506    515    542    615
27     85    322     23    228    128    323    326    327    328    329    166    291    656
28    331    154     57    332    333    100     89    262    491    501    559    590    599    615
29    162    334    328    290    335    336    338    339    341    342    343    204    136    345
30    348    349    350    351    179    352    353    341    354    575    592    593    595    620    671
31    129    355    125    331    230    184     43    316     94    358    263    555    558    578    585
32    360    361    362    363    364    365    348     48     22    369    181    524    594
33    322     82    142    372    307    373    376     34     67    151    510    536    539    553    566
34    372     73    378    380    271     10    258    382    384    201    386    300    584    586
35    387    388    389    390    391    360    267    393    274    205    354    287    248    527
36    395    103    391    369    265    350    397    398    399    400    545    574    591
37     77    401    402    403    404    405    406    257    219    407    568    572
38    408    326    409    411    412    226    414    194     27     54    301    501    567    619    661
39    311    417    286    373    418    141    294     84    320    511    541    552    565    602    613
40    224    336    380    253    302    408    420    422    423    327    496    587    597
41    424    425    426     95    427    428    213    255    429    430    389    400    268    511    564
42    155     37    432    210     75    403    107    200    281    434    533    585    590    609    661
43    436    437    335    439    261    426    423    333    409    296     87     96    329    497
44    429    439    269    440    422    254    411    441    214     49    407    491    547
45    428    212    388    272    444    159     42    207     16    186    495    586    596    653
46    445    195     28     69    446      4    235    124    447    306    577    600
47    401    432    199    305    446     70    449    450    146    565    603    612
48    454     51    297    289    160    456    397    458    338    460    461    494    567    573    663
49    456    398    462    148    463    339    425     97    436    466    467    531
50    468    440    211    191    358    364     47     18    469    264    470    332    180
51    353    178    473    474    246    475    123    164    342    313    493    494
52    351    334    266    355    475    231    323    126     92    244    203    183    319    477    165    597
53    445    227    122    474    309    412    171    454    478    303    176    554    621
54    270      3    378    447     71    376     33    111     39    131    234    558    596    656
55    424    384    135    437    420    343    463    510    516    544    552    556    589    610
56    441    406    479    480    468    215    365    414    304    458     63    481    467    545
57    482    483    466    299    382    449     13    402     78    461    145    484    481    600    616
58      7    280    434    363    480    485    404    469    217    486    115    527    582    612
59    477    314    102    277     62    251    349    395    110    493    571    580    594
60    139    483    393    488    352    361    276    240    114    486     19    310    577    631
61     15    482    478    473    460    488    345    470    173    298    188    386    524    575    622
62    387    489    427    130     44    418    315     83    444    273    284    152    250
63    149    484    450    390    489    279    362    485    417    479    405    462    430    399    556
