vertices 383
     0 0.94759305575467 3.85651343947983 1.02844171576125
     2 1.33506988733194 0.03052674000597 1.57887648910885
     8 0.84275593915375 3.75284986955146 1.02873576759954
    11 0.19806620390485 0.13359419765187 1.03619875969325
    14 0.82362415408370 3.55027964614376 2.12646174109563
    16 0.24948580052320 0.11850515736243 2.29518370705937
    18 1.08471922105471 0.47496264191507 1.89590127864283
    36 3.84888049872067 0.09108295850664 1.68241405348626
    37 0.45507374392551 0.58756268996388 1.99852152701798
    41 0.19276329889113 0.25592056825376 2.24417358518906
    47 1.38802139099324 3.26062222652169 0.51931400108754
    52 1.62045306383509 0.16803755417551 0.19379901275688
    58 1.81815010596515 3.71043853877007 0.84381067066171
    59 1.49206979893416 3.70502558888484 0.65972396634023
    61 1.82055008784321 2.80861985582479 0.10136772592991
    69 1.01035431204883 2.89216383660239 2.63650563589883
    72 0.91358226306512 3.08595890457068 2.63808997735339
    76 1.13925754761775 3.60369204106217 2.88436107447561
    98 3.06316474696875 0.16093217799980 3.32140733279199
   115 1.00415818607361 3.18947751013680 0.68322312153981
   119 0.74307747431932 0.40396456522245 0.07490007679787
   134 2.60212752074670 2.67902086569139 3.22631518443667
   136 2.63885658146828 2.29765758651277 3.40315089033956
   139 1.61563769019662 2.12875718625021 3.06119040325227
   140 2.37280127978597 2.13944242205684 3.09802437664889
   143 1.97952454984358 1.90766624658075 3.20482939294051
   147 2.51599412672106 2.30467563324878 3.90705561057320
   149 2.62490394356140 2.55117336099197 2.24288628256548
   152 3.40439772013049 2.67587528677149 3.01281375115706
   156 2.61909796616242 2.05030440544474 2.22055453788865
   157 3.48044367809771 2.08179217193115 3.09731387115095
   163 3.56953292196196 2.23002847266130 2.72089792892222
   169 1.88554838809942 1.08003820782953 2.20337770226899
   171 1.25870723797416 0.91184920050858 2.13714923181000
   174 2.26791174989795 0.65028772383112 1.47955550413888
   177 2.21554816544023 0.20773886162305 1.42923884935665
   180 2.02322490127586 0.18432631896002 1.30677770036622
   185 1.81550714878437 3.94014377305294 1.41107366636378
   191 1.32678207050049 1.00492742211141 2.07500937852028
   195 1.25171098022822 2.19660230666388 1.93703368857025
   198 2.36229614372806 2.83532263398599 1.26923891236416
   199 2.38324664445014 2.95450457749455 1.59171799976890
   203 0.96027510562330 1.89189844302410 0.50013742847173
   214 3.79777898211276 1.86751755618680 0.37606276452082
   215 0.19627927242741 1.27082327454850 3.97632509013988
   220 0.49229343347046 1.19730960730112 0.00890600465544
   230 2.72786745495765 1.60160431400876 0.17701104038431
   231 2.22278428315638 1.89905051976258 1.27394896963572
   235 2.11905268891644 1.17933432560130 0.81551072914192
   236 2.55209260749529 2.17156520189022 0.92093592039347
   240 1.96669104093430 1.59450813877654 1.14377356761777
   241 2.58786128872302 1.94797656856189 1.02975905989296
   243 2.58232540984835 2.10583581029429 0.15366897026652
   254 2.96718920893729 0.69159966720660 1.18415034224801
   260 2.79459228727047 3.09075077404589 1.61488147572811
   261 3.02009479381606 2.95139555877053 1.87359144749174
   264 3.12934487418034 3.30075973000328 2.09278818830445
   277 1.54514523629740 0.83649008767278 0.37229739787233
   284 0.41071817823486 2.29042876199459 1.81476260622069
   288 0.19884500008271 0.21745122255492 2.87731151245164
   290 3.87506184204530 3.99312595923283 2.91231549511224
   291 0.04428022424391 3.11735780344042 3.17345987984301
   292 0.94697920538274 0.00706727032706 2.89783803038269
   295 0.08494994767045 0.21187396347655 2.71197301620074
   300 2.82034880911279 3.91910173031554 0.61440868391237
   310 1.03921376199472 1.30327570079456 2.16617990855531
   311 1.00572234508493 1.97319765096494 2.03043163258827
   315 1.11493975040979 1.64471885562833 2.36183773729956
   332 2.98693522353067 3.27098060145008 2.47244380047873
   336 3.90714197373558 2.11972908645112 2.54864248146841
   339 0.79416662282951 2.25861888395065 2.05996043383634
   343 1.96455326948537 1.63338239275163 3.00143078579214
   346 1.15082871923169 1.73462416690989 3.08024313128675
   347 1.56414223140972 1.85468170512151 2.95461177715207
   354 0.91590852273052 1.62501433675760 2.71600309995407
   356 2.69721787193540 2.21315643504108 0.06765985248095
   358 3.63572886258116 0.65531932037097 0.51979676796559
   364 0.06352499197025 0.10987666614514 0.89455429098151
   365 3.66764730211694 0.60866142445318 0.08740413626225
   376 3.03213188567770 1.86423421464064 1.33589422344158
   380 3.50656825601578 2.26176734925585 0.10683925990084
   394 0.20048493812959 0.91575695834355 2.86711338282663
   396 0.02936227234001 0.35117458180526 2.64110179070384
   399 0.15790036593879 1.29265099971854 2.69045864919248
   403 0.18021176244632 1.80870824775972 2.86288393446111
   405 3.99304499381615 1.80213553719271 3.20473482121043
   406 0.22897322816764 0.85383225460890 3.68645904900984
   408 0.34297268740243 0.76950033629573 3.12513884385920
   410 0.47380909289705 0.88077766921894 3.76375089340381
   413 3.14521092846308 3.32937604890566 3.91023852244855
   422 3.73335993117529 0.98139336594065 3.97814846846784
   425 0.05589210754114 1.07520823521133 3.76838749935475
   429 2.93425144707835 3.87077514090296 2.94254216664526
   432 2.18410350282926 0.98747586268542 3.14380664278339
   436 2.09503905373068 1.07325465397867 1.84795616773148
   439 2.73810159230318 1.44311471931307 0.58056703525802
   440 3.25970226546572 1.21692806870275 0.81529744697436
   447 3.49654261110730 3.16890068653344 3.88894528829232
   457 1.51928323368607 0.54883611895072 2.54163692460240
   460 2.43332144622733 3.43964714715677 0.43445767556528
   473 3.49384119584524 0.13825878968951 1.67276505000701
   481 2.31240819917820 1.88750539282527 1.93628032548234
   488 0.07518228770116 3.67413678218184 2.02801164560819
   489 0.21887024020041 3.50755490658483 1.97094135483842
   500 2.13743140311083 2.01866896449063 1.26898119559833
   502 2.24254649175528 2.26485715010707 1.07109675727032
   510 2.29095576785062 2.68990153700776 1.91795326603848
   513 0.02116829185800 2.94165682396904 0.48653341791815
   519 0.19079374832087 2.87815746587348 2.56889195409797
   524 1.45713582827980 0.98146963537863 1.52627024557008
   529 1.49346446485252 2.69497956077568 2.98850215364845
   538 2.79889766625995 3.15663624589025 0.15337514421978
   544 0.18923294218750 0.60090617171981 1.66058532678992
   545 3.89200215814409 0.28614220241201 1.80326943835022
   553 2.91969903839157 2.64451535103845 2.21190138715710
   557 0.82085475541941 1.29950417298362 2.66970149856760
   559 0.35566793651432 1.16019542539947 2.64358897485334
   568 2.90429104741151 2.87476431471622 2.52042509560546
   569 3.15405115381276 2.87385011392101 2.96043494403665
   571 2.94689425642507 3.65983887530169 0.57768787432796
   573 1.45473509750009 0.38270075000449 0.14812352504912
   581 0.52368002501400 2.35689055959026 2.50077315147320
   582 0.58300089242103 1.96478537488716 2.83565236386922
   587 2.96734748347292 1.61290208785995 0.04089681503894
   605 0.76864061813775 3.13818302736063 0.40094521847420
   611 3.52281138347713 0.36761300560382 1.80966444555773
   625 0.96748565916642 2.83511736893014 0.96777693443531
   629 3.29496207941520 0.49394933410602 2.71428974154064
   630 3.19804895447079 0.14171498850358 3.01117248193030
   635 3.18181463201773 2.95073372569139 2.99186409775237
   636 3.17870718371933 3.31515347631710 2.71879728282210
   640 1.93896513242695 1.27777754042225 3.36170169185686
   645 1.33249383566829 3.89907930610621 1.79934038827852
   647 2.82425982738982 3.89137810995996 3.19388861406060
   648 2.85743610333849 3.33693809305688 3.50525808628666
   649 3.00028666339969 2.11182681883911 3.43126245898355
   650 2.99128807535779 2.04619771431908 3.92538833202674
   658 0.55868353857959 0.02415738465548 0.88466195199496
   660 3.64819756743907 2.42682687515822 0.67125616392727
   662 3.96468483929688 2.77931384336881 0.75018494341861
   663 0.03305640956640 1.06267340289221 2.88964739466018
   667 0.76186194741966 2.08619047141971 3.17753002525270
   668 3.87974347452685 3.05091506725221 2.88521479873371
   669 3.71457674041609 3.39187567352843 2.65723564704201
   673 3.27896583532373 1.11767586699032 3.49799995790668
   674 3.87983753644465 1.25002834752687 3.32318993822990
   678 0.61277327820863 2.86760656517487 0.40952828857040
   681 0.35668297831457 0.53263190126452 1.20195123549418
   691 2.38642095377537 1.75437760139459 1.76759715426450
   692 2.83012559123321 1.72982685133576 1.77562215656117
   695 0.95662306304198 1.19879757067549 2.23903132240106
   696 0.48608004289422 1.06351175546536 2.18607575820277
   698 1.63902791733940 2.58952106773900 2.87525254878811
   701 1.98812384395212 0.67097447749394 3.09438316866290
   711 2.69158594337793 3.36356915194773 0.49489544257318
   717 1.84303478297879 1.03264352618433 1.47185273788125
   718 1.96199881832258 0.83834973530860 1.30879496804809
   723 2.11101167631066 2.15765141860085 1.77392477613436
   724 1.55584751288340 2.20343021978357 2.10558850481172
   725 2.98140735369663 2.55728159059962 0.33784775115594
   726 3.48087413800731 2.46776829581118 0.25675753530527
   731 0.83734806640230 2.00248457877857 0.40909593268271
   735 3.72884278220369 2.90479881460795 3.43366247320839
   736 3.48365568713937 2.82849926492836 3.06062523517611
   737 3.84069623312038 1.46908668134589 2.24190481338235
   738 0.14431457090084 1.30303507376406 1.85585283640232
   739 1.94524969739078 0.56902974417001 2.62178871439700
   740 2.10173761563950 0.77800723681267 2.49041058312909
   758 2.21193654179978 3.95716221046430 1.73111876039687
   760 3.39899739743681 2.29927606147740 3.26256385623552
   761 3.76361056338103 2.37465132550292 3.66653824080826
   762 0.27527445028519 1.70647770898391 3.94544641738790
   764 0.20078559379172 1.98198826732858 3.57035932111199
   777 3.34903738411413 0.09472753364486 3.76736304484344
   780 1.84411203470456 0.73957995641889 1.25469026624055
   783 1.76389534133692 3.72556394126456 1.84309261442912
   784 1.92258706345246 3.76354509213028 1.66046721211551
   791 1.95245048871665 2.92188954970908 2.15128123933784
   792 1.56908683155647 2.60691867976834 2.28704056157064
   795 3.69238890087585 2.77143535645870 0.07700203595189
   796 3.85573131127572 2.61696671410696 3.68832852164905
   797 1.92578111800053 1.51801862336231 2.38859665629708
   798 1.54038323114107 1.76874604109378 2.45541876590010
   799 3.57601733199286 3.49060750065347 0.03591896154976
   800 3.29855824554933 3.58774177906919 0.03794682910464
   806 0.96142348388187 3.12009754459191 0.01295484512243
   816 0.58331975840113 1.76936487093290 3.96735867535642
   817 0.47064794128756 2.07235048150569 3.55027336895610
   819 0.20098539198243 2.41418756913615 2.40939992226100
   821 1.27068606898337 2.68440053794602 1.07547532272316
   822 0.63331481014624 2.88211692190716 2.77261674013249
   826 3.17302047249762 0.55980928096886 0.68277277496210
   837 2.96789434839164 0.35664895393927 0.31799265817949
   838 2.54628416417621 1.17718012570513 0.59154161206053
   839 3.03627105903322 0.86261619425571 0.83221541600278
   842 1.14914015217267 3.77402931542849 3.51108572298157
   844 1.00051030842336 3.72443795088550 3.09010778163497
   847 3.86014121138317 2.03531411036042 0.73390249156668
   854 0.46035453431375 3.01992190965427 3.19197441434070
   862 1.81210816573991 3.15372959570199 3.40631006705915
   866 1.61925792435412 1.22647251279039 0.18777223678627
   869 3.77504487538377 0.07996430513287 3.71687815389275
   870 3.93352498457625 0.39411164078126 3.94508767685780
   871 3.87610259319740 3.44176044640595 0.48811509941271
   874 0.71815346558691 2.74180915645613 2.75685569005530
   877 3.90655755539013 3.80606255651973 3.81761662629734
   881 2.39254936649735 1.08645828882777 0.33303312856092
   882 2.80518894509879 3.64153954941500 1.68918807391904
   883 2.96386233785880 3.68884507542448 1.90811745149594
   884 1.98972079991370 1.07780811170149 0.50278638660008
   885 1.81013567953871 0.79420778805238 0.54671164748852
   890 3.21713172643929 0.99902027523359 1.58648050366823
   899 3.27408718318232 0.76756335511804 2.79483777939024
   900 3.06026812415130 0.92024518833178 3.35842834668089
   903 2.95773697185677 0.53917458873280 3.54250891258741
   904 3.24489532100102 0.36949583390449 3.91867440688729
   905 2.48571800114629 1.79867764568218 2.78841578757854
   907 0.98022723793410 1.51351381001329 0.30403317503902
   908 0.77605096145038 1.56638032192221 3.96124790944983
   909 1.78130622403072 3.24683032515645 1.82786276533148
   910 1.99087795537972 3.25671171541554 1.57861636062546
   911 2.63652647105462 0.92126485629766 3.50800769634227
   912 2.44031621294037 1.29697294762476 0.02905513533607
   913 2.27590254253201 1.08759170748930 2.89364265348558
   914 2.13517892114399 1.51550885710615 2.79856374258459
   915 3.33537966167545 0.94305768152607 1.70547553609571
   916 3.98612098376066 1.07805068547163 1.61255494621789
   917 0.02116890124501 3.26837888349361 2.10901766581402
   918 3.86809274811611 3.39910126787212 2.17715801809603
   920 1.16250466335065 0.44812874210770 1.62733456165675
   922 2.67813252615953 0.59742438861763 3.60951645149937
   923 2.58357766988622 0.53634188292632 0.11010776253473
   926 0.15535626893490 3.58660601093952 3.31285763537281
   927 3.98795279666476 0.00135614595851 3.06066690325905
   928 1.42642965792012 0.84951429987596 1.44074918037070
   933 2.29543440452196 0.20115707840848 2.28750389378518
   938 1.82201220178656 2.34367368407075 0.76538402693384
   941 0.80720956733069 3.54743156202813 3.67436575994396
   942 0.61660796038455 3.47069182684352 3.32639344762082
   946 2.31860981959856 0.84672309840676 1.84893376450144
   948 3.03619007206293 1.10852069770671 1.81274485316420
   949 3.29164635767652 2.77656866627012 1.69970843267531
   952 3.36036310221776 1.34961532217466 1.11481618137519
   954 3.92837835480596 2.96028316246742 1.83217216677527
   955 0.12966893713817 2.38307327854334 2.04501213170625
   957 0.89564822342242 3.91024340853228 2.27246916012649
   958 1.08483851917369 3.91060252964733 2.67010714272928
   959 1.30068574151952 3.18238061718403 0.02012846146744
   960 1.53922512959463 2.90881834112043 3.86077850520624
   966 2.34487911893224 0.63306909624649 2.27476341926662
   970 2.68219228525706 0.02762393528614 2.37377025103651
   971 2.65490721740711 3.85440382420630 2.58792110718472
   972 0.02202869001257 3.95993987267619 1.24043855995097
   977 1.48021436940578 0.27867351163838 3.75647311482162
   978 1.19175908713838 0.21178833167414 3.62412986962560
   980 2.10663930585196 0.13888625847106 2.48007447854853
   982 1.20925364405496 0.11060160192577 2.07626799948807
   983 1.43781108801246 0.14216727947481 2.40474690224286
   984 1.87458872086751 3.94827042510724 2.38360481344956
   989 3.86988850868724 3.93881581802329 1.06713011185577
   992 0.47259446494645 2.74155739204920 1.36896753739703
   995 3.14641423647868 3.61904129797979 0.96454015685666
   997 0.26460524686832 3.74066452759961 0.40343681360196
   998 0.28780001530112 3.95574149271959 0.54829014620729
  1000 0.31070512868926 2.12061699119127 0.88869290741587
  1001 0.39439651682156 2.56139884849790 0.92456018418119
  1002 0.28133560802313 3.87849900023622 0.16469435845673
  1003 0.29681411110727 0.05472255305304 0.23276603706722
  1007 2.83718863245128 1.63019688792212 2.85336992176386
  1010 0.27972778452979 3.44723508943955 1.59954420600767
  1011 0.10617395982221 3.08390643630134 1.51878978495945
  1012 3.24485851893021 2.08175833124340 1.34373238016212
  1015 3.76826128171774 3.09062290482973 1.12411951377085
  1016 3.69200335491776 3.53298304054275 0.90864699207306
  1018 3.10286383815888 0.48693346075674 2.40695941952222
  1019 3.09238281604542 1.80548536323374 3.20989115077631
  1020 3.08696177875355 1.26116016480755 3.49789882841030
  1021 2.93181702127210 1.03291318744134 3.35836430104342
  1022 2.76626838591863 1.15437936632217 2.92403644560360
  1023 2.23216622332359 3.92730385801334 2.67582103940711
  1025 0.79741277654579 2.05801501490410 0.58869977693009
  1026 0.69209991502155 2.61847579798549 0.74489263621960
  1028 3.75990675619281 1.97606392254506 2.27214686843340
  1030 3.06928270591355 0.92174614071225 2.58032565520321
  1032 3.26764561425447 1.28877597047240 2.24656418623652
  1036 3.87110741874895 2.12280943151403 1.99345087180901
  1037 3.34561160699861 2.30740630976011 1.82730821221778
  1038 2.97727520522691 0.75551758767656 2.37612216919330
  1039 3.14728392156633 1.05684044870949 1.94202208753093
  1040 3.73233793909923 1.79097035864669 1.09667432487009
  1043 1.01881162058428 3.49697388797259 1.84087105554786
  1047 2.73460815633126 2.89456115814513 1.10267187094764
  1048 0.74803212574819 3.41922492632589 1.48374095911005
  1049 0.84199075161209 2.91301453676696 1.32866079612406
  1050 3.21809722706300 2.82807938183356 1.34435520913947
  1051 2.93441092394608 3.02080342348324 1.30644191766428
  1057 1.67793784027375 3.40975455497897 3.03429509137630
  1059 1.99529198581468 3.68598422798766 2.61554510884511
  1060 3.17205669290501 2.46873542529159 1.09139029372707
  1061 2.88859830923965 2.51258980640410 0.93748036938048
  1071 1.27945879086979 2.41097210589365 3.68497278357931
  1073 1.20195535221976 1.49876691834921 3.31761796702999
  1091 0.69436639954311 0.49139631511671 1.12702688125082
  1096 0.72209157295772 0.14156779605269 0.89544684235256
  1097 0.94852575407543 0.46633057849200 0.37750018663679
  1098 1.74708215218881 3.01171525205353 3.09981207946913
  1100 1.30635238489510 2.40350537678250 3.25680142808779
  1101 0.84228904000864 2.37231250244834 3.22191651802268
  1105 1.68986651236019 1.24131180745590 3.45896426524191
  1106 1.63111965670733 0.73019158073470 3.28116813483178
  1109 1.75128522653298 3.45394357256670 3.33727371424458
  1113 0.76746150927874 2.70616618497104 3.91457369146754
  1115 0.85945328104665 2.50045537698039 3.84112368703386
  1120 1.42045889545820 3.66714246916180 3.62695777326232
  1121 1.61719197897617 0.09617105901637 3.80531637505054
  1122 0.54396003597292 2.62228345863986 3.60749810036153
  1123 0.61305642528327 2.51064949185207 3.58122844712283
  1124 0.73605258991826 0.81726743010229 3.25076633954071
  1125 1.08520791442712 0.47535009824483 3.18812605978046
  1127 1.29000147035737 0.68005207080283 3.06110699078587
  1128 1.00019161740245 1.03848663572353 3.08208144421649
  1131 1.46355574477328 1.83481346721754 0.38156344691043
  1133 2.36508823005718 2.17667973258251 0.00647893135372
  1134 1.89018158668740 2.33730515498114 0.19755272729407
  1135 2.07713523058031 1.43257943458130 3.87913455023337
  1136 1.73587433475076 1.27280149197664 0.26487878124046
  1137 1.96934659138983 1.84343811946827 3.80151140194301
  1138 1.64995191231568 2.05334634291656 0.01283764704914
  1140 2.38781802115134 2.59873817424347 2.96802045936012
  1141 2.54777831274332 2.74339588744025 2.54241948959761
  1142 0.70557502520511 1.07693642616472 0.85914975666084
  1143 0.78726568132846 1.11118339319467 0.48236998476420
  1145 1.93310290239871 2.80647845814073 2.90391035235079
  1146 2.11078345230511 3.01513141829888 2.49681304787184
  1147 0.97958170145381 0.84207400452899 0.56127821282710
  1148 0.86814979790333 0.86907878457072 0.90496929472470
  1164 3.11451118131260 1.77596997084930 2.36663389279573
  1166 2.92495149684675 1.96507478468854 2.14124572686100
  1167 3.42150761076041 2.08074344520908 2.37611762173599
  1168 3.17013313862098 2.25482944911970 2.13094688396351
  1169 2.03728706419409 3.96088432947049 0.72833136652992
  1170 2.37166503001316 3.86165257558511 0.50040024334855
  1172 2.21569005771812 0.15997628221436 0.19673644698104
  1173 1.93609943126357 0.23844849004120 0.37654129198816
  1174 0.04745443349653 1.23810728044421 1.29963331948753
  1176 0.24071420325773 0.97493234428641 1.01579388864333
  1177 3.61811564671261 1.40139856808737 1.03859073789555
  1205 2.94133739987165 0.06013115469672 1.05768081834755
  1206 3.10021174156903 0.28218245271004 1.05882397052419
  1212 3.06868803384099 3.92826881272150 1.15667287435565
  1213 3.27297445534756 0.09402792089318 1.19393521643367
  1224 0.92685173466377 1.94034745604929 0.63143030712926
  1229 0.89413221599438 1.61694269102529 1.78471528551772
  1238 0.78222579308770 1.50401171473182 1.09570092321092
  1239 1.09859899439264 1.52559984264998 1.39438484047187
  1332 1.58803769685494 2.06101931515745 0.86521105186498
  1333 1.75990397075903 1.89640930969494 1.11881213318049
  1335 1.45517589577233 1.95967610991422 1.23987377621065
  1336 1.40957304058245 2.12765749302343 0.96706358119168
  1337 1.29387598743704 3.05772095807677 1.84336131959167
  1339 1.10790503770989 2.79060703424408 1.51091526810831
  1345 1.24924510947733 2.74839653356738 2.18874683776494
  1346 1.08688260199950 2.44810302766586 1.96422945659759
  1352 1.94465023075317 3.30414070582929 0.78410854878998
  1354 1.98335808190117 3.06154057524475 1.11775273531033
  1355 1.67550175967559 3.07038650642448 0.61459635797770
  1356 1.66707826292578 2.81302553319525 0.89134235477338
  1377 2.15359396420967 3.77868376148908 3.46838025284410
  1378 2.07316207778076 0.04174139562615 3.64117721822572
  1385 2.25942130219764 0.23604758259229 3.37979208379275
  1386 2.33232372814410 3.99514051297799 3.23110362761317
  1395 3.57460319157587 1.41241226404791 0.40669460976383
  1396 3.78139057931170 1.16512086513541 0.27011449254703
  1400 3.54270777511842 1.25721923407591 0.69551937183067
  1401 3.74289221609887 1.02880182117366 0.56885018068251
  1437 0.28571015935999 1.61191714003984 1.39932197004558
  1439 0.31636028459565 1.63780449601785 1.57888762679795
  1440 0.19157554245352 1.78086468507463 1.35815728730975
  1441 0.22448882141695 1.84495909904234 1.59724138091761
  1450 2.34597843191057 2.95814859200987 3.85754903278274
  1451 2.49321143592803 3.17667314588691 3.96227934383360
  1455 2.35055778280768 3.05978674175156 3.62947936559767
  1456 2.46528563773439 3.24717344268094 3.68904326374238
edges 766
16      2      0
17      0      8
32     16     41
33     41     37
34     37     18
84     58     59
85     59     52
93     59     47
101     76     72
102     72     14
111     72     69
177    115     47
181     59      0
189    115      8
218    143    139
224    134    136
225    136    147
229    140    136
231    143    140
232    149    156
246    152    163
247    163    157
272    171    191
273    191    169
284    185      2
292    177    180
293    180    185
295    171     18
303    174    177
313    199    198
363    220    215
382    230    243
389    241    236
390    236    243
391    231    240
395    231    241
398    235    240
419    254    174
433    260    261
438    264    261
486     16    295
487    295    290
496    295    288
501    292    288
524    260    199
526     58    185
537    310    191
544    195    311
553    311    315
554    315    310
584    264    332
588    163    336
596    339    284
597    311    339
612    354    346
623    347    346
624    354    315
625    343    347
629    243    356
632    147    356
636    343    143
641    365    358
642    358    364
669    139    347
690    376    241
700    214    380
736     41    396
737    396    394
760     11    364
766    403    336
767    399    403
774    157    405
775    405    403
776    119    410
782    406    410
785    408    288
786    406    408
825    410    220
835    365    422
839    425    215
843    425    422
844    396    295
849    406    425
850    394    408
886    169    436
890    439    440
892    230    439
895    241    439
921    413    447
947    171    457
998     36    473
1021    156    481
1042    488    489
1045     36    488
1048     16    488
1049     14    489
1079    500    502
1081    231    500
1083    236    502
1086    198    502
1109    199    510
1112    149    510
1153    191    524
1172     69    529
1194    413    538
1214    544    545
1218     36    545
1220     37    544
1221     41    545
1242    149    553
1243    261    553
1256    557    559
1260    394    559
1261    354    557
1263    399    559
1289    568    569
1290    553    568
1292    332    568
1293    152    569
1294    134    569
1301    300    571
1307     52    573
1308    277    573
1333    581    582
1336    339    581
1337    403    582
1339    354    582
1355    230    587
1410    115    605
1431    545    611
1432    473    611
1476    115    625
1486    629    630
1487    396    629
1490    290    630
1491     98    630
1492    429    630
1507    635    636
1510    569    635
1512    429    636
1513    332    636
1525    343    640
1528    432    640
1540      2    645
1546    647    648
1547     98    647
1549    429    647
1550    413    648
1552    635    648
1553    649    650
1554    136    649
1557    356    650
1558    587    650
1559    380    650
1584      8    658
1586     11    658
1591    660    662
1595    513    662
1602    394    663
1605    399    663
1612    346    667
1614    582    667
1615    668    669
1617    519    668
1618    291    668
1619    636    669
1621    290    669
1631    673    674
1634    422    673
1635    405    674
1636    663    674
1637    425    674
1648    513    678
1649    605    678
1658    544    681
1660     11    681
1691    691    692
1692    481    691
1693    436    691
1694    231    691
1697    376    692
1705    695    696
1706    310    695
1707    557    695
1708    171    695
1710    559    696
1711     37    696
1716    139    698
1718    529    698
1729    432    701
1760    571    711
1761    538    711
1762    460    711
1779    717    718
1780    524    717
1781    436    717
1782    240    717
1784    174    718
1785    235    718
1800    723    724
1801    481    723
1802    510    723
1803    500    723
1806    195    724
1807    725    726
1808    356    725
1809    538    725
1811    380    726
1813    660    726
1830    203    731
1839    735    736
1841    447    735
1842    291    735
1843    152    736
1844    635    736
1845    668    736
1846    737    738
1847    399    737
1850    696    738
1853    739    740
1855    701    739
1856    457    739
1859    169    740
1920    177    758
1922    760    761
1923    152    760
1924    649    760
1925    157    760
1927    380    761
1930    762    764
1932    214    762
1934    761    764
1935    215    762
1937    405    764
1980     98    777
1988    180    780
1989    718    780
1998    783    784
2001    645    783
2002    758    784
2004    185    784
2023    791    792
2024    510    791
2027    724    792
2028    698    792
2037    795    796
2038    726    795
2039    513    795
2040    447    795
2041    761    796
2043    735    796
2044    797    798
2045    169    797
2046    481    797
2048    315    798
2049    724    798
2050    347    798
2051    799    800
2054    447    799
2055    571    800
2056    777    800
2057    413    800
2077    605    806
2106    816    817
2108    762    816
2109    731    816
2110    667    817
2111    764    817
2117    581    819
2118    519    819
2119    336    819
2126    625    821
2130    519    822
2133     72    822
2142    358    826
2173    826    837
2176    300    837
2177    838    839
2178    439    838
2180    235    838
2181    440    839
2182    826    839
2183    254    839
2192    842    844
2196     76    844
2199    292    844
2208    660    847
2210    214    847
2232    822    854
2233    291    854
2270    277    866
2278    869    870
2281    406    870
2283    777    869
2284    365    870
2286    513    871
2287    799    871
2296    581    874
2297    822    874
2298     69    874
2307    799    877
2308    869    877
2318    838    881
2322    882    883
2324    758    882
2325    260    882
2326    473    883
2328    264    883
2329    884    885
2331    881    884
2332    235    884
2333    277    885
2335    780    885
2352    254    890
2377    899    900
2378    663    899
2380    629    899
2381    673    900
2391    903    904
2392     98    903
2394    900    903
2395    777    904
2396    837    904
2397    365    904
2399    140    905
2401    156    905
2405    907    908
2407    866    907
2408    203    907
2409    220    908
2411    816    908
2412    909    910
2413    791    909
2414    783    909
2416    199    910
2417    784    910
2419    911    912
2420    432    911
2424    881    912
2425    230    912
2426    913    914
2427    432    913
2429    740    913
2430    343    914
2431    905    914
2432    797    914
2433    915    916
2434    611    915
2435    890    915
2437    544    916
2439    738    916
2440    917    918
2442    519    917
2443    489    917
2444    264    918
2445    669    918
2446    488    918
2451     18    920
2454      2    920
2456    922    923
2458    911    922
2459    903    922
2461    881    923
2462    837    923
2470    926    927
2472    877    926
2473    291    926
2474    288    927
2475    869    927
2476    290    927
2478    780    928
2479    920    928
2480    524    928
2495    758    933
2513    502    938
2521    941    942
2523    842    941
2524    806    941
2525    926    942
2526    844    942
2527    854    942
2538    946    948
2540    174    946
2542    890    948
2543    436    946
2545    692    948
2549    261    949
2556    890    952
2557    440    952
2558    376    952
2562    954    955
2564    949    954
2565    917    954
2566    284    955
2568    819    955
2571    957    958
2573     14    957
2574     76    958
2576     16    957
2577    292    958
2578    959    960
2579    806    959
2580     47    959
2583     61    960
2584    862    960
2602    740    966
2603    946    966
2604    933    966
2615    970    971
2617    933    970
2618    883    970
2619    429    971
2621    332    971
2625     36    972
2628     11    972
2638    977    978
2641    573    977
2642    842    978
2644    119    978
2649    739    980
2652    933    980
2654    982    983
2655     18    982
2656    957    982
2657    645    982
2658    457    983
2659    958    983
2662    783    984
2663    980    984
2664    983    984
2679    364    989
2680    972    989
2690    284    992
2696    571    995
2702    997    998
2704    605    997
2705    658    998
2707    871    997
2708    364    998
2711   1000   1001
2714    992   1001
2716    847   1000
2717    662   1001
2718   1002   1003
2719    877   1002
2720    997   1002
2721    941   1002
2722    870   1003
2723    998   1003
2724    119   1003
2740    905   1007
2743   1010   1011
2744    489   1010
2746    972   1010
2747    954   1011
2748    992   1011
2756    376   1012
2759   1015   1016
2760   1011   1015
2762    662   1015
2763    989   1016
2764    995   1016
2765    871   1016
2770    629   1018
2771    970   1018
2772    611   1018
2773   1019   1020
2774    649   1019
2775   1007   1019
2776    157   1019
2777    587   1020
2779    673   1020
2780   1021   1022
2781    911   1021
2782   1020   1021
2783    900   1021
2784    913   1022
2785   1007   1022
2788    980   1023
2790    971   1023
2794   1025   1026
2795    731   1025
2796   1000   1025
2798    678   1026
2799   1001   1026
2800    625   1026
2805    737   1028
2808    336   1028
2811   1030   1032
2813    899   1030
2815    737   1032
2816   1022   1030
2828   1036   1037
2829    955   1036
2830   1028   1036
2832    949   1037
2834   1012   1037
2835   1038   1039
2836    966   1038
2837   1030   1038
2838   1018   1038
2839    948   1039
2840   1032   1039
2841    915   1039
2843    847   1040
2845   1012   1040
2853    645   1043
2856     14   1043
2863    198   1047
2866    711   1047
2867   1048   1049
2868   1010   1048
2869   1043   1048
2870      8   1048
2871    992   1049
2873    625   1049
2874   1050   1051
2875   1015   1050
2877    949   1050
2878    995   1051
2879   1047   1051
2880    260   1051
2898   1057   1059
2900     76   1057
2902    984   1059
2905   1023   1059
2906   1060   1061
2907    660   1060
2908   1050   1060
2909   1012   1060
2910    725   1061
2911   1047   1061
2912    236   1061
2942    960   1071
2950    346   1073
2953    908   1073
3006    681   1091
3007    920   1091
3020   1096   1097
3021      0   1096
3022   1091   1096
3023    658   1096
3024    573   1097
3026    119   1097
3028    862   1098
3029   1057   1098
3030    529   1098
3034   1100   1101
3035    139   1100
3036   1071   1100
3037    529   1100
3038    667   1101
3040    874   1101
3050   1105   1106
3051    866   1105
3052   1073   1105
3053    640   1105
3054    977   1106
3056    701   1106
3067    862   1109
3070   1057   1109
3077    678   1113
3080    806   1113
3083   1071   1115
3084   1113   1115
3085    731   1115
3098   1120   1121
3099    842   1120
3100   1109   1120
3101    959   1120
3102    977   1121
3104     52   1121
3105   1122   1123
3106    854   1122
3107    796   1122
3108   1113   1122
3109   1101   1123
3110    817   1123
3111   1115   1123
3112   1124   1125
3115    410   1124
3116    978   1125
3118    408   1124
3119    292   1125
3121   1127   1128
3122    457   1127
3123   1125   1127
3124   1106   1127
3125    557   1128
3126   1124   1128
3127   1073   1128
3133    203   1131
3139   1133   1134
3141    147   1133
3142     61   1134
3144    243   1133
3145    938   1134
3146   1135   1136
3147    912   1135
3149    640   1135
3150    884   1136
3151   1131   1136
3152    866   1136
3153   1137   1138
3154   1135   1137
3155   1133   1137
3156    143   1137
3157   1131   1138
3158   1134   1138
3159   1071   1138
3162   1140   1141
3164    140   1140
3165    149   1141
3167    134   1140
3168    568   1141
3169   1142   1143
3173    907   1143
3176    220   1143
3178   1145   1146
3179   1098   1145
3180   1140   1145
3181    698   1145
3182   1059   1146
3183   1141   1146
3184    791   1146
3185   1147   1148
3186   1097   1147
3187   1143   1147
3188    277   1147
3189   1091   1148
3190   1142   1148
3191    928   1148
3241   1164   1166
3243   1007   1164
3245    156   1166
3246   1032   1164
3248    692   1166
3249   1167   1168
3250   1028   1167
3251   1164   1167
3252    163   1167
3253   1037   1168
3254   1166   1168
3255    553   1168
3256   1169   1170
3259     58   1169
3260    460   1170
3262    180   1169
3263    300   1170
3265   1172   1173
3266    923   1172
3267   1170   1172
3269    885   1173
3270   1169   1173
3271     52   1173
3273   1174   1176
3275    916   1174
3277    681   1176
3280   1142   1176
3282   1040   1177
3283   1174   1177
3284    952   1177
3370   1205   1206
3372    177   1205
3373    254   1206
3375    300   1205
3376    826   1206
3393   1212   1213
3394    882   1212
3395    995   1212
3396   1205   1212
3397    473   1213
3398    989   1213
3399   1206   1213
3435   1025   1224
3438    203   1224
3446    311   1229
3449    310   1229
3475   1238   1239
3476   1142   1238
3478   1224   1238
3479    524   1239
3480   1229   1239
3777   1332   1333
3780    938   1332
3781    500   1333
3783   1131   1332
3784    240   1333
3786   1335   1336
3787   1239   1335
3788   1333   1335
3789    195   1335
3790   1224   1336
3791   1332   1336
3792    821   1336
3794   1337   1339
3796    909   1337
3798    821   1339
3799   1043   1337
3801   1049   1339
3818   1345   1346
3819   1337   1345
3820     69   1345
3821    792   1345
3822   1339   1346
3823    339   1346
3824    195   1346
3842   1352   1354
3844    460   1352
3846    198   1354
3847     58   1352
3849    910   1354
3850   1355   1356
3851     47   1355
3852   1352   1355
3853     61   1355
3854    821   1356
3855   1354   1356
3856    938   1356
3921   1377   1378
3925   1172   1378
3927   1109   1377
3928   1121   1378
3946   1385   1386
3947    922   1385
3948   1378   1385
3949    701   1385
3950    647   1386
3951   1377   1386
3952   1023   1386
3978   1395   1396
3980    587   1395
3981    214   1395
3983    422   1396
3984    215   1396
3994   1400   1401
3995   1395   1400
3996    440   1400
3997   1177   1400
3998   1396   1401
3999    358   1401
4000   1176   1401
4114   1437   1439
4116   1238   1437
4118   1229   1439
4119   1174   1437
4121    738   1439
4122   1440   1441
4123   1040   1440
4124   1437   1440
4125   1000   1440
4126   1036   1441
4127   1439   1441
4128    284   1441
4154   1450   1451
4155    147   1450
4157     61   1450
4158    538   1451
4160    460   1451
4170   1455   1456
4171    862   1455
4172    134   1455
4173   1450   1455
4174   1377   1456
4175    648   1456
4176   1451   1456
polygons 447
0   1540   2451   2454   2655   2657
3     16     17   1540   2853   2869   2870
4     16   2454   3007   3021   3022
5   2573   2656   2657   2853   2856
7     32     33     34   2576   2655   2656
10   1584   1586   2628   2746   2868   2870
11     17   1584   3021   3023
13   1586   1660   3006   3022   3023
15   1214   1218   1658   1660   2625   2628
16   1049   2744   2856   2868   2869
17   1042   1048   1049   2573   2576
18     32   1045   1048   1218   1221
19     34   1220   1658   2451   3006   3007
21   1042   1045   2625   2744   2746
22     33   1214   1220   1221
23   3844   3852   3853   4154   4157   4160
27   3260   3267   3921   3925   4160   4174   4176
28     84     85   3259   3270   3271
29   3256   3259   3260   3844   3847
30   3104   3265   3271   3925   3928
31   2578   2584   3067   3100   3101
32     85     93   2580   3098   3101   3104
33     93     84   3847   3851   3852
34   2578   2580   2583   3851   3853
36   2583   2584   4157   4171   4173
37   2574   2659   2664   2898   2900   2902
38    101    102   2571   2573   2574
39   2001   2414   2853   3796   3799
40   2023   2413   3796   3819   3821
42    102    111   2856   3799   3819   3820
43   2413   2414   2662   2902   3182   3184
44   1172   1718   2028   3820   3821
45    111    101   1172   2900   3029   3030
47   1486   1492   2615   2619   2770   2771
48   2380   2770   2813   2837   2838
49   1491   1492   1547   1549
51   2394   2458   2459   2781   2783
54   1547   2392   2459   3946   3947   3950
56   1729   2420   2458   3947   3949
57   1549   2619   2790   3950   3952
58   1853   2602   2604   2649   2652
60   2420   2427   2780   2781   2784
61   1729   1853   1855   2427   2429
62   2429   2602   2784   2816   2836   2837
63   1486   1491   2377   2380   2392   2394
67    177   1410   2077   2579   2580
68   1307   2641   3102   3104
69     85    181   1307   3020   3021   3024
70   2638   2641   2644   3024   3026
71    177    189     17    181     93
73    189   1410   1584   2702   2704   2705
75   2638   2642   3098   3099   3102
76   2523   2524   2579   3099   3101
77   2523   2642   2644   2718   2721   2724
78   2705   2723   2724   3020   3023   3026
81   2077   2524   2704   2720   2721
82   2583   2942   3142   3158   3159
83   1716   1718   3035   3037
84    218   3035   3036   3153   3156   3159
85   3139   3141   3142   4155   4157
86   2584   2942   3028   3030   3036   3037
87    224    225   4155   4172   4173
88    229    224   3164   3167
89   3028   3167   3179   3180   4171   4172
90    218    231   1716   3164   3180   3181
91    229    231    225   3141   3155   3156
92    232   1242   3245   3254   3255
93    232   2399   2401   3162   3164   3165
94   1242   1290   3165   3168
95    246    247   1923   1925
96    224   1293   1294   1554   1923   1924
97   1924   1925   2774   2776
100   1289   1294   3162   3167   3168
101    246   1289   1290   1293   3249   3252   3255
102   2401   2740   3241   3243   3245
103    247   2775   2776   3243   3251   3252
104    229   1554   2399   2740   2774   2775
107   1856   2649   2658   2663   2664
108    272    273    947   1853   1856   1859
109    273    886   1153   1780   1781
110    886   1859   2543   2602   2603
111    284   1540   1998   2001   2004
112    292    293   1920   2002   2004
114    295    272   1153   2451   2479   2480
115    295    947   2654   2655   2658
119    303   1920   2495   2540   2603   2604
121   1779   1780   1989   2478   2480
122    292    303   1784   1988   1989
123   1779   1781   1784   2540   2543
124    284    293   1988   2454   2478   2479
125   1998   2002   2495   2652   2662   2663
126    313   1079   1086   1109   1802   1803
127   1800   1803   1806   3781   3788   3789
128   1086   2513   3846   3855   3856
129   1109   2024   2412   2413   2416
130   1806   2027   3818   3821   3824
131   2412   3794   3796   3798   3849   3854   3855
133   3786   3789   3792   3798   3822   3824
134    313   2416   3846   3849
135   1932   2108   2109   2210   2716   2795   2796
136   2210   2843   3282   3981   3995   3997
139   3273   3280   3476   4116   4119
141   1830   2109   2405   2408   2411
142   1830   2795   3435   3438
143   2408   3169   3173   3438   3476   3478
145    363   3169   3176   3280   3984   3998   4000
146   2405   2409   3173   3176
148   1932   1935   3978   3981   3984
149    363   1935   2108   2409   2411
150   2796   3435   3478   4116   4124   4125
151   2578   2579   2942   3080   3083   3084
152   1172   2298   3034   3037   3040
154   3028   3029   3067   3070
155   2192   2196   2900   3070   3099   3100
156    101   2133   2196   2232   2526   2527
159    111   2133   2297   2298
160    892   2178   2318   2424   2425
161    382   2425   3144   3147   3154   3155
162    389    390    382    892    895
163    391   1081   3781   3784
164    395    398    391    895   2178   2180
165    389    395   1079   1081   1083
166    390   1083   2513   3139   3144   3145
167   2331   2424   3146   3147   3150
169    398   2332   3150   3151   3777   3783   3784
171   2180   2318   2331   2332
173   1432   2352   2434   2435   3373   3397   3399
174   1920   2324   3372   3394   3396
176    419    303   3370   3372   3373
178    419   2352   2538   2540   2542
179   2435   2542   2839   2841
180   1432   2326   2618   2771   2772
181   2434   2772   2835   2838   2841
182   2325   2878   2880   3394   3395
183    433   2549   2874   2877   2880
184    438    433   2322   2325   2328
185    438   2440   2444   2549   2564   2565
186   2443   2565   2743   2744   2747
187   2564   2747   2760   2875   2877
188    998   2625   2680   3397   3398
191    998   1045   2326   2328   2444   2446
192   1528   1729   3050   3053   3056
193   2270   2329   2333   3150   3152
194   2456   3266   3925   3947   3948
195   1307   1308   2333   3269   3271
199   1308   2270   2641   3050   3051   3054
200   3054   3056   3102   3928   3948   3949
201   2714   2717   2748   2760   2762
202   2690   2711   2714   4122   4125   4128
203   2832   2834   2877   2908   2909
204   2208   2843   2845   2907   2909
205   2566   2829   4126   4128
207   2562   2566   2690   2747   2748
210   2196   2199   2574   2577
211    486    487   1048   1621   2445   2446
212    102   1049   2130   2133   2442   2443
213   1617   1618   2130   2232   2233
214   1615   1618   1621   2470   2473   2476
215    487    496   2474   2476
216   2233   2473   2525   2527
217    501    496    486   2571   2576   2577
219    501   2199   2470   2474   2525   2526
223   1301   2696   3375   3395   3396
224   1760   2696   2866   2878   2879
226   1301   1760   1762   3260   3263
227    292   3256   3262   3263   3372   3375
228   1762   2863   2866   3842   3844   3846
230    524   2002   2324   2325   2416   2417
231    313    524   2863   2879   2880
234    526   2004   2417   3842   3847   3849
235    293    526   3259   3262
240    537   1153   3449   3479   3480
241   1780   1782   3479   3784   3787   3788
243    544   3446   3480   3787   3789
244   1081   1692   1694   1801   1803
246    391   1693   1694   1781   1782
248    553    554   3446   3449
249    554    273    537   2044   2045   2048
250    544    553   1806   2048   2049
251    886   1692   1693   2045   2046
253   2039   2040   2054   2286   2287
254   1841   1842   2054   2307   2472   2473
255   1842   2043   2233   3106   3107
257   2472   2521   2525   2719   2721
258   1648   1649   2286   2704   2707
261   1293   1510   1843   1844
262   1289   1292   1507   1510   1513
263    438    584   1243   1290   1292
264    584   1513   1619   2444   2445
265    588   2808   3250   3252
266   1243   2549   2832   3253   3255
267   2119   2568   2808   2829   2830
268    588    246   1617   1843   1845   2118   2119
269   1507   1615   1619   1844   1845
270   2126   2873   3798   3801
271   2714   2799   2800   2871   2873
272    596   2690   2871   3801   3822   3823
273    544    597   3823   3824
274    596    597   3446   4118   4127   4128
275   1525   1528   2426   2427   2430
276    537    272   1706   1708
277   1859   2045   2426   2429   2432
279    612   1261   2950   3125   3127
280    947   1707   1708   3121   3122   3125
281   1855   1856   3056   3122   3124
284    623    612    624   2048   2050
285    625   2044   2050   2430   2432
286    623    625   1525   2950   3052   3053
287    624    554   1261   1706   1707
289   1355   2419   2425   2777   2781   2782
290    382    629   1355   1557   1558
291    632    629   3141   3144
294    636   1525   3149   3154   3156
295    231    636   2399   2430   2431
296    632    225   1553   1554   1557
297    641   2142   2173   2396   2397
298    642   2142   2679   3376   3398   3399
299    641    642   2284   2708   2722   2723
300   2679   2702   2707   2708   2763   2765
301   1301   2055   2056   2176   2395   2396
302   2051   2055   2287   2696   2764   2765
303   2173   2176   3370   3375   3376
304   2278   2283   2284   2395   2397
305   2270   2407   3173   3187   3188
306   2333   2335   2478   3185   3188   3191
307   3133   3438   3783   3790   3791
309   1785   1989   2329   2332   2335
310   2480   3190   3191   3475   3476   3479
311   2407   2408   3133   3151   3152
313    398   1779   1782   1785
314   1021   2046   2401   2431   2432
315    669   1716   2027   2028   2049   2050
316   1112   2024   3165   3183   3184
319    232   1021   1112   1801   1802
320    669    218    636    625
322   3142   3145   3850   3853   3856
323   1083   1086   2863   2911   2912
326   1761   1762   4158   4160
327   1761   1809   2866   2910   2911
328    629    390   1808   2910   2912
329    632   1808   1809   4154   4155   4158
331   1292   2621   2790   2905   3168   3182   3183
332   1512   1513   2619   2621
333   1294   1510   1552   4170   4172   4175
334    690    389   2756   2906   2909   2912
335   1557   1559   1807   1808   1811
336   1807   1813   2906   2907   2910
338    890    892   1355   3980   3995   3996
339    700   1558   1559   3980   3981
341   2558   2756   2845   3282   3284
342    690    890    895   2557   2558
343    700   1811   1813   2208   2210
345   2557   3284   3996   3997
348   1846   2433   2439   2815   2840   2841
349   2545   2839   2840   3241   3246   3248
350   2805   2815   3246   3250   3251
351   1697   2756   2834   3248   3253   3254
352   2439   3275   4114   4119   4121
353   1697   2542   2545   2556   2558
354   1846   2805   2830   4121   4126   4127
355    433    524   1109   1112   1242   1243
358    584   2328   2615   2618   2621
360   1263   1710   1846   1847   1850
361   1220   1711   1850   2437   2439
362   1260   1263   1602   1605
363     33    736    737   1260   1710   1711
364    736   1221   1431   1487   2770   2772
365    737   1487   1602   2378   2380
369   1605   1847   2378   2811   2813   2815
372   1410   1476   1649   2798   2800
373   1830   3083   3085   3133   3157   3159
376    177   1476   2126   3850   3851   3854
378    189   1476   2867   2870   2873
380   1595   2286   2759   2762   2765
382    760   1586   2705   2708
384   1595   1648   2717   2798   2799
386    760   2628   2679   2680
387    597    553    624   1333   1336   1339
388    596   1336   2117   2566   2568
389    766   1333   1337   2117   2119
390    767   1256   1261   1263   1337   1339
391    766    767   1847   2805   2808
393   1705   1706   1850   3449   4118   4121
395   2785   2811   2816   3243   3246
397   2381   2779   2782   2783
398    774   1631   1635   2773   2776   2779
399    775    767   1605   1635   1636
400    774    247    588    766    775
401    776   2644   3112   3115   3116
402    782    776   2281   2722   2724
403   2192   2199   2642   3116   3119
404    785    501   3112   3118   3119
405    782    786   3115   3118
406    786    785   2278   2281   2474   2475
407   2308   2470   2472   2475
408   1194   1760   1761   2055   2057
409   1194   1550   4158   4175   4176
411   1546   1547   1550   1980   2056   2057
412   2176   2462   3263   3266   3267
414   1980   2391   2392   2395
417   1612   2106   2110   2411   2950   2953
418    623    669   1612   3034   3035   3038
420   1591   1595   1813   2038   2039
422    921   2051   2054   2057
423    921   1194   1807   1809   2038   2040
424   1934   2041   2111   3105   3107   3110
425    774   1922   1925   1934   1937
426   1839   1843   1922   1923   2041   2043
427   1333   1614   2296   3038   3040
428   2117   2118   2130   2296   2297
429   1618   1839   1842   1845
430    775   1337   1614   1937   2110   2111
432   2638   3054   3116   3123   3124
434   2577   2658   2659   3119   3122   3123
436   1553   1559   1922   1924   1927
437   1811   1927   2037   2038   2041
439    921   1550   1552   1839   1841   1844
440   1490   1492   1512   1619   1621
441   1490   1491   1980   2283   2475   2476
444   1336   2296   2298   3818   3820   3823
445   1988   2335   3262   3269   3270
446   1308   3024   3186   3188
447    284    526     84    181     16
449    776    825   3026   3176   3186   3187
450    825   2409   2953   3115   3126   3127
454   2173   2177   2182   2318   2461   2462
456   1634   2777   2779   3978   3980   3983
458    835   1634   2381   2391   2394   2397
460   2142   2181   2182   3994   3996   3999
461    641    835   3983   3998   3999
462    839   1635   1637   1930   1935   1937
463    700   1927   1930   1932   1934
466    839    843   3983   3984
467    843   1631   1634   1637
468    844    487   1486   1487   1490
469     32    486    844    736
470    998   1218   1431   1432
473   2181   2183   2352   2556   2557
474    419   1784   1785   2177   2180   2183
475    395    690   1691   1694   1697
477   1021   1691   1692   3245   3248
478   2182   2183   3373   3376
479    786    849    850   1602   1636   1637
480    850    737    844    496    785
481    835    843    849   2281   2284
482    760    642   1660   3277   3999   4000
483   3006   3189   3190   3277   3280
484    363    839    849    782    825
485    850   1256   1260   3118   3125   3126
486     34    295   1705   1708   1711
488   1658   2437   3273   3275   3277
489    612   1339   1612   1614
491   1507   1512   1546   1549   1552
492   1528   2419   2420   3147   3149
493   1691   1693   2538   2543   2545
494    890   2177   2178   2181
495   2118   2442   2562   2565   2568
496   1591   2762   2875   2907   2908
497   1841   2037   2040   2043
501   1546   3950   3951   4174   4175
503   2322   2326   3393   3394   3397
506   1800   1801   2044   2046   2049
508   1042   2440   2443   2446
510   2794   2795   2798   3077   3084   3085
511   2110   3038   3109   3110
512   1079   2513   3777   3780   3781
515   1800   1802   2023   2024   2027
516   1648   2037   2039   3077   3107   3108
518   1615   1617   2440   2442   2445
521   1718   3030   3179   3181
523   2001   2654   2657   2662   2664
524   1214   1431   2433   2434   2437
525   2287   2307   2707   2719   2720
527   1256   1705   1707   1710
531   1553   1558   2773   2774   2777
533   1855   2649   2788   3946   3949   3952
536   1649   2077   3077   3080
539   2126   2794   2800   3435   3790   3792
541   3051   3053   3146   3149   3152
542   2023   2028   3178   3181   3184
544   1591   2208   2711   2716   2717
545   1631   1636   2377   2378   2381
547   2051   2056   2283   2307   2308
548   2716   2843   4123   4125
552   2106   2109   3085   3110   3111
553   3780   3791   3792   3854   3856
554   2329   2331   2461   3265   3266   3269
555   2322   2324   2495   2617   2618
556   1930   2106   2108   2111
558   1998   2412   2414   2417
559   3067   3927   4170   4171   4174
562   2521   2524   2527   3080   3106   3108
564   2232   2297   3040   3105   3106   3109
565   2405   2407   2953   3051   3052
566   3145   3157   3158   3780   3783
567   2391   2396   2456   2459   2462
568   2192   2521   2523   2526
571   2426   2431   2740   2784   2785
572   2278   2308   2718   2719   2722
573   2419   2424   2456   2458   2461
574   2377   2780   2783   2813   2816
575   2433   2435   2556   3275   3283   3284
576   2604   2617   2771   2836   2838
577   2479   3007   3189   3191
578   2615   2617   2652   2788   2790
580   2538   2603   2835   2836   2839
581   2562   2564   2828   2829   2832
582   2571   2654   2656   2659
583   2763   2764   3393   3395   3398
584   2680   2743   2746   2759   2760   2763
585   2663   2788   2902   2905
586   2743   2748   2867   2868   2871
587   2759   2764   2874   2875   2878
588   2702   2718   2720   2723
589   2711   2794   2796   2799
590   2898   2905   3070   3927   3951   3952
591   2773   2775   2780   2782   2785
592   2828   2834   2845   4122   4123   4126
593   2828   2830   3249   3250   3253
594   2811   2835   2837   2840
595   3282   3283   4119   4123   4124
596   2867   2869   3794   3799   3801
597   2874   2879   2906   2908   2911
599   2898   3029   3178   3179   3182
600   3020   3022   3185   3186   3189
602   3034   3036   3083   3109   3111
603   3050   3052   3121   3124   3127
609   3098   3100   3921   3927   3928
610   3084   3105   3108   3111
612   3112   3121   3123   3126
613   3146   3151   3153   3154   3157
614   3139   3153   3155   3158
615   3162   3178   3180   3183
616   3169   3185   3187   3190
620   3241   3249   3251   3254
621   3256   3265   3267   3270
622   3273   3283   3994   3997   4000
628   3370   3393   3396   3399
630   3475   3478   3786   3787   3790
631   3475   3480   4114   4116   4118
652   3777   3786   3788   3791
653   3794   3818   3819   3822
656   3842   3850   3852   3855
661   3921   3946   3948   3951
663   3978   3994   3995   3998
671   4114   4122   4124   4127
673   4154   4170   4173   4176
cells 64
0      0      3      4      5      7     10     11     13     15     16     17     18     19     21     22
1     23     27     28     29     30     31     32     33     34     36    559    609    621    673
2     37      5     38     39     40     42     43     44     45    521    523    542    582    599
3     47     48     49     51     54     56     57     58     60     61     62     63    533    574    576    578
4     32     67     68     69     70     11     71     73     75     76     77     78     81    588
5     82     83     84     85     86     36     87     88     89     90     91    521    614
6     92     93     94     95     96     97     88    100    101    102    103    104    620
7    107    108     58    109    110    111    112    114    115    119    121    122    123    124      0    125    523
8    126    127    128    129    130    131     40    133    134    512    515    553    652    653
9    135    136    139    141    142    143    145    146    148    149    150    548    595    622    663
10    151    152     86     45    154     76    155    156     31    159    562    564    568    602    610
11    160    161    162    163    164    165    166    167    169    171    512    566    613    614
12    173    174    176    178    179    119    180    181    503    555    576    580    628
13    182    183    184    185     21    186    187    188    191    503    508    583    584    587
14    167    192    193    194     56    195     30    199    200     68    492    541    554    573
15    201    202    203    204    205    187    207    496    544    548    581    592
16     17    210     38    211    212    213    214    215    156    216    217    219    508    518
17    182    223    174    224    226    227     29    228    230    231    112    134    234    235
18    240    241    163    243    127    244    246    109    248    249    250    251    506
19    253    254    255    216    257    258     81    497    516    525    536    562
20    261    262    263    264    185    265    266    267    268    269    101    495    518    581    593
21    270    271    243    272    202    133    273    150    274    539    589    630    631    671
22    275     61    276    249    108    277    279    280    281    284    285    286    192    287    603
23    289    104    290    291    275    294     91    295    296    161     60    492    531    571    591
24    297    298    299    223    300    301    302    303    304    525    547    572    583    588    628
25    121    241    305    169    193    306    307    143    309    310    311    313    616    630    652
26    314    285    315    316     93    319    320    295     90    506    515    542    615
27     85    322     23    228    128    323    326    327    328    329    166    291    656
28    331    154     57    332    333    100     89    262    491    501    559    590    599    615
29    162    334    328    290    335    336    338    339    341    342    343    204    136    345
30    348    349    350    351    179    352    353    341    354    575    592    593    595    620    671
31    129    355    125    331    230    184     43    316     94    358    263    555    558    578    585
32    360    361    362    363    364    365    348     48     22    369    181    524    594
33    322     82    142    372    307    373    376     34     67    151    510    536    539    553    566
34    372     73    378    380    271     10    258    382    384    201    386    300    584    586
35    387    388    389    390    391    360    267    393    274    205    354    287    248    527
36    395    103    391    369    265    350    397    398    399    400    545    574    591
37     77    401    402    403    404    405    406    257    219    407    568    572
38    408    326    409    411    412    226    414    194     27     54    301    501    567    661
39    311    417    286    373    418    141    294     84    320    511    541    552    565    602    613
40    224    336    380    253    302    408    420    422    423    327    496    587    597
41    424    425    426     95    427    428    213    255    429    430    389    400    268    511    564
42    155     37    432    210     75    403    107    200    281    434    533    585    590    609    661
43    436    437    335    439    261    426    423    333    409    296     87     96    329    497    673
44    429    439    269    440    422    254    411    441    214     49    407    491    547
45    428    212    388    272    444    159     42    207     16    186    495    586    596    653
46    445    195     28     69    446      4    235    124    447    306    577    600
47    401    432    199    305    446     70    449    450    146    565    603    612
48    454     51    297    289    160    456    397    458    338    460    461    494    567    573    663
49    456    398    462    148    463    339    425     97    436    466    467    531
50    468    440    211    191    358    364     47     18    469    264    470    332    180
51    353    178    473    474    246    475    123    164    342    313    493    494
52    351    334    266    355    475    231    323    126     92    244    203    183    319    477    165    597
53    445    227    122    474    309    412    171    454    478    303    176    554    621
54    270      3    378    447     71    376     33    111     39    131    234    558    596    656
55    424    384    135    437    420    343    463    510    516    544    552    556    589    610
56    441    406    479    480    468    215    365    414    304    458     63    481    467    545
57    482    483    466    299    382    449     13    402     78    461    145    484    481    600    616
58      7    280    434    363    480    485    404    469    217    486    115    527    582    612
59    477    314    102    277     62    251    349    395    110    493    571    580    594
60    139    483    393    488    352    361    276    240    114    486     19    310    577    631
61     15    482    478    473    460    488    345    470    173    298    188    386    524    575    622
62    387    489    427    130     44    418    315     83    444    273    284    152    250
63    149    484    450    390    489    279    362    485    417    479    405    462    430    399    556
