vertices 382
     0 0.70351534159591 3.99230326402594 1.24983939247928
     2 1.09289952667349 0.19326997302015 1.80366850315248
     8 0.61208428475074 3.90090381347862 1.24921984956542
    11 0.04157059567385 0.26607028844831 1.23052813450524
    14 0.61577300873511 3.66379830425152 2.38640328322506
    16 0.04090342929940 0.21083469502285 2.54773078643561
    18 0.89433655961381 0.53260857169375 2.13007967598219
    36 3.62587669864088 0.14795944076812 1.94739575227937
    37 0.26652384564752 0.67535157416433 2.21021103264541
    41 3.98197782954992 0.35621310292134 2.48187624463291
    47 1.17746398822301 3.35759423497337 0.77418866991030
    48 1.87264606872507 3.23058283404915 1.03101916820255
    52 1.40941860530889 0.24244971634041 0.34471928488404
    54 1.73485605465555 3.33165360088789 1.12587386539374
    58 1.66102843238273 3.80501126110700 1.09102324244906
    59 1.27604694083498 3.78870935961856 0.87535053976455
    61 1.68211607193792 2.91239341283253 0.37101703668467
    66 1.19662173752617 3.05557144902799 1.98174604020489
    68 1.21733138608661 2.76284955317161 2.22016180256961
    69 0.81677677061700 3.00450883072669 2.89104752909522
    72 0.72540942160743 3.17623105209782 2.90962164397078
    73 0.96247078358886 2.84486924307728 2.30346756900391
    76 0.95497976966694 3.63985630293006 3.12262094633604
    98 2.86934871143089 0.26086925403996 3.56726667215327
   115 0.82971714199438 3.28331109502983 0.89912703840287
   119 0.47946476626983 0.51460843802947 0.37008032637628
   134 2.45311174009016 2.85204749463099 3.44482882813554
   136 2.47621170891581 2.36445161093279 3.63556681843357
   139 1.48460827450422 2.20824539361796 3.32137822863384
   140 2.14949041720323 2.22661245960563 3.31061453627002
   143 1.74071288104523 2.04044684161775 3.43250456241673
   147 2.41561420222960 2.36665942227754 0.03877066956098
   149 2.39826854518949 2.74346704781552 2.36579886526488
   152 3.28984289071096 2.65289835925701 3.21893522602739
   156 2.39604164867544 2.13673614388998 2.35305339787258
   157 3.34159397827598 2.15103508951135 3.35306010927797
   163 3.40796993604196 2.30954054751310 2.95516551478490
   169 1.63316367857670 1.23164897608858 2.31280278293316
   171 1.09345210225834 0.95602171853560 2.36139620423031
   174 2.05970427144488 0.75154874885532 1.66488598443878
   177 2.01600412769992 0.29153104097794 1.62218657698109
   180 1.85263458743064 0.26514956299690 1.51494472256667
   185 1.69138330300091 0.07996277017586 1.60211993991974
   191 1.23466113246849 1.16056129407214 2.21566402071357
   195 1.28832386643446 2.36998630386483 2.10193624149212
   198 2.34403675016338 2.95419454913072 1.38649082156054
   199 2.34437649379061 3.10542189861778 1.75949013670433
   202 0.67370057131523 1.71307484951771 1.71714378143461
   203 1.01043818462836 1.89732843022382 0.61791948126464
   204 0.88738759255958 1.55723459767397 1.45190236976432
   214 3.81408903902163 1.87417087915170 0.62724578290413
   215 0.16324746583427 1.40352541374317 0.27547606507341
   220 0.32916607261092 1.32546197316923 0.27951579479933
   224 0.68187286845229 1.82582011623161 1.70911905732693
   230 2.63972479793140 1.71765507072877 0.36223080282286
   231 2.05584986180073 1.99093564632657 1.50563525595265
   235 2.02047648970066 1.24300385335094 0.96585056213983
   236 2.53297218468678 2.19311377554484 1.08513254812810
   240 1.78801368944185 1.65510278532481 1.31932612127027
   241 2.54594433167821 1.99603362983136 1.19756866551988
   243 2.55913123631293 2.06736313353558 0.37599179172591
   254 2.73789922678066 0.76933180441003 1.42267905901272
   260 2.62552898799894 3.21712236029704 1.78907874076947
   261 2.83619433942276 3.07361820073509 2.11018088792042
   264 2.94638124673184 3.43101266612211 2.34205346450287
   277 1.38697055411008 0.82495654893533 0.51215796721914
   284 0.22794233493296 2.41535660504553 2.02454753525534
   288 0.02433691115107 0.30947953704909 3.11903795633628
   290 3.68061756018605 0.08472614322473 3.14222312212575
   291 3.85788637397938 3.18446511164434 3.39274512084335
   292 0.72022045640426 0.10840427812764 3.15029131812622
   295 3.89981885460411 0.30581760585731 2.93065434417352
   300 2.69759253573273 0.00747710537372 0.80753620912994
   310 0.93980037941268 1.43697296139080 2.31051120911414
   311 0.88221675723572 2.05478226184113 2.16916355535618
   315 0.99968541277387 1.70224147194330 2.46347584843909
   332 2.76754366952843 3.41055908129219 2.73306490577938
   336 3.72814587537984 2.20886739200213 2.72578171504708
   339 0.56906651909864 2.38937738132153 2.30140331241226
   343 1.66836795035433 1.80451051721999 3.30920945313882
   346 0.96650041870601 1.71615643614837 3.28165179452472
   347 1.43077337949632 1.91089540070533 3.19365419628118
   354 0.74826457487571 1.63595906569785 2.88375525817473
   356 2.69038118995166 2.17615718220773 0.27944378239182
   358 3.42222320584763 0.76413462185766 0.74803684710413
   364 3.92024639915598 0.24462839790671 1.08976490086994
   365 3.50331724625112 0.74924773227534 0.29203908003462
   376 2.90203761387796 1.91017029773535 1.48460052198697
   380 3.42089425084034 2.26638345568339 0.35110789243613
   394 0.01285298359488 0.95608534687003 3.05768467013023
   396 3.84151590656694 0.46137532484074 2.84720845403634
   399 3.97258649253820 1.43804455130450 2.84055355515828
   403 0.01534690876755 1.86448085880402 3.01018721478689
   405 3.83028268617504 1.84837723636763 3.39934449165163
   406 0.01136131449767 0.95214964224853 3.96405406822942
   408 0.15208396909900 0.80928823256809 3.31929551014000
   410 0.25778190001874 0.97180316775159 0.04507175819195
   413 3.01474699256331 3.33888539183901 0.12684464405969
   422 3.53441741468665 1.01566183225049 0.21127487709028
   425 3.91277995825728 1.09968209655449 3.99918195480019
   429 2.72488216313167 3.96508849063663 3.16902938851526
   432 1.99574543494374 1.08899797837150 3.37231361698299
   436 1.83560779732398 1.22775915828215 2.00740310209632
   439 2.63573890897135 1.51200526651319 0.80217535623460
   440 3.04678032543070 1.22080351737487 1.01955488339395
   447 3.35189278942021 3.22060627482304 0.10703001302412
   457 1.31688216822969 0.64717944916586 2.73473038331108
   460 2.25093505611477 3.49294306466569 0.65941732527115
   466 2.12447952853106 0.15774604305720 3.60427955671828
   471 2.91881515751388 0.10404333216805 1.45134215268483
   473 3.24752680422216 0.20143991145504 1.93683637219378
   481 2.08611347256808 2.00255418241227 2.08814406361182
   488 3.83979536155281 3.75478781531421 2.28371001666837
   489 3.93588922322153 3.64384053808362 2.24133358513294
   500 1.99631125661374 2.11416789158279 1.50461407024615
   502 2.16903582593159 2.36820445012580 1.25152515227224
   510 2.19728055096077 2.79404151660887 2.15376345142711
   513 3.89737639333133 2.97578051143248 0.69252539545610
   519 3.92596455376084 2.99732323940105 2.84562256605605
   524 1.31805357138237 1.12680597930122 1.75066521036706
   529 1.37126264153924 2.88320006570973 3.14247953313752
   538 2.74724099558495 3.15465067084487 0.31018342302764
   544 3.97764632822116 0.67704138842308 1.85262436614654
   545 3.67576291734979 0.36027012913504 2.05140875506810
   553 2.68978623579588 2.85028215236810 2.36148861744514
   557 0.67151886005355 1.35406959247480 2.83638555700837
   559 0.22762901550570 1.24261152290363 2.78346826181585
   566 1.08065413997722 1.95575900102220 1.16772549911628
   568 2.64895139453251 3.09243581297692 2.74497288669071
   569 2.87875898603209 3.01293759066580 3.17866130482312
   571 2.83965580401662 3.70870402739289 0.77716344801417
   573 1.29734903261907 0.39169116650112 0.31487556143664
   581 0.33839752259508 2.39240149627026 2.71648769395106
   582 0.38528275234280 1.99381287573998 3.00684613414231
   587 2.82855136900195 1.72075270027029 0.24834578873275
   605 0.62290871737033 3.20604857059243 0.62614933674206
   611 3.30569977957984 0.45919457734429 2.06689809312582
   625 0.81930338753668 3.05842388877752 1.10205498129448
   629 3.07988407863153 0.62560571364949 2.93155953226930
   630 2.99437637030496 0.24526591949627 3.24375701666812
   635 2.93161787125914 3.10902826387399 3.21983922874558
   636 2.93447762077434 3.43946835164675 2.96268210831280
   640 1.67797692158444 1.40637348525740 3.61609415202716
   645 1.09498683531003 0.00591174877943 2.11423809788237
   647 2.62521346999941 3.99063278875876 3.44807848499268
   648 2.70234830571283 3.35858592412298 3.70003140709703
   649 2.89714463601613 2.10990096493138 3.64244172803661
   650 2.87079890257130 2.04577518383403 0.17724841107610
   658 0.30541379671692 0.18147541367290 1.11065694375781
   660 3.55137234993568 2.43572788404162 0.86715715064306
   662 3.84883330902103 2.81360459930800 0.95141890973119
   663 3.80104002403043 1.16042973593886 3.09528443573296
   667 0.63069732193968 2.11080981975360 3.47202567718405
   668 3.69545337725301 3.12610160040601 3.12710448129175
   669 3.50869174149188 3.48901466049723 2.88991850334836
   673 3.11614568262709 1.21431373251510 3.68115232144408
   674 3.69897262015703 1.32726895935861 3.49112409805273
   678 0.49637916549009 2.94909634106196 0.63227232961347
   681 0.12944262520080 0.60765031843221 1.40191110915221
   685 1.04750560886613 2.02508439561372 1.20408705905487
   691 2.15175635041707 1.86453213958624 1.93015591713630
   692 2.67330786988581 1.80603852023338 1.96096552479270
   695 0.79101992075142 1.25238781888012 2.46319464271071
   696 0.33230108133223 1.14312402997349 2.39035520827071
   698 1.47596588591218 2.81248006921795 3.04818980709621
   701 1.78407810123972 0.74932418841001 3.30520756202517
   711 2.59404880941269 3.40486011038286 0.72311639850751
   717 1.65684392783663 1.18203491407474 1.69701731033221
   718 1.80436840405553 0.90558615553882 1.49469354334739
   723 1.96831766616446 2.21951076412829 1.97201340627848
   724 1.42110175516548 2.34737495849594 2.20260546008976
   725 2.95878718241559 2.51342608468713 0.54340950420530
   726 3.38775460185443 2.45431429677139 0.48789448062974
   731 0.78243709673434 2.09802913605903 0.48756283154827
   735 3.59935341886367 2.98587363556143 3.60494860110050
   736 3.40951933714428 2.93119732043952 3.29689120177683
   737 3.68000663817843 1.58672712256576 2.43076125313885
   738 3.98457540258918 1.37839114370822 2.02442522750960
   739 1.74092347335645 0.65502089024361 2.80941387001912
   740 1.89058576295491 0.85222556315733 2.68031173382105
   749 1.50623273538487 3.13815077489546 0.99346114075465
   758 2.01361731418413 0.05333998274406 1.90311790795643
   760 3.30252267791487 2.28642363056909 3.46355059946421
   761 3.68010552621838 2.38821740755011 3.88842720960244
   762 0.21373658131078 1.74830561947499 0.20864457611572
   764 0.09192876193333 2.02750212941630 3.79301737370097
   777 3.14988857691718 0.19813334249243 3.96083039505457
   780 1.67540499063255 0.77741482273921 1.43695200673603
   783 1.58622889388802 3.83749334034161 2.14900793840484
   784 1.81838373743416 3.91698464570500 1.85949431161832
   791 1.78973310990200 3.03218563991683 2.34006479604341
   792 1.40552286745084 2.72682255929313 2.36233218263777
   793 1.98877742549808 0.02285751924404 3.76060439761507
   795 3.58891004400583 2.78832487863856 0.29946808922182
   796 3.76084803427634 2.64256869450335 3.90730510266626
   797 1.68458890880495 1.66390462108974 2.50989802080273
   798 1.39663616277371 1.84191429989703 2.56714992564649
   799 3.42664619214189 3.53827730363433 0.26225143993156
   800 3.14598091150217 3.62074492754847 0.26961677268225
   804 1.65788728095131 3.03299034723593 0.90208207208684
   806 0.81052228266768 3.18662452941829 0.27393657795881
   816 0.51243320674836 1.80723872624206 0.17343790218371
   817 0.48849395025421 2.12225599851052 3.74735535841951
   819 3.93733272249694 2.45297082785684 2.62502577459066
   820 1.31987546392832 2.26641621550314 1.31172213516275
   821 1.20794077038741 2.91291798884744 1.24362677215872
   822 0.47893539030521 2.99351500024240 3.05222511807003
   826 2.99699239416276 0.60548291895672 0.84960883241276
   830 1.42859598845283 1.98960145145259 1.12073984508020
   837 2.79824406002447 0.40944804209040 0.50295377565554
   838 2.39151807250935 1.22922546001293 0.79722717851198
   839 2.83575778270390 0.94280206858995 1.03012066404796
   842 0.93576272702125 3.83085924207061 3.75677143153887
   844 0.79455124523598 3.77465928694034 3.37712004368276
   847 3.82957653350464 2.07219143991688 0.94306240944226
   854 0.33312714822540 3.09370169860428 3.41398644559799
   862 1.65006996628540 3.31820694844391 3.66704413003865
   866 1.41838368604494 1.32258396231931 0.23089092985358
   869 3.59524975671206 0.18516064099476 3.91497572275375
   870 3.75991526927613 0.58091464527045 0.18596114178861
   871 3.71748778579079 3.50727855347305 0.68497763666743
   874 0.57468481504564 2.84643544208915 3.02744197708986
   875 0.27248453975676 2.02065253516507 1.65520103179172
   877 3.75053883552696 3.86569821353105 0.03789246225903
   881 2.20028201842969 1.12433548353389 0.49196417631294
   882 2.63185015079087 3.76813267683221 1.87944947614123
   883 2.79520243145203 3.81933089776322 2.14806184254408
   884 1.91652744539098 1.14310440201482 0.62117430896187
   885 1.65643052498358 0.78419650624656 0.67591233415471
   890 3.00988349807148 1.07504300242493 1.75736868198204
   899 3.05845423446913 0.88320281500765 3.00671068438234
   900 2.87679241030846 1.01008060067399 3.51516156841255
   903 2.78039802351779 0.55208686967072 3.73965079853230
   904 3.05452197565602 0.43060559997417 0.08299131924971
   905 2.25859143981298 1.87758303529052 3.00082351960202
   907 0.89737996880780 1.55404595473089 0.44092891054014
   908 0.61428153543680 1.59611184588621 0.17267959003237
   909 1.63651065280738 3.36175083361352 2.05790477477729
   910 1.86212029782931 3.45014059310759 1.77350899171267
   911 2.39164588371559 1.02425853029535 3.68432841629269
   912 2.23876970176567 1.35061452272472 0.17338301206008
   913 2.08874714384001 1.19813408825049 3.12349734282665
   914 1.93842781163343 1.64378338038096 3.01898144782727
   915 3.16405730157028 1.00350532421956 1.91547305363800
   916 3.79325217503619 1.08856223419592 1.78213577098130
   917 3.73635416232412 3.39959019460849 2.38868192998184
   918 3.63907013669506 3.48979717448421 2.43362149071691
   920 0.98073251243612 0.49315786276003 1.82862416424423
   922 2.46403968475318 0.60056421344611 3.81743044581315
   923 2.38483080886474 0.56785456030893 0.27837757925029
   926 3.97758425068618 3.67640360725753 3.55436782533425
   927 3.80541818051490 0.09508942727939 3.30366336422892
   928 1.26075800564224 0.88391340589735 1.61145753038177
   933 2.07007545416761 0.28006576199532 2.51131514044422
   937 1.51064616975051 2.17652987629504 1.20876714998742
   938 1.74895823598443 2.46403745443758 0.95913618413763
   941 0.64287334782165 3.62594244548401 3.89447439239016
   942 0.48189038393371 3.55672904534882 3.57001425959762
   946 2.08798830272114 0.97117988038441 2.03432530768324
   948 2.81633237989136 1.22635195447411 2.01612788077520
   949 3.16192320557659 2.85620752229797 1.92827419697205
   952 3.16961965112772 1.35153868193064 1.31397008175875
   954 3.64618983137202 3.01112950617215 2.06060317601888
   955 3.86857617859877 2.45279720485811 2.28070027646470
   957 0.71543396123108 3.97840514703123 2.51600460508987
   958 0.89051428947995 3.98439907549816 2.84674370590137
   959 1.12183650073050 3.26340230654946 0.28628072884587
   960 1.38472314864012 3.00981329176709 0.13773374749743
   961 3.78275434840372 1.50131357547089 0.69383873852066
   965 3.00595123821245 0.05146042363045 1.28482268353200
   966 2.09445020959531 0.73765573090609 2.50962283992359
   968 3.47270300441723 1.30243636590117 0.60326870832372
   969 3.41218446928563 1.15499164271614 0.85482078449751
   970 2.48990412573036 0.11748034840811 2.61187956110607
   971 2.46472776127502 3.94480373234346 2.82074457065441
   972 3.80512780757811 0.01228454901707 1.51652017723152
   977 1.29891999385284 0.30592799218102 0.00890222166101
   978 0.97700400942332 0.25075135004144 3.86453048577859
   980 1.90993759067835 0.21244831361137 2.66605531343025
   982 1.00125706426735 0.15635985271579 2.32979676679024
   983 1.19266893538075 0.18823386850881 2.59626705274885
   984 1.66109705435700 3.99641543553404 2.56992841235981
   986 2.80881650900809 0.22164085206498 1.35303727322559
   987 2.89173645946367 0.17197628046683 1.19304261158244
   989 3.61961907964156 3.98011220379140 1.27492555483626
   992 0.21791969343296 2.92004357388930 1.62728747706713
   995 3.03777804142572 3.69460631927284 1.13534381904237
   997 0.08800999868653 3.78472938639598 0.61742249525525
   998 0.11324444498418 0.14399979827952 0.87626111045547
  1000 0.25842054024755 2.30483737518332 1.10748738557764
  1001 0.22151670501474 2.68038259955101 1.10850719026947
  1002 0.10596837899395 3.93429057845080 0.35907231876358
  1003 0.12884271174766 0.26955978000504 0.48766074716439
  1004 2.03300016623955 0.17183159860258 3.54240433754412
  1007 2.60805646625808 1.70321728460546 3.06489867704916
  1010 0.02894805797202 3.57525698099832 1.81633746755007
  1011 3.86824870933963 3.16145574365063 1.71323208268567
  1012 3.11867347942225 2.11507662268474 1.49637668729339
  1015 3.59275538440777 3.14580119673768 1.35962380880365
  1016 3.49316308168883 3.61732431298420 1.11878817896676
  1018 2.91007852732176 0.61418097971246 2.66394020351909
  1019 2.93631566694478 1.89535945731924 3.47841816181987
  1020 2.90887194566796 1.40082219818637 3.69285258866190
  1021 2.71457972651884 1.14875028320749 3.52002342566665
  1022 2.55825427821615 1.26273120011932 3.14288138988765
  1023 2.02373530716073 0.01250987823665 2.87715475140881
  1025 0.63943142878819 2.31438368837174 0.90201026843857
  1026 0.55152838228661 2.76948469346085 0.91146236476492
  1028 3.57613123979312 2.08051638704900 2.45288089867728
  1030 2.86510414252847 1.02373981158051 2.80167612057861
  1032 3.07588377490266 1.38867856170431 2.44225631527155
  1035 0.11888690872317 1.61094958662461 1.69337048769865
  1036 3.64258858848277 2.20385836231880 2.23197944964224
  1037 3.19541966880975 2.35831064973795 2.05622562335837
  1038 2.78456811237591 0.87609011702812 2.63099757045929
  1039 2.95719984123223 1.16197406210064 2.18300467264699
  1040 3.72913264572951 1.81463247445145 1.28066473358928
  1041 0.03931623873509 1.82799852443045 1.67039263306746
  1043 0.77841379890626 3.60345984456522 2.10747739210648
  1044 0.95464075350690 3.13530286893055 2.04071720637340
  1047 2.62765417811933 3.00289557315869 1.27150270610511
  1048 0.50943058101340 3.54209580482150 1.73231924103723
  1049 0.59401072639798 3.20428782432395 1.64598004057586
  1050 3.11370005221997 2.90922425142130 1.53194467084247
  1051 2.80271946206211 3.13445202923610 1.46370175483757
  1052 3.66789902116236 1.30451944173125 1.18144247970025
  1054 3.86243605899729 1.20024008928297 1.33448579281398
  1055 3.76025831102960 1.39398977945523 1.16267224890079
  1056 3.92737400167002 1.28841349187678 1.30244607548391
  1057 1.48090970790350 3.50031012078874 3.23346000606310
  1059 1.78902317864233 3.75852003627320 2.81975856605015
  1060 3.07447823783137 2.46556107869665 1.24109490142932
  1061 2.84251619812416 2.49507465244107 1.08988364143614
  1071 1.20317473930757 2.57041009031989 0.00904876680313
  1073 0.98832906973956 1.43884836012119 3.48405639357470
  1091 0.47820443762768 0.56226204319273 1.31019568956334
  1096 0.47846482348035 0.29369415345989 1.11976974221224
  1097 0.68413892841007 0.56204734925301 0.64161248388731
  1098 1.56111525767148 3.14031711414821 3.23644779788836
  1100 1.19264151254128 2.48400704303084 3.52838200025456
  1101 0.73214837994724 2.40147620442766 3.53434613154541
  1105 1.45552236983293 1.28252906505400 3.66743283565097
  1106 1.44836248724057 0.81144925430107 3.48022164773241
  1109 1.56601085725449 3.57314588604981 3.59858766615187
  1111 1.91496604236783 0.03227832422283 3.71470092232340
  1113 0.67211095214444 2.82519787404552 0.20123617275703
  1115 0.84802242139775 2.51932792300510 0.09630046245055
  1120 1.22173302718792 3.74573105806927 3.87901674427683
  1121 1.39375342748208 0.17570006808577 0.03731908955078
  1122 0.41992386981134 2.69990113813710 3.82120991109411
  1123 0.61946262736532 2.42480985092855 3.76453014929701
  1124 0.54966321747780 0.86212439465445 3.43943421339585
  1125 0.86193929113614 0.53686739930574 3.39345704395882
  1127 1.10276414503339 0.77563430743960 3.24183353400037
  1128 0.83574637411868 1.10098745165249 3.26003361530131
  1131 1.36155834665930 1.93040920278332 0.57883524620929
  1133 2.19841963103400 2.21620808752615 0.17912695219121
  1134 1.75282230343748 2.42872735850751 0.42495149265631
  1135 1.82192872191644 1.54973910060115 0.04742683781538
  1136 1.60262667179816 1.45171920470847 0.30556185909833
  1137 1.84137008928396 2.00253617508740 0.01498056110947
  1138 1.56457903203472 2.24704238077345 0.28878279728241
  1140 2.15909272398469 2.78869712403887 3.14001015922843
  1141 2.28988341859753 2.96329596960844 2.74799136542582
  1142 0.60378578170024 1.15398111305688 1.06565223166668
  1143 0.65451212937179 1.17436981145238 0.73368146049604
  1145 1.71456886573843 2.99053982611763 3.06816462278200
  1146 1.90958520031285 3.15360270268001 2.72207085734428
  1147 0.77358472233547 0.91721376267992 0.79378715193232
  1148 0.70594283623089 0.95242330123038 1.08494662494222
  1160 2.16182159104699 3.21770569116743 0.11358418269491
  1161 2.38479118192127 3.09121984540518 0.02760641994048
  1162 2.12677034190910 3.33086373615519 3.89351083136299
  1163 2.38595264031990 3.17580202495403 3.82446486610227
  1164 2.94040229278490 1.83029640871902 2.50336911039809
  1166 2.76574495956595 2.00761257310902 2.25564418387271
  1167 3.24406315458652 2.13245920141700 2.51833276126519
  1168 3.03566637864962 2.29535111781533 2.26653439504827
  1169 1.86488986189249 0.02524163830714 0.95517744252849
  1170 2.20145856443720 3.91657570272841 0.71058923106383
  1172 2.04486460761851 0.21455044325735 0.36666560383536
  1173 1.75419821886363 0.31039413144553 0.54340951394295
edges 764
16      2      0
17      0      8
32     16     41
33     41     37
34     37     18
84     58     59
85     59     52
87     48     54
88     54     58
93     59     47
101     76     72
102     72     14
105     66     68
110     73     68
111     72     69
112     69     73
177    115     47
181     59      0
189    115      8
218    143    139
224    134    136
225    136    147
229    140    136
231    143    140
232    149    156
246    152    163
247    163    157
272    171    191
273    191    169
284    185      2
292    177    180
293    180    185
295    171     18
303    174    177
313    199    198
319    198     48
323    195     68
342    224    202
343    202    204
363    220    215
382    230    243
389    241    236
390    236    243
391    231    240
395    231    241
398    235    240
419    254    174
433    260    261
438    264    261
486     16    295
487    295    290
496    295    288
501    292    288
524    260    199
526     58    185
536    202    310
537    310    191
544    195    311
545    311    224
553    311    315
554    315    310
584    264    332
588    163    336
595     73    339
596    339    284
597    311    339
612    354    346
623    347    346
624    354    315
625    343    347
629    243    356
632    147    356
636    343    143
641    365    358
642    358    364
669    139    347
690    376    241
700    214    380
736     41    396
737    396    394
760     11    364
766    403    336
767    399    403
774    157    405
775    405    403
776    119    410
782    406    410
785    408    288
786    406    408
825    410    220
835    365    422
839    425    215
843    425    422
844    396    295
849    406    425
850    394    408
886    169    436
890    439    440
892    230    439
895    241    439
921    413    447
947    171    457
957     48    460
991    471    473
998     36    473
1021    156    481
1042    488    489
1045     36    488
1048     16    488
1049     14    489
1079    500    502
1081    231    500
1083    236    502
1086    198    502
1109    199    510
1112    149    510
1151    204    524
1153    191    524
1172     69    529
1194    413    538
1214    544    545
1218     36    545
1220     37    544
1221     41    545
1242    149    553
1243    261    553
1256    557    559
1260    394    559
1261    354    557
1263    399    559
1283    203    566
1284    204    566
1289    568    569
1290    553    568
1292    332    568
1293    152    569
1294    134    569
1301    300    571
1307     52    573
1308    277    573
1333    581    582
1336    339    581
1337    403    582
1339    354    582
1355    230    587
1410    115    605
1431    545    611
1432    473    611
1476    115    625
1486    629    630
1487    396    629
1490    290    630
1491     98    630
1492    429    630
1507    635    636
1510    569    635
1512    429    636
1513    332    636
1525    343    640
1528    432    640
1540      2    645
1546    647    648
1547     98    647
1548    466    647
1549    429    647
1550    413    648
1552    635    648
1553    649    650
1554    136    649
1557    356    650
1558    587    650
1559    380    650
1584      8    658
1586     11    658
1591    660    662
1595    513    662
1602    394    663
1605    399    663
1612    346    667
1614    582    667
1615    668    669
1617    519    668
1618    291    668
1619    636    669
1621    290    669
1631    673    674
1634    422    673
1635    405    674
1636    663    674
1637    425    674
1648    513    678
1649    605    678
1658    544    681
1660     11    681
1671    566    685
1673    224    685
1691    691    692
1692    481    691
1693    436    691
1694    231    691
1697    376    692
1705    695    696
1706    310    695
1707    557    695
1708    171    695
1710    559    696
1711     37    696
1716    139    698
1718    529    698
1729    432    701
1760    571    711
1761    538    711
1762    460    711
1779    717    718
1780    524    717
1781    436    717
1782    240    717
1784    174    718
1785    235    718
1800    723    724
1801    481    723
1802    510    723
1803    500    723
1806    195    724
1807    725    726
1808    356    725
1809    538    725
1811    380    726
1813    660    726
1830    203    731
1839    735    736
1841    447    735
1842    291    735
1843    152    736
1844    635    736
1845    668    736
1846    737    738
1847    399    737
1850    696    738
1853    739    740
1855    701    739
1856    457    739
1859    169    740
1891     47    749
1894     54    749
1920    177    758
1922    760    761
1923    152    760
1924    649    760
1925    157    760
1927    380    761
1930    762    764
1932    214    762
1934    761    764
1935    215    762
1937    405    764
1980     98    777
1988    180    780
1989    718    780
1998    783    784
2001    645    783
2002    758    784
2004    185    784
2023    791    792
2024    510    791
2027    724    792
2028    698    792
2029     68    792
2033    466    793
2037    795    796
2038    726    795
2039    513    795
2040    447    795
2041    761    796
2043    735    796
2044    797    798
2045    169    797
2046    481    797
2048    315    798
2049    724    798
2050    347    798
2051    799    800
2054    447    799
2055    571    800
2056    777    800
2057    413    800
2068     48    804
2069    749    804
2070     61    804
2077    605    806
2106    816    817
2108    762    816
2109    731    816
2110    667    817
2111    764    817
2117    581    819
2118    519    819
2119    336    819
2120    820    821
2121    195    820
2123    685    820
2124     66    821
2125    749    821
2126    625    821
2130    519    822
2133     72    822
2142    358    826
2155    566    830
2158    240    830
2173    826    837
2176    300    837
2177    838    839
2178    439    838
2180    235    838
2181    440    839
2182    826    839
2183    254    839
2192    842    844
2196     76    844
2199    292    844
2208    660    847
2210    214    847
2232    822    854
2233    291    854
2270    277    866
2278    869    870
2281    406    870
2283    777    869
2284    365    870
2286    513    871
2287    799    871
2296    581    874
2297    822    874
2298     69    874
2301    284    875
2302    224    875
2307    799    877
2308    869    877
2318    838    881
2322    882    883
2323    471    882
2324    758    882
2325    260    882
2326    473    883
2328    264    883
2329    884    885
2331    881    884
2332    235    884
2333    277    885
2335    780    885
2352    254    890
2377    899    900
2378    663    899
2380    629    899
2381    673    900
2391    903    904
2392     98    903
2394    900    903
2395    777    904
2396    837    904
2397    365    904
2399    140    905
2401    156    905
2405    907    908
2407    866    907
2408    203    907
2409    220    908
2411    816    908
2412    909    910
2413    791    909
2414    783    909
2415     66    909
2416    199    910
2417    784    910
2418     54    910
2419    911    912
2420    432    911
2424    881    912
2425    230    912
2426    913    914
2427    432    913
2429    740    913
2430    343    914
2431    905    914
2432    797    914
2433    915    916
2434    611    915
2435    890    915
2437    544    916
2439    738    916
2440    917    918
2442    519    917
2443    489    917
2444    264    918
2445    669    918
2446    488    918
2451     18    920
2454      2    920
2456    922    923
2457    466    922
2458    911    922
2459    903    922
2461    881    923
2462    837    923
2470    926    927
2472    877    926
2473    291    926
2474    288    927
2475    869    927
2476    290    927
2478    780    928
2479    920    928
2480    524    928
2495    758    933
2507    937    938
2508    820    937
2509    830    937
2510    500    937
2511    804    938
2513    502    938
2521    941    942
2523    842    941
2524    806    941
2525    926    942
2526    844    942
2527    854    942
2538    946    948
2540    174    946
2542    890    948
2543    436    946
2545    692    948
2549    261    949
2556    890    952
2557    440    952
2558    376    952
2562    954    955
2564    949    954
2565    917    954
2566    284    955
2568    819    955
2571    957    958
2573     14    957
2574     76    958
2576     16    957
2577    292    958
2578    959    960
2579    806    959
2580     47    959
2583     61    960
2584    862    960
2586    214    961
2588    215    961
2600    471    965
2602    740    966
2603    946    966
2604    933    966
2608    968    969
2609    587    968
2610    961    968
2611    422    968
2612    440    969
2614    358    969
2615    970    971
2617    933    970
2618    883    970
2619    429    971
2621    332    971
2625     36    972
2628     11    972
2638    977    978
2641    573    977
2642    842    978
2644    119    978
2649    739    980
2652    933    980
2654    982    983
2655     18    982
2656    957    982
2657    645    982
2658    457    983
2659    958    983
2662    783    984
2663    980    984
2664    983    984
2668    986    987
2669    471    986
2670    177    986
2671    254    986
2672    965    987
2673    300    987
2674    826    987
2679    364    989
2680    972    989
2681    965    989
2690    284    992
2696    571    995
2699    965    995
2702    997    998
2704    605    997
2705    658    998
2707    871    997
2708    364    998
2711   1000   1001
2713    875   1000
2714    992   1001
2716    847   1000
2717    662   1001
2718   1002   1003
2719    877   1002
2720    997   1002
2721    941   1002
2722    870   1003
2723    998   1003
2724    119   1003
2728    466   1004
2731    701   1004
2740    905   1007
2743   1010   1011
2744    489   1010
2746    972   1010
2747    954   1011
2748    992   1011
2756    376   1012
2759   1015   1016
2760   1011   1015
2762    662   1015
2763    989   1016
2764    995   1016
2765    871   1016
2770    629   1018
2771    970   1018
2772    611   1018
2773   1019   1020
2774    649   1019
2775   1007   1019
2776    157   1019
2777    587   1020
2779    673   1020
2780   1021   1022
2781    911   1021
2782   1020   1021
2783    900   1021
2784    913   1022
2785   1007   1022
2788    980   1023
2789   1004   1023
2790    971   1023
2794   1025   1026
2795    731   1025
2796   1000   1025
2797    685   1025
2798    678   1026
2799   1001   1026
2800    625   1026
2805    737   1028
2808    336   1028
2811   1030   1032
2813    899   1030
2815    737   1032
2816   1022   1030
2824    738   1035
2827    202   1035
2828   1036   1037
2829    955   1036
2830   1028   1036
2832    949   1037
2834   1012   1037
2835   1038   1039
2836    966   1038
2837   1030   1038
2838   1018   1038
2839    948   1039
2840   1032   1039
2841    915   1039
2842   1040   1041
2843    847   1040
2845   1012   1040
2846    875   1041
2847   1035   1041
2848   1036   1041
2851   1043   1044
2853    645   1043
2854     66   1044
2856     14   1043
2857     73   1044
2863    198   1047
2866    711   1047
2867   1048   1049
2868   1010   1048
2869   1043   1048
2870      8   1048
2871    992   1049
2872   1044   1049
2873    625   1049
2874   1050   1051
2875   1015   1050
2877    949   1050
2878    995   1051
2879   1047   1051
2880    260   1051
2882   1052   1054
2884    969   1052
2886    681   1054
2887    952   1052
2889    916   1054
2890   1055   1056
2891   1040   1055
2892   1052   1055
2893    961   1055
2894   1035   1056
2895   1054   1056
2898   1057   1059
2900     76   1057
2902    984   1059
2905   1023   1059
2906   1060   1061
2907    660   1060
2908   1050   1060
2909   1012   1060
2910    725   1061
2911   1047   1061
2912    236   1061
2942    960   1071
2950    346   1073
2953    908   1073
3006    681   1091
3007    920   1091
3020   1096   1097
3021      0   1096
3022   1091   1096
3023    658   1096
3024    573   1097
3026    119   1097
3028    862   1098
3029   1057   1098
3030    529   1098
3034   1100   1101
3035    139   1100
3036   1071   1100
3037    529   1100
3038    667   1101
3040    874   1101
3050   1105   1106
3051    866   1105
3052   1073   1105
3053    640   1105
3054    977   1106
3056    701   1106
3065   1109   1111
3067    862   1109
3069    793   1111
3070   1057   1109
3072   1004   1111
3077    678   1113
3080    806   1113
3083   1071   1115
3084   1113   1115
3085    731   1115
3098   1120   1121
3099    842   1120
3100   1109   1120
3101    959   1120
3102    977   1121
3103   1111   1121
3104     52   1121
3105   1122   1123
3106    854   1122
3107    796   1122
3108   1113   1122
3109   1101   1123
3110    817   1123
3111   1115   1123
3112   1124   1125
3115    410   1124
3116    978   1125
3118    408   1124
3119    292   1125
3121   1127   1128
3122    457   1127
3123   1125   1127
3124   1106   1127
3125    557   1128
3126   1124   1128
3127   1073   1128
3133    203   1131
3136    830   1131
3139   1133   1134
3141    147   1133
3142     61   1134
3144    243   1133
3145    938   1134
3146   1135   1136
3147    912   1135
3149    640   1135
3150    884   1136
3151   1131   1136
3152    866   1136
3153   1137   1138
3154   1135   1137
3155   1133   1137
3156    143   1137
3157   1131   1138
3158   1134   1138
3159   1071   1138
3162   1140   1141
3164    140   1140
3165    149   1141
3167    134   1140
3168    568   1141
3169   1142   1143
3172    204   1142
3173    907   1143
3175   1056   1142
3176    220   1143
3178   1145   1146
3179   1098   1145
3180   1140   1145
3181    698   1145
3182   1059   1146
3183   1141   1146
3184    791   1146
3185   1147   1148
3186   1097   1147
3187   1143   1147
3188    277   1147
3189   1091   1148
3190   1142   1148
3191    928   1148
3226   1160   1161
3228     61   1160
3229    147   1161
3231    460   1160
3232    538   1161
3233   1162   1163
3234    793   1162
3235   1160   1162
3236    862   1162
3237    648   1163
3238   1161   1163
3239    134   1163
3241   1164   1166
3243   1007   1164
3245    156   1166
3246   1032   1164
3248    692   1166
3249   1167   1168
3250   1028   1167
3251   1164   1167
3252    163   1167
3253   1037   1168
3254   1166   1168
3255    553   1168
3256   1169   1170
3259     58   1169
3260    460   1170
3262    180   1169
3263    300   1170
3265   1172   1173
3266    923   1172
3267   1170   1172
3268    793   1172
3269    885   1173
3270   1169   1173
3271     52   1173
polygons 446
0   1540   2451   2454   2655   2657
3     16     17   1540   2853   2869   2870
4     16   2454   3007   3021   3022
5   2573   2656   2657   2853   2856
7     32     33     34   2576   2655   2656
10   1584   1586   2628   2746   2868   2870
11     17   1584   3021   3023
13   1586   1660   3006   3022   3023
15   1214   1218   1658   1660   2625   2628
16   1049   2744   2856   2868   2869
17   1042   1048   1049   2573   2576
18     32   1045   1048   1218   1221
19     34   1220   1658   2451   3006   3007
21   1042   1045   2625   2744   2746
22     33   1214   1220   1221
23    957   2068   2070   3228   3231
27   3231   3234   3235   3260   3267   3268
28     84     85   3259   3270   3271
29     87     88    957   3256   3259   3260
30   3069   3103   3104   3265   3268   3271
31   2578   2584   3067   3100   3101
32     85     93   2580   3098   3101   3104
33     93     84     88   1891   1894
34   1891   2069   2070   2578   2580   2583
35     87   1894   2068   2069
36   2583   2584   3228   3235   3236
37   2574   2659   2664   2898   2900   2902
38    101    102   2571   2573   2574
39   2001   2414   2415   2851   2853   2854
40    105   2023   2029   2413   2415
41    110    105   2854   2857
42    102    111    112   2851   2856   2857
43   2413   2414   2662   2902   3182   3184
44    110    112   1172   1718   2028   2029
45    111    101   1172   2900   3029   3030
47   1486   1492   2615   2619   2770   2771
48   2380   2770   2813   2837   2838
49   1491   1492   1547   1549
51   2394   2458   2459   2781   2783
54   1547   1548   2392   2457   2459
56   1729   2420   2457   2458   2728   2731
57   1548   1549   2619   2728   2789   2790
58   1853   2602   2604   2649   2652
60   2420   2427   2780   2781   2784
61   1729   1853   1855   2427   2429
62   2429   2602   2784   2816   2836   2837
63   1486   1491   2377   2380   2392   2394
67    177   1410   2077   2579   2580
68   1307   2641   3102   3104
69     85    181   1307   3020   3021   3024
70   2638   2641   2644   3024   3026
71    177    189     17    181     93
73    189   1410   1584   2702   2704   2705
75   2638   2642   3098   3099   3102
76   2523   2524   2579   3099   3101
77   2523   2642   2644   2718   2721   2724
78   2705   2723   2724   3020   3023   3026
81   2077   2524   2704   2720   2721
82   2583   2942   3142   3158   3159
83   1716   1718   3035   3037
84    218   3035   3036   3153   3156   3159
85   3139   3141   3142   3226   3228   3229
86   2584   2942   3028   3030   3036   3037
87    224    225   3229   3238   3239
88    229    224   3164   3167
89   3028   3167   3179   3180   3233   3236   3239
90    218    231   1716   3164   3180   3181
91    229    231    225   3141   3155   3156
92    232   1242   3245   3254   3255
93    232   2399   2401   3162   3164   3165
94   1242   1290   3165   3168
95    246    247   1923   1925
96    224   1293   1294   1554   1923   1924
97   1924   1925   2774   2776
100   1289   1294   3162   3167   3168
101    246   1289   1290   1293   3249   3252   3255
102   2401   2740   3241   3243   3245
103    247   2775   2776   3243   3251   3252
104    229   1554   2399   2740   2774   2775
107   1856   2649   2658   2663   2664
108    272    273    947   1853   1856   1859
109    273    886   1153   1780   1781
110    886   1859   2543   2602   2603
111    284   1540   1998   2001   2004
112    292    293   1920   2002   2004
114    295    272   1153   2451   2479   2480
115    295    947   2654   2655   2658
119    303   1920   2495   2540   2603   2604
121   1779   1780   1989   2478   2480
122    292    303   1784   1988   1989
123   1779   1781   1784   2540   2543
124    284    293   1988   2454   2478   2479
125   1998   2002   2495   2652   2662   2663
126    313   1079   1086   1109   1802   1803
127   1800   1803   1806   2121   2508   2510
128    319   1086   2068   2511   2513
129   1109   2024   2412   2413   2416
130    323   1806   2027   2029
131   1894   2124   2125   2412   2415   2418
133    105    323   2120   2121   2124
134    319    313     87   2416   2418
135   1932   2108   2109   2210   2716   2795   2796
136   2210   2586   2843   2891   2893
138    342   2302   2827   2846   2847
139    343   2827   2894   3172   3175
140    342    343   1284   1671   1673
141   1830   2109   2405   2408   2411
142   1283   1671   1830   2795   2797
143   1283   1284   2408   3169   3172   3173
145    363   2588   2890   2893   3169   3175   3176
146   2405   2409   3173   3176
148   1932   1935   2586   2588
149    363   1935   2108   2409   2411
150   1673   2302   2713   2796   2797
151   2578   2579   2942   3080   3083   3084
152   1172   2298   3034   3037   3040
154   3028   3029   3067   3070
155   2192   2196   2900   3070   3099   3100
156    101   2133   2196   2232   2526   2527
159    111   2133   2297   2298
160    892   2178   2318   2424   2425
161    382   2425   3144   3147   3154   3155
162    389    390    382    892    895
163    391   1081   2158   2509   2510
164    395    398    391    895   2178   2180
165    389    395   1079   1081   1083
166    390   1083   2513   3139   3144   3145
167   2331   2424   3146   3147   3150
169    398   2158   2332   3136   3150   3151
171   2180   2318   2331   2332
173    991   1432   2352   2434   2435   2669   2671
174   1920   2323   2324   2669   2670
176    419    303   2670   2671
178    419   2352   2538   2540   2542
179   2435   2542   2839   2841
180   1432   2326   2618   2771   2772
181   2434   2772   2835   2838   2841
182   2323   2325   2600   2699   2878   2880
183    433   2549   2874   2877   2880
184    438    433   2322   2325   2328
185    438   2440   2444   2549   2564   2565
186   2443   2565   2743   2744   2747
187   2564   2747   2760   2875   2877
188    991    998   2600   2625   2680   2681
191    998   1045   2326   2328   2444   2446
192   1528   1729   3050   3053   3056
193   2270   2329   2333   3150   3152
194   2033   2456   2457   3266   3268
195   1307   1308   2333   3269   3271
197   2033   2728   3069   3072
199   1308   2270   2641   3050   3051   3054
200   2731   3054   3056   3072   3102   3103
201   2714   2717   2748   2760   2762
202   2301   2690   2711   2713   2714
203   2832   2834   2877   2908   2909
204   2208   2843   2845   2907   2909
205   2301   2566   2829   2846   2848
207   2562   2566   2690   2747   2748
210   2196   2199   2574   2577
211    486    487   1048   1621   2445   2446
212    102   1049   2130   2133   2442   2443
213   1617   1618   2130   2232   2233
214   1615   1618   1621   2470   2473   2476
215    487    496   2474   2476
216   2233   2473   2525   2527
217    501    496    486   2571   2576   2577
219    501   2199   2470   2474   2525   2526
222   2600   2668   2669   2672
223   1301   2672   2673   2696   2699
224   1760   2696   2866   2878   2879
226   1301   1760   1762   3260   3263
227    292   2668   2670   2673   3256   3262   3263
228    319    957   1762   2863   2866
230    524   2002   2324   2325   2416   2417
231    313    524   2863   2879   2880
234     88    526   2004   2417   2418
235    293    526   3259   3262
239   1671   2123   2155   2508   2509
240    343    536    537   1151   1153
241   1151   1284   1780   1782   2155   2158
243    544    545   1673   2121   2123
244   1081   1692   1694   1801   1803
246    391   1693   1694   1781   1782
248    536    342    545    553    554
249    554    273    537   2044   2045   2048
250    544    553   1806   2048   2049
251    886   1692   1693   2045   2046
253   2039   2040   2054   2286   2287
254   1841   1842   2054   2307   2472   2473
255   1842   2043   2233   3106   3107
257   2472   2521   2525   2719   2721
258   1648   1649   2286   2704   2707
261   1293   1510   1843   1844
262   1289   1292   1507   1510   1513
263    438    584   1243   1290   1292
264    584   1513   1619   2444   2445
265    588   2808   3250   3252
266   1243   2549   2832   3253   3255
267   2119   2568   2808   2829   2830
268    588    246   1617   1843   1845   2118   2119
269   1507   1615   1619   1844   1845
270   2124   2126   2854   2872   2873
271   2714   2799   2800   2871   2873
272    595    596   2690   2857   2871   2872
273    323    544    597    595    110
274    545    596    597   2301   2302
275   1525   1528   2426   2427   2430
276    537    272   1706   1708
277   1859   2045   2426   2429   2432
279    612   1261   2950   3125   3127
280    947   1707   1708   3121   3122   3125
281   1855   1856   3056   3122   3124
284    623    612    624   2048   2050
285    625   2044   2050   2430   2432
286    623    625   1525   2950   3052   3053
287    624    554   1261   1706   1707
289   1355   2419   2425   2777   2781   2782
290    382    629   1355   1557   1558
291    632    629   3141   3144
294    636   1525   3149   3154   3156
295    231    636   2399   2430   2431
296    632    225   1553   1554   1557
297    641   2142   2173   2396   2397
298    642   2142   2672   2674   2679   2681
299    641    642   2284   2708   2722   2723
300   2679   2702   2707   2708   2763   2765
301   1301   2055   2056   2176   2395   2396
302   2051   2055   2287   2696   2764   2765
303   2173   2176   2673   2674
304   2278   2283   2284   2395   2397
305   2270   2407   3173   3187   3188
306   2333   2335   2478   3185   3188   3191
307   1283   2155   3133   3136
309   1785   1989   2329   2332   2335
310   1151   2480   3172   3190   3191
311   2407   2408   3133   3151   3152
313    398   1779   1782   1785
314   1021   2046   2401   2431   2432
315    669   1716   2027   2028   2049   2050
316   1112   2024   3165   3183   3184
319    232   1021   1112   1801   1802
320    669    218    636    625
322   2070   2511   3142   3145
323   1083   1086   2863   2911   2912
326   1761   1762   3226   3231   3232
327   1761   1809   2866   2910   2911
328    629    390   1808   2910   2912
329    632   1808   1809   3229   3232
331   1292   2621   2790   2905   3168   3182   3183
332   1512   1513   2619   2621
333   1294   1510   1552   3237   3239
334    690    389   2756   2906   2909   2912
335   1557   1559   1807   1808   1811
336   1807   1813   2906   2907   2910
338    890    892   1355   2608   2609   2612
339    700   1558   1559   2586   2609   2610
341   2558   2756   2845   2887   2891   2892
342    690    890    895   2557   2558
343    700   1811   1813   2208   2210
345   2557   2612   2884   2887
348   1846   2433   2439   2815   2840   2841
349   2545   2839   2840   3241   3246   3248
350   2805   2815   3246   3250   3251
351   1697   2756   2834   3248   3253   3254
352   2439   2824   2889   2894   2895
353   1697   2542   2545   2556   2558
354   1846   2805   2824   2830   2847   2848
355    433    524   1109   1112   1242   1243
358    584   2328   2615   2618   2621
360   1263   1710   1846   1847   1850
361   1220   1711   1850   2437   2439
362   1260   1263   1602   1605
363     33    736    737   1260   1710   1711
364    736   1221   1431   1487   2770   2772
365    737   1487   1602   2378   2380
369   1605   1847   2378   2811   2813   2815
372   1410   1476   1649   2798   2800
373   1830   3083   3085   3133   3157   3159
376    177   1476   1891   2125   2126
378    189   1476   2867   2870   2873
380   1595   2286   2759   2762   2765
382    760   1586   2705   2708
384   1595   1648   2717   2798   2799
386    760   2628   2679   2680
387    597    553    624   1333   1336   1339
388    596   1336   2117   2566   2568
389    766   1333   1337   2117   2119
390    767   1256   1261   1263   1337   1339
391    766    767   1847   2805   2808
393    536   1705   1706   1850   2824   2827
395   2785   2811   2816   3243   3246
397   2381   2779   2782   2783
398    774   1631   1635   2773   2776   2779
399    775    767   1605   1635   1636
400    774    247    588    766    775
401    776   2644   3112   3115   3116
402    782    776   2281   2722   2724
403   2192   2199   2642   3116   3119
404    785    501   3112   3118   3119
405    782    786   3115   3118
406    786    785   2278   2281   2474   2475
407   2308   2470   2472   2475
408   1194   1760   1761   2055   2057
409   1194   1550   3232   3237   3238
411   1546   1547   1550   1980   2056   2057
412   2176   2462   3263   3266   3267
414   1980   2391   2392   2395
417   1612   2106   2110   2411   2950   2953
418    623    669   1612   3034   3035   3038
420   1591   1595   1813   2038   2039
422    921   2051   2054   2057
423    921   1194   1807   1809   2038   2040
424   1934   2041   2111   3105   3107   3110
425    774   1922   1925   1934   1937
426   1839   1843   1922   1923   2041   2043
427   1333   1614   2296   3038   3040
428   2117   2118   2130   2296   2297
429   1618   1839   1842   1845
430    775   1337   1614   1937   2110   2111
432   2638   3054   3116   3123   3124
434   2577   2658   2659   3119   3122   3123
436   1553   1559   1922   1924   1927
437   1811   1927   2037   2038   2041
439    921   1550   1552   1839   1841   1844
440   1490   1492   1512   1619   1621
441   1490   1491   1980   2283   2475   2476
444    112    595   1336   2296   2298
445   1988   2335   3262   3269   3270
446   1308   3024   3186   3188
447    284    526     84    181     16
449    776    825   3026   3176   3186   3187
450    825   2409   2953   3115   3126   3127
454   2173   2177   2182   2318   2461   2462
456   1634   2609   2611   2777   2779
458    835   1634   2381   2391   2394   2397
460   2142   2181   2182   2612   2614
461    641    835   2608   2611   2614
462    839   1635   1637   1930   1935   1937
463    700   1927   1930   1932   1934
466    839    843   2588   2610   2611
467    843   1631   1634   1637
468    844    487   1486   1487   1490
469     32    486    844    736
470    998   1218   1431   1432
473   2181   2183   2352   2556   2557
474    419   1784   1785   2177   2180   2183
475    395    690   1691   1694   1697
477   1021   1691   1692   3245   3248
478   2182   2183   2668   2671   2674
479    786    849    850   1602   1636   1637
480    850    737    844    496    785
481    835    843    849   2281   2284
482    760    642   1660   2614   2882   2884   2886
483   2886   2895   3006   3175   3189   3190
484    363    839    849    782    825
485    850   1256   1260   3118   3125   3126
486     34    295   1705   1708   1711
488   1658   2437   2886   2889
489    612   1339   1612   1614
491   1507   1512   1546   1549   1552
492   1528   2419   2420   3147   3149
493   1691   1693   2538   2543   2545
494    890   2177   2178   2181
495   2118   2442   2562   2565   2568
496   1591   2762   2875   2907   2908
497   1841   2037   2040   2043
501   1546   1548   2033   3233   3234   3237
503    991   2322   2323   2326
506   1800   1801   2044   2046   2049
508   1042   2440   2443   2446
510   2794   2795   2798   3077   3084   3085
511   2110   3038   3109   3110
512   1079   2507   2510   2513
515   1800   1802   2023   2024   2027
516   1648   2037   2039   3077   3107   3108
518   1615   1617   2440   2442   2445
521   1718   3030   3179   3181
523   2001   2654   2657   2662   2664
524   1214   1431   2433   2434   2437
525   2287   2307   2707   2719   2720
527   1256   1705   1707   1710
531   1553   1558   2773   2774   2777
533   1855   2649   2731   2788   2789
536   1649   2077   3077   3080
539   2120   2123   2126   2794   2797   2800
541   3051   3053   3146   3149   3152
542   2023   2028   3178   3181   3184
544   1591   2208   2711   2716   2717
545   1631   1636   2377   2378   2381
547   2051   2056   2283   2307   2308
548   2713   2716   2842   2843   2846
552   2106   2109   3085   3110   3111
553   2069   2120   2125   2507   2508   2511
554   2329   2331   2461   3265   3266   3269
555   2322   2324   2495   2617   2618
556   1930   2106   2108   2111
558   1998   2412   2414   2417
559   3065   3067   3069   3234   3236
562   2521   2524   2527   3080   3106   3108
564   2232   2297   3040   3105   3106   3109
565   2405   2407   2953   3051   3052
566   2507   2509   3136   3145   3157   3158
567   2391   2396   2456   2459   2462
568   2192   2521   2523   2526
571   2426   2431   2740   2784   2785
572   2278   2308   2718   2719   2722
573   2419   2424   2456   2458   2461
574   2377   2780   2783   2813   2816
575   2433   2435   2556   2882   2887   2889
576   2604   2617   2771   2836   2838
577   2479   3007   3189   3191
578   2615   2617   2652   2788   2790
579   2608   2610   2884   2892   2893
580   2538   2603   2835   2836   2839
581   2562   2564   2828   2829   2832
582   2571   2654   2656   2659
583   2681   2699   2763   2764
584   2680   2743   2746   2759   2760   2763
585   2663   2788   2902   2905
586   2743   2748   2867   2868   2871
587   2759   2764   2874   2875   2878
588   2702   2718   2720   2723
589   2711   2794   2796   2799
590   2789   2898   2905   3065   3070   3072
591   2773   2775   2780   2782   2785
592   2828   2834   2842   2845   2848
593   2828   2830   3249   3250   3253
594   2811   2835   2837   2840
595   2842   2847   2890   2891   2894
596   2851   2867   2869   2872
597   2874   2879   2906   2908   2911
598   2882   2890   2892   2895
599   2898   3029   3178   3179   3182
600   3020   3022   3185   3186   3189
602   3034   3036   3083   3109   3111
603   3050   3052   3121   3124   3127
609   3065   3098   3100   3103
610   3084   3105   3108   3111
612   3112   3121   3123   3126
613   3146   3151   3153   3154   3157
614   3139   3153   3155   3158
615   3162   3178   3180   3183
616   3169   3185   3187   3190
619   3226   3233   3235   3238
620   3241   3249   3251   3254
621   3256   3265   3267   3270
cells 64
0      0      3      4      5      7     10     11     13     15     16     17     18     19     21     22
1     23     27     28     29     30     31     32     33     34     35     36    559    609    621
2     37      5     38     39     40     41     42     43     44     45    521    523    542    582    599
3     47     48     49     51     54     56     57     58     60     61     62     63    533    574    576    578
4     32     67     68     69     70     11     71     73     75     76     77     78     81    588
5     82     83     84     85     86     36     87     88     89     90     91    521    614    619
6     92     93     94     95     96     97     88    100    101    102    103    104    620
7    107    108     58    109    110    111    112    114    115    119    121    122    123    124      0    125    523
8    126    127    128    129    130    131     35     40    133    134    512    515    553
9    135    136    138    139    140    141    142    143    145    146    148    149    150    548    595
10    151    152     86     45    154     76    155    156     31    159    562    564    568    602    610
11    160    161    162    163    164    165    166    167    169    171    512    566    613    614
12    173    174    176    178    179    119    180    181    503    555    576    580
13    182    183    184    185     21    186    187    188    191    503    508    583    584    587
14    167    192    193    194     56    195    197     30    199    200     68    492    541    554    573
15    201    202    203    204    205    187    207    496    544    548    581    592
16     17    210     38    211    212    213    214    215    156    216    217    219    508    518
17    182    222    223    174    224    226    227     29    228    230    231    112    134    234    235
18    239    240    140    241    163    243    127    244    246    109    248    249    250    251    506
19    253    254    255    216    257    258     81    497    516    525    536    562
20    261    262    263    264    185    265    266    267    268    269    101    495    518    581    593
21    270    271    243    272     41    202    133    273    150    274    539    589
22    275     61    276    249    108    277    279    280    281    284    285    286    192    287    603
23    289    104    290    291    275    294     91    295    296    161     60    492    531    571    591
24    297    298    299    223    300    301    302    303    304    525    547    572    583    588
25    121    241    305    169    193    306    307    143    309    310    311    313    616
26    314    285    315    316     93    319    320    295     90    506    515    542    615
27     85    322     23    228    128    323    326    327    328    329    166    291
28    331    154     57    332    197    333    100     89    262    491    501    559    590    599    615
29    162    334    328    290    335    336    338    339    341    342    343    204    136    345    579
30    348    349    350    351    179    352    353    341    354    575    592    593    595    598    620
31    129    355    125    331    230    184     43    316     94    358    263    555    558    578    585
32    360    361    362    363    364    365    348     48     22    369    181    524    594
33    322     82    142    372    307    373    376    239     34     67    151    510    536    539    553    566
34    372     73    378    380    271     10    258    382    384    201    386    300    584    586
35    387    388    389    390    391    360    267    393    274    205    354    287    248    138    527
36    395    103    391    369    265    350    397    398    399    400    545    574    591
37     77    401    402    403    404    405    406    257    219    407    568    572
38    408    326    409    411    412    226    414    194     27     54    301    501    567    619
39    311    417    286    373    418    141    294     84    320    511    541    552    565    602    613
40    224    336    380    253    302    408    420    422    423    327    496    587    597
41    424    425    426     95    427    428    213    255    429    430    389    400    268    511    564
42    155     37    432    210     75    403    107    200    281    434    533    585    590    609
43    436    437    335    439    261    426    423    333    409    296     87     96    329    497
44    429    439    269    440    422    254    411    441    214     49    407    491    547
45    428    212    388    272    444    159     42    207     16    186    495    586    596
46    445    195     28     69    446      4    235    124    447    306    577    600
47    401    432    199    305    446     70    449    450    146    565    603    612
48    454     51    297    289    160    456    397    458    338    460    461    494    567    573
49    456    398    462    148    463    339    425     97    436    466    467    531
50    468    440    211    191    358    364     47     18    469    264    470    332    180
51    353    178    473    474    246    475    123    164    342    313    493    494
52    351    334    266    355    475    231    323    126     92    244    203    183    319    477    165    597
53    445    227    122    474    309    412    171    454    478    303    176    554    621
54    270      3    378    447     71    376     33    111     39    131    234    558    596
55    424    384    135    437    420    343    463    510    516    544    552    556    589    610
56    441    406    479    480    468    215    365    414    304    458     63    481    467    545
57    482    483    466    299    382    449     13    402     78    461    145    484    481    579    598    600    616
58      7    280    434    363    480    485    404    469    217    486    115    527    582    612
59    477    314    102    277     62    251    349    395    110    493    571    580    594
60    139    483    393    488    352    361    276    240    114    486     19    310    577
61     15    482    478    473    460    488    345    470    173    298    188    222    386    524    575
62    387    489    427    130     44    418    315     83    444    273    284    152    250
63    149    484    450    390    489    279    362    485    417    479    405    462    430    399    556
