vertices 383
     0 0.80151966595885 3.95605635204890 1.14715675099396
     2 1.17834599212819 0.14501818012760 1.67802950652632
     8 0.68954577023785 3.84014999656255 1.14695079838765
    11 0.04339208281824 0.21253177210565 1.16111987040934
    14 0.66447673813268 3.62154890716259 2.22618025968927
    16 0.11483523017858 0.18317311499984 2.39744711227563
    18 0.94046175294189 0.55351187362985 2.00105593837658
    36 3.70172774769852 0.18673216786205 1.80200668306942
    37 0.32288400790609 0.67668293252726 2.08023331379345
    41 0.04731274149132 0.35641098636133 2.32529041401133
    47 1.23494108232281 3.36897219406470 0.64949624004907
    52 1.43310965758436 0.30569640549321 0.25020791863600
    58 1.68149659079089 3.82776597197816 0.97364244089140
    59 1.32206967959041 3.81047850223402 0.78181971742320
    61 1.68727470484799 2.94636241743221 0.24685801706338
    69 0.82537518711079 3.01122256226440 2.75394144345567
    72 0.75938099396884 3.12044157198464 2.76208038103439
    76 0.98264244211441 3.70159400541546 3.01756266903127
    98 2.90180164636428 0.24922538317013 3.43410826219380
   115 0.86292941489215 3.28563867229171 0.80951983132162
   119 0.56361733236252 0.46160486672265 0.18173763448508
   134 2.48637119346110 2.81772959923394 3.34164621194897
   136 2.50383451519787 2.37594132163713 3.51853975220195
   139 1.52226419936961 2.21579709581141 3.21585815666557
   140 2.21339507571554 2.25354292255386 3.21580402117149
   143 1.77523279911089 2.05134822055589 3.33313970415475
   147 2.41954911043648 2.35889878932641 0.03294614331739
   149 2.44499141329633 2.75427243074855 2.28124457834299
   152 3.32962877677209 2.70686851358018 3.10726840729977
   156 2.44604183476237 2.14776120001308 2.26329875931295
   157 3.39482637917170 2.15974720851907 3.21801334490055
   163 3.46800776690855 2.31560356824100 2.82067269164546
   169 1.73786145316202 1.13848352978907 2.29371871769848
   171 1.12679801379379 0.96726053432988 2.24466489690053
   174 2.13022413594269 0.74321020019600 1.56915711880397
   177 2.08668414192217 0.31664370284648 1.52075243860843
   180 1.88282781719595 0.28957061293701 1.39669619594133
   185 1.69494676901356 0.05986159668049 1.49700683269407
   191 1.20263344781699 1.06952337980904 2.17814505982431
   195 1.14241063475342 2.28208817979401 1.97729632236624
   198 2.22903788259407 2.95359887739892 1.35159868919295
   199 2.24912758547554 3.07751213534218 1.66100730738110
   203 0.90412226617662 1.93469023565429 0.49711465775467
   214 3.69715075310136 1.94345873016099 0.47041963303422
   215 0.09008470600135 1.31655283170265 0.08967365325456
   220 0.33930499835852 1.24272996608498 0.11108927061397
   230 2.61011963204835 1.68645316810554 0.25511508785579
   231 2.10854167034368 1.99870622510924 1.39935727070786
   235 1.97740662838350 1.27851238347185 0.91536355482062
   236 2.46395178588353 2.27660989198499 1.00597364277620
   240 1.82578267927832 1.66461353882048 1.23917264347550
   241 2.49776645014022 2.03574754913415 1.13217851682737
   243 2.48224424491339 2.19495836552611 0.22864473309418
   254 2.82978800739474 0.79447043731465 1.26621145244828
   260 2.67933453569723 3.23847113283397 1.68440671670125
   261 2.88844651179600 3.09731112456104 1.98112918551174
   264 3.00572691414181 3.43475030564941 2.20365374784098
   277 1.39064153957522 0.93046782223787 0.46243493236147
   284 0.26989530388766 2.37494013930255 1.89439797466516
   288 0.05140749920301 0.27671999401316 2.98071452386274
   290 3.74726578756883 0.07231716764021 3.01861441764053
   291 3.90242211998704 3.19191232385204 3.26760631160940
   292 0.80979742585459 0.05194425063113 3.01472157235244
   295 3.95274765787826 0.27656254208581 2.83291361308249
   300 2.67729572633306 0.01943573372912 0.67716826167411
   310 0.94373634064313 1.34029240454514 2.27239595203401
   311 0.88607129939631 2.04179304531862 2.09544579017528
   315 1.01893413582099 1.68950305954680 2.47373722277206
   332 2.83926134868237 3.40985577936544 2.57928216276914
   336 3.75139531346288 2.22223144852774 2.63720085422201
   339 0.67024237970314 2.33513216394717 2.12418596730841
   343 1.70946576407420 1.82663928272158 3.21466141681064
   346 0.98491739559563 1.72989375824471 3.17939987460838
   347 1.47531997679102 1.92693096899016 3.09637290817576
   354 0.80060565699361 1.65265506555745 2.83714446248444
   356 2.56661351031234 2.26727114226636 0.16388792267383
   358 3.48697953571667 0.74323393344216 0.62123947473633
   364 3.90449143068499 0.19299531923980 1.01294393295360
   365 3.51404087049514 0.68694701349783 0.18109611734318
   376 2.90022874610680 1.95198678817669 1.41605910577774
   380 3.41281916008184 2.30394035880519 0.20779146632507
   394 0.05092012108149 0.92408180885907 2.94636406926166
   396 3.88636436394826 0.46110647396964 2.73599378267392
   399 3.99398480303040 1.39230816092439 2.76524164409295
   403 0.03472103200616 1.86869870618429 2.95498746098685
   405 3.86075708848199 1.86351180791800 3.28537367815376
   406 0.05980041986179 0.88530938714543 3.79452924124469
   408 0.18693259913684 0.77624502789970 3.19607519202587
   410 0.30740811758061 0.91191886684940 3.87210880182985
   413 3.00468219889088 3.38480002072618 0.01451957648525
   422 3.57519474317831 1.00803670654836 0.07728200405870
   425 3.91291880566769 1.08852960960473 3.85990957069144
   429 2.79457187471497 3.96392303349044 3.03347873377660
   432 2.06426100248945 1.08745214172631 3.27810321691882
   436 1.95147371430236 1.14800482520013 1.93041859370945
   439 2.62461497258629 1.52191786364621 0.68981051087858
   440 3.08914114926322 1.30188792503691 0.91239685826894
   447 3.36275805570722 3.24839546772925 0.00065702659438
   457 1.37666389544709 0.61376496052886 2.63679374273132
   460 2.29242612473725 3.53955166422807 0.52763553774322
   473 3.37449121569874 0.23764981329116 1.78876617052043
   481 2.18302935688871 2.02521595873553 2.05190791482572
   488 3.91527705953634 3.77369749028542 2.13065296563741
   489 0.06555241912690 3.58756502507567 2.05857589446167
   500 2.01763651315890 2.12993959448003 1.40248302923517
   502 2.12107092240441 2.38995219783518 1.18257895007791
   510 2.16440288508414 2.80551204539346 2.03273164535022
   513 3.89858596034730 2.98948741381470 0.58518223821589
   519 0.03859109660292 2.95585498779155 2.65260734778858
   524 1.34318273303120 1.07247215464597 1.60053885256034
   529 1.41099921714130 2.88392103672869 3.03672127351868
   538 2.70368707027367 3.20224635622185 0.21240302226217
   544 0.06200885368452 0.69228004585077 1.74410886496326
   545 3.74910523951431 0.37149717728844 1.90516907364520
   553 2.73333285791037 2.85719867781217 2.26081269453708
   557 0.70937769720203 1.31632356743352 2.77209242423084
   559 0.24998146394265 1.19954299138280 2.70594570941342
   568 2.70978684884998 3.06388598523331 2.58880072029535
   569 2.97515627820137 2.99633212780677 3.06289857391421
   571 2.81425651075274 3.73260787339403 0.64352837561958
   573 1.33627991984788 0.42528937159546 0.22217849658578
   581 0.40341801521056 2.44725531544653 2.59479411601314
   582 0.45202140073704 2.00760595444014 2.95406119716033
   587 2.83574153783091 1.69552456990401 0.12140828064022
   605 0.62160722733061 3.21322774035082 0.50962243560660
   611 3.40121828346788 0.45396306944081 1.90956669197241
   625 0.83539442321814 2.92790254707404 1.10516147437146
   629 3.13793750056555 0.60375378107429 2.80721775080255
   630 3.04443196252744 0.22991525762318 3.10968850632559
   635 3.02271242148919 3.08711559501942 3.09977490804168
   636 3.02286576081823 3.43777586766662 2.82961022718448
   640 1.71325116028773 1.44527933133425 3.52503758533369
   645 1.17825788939851 3.99034372842022 1.93416078621494
   647 2.67751640427087 3.99037213165223 3.31006492873355
   648 2.74053787193221 3.39087971525974 3.61461795613076
   649 2.89891244995739 2.14204587559892 3.53905479289802
   650 2.86923142990687 2.08187077773611 0.01631683144677
   658 0.41861048246151 0.09784854423230 1.01372858444466
   660 3.53850587605356 2.49533248095715 0.74886399083074
   662 3.84726836528860 2.83703917788817 0.82694536864065
   663 3.83190005194204 1.13248419495176 2.98707764456707
   667 0.64852359124103 2.10858971607053 3.33931151766198
   668 3.73792761402733 3.12743212368062 2.99770238410323
   669 3.56290532412684 3.48340075966295 2.76484458032053
   673 3.12499911093973 1.18852280898619 3.58316101525215
   674 3.71491869166154 1.30000171647634 3.39085978230611
   678 0.47493440078490 2.93452388868831 0.51360317801878
   681 0.21347687809298 0.62185380745973 1.32073938818170
   691 2.26612450703049 1.86599002643637 1.85495343621291
   692 2.70320105257663 1.83664748438915 1.86337619560147
   695 0.85598932922002 1.22491033912999 2.34928603374942
   696 0.37266587245842 1.11922484396830 2.27816721582014
   698 1.51521886348221 2.81186124215806 2.94859678058040
   701 1.86164734606465 0.74749500550779 3.22518642996648
   711 2.57468151715372 3.45062515911338 0.58349475575170
   717 1.69882276449229 1.12422038935898 1.53910667760674
   718 1.78841696434482 0.95590299868248 1.38394778658588
   723 1.99967156808012 2.26644038757020 1.90893825105463
   724 1.45537458322850 2.30911463957719 2.18506729022599
   725 2.87263929088621 2.61859731822320 0.43454120546248
   726 3.38244306892946 2.52698014927999 0.36586022152487
   731 0.75382934244319 2.06071629069829 0.39861270750763
   735 3.62335394777489 2.99217478832409 3.48954612944919
   736 3.42712539399419 2.93239052317814 3.16963673633905
   737 3.71054774506319 1.56804731319783 2.33963321852775
   738 0.02964073368643 1.39552234432477 1.94438592558164
   739 1.81127836448275 0.63130415536730 2.70606873380204
   740 1.95791690225897 0.83676484961437 2.57269822652744
   758 2.09681399191360 0.06933092354502 1.80591777321388
   760 3.34096108150199 2.33362553072333 3.35755117199986
   761 3.67953234684553 2.41595562754807 3.75692268300090
   762 0.17607273757641 1.77110570017423 0.03063593221560
   764 0.09824953542844 2.03316008949947 3.66494668160975
   777 3.17922154011093 0.18151789473346 3.87590586532860
   780 1.68558728742570 0.86248912663306 1.33788551524959
   783 1.64121491649220 3.82403664343163 1.98445065491802
   784 1.82437963922771 3.88221948667957 1.75431925007404
   791 1.80997375477522 3.03198864386093 2.24211733641227
   792 1.43715607473721 2.75654636275790 2.35252909747665
   795 3.58305501180413 2.82199294577709 0.19383686665062
   796 3.76631507395574 2.66457787557190 3.77993675068538
   797 1.78963123819949 1.65352871770177 2.52147864290979
   798 1.45456152566712 1.84651108758995 2.57908321445353
   799 3.44032668754712 3.56864471465777 0.15827369968244
   800 3.13982664383160 3.66145256597876 0.15706698218340
   806 0.81748002770429 3.19836287449825 0.12781290035360
   816 0.49809181318694 1.81998314998835 0.02768652432784
   817 0.48109532925180 2.12155717874606 3.63315464409433
   819 0.03812736621539 2.51739507450844 2.49943126821005
   821 1.10684673379131 2.79988095788475 1.20778761891251
   822 0.55763136201015 2.96661429122890 2.86459860549059
   826 3.03639321546257 0.65460209353099 0.78284523916396
   837 2.81180214950216 0.43027719576521 0.39077668724880
   838 2.42522061450885 1.26014978297374 0.69534616191490
   839 2.88949956615597 0.96204097726282 0.93112971793787
   842 1.00839032354027 3.85143686938380 3.62740391851011
   844 0.86610045483297 3.79597956726982 3.18496571079696
   847 3.75414532592477 2.10920736644242 0.80832348752391
   854 0.35070300567031 3.10535594465329 3.29517169851457
   862 1.68632216126986 3.30840477675082 3.52180125886589
   866 1.40252605458505 1.36777691727143 0.20560663707358
   869 3.61928492653189 0.16463454613548 3.83941375559677
   870 3.77089431331253 0.46731919009943 0.05177490082663
   871 3.73620276885063 3.52819285115813 0.58873795397896
   874 0.61221607316729 2.88225233717313 2.85702728484412
   877 3.75483415352521 3.87350276019733 3.95123696389786
   881 2.25957758547070 1.16645272730539 0.42222537602545
   882 2.69284656177584 3.76050990179147 1.75185471488565
   883 2.86236716802777 3.81683429306881 2.01289330259253
   884 1.86974903751353 1.18997233559903 0.59856601154571
   885 1.66308648275071 0.89951285790531 0.63929951702238
   890 3.07348458450564 1.09564668813624 1.66465951013920
   899 3.11171376081157 0.86192685074512 2.88669382178546
   900 2.90477486725636 1.00318962788054 3.44237681545775
   903 2.80214975704800 0.59422341626038 3.63953703983922
   904 3.07976963283663 0.43665864918413 0.00667989621483
   905 2.32433262137914 1.89062966474637 2.89672681363785
   907 0.88495082032946 1.56356612183995 0.34079518293033
   908 0.62781419116551 1.57787656843759 0.03012977783862
   909 1.66006753926960 3.33826636996806 1.93488134143480
   910 1.88252382127749 3.35635176891709 1.66282614438780
   911 2.46404264133955 1.02241914866919 3.59874274904042
   912 2.30356340879418 1.38520466628182 0.11551935742370
   913 2.15833159948714 1.19302709459135 3.02529349712076
   914 1.99520688934236 1.65183268003183 2.91571152680837
   915 3.20445308230291 1.03460772605329 1.79507857240147
   916 3.86636409192038 1.16689660806938 1.69852437263214
   917 3.85857940415500 3.33324477740000 2.20688782292158
   918 3.69126834523353 3.48501348786176 2.29054984808867
   920 1.02443637620751 0.52481498566380 1.71644447408217
   922 2.50820188953969 0.65754502295184 3.71188041618116
   923 2.43071341153756 0.60514633895911 0.18699383457712
   926 0.01674218255765 3.64262709220331 3.40914652699485
   927 3.84757053266203 0.07860373593280 3.14863231376445
   928 1.31059397515981 0.94531647152376 1.50965136550399
   933 2.17554694241363 0.28783715755045 2.36051096934399
   938 1.70614240480427 2.46217470165827 0.89056523933045
   941 0.65855504495569 3.60928769922042 3.78681532151732
   942 0.47471030890128 3.52746355534352 3.42559574577418
   946 2.17363193935196 0.93028627974631 1.92963755697960
   948 2.89806059468402 1.20172921420022 1.89752251030699
   949 3.18240298413015 2.89139034925311 1.80627499590381
   952 3.20090903999358 1.44207910604994 1.20776144792547
   954 3.77019200562633 3.04340299230064 1.94268947843779
   955 3.95843795406230 2.49071135546424 2.15139370989115
   957 0.74076269205328 3.96811816504552 2.38273636673194
   958 0.93440781481961 3.96799087256247 2.81410249285328
   959 1.15345390822403 3.28031641364304 0.13714736685734
   960 1.40739320412132 3.02832682092075 3.99698608746735
   966 2.20056358583721 0.70256061793067 2.36123459267864
   970 2.56898537211045 0.12975243158915 2.45440951366160
   971 2.54142917516297 3.93917297768565 2.68493767416214
   972 3.87433433051280 0.04935276828171 1.34773498452172
   977 1.36157554839771 0.33368466974896 3.90613303136130
   978 1.03028228737560 0.24945052950948 3.72901639602653
   980 1.97375135198003 0.20247055257210 2.56323760762846
   982 1.05771937631322 0.17530716392091 2.19121103589556
   983 1.28750216114894 0.21739564114523 2.51780111899609
   984 1.75082125956602 0.01763697315257 2.48366508145058
   989 3.72475430661439 0.03193860839728 1.17590552791915
   992 0.33749866384582 2.81418244665321 1.45928499711322
   995 3.03187168404536 3.69587584038089 1.05845172964433
   997 0.09798651812160 3.81203452072303 0.50728990095666
   998 0.12579647645887 0.02978481531247 0.65359246791595
  1000 0.18263196805476 2.19794072880697 0.95830453410965
  1001 0.26088773751060 2.62906915880961 0.99855204381585
  1002 0.11027980551757 3.94225427146724 0.27862010559988
  1003 0.12827442305348 0.12775903254595 0.34704871341030
  1007 2.66051141835259 1.71493089071591 2.96051524582497
  1010 0.12687613221705 3.53001491651315 1.69421547354809
  1011 3.96131479681416 3.16816629981461 1.61012052475172
  1012 3.12057075104577 2.16930614052596 1.42176011993860
  1015 3.63194840176156 3.17221438459537 1.22504906365035
  1016 3.55038803936500 3.61617914251545 1.00807920035900
  1018 2.95635808588999 0.59144432183353 2.50719217327984
  1019 2.95585729917626 1.88527586344224 3.34540437222517
  1020 2.93143177481399 1.35554219401045 3.59002690208917
  1021 2.76096567075552 1.12963827838194 3.44642869258842
  1022 2.59771292032432 1.25290081589896 3.04221194944494
  1023 2.09036978578212 0.01076014602622 2.75666841512633
  1025 0.65433736704981 2.15731790417910 0.68932364190159
  1026 0.54033186099822 2.68524879827433 0.84013923033980
  1028 3.61310961805644 2.09794415147874 2.37199689021328
  1030 2.92111441987490 1.00492086276039 2.68343894286351
  1032 3.13540500773947 1.38725145869058 2.32998001747339
  1036 3.71090553799036 2.23937165907372 2.10855867575474
  1037 3.21807687436938 2.39955274398847 1.93491341162201
  1038 2.83454005475590 0.83376039521796 2.47662129631923
  1039 3.01371853437432 1.14707283389520 2.02752200987805
  1040 3.63023086899067 1.86575910915228 1.16306260416646
  1043 0.86310808196091 3.57352613964742 1.94193186644870
  1047 2.61764350915760 3.01654527871798 1.16766412138145
  1048 0.60300859670866 3.50522727044302 1.58158319180483
  1049 0.71830046254266 2.99199746946568 1.41959863169613
  1050 3.12010223686718 2.94422780015146 1.42580719988778
  1051 2.82963489123607 3.15778690512160 1.37583007138924
  1057 1.53904466385023 3.51279709461774 3.13586079026550
  1059 1.86384275087142 3.78633146087279 2.70323910412869
  1060 3.06167535798898 2.55018774220484 1.16246432190342
  1061 2.77823382644967 2.59478964856949 1.00277635923245
  1071 1.22055975017872 2.58250159941638 3.86750752817401
  1073 1.01045931938402 1.44541710642854 3.39389690963675
  1091 0.56561336080565 0.56929877616036 1.24149907896761
  1096 0.58687475816974 0.22138886296970 1.02405163543543
  1097 0.79272204456082 0.53480345278132 0.49754464771253
  1098 1.60155765806904 3.13563281505013 3.13151287110396
  1100 1.22180827594552 2.49639358516157 3.41347418490162
  1101 0.75181444503804 2.41765977321084 3.40564981565776
  1105 1.46558926046766 1.30505177520039 3.58086294852803
  1106 1.49334841754536 0.80252722835520 3.39928804886705
  1109 1.61853736740121 3.55834665282321 3.45041580642220
  1113 0.66066406059079 2.80389853917195 0.04294978209355
  1115 0.82219749628943 2.53029882520511 3.95335175775314
  1120 1.25179118358665 3.76619824149720 3.74056830759902
  1121 1.43315233352546 0.24319872054339 3.93375529799477
  1122 0.43731844419114 2.70470680998646 3.70819332134956
  1123 0.62141468308412 2.44829037502401 3.65694357950572
  1124 0.58158933526982 0.83251969332840 3.31920165084124
  1125 0.92342069307577 0.50673017138349 3.27377443029491
  1127 1.14523547808749 0.73994074408683 3.13762381326754
  1128 0.85725274858221 1.07504343933235 3.15217367119415
  1131 1.36438439386624 1.97245805847501 0.47070009475396
  1133 2.29646216874156 2.26935874643306 0.11207437587296
  1134 1.76686914537065 2.46389521973597 0.33328496908243
  1135 1.84562874346921 1.60449000650086 3.95649137542099
  1136 1.56745879944112 1.49265798349491 0.27392498786708
  1137 1.86487043572915 2.00969767070754 3.91372991427039
  1138 1.57544335619723 2.26145042748414 0.17843591659914
  1140 2.22622097459870 2.74994618043289 3.06076318676638
  1141 2.37076150315890 2.93943014440815 2.60122631393644
  1142 0.61841239855478 1.15559053955905 0.94229739639051
  1143 0.68739444151981 1.16358671342310 0.62025328264716
  1145 1.74330909480952 2.98219796338967 2.97182687085105
  1146 1.95170065986526 3.15172558843990 2.58881670682337
  1147 0.83903247024552 0.95055151955539 0.68492285590257
  1148 0.75592501299865 0.97984311594452 0.98340003516412
  1160 2.22412842159059 3.23642028411780 3.99464872584060
  1161 2.38123368458297 3.14350216430326 3.95018741212470
  1162 2.19384146257046 3.32549911086305 3.78514647831981
  1163 2.39025597771065 3.20831191448146 3.75520257939857
  1164 2.98779354848625 1.84069731109526 2.41172118518659
  1166 2.79238876176789 2.03403335314938 2.15547591188305
  1167 3.31189947892605 2.15435986045452 2.43333353492338
  1168 3.06375711798445 2.33677167367525 2.15693263271954
  1169 1.89463182483033 0.07470915304716 0.85121842990672
  1170 2.26081608113345 3.96196926747623 0.58471254822829
  1172 2.09822942549437 0.28257816652447 0.26179072548088
  1173 1.78468939011152 0.37805292386197 0.46520388601810
  1174 3.93205438300487 1.32724143078234 1.37123599612940
  1176 0.10652375938943 1.06690357326337 1.11226345014734
  1177 3.51866409249041 1.49982209722377 1.11306767602513
  1205 2.81247566484294 0.17052820482441 1.13937375262886
  1206 2.97120521041960 0.39088901915612 1.14168692434823
  1212 2.95434625723591 0.01878528435029 1.25326631846548
  1213 3.15883362518953 0.18503720491730 1.29352092826260
  1224 0.83574152427408 1.99854538112833 0.74931223121441
  1229 0.77754109448204 1.68752098116127 1.87579247907357
  1238 0.67402331375610 1.57049500326978 1.17215126497465
  1239 0.99138349535643 1.59828156394997 1.48222466683306
  1332 1.46165913854032 2.15202207161724 0.99437377441808
  1333 1.59461451170392 2.00253051849433 1.21596032227348
  1335 1.34332660139905 2.04251760844719 1.31000509131023
  1336 1.29553027830428 2.18002506415644 1.07946972743256
  1337 1.15243962519845 3.13738830569047 1.92630033638298
  1339 0.96959668875201 2.88131693679503 1.58357772850926
  1345 1.13367940065852 2.84653891392868 2.22341188107908
  1346 0.97942412952450 2.53710074194040 1.99875273811484
  1352 1.81289310627372 3.38369008963089 0.90590845213665
  1354 1.85129525014069 3.17022933598782 1.20002659003278
  1355 1.56336406101483 3.17001966063089 0.75322492384648
  1356 1.56130906323547 2.94928207769093 0.99895567438442
  1377 2.01090801385210 3.87338047491351 3.57834031011869
  1378 1.94652772636552 0.16823558011462 3.74631750930391
  1385 2.12174858993327 0.33876475635611 3.50387783572040
  1386 2.19401651166341 0.09139098862390 3.35147130565411
  1395 3.47279007130809 1.45210288140852 0.52905041720600
  1396 3.64057427144077 1.23457011829057 0.43142114756779
  1400 3.44509804605660 1.33910224046287 0.75464996157668
  1401 3.60857409561588 1.13694603583234 0.65815776560829
  1437 0.16037286746948 1.67129043767940 1.45974096119538
  1439 0.19471331955505 1.70603238790984 1.68916855224732
  1440 0.05030598218409 1.86753655736417 1.40485256874341
  1441 0.08371187622066 1.95215306970081 1.70382084298857
edges 766
16      2      0
17      0      8
32     16     41
33     41     37
34     37     18
84     58     59
85     59     52
93     59     47
101     76     72
102     72     14
111     72     69
177    115     47
181     59      0
189    115      8
218    143    139
224    134    136
225    136    147
229    140    136
231    143    140
232    149    156
246    152    163
247    163    157
272    171    191
273    191    169
284    185      2
292    177    180
293    180    185
295    171     18
303    174    177
313    199    198
363    220    215
382    230    243
389    241    236
390    236    243
391    231    240
395    231    241
398    235    240
419    254    174
433    260    261
438    264    261
486     16    295
487    295    290
496    295    288
501    292    288
524    260    199
526     58    185
537    310    191
544    195    311
553    311    315
554    315    310
584    264    332
588    163    336
596    339    284
597    311    339
612    354    346
623    347    346
624    354    315
625    343    347
629    243    356
632    147    356
636    343    143
641    365    358
642    358    364
669    139    347
690    376    241
700    214    380
736     41    396
737    396    394
760     11    364
766    403    336
767    399    403
774    157    405
775    405    403
776    119    410
782    406    410
785    408    288
786    406    408
825    410    220
835    365    422
839    425    215
843    425    422
844    396    295
849    406    425
850    394    408
886    169    436
890    439    440
892    230    439
895    241    439
921    413    447
947    171    457
998     36    473
1021    156    481
1042    488    489
1045     36    488
1048     16    488
1049     14    489
1079    500    502
1081    231    500
1083    236    502
1086    198    502
1109    199    510
1112    149    510
1153    191    524
1172     69    529
1194    413    538
1214    544    545
1218     36    545
1220     37    544
1221     41    545
1242    149    553
1243    261    553
1256    557    559
1260    394    559
1261    354    557
1263    399    559
1289    568    569
1290    553    568
1292    332    568
1293    152    569
1294    134    569
1301    300    571
1307     52    573
1308    277    573
1333    581    582
1336    339    581
1337    403    582
1339    354    582
1355    230    587
1410    115    605
1431    545    611
1432    473    611
1476    115    625
1486    629    630
1487    396    629
1490    290    630
1491     98    630
1492    429    630
1507    635    636
1510    569    635
1512    429    636
1513    332    636
1525    343    640
1528    432    640
1540      2    645
1546    647    648
1547     98    647
1549    429    647
1550    413    648
1552    635    648
1553    649    650
1554    136    649
1557    356    650
1558    587    650
1559    380    650
1584      8    658
1586     11    658
1591    660    662
1595    513    662
1602    394    663
1605    399    663
1612    346    667
1614    582    667
1615    668    669
1617    519    668
1618    291    668
1619    636    669
1621    290    669
1631    673    674
1634    422    673
1635    405    674
1636    663    674
1637    425    674
1648    513    678
1649    605    678
1658    544    681
1660     11    681
1691    691    692
1692    481    691
1693    436    691
1694    231    691
1697    376    692
1705    695    696
1706    310    695
1707    557    695
1708    171    695
1710    559    696
1711     37    696
1716    139    698
1718    529    698
1729    432    701
1760    571    711
1761    538    711
1762    460    711
1779    717    718
1780    524    717
1781    436    717
1782    240    717
1784    174    718
1785    235    718
1800    723    724
1801    481    723
1802    510    723
1803    500    723
1806    195    724
1807    725    726
1808    356    725
1809    538    725
1811    380    726
1813    660    726
1830    203    731
1839    735    736
1841    447    735
1842    291    735
1843    152    736
1844    635    736
1845    668    736
1846    737    738
1847    399    737
1850    696    738
1853    739    740
1855    701    739
1856    457    739
1859    169    740
1920    177    758
1922    760    761
1923    152    760
1924    649    760
1925    157    760
1927    380    761
1930    762    764
1932    214    762
1934    761    764
1935    215    762
1937    405    764
1980     98    777
1988    180    780
1989    718    780
1998    783    784
2001    645    783
2002    758    784
2004    185    784
2023    791    792
2024    510    791
2027    724    792
2028    698    792
2037    795    796
2038    726    795
2039    513    795
2040    447    795
2041    761    796
2043    735    796
2044    797    798
2045    169    797
2046    481    797
2048    315    798
2049    724    798
2050    347    798
2051    799    800
2054    447    799
2055    571    800
2056    777    800
2057    413    800
2077    605    806
2106    816    817
2108    762    816
2109    731    816
2110    667    817
2111    764    817
2117    581    819
2118    519    819
2119    336    819
2126    625    821
2130    519    822
2133     72    822
2142    358    826
2173    826    837
2176    300    837
2177    838    839
2178    439    838
2180    235    838
2181    440    839
2182    826    839
2183    254    839
2192    842    844
2196     76    844
2199    292    844
2208    660    847
2210    214    847
2232    822    854
2233    291    854
2270    277    866
2278    869    870
2281    406    870
2283    777    869
2284    365    870
2286    513    871
2287    799    871
2296    581    874
2297    822    874
2298     69    874
2307    799    877
2308    869    877
2318    838    881
2322    882    883
2324    758    882
2325    260    882
2326    473    883
2328    264    883
2329    884    885
2331    881    884
2332    235    884
2333    277    885
2335    780    885
2352    254    890
2377    899    900
2378    663    899
2380    629    899
2381    673    900
2391    903    904
2392     98    903
2394    900    903
2395    777    904
2396    837    904
2397    365    904
2399    140    905
2401    156    905
2405    907    908
2407    866    907
2408    203    907
2409    220    908
2411    816    908
2412    909    910
2413    791    909
2414    783    909
2416    199    910
2417    784    910
2419    911    912
2420    432    911
2424    881    912
2425    230    912
2426    913    914
2427    432    913
2429    740    913
2430    343    914
2431    905    914
2432    797    914
2433    915    916
2434    611    915
2435    890    915
2437    544    916
2439    738    916
2440    917    918
2442    519    917
2443    489    917
2444    264    918
2445    669    918
2446    488    918
2451     18    920
2454      2    920
2456    922    923
2458    911    922
2459    903    922
2461    881    923
2462    837    923
2470    926    927
2472    877    926
2473    291    926
2474    288    927
2475    869    927
2476    290    927
2478    780    928
2479    920    928
2480    524    928
2495    758    933
2513    502    938
2521    941    942
2523    842    941
2524    806    941
2525    926    942
2526    844    942
2527    854    942
2538    946    948
2540    174    946
2542    890    948
2543    436    946
2545    692    948
2549    261    949
2556    890    952
2557    440    952
2558    376    952
2562    954    955
2564    949    954
2565    917    954
2566    284    955
2568    819    955
2571    957    958
2573     14    957
2574     76    958
2576     16    957
2577    292    958
2578    959    960
2579    806    959
2580     47    959
2583     61    960
2584    862    960
2602    740    966
2603    946    966
2604    933    966
2615    970    971
2617    933    970
2618    883    970
2619    429    971
2621    332    971
2625     36    972
2628     11    972
2638    977    978
2641    573    977
2642    842    978
2644    119    978
2649    739    980
2652    933    980
2654    982    983
2655     18    982
2656    957    982
2657    645    982
2658    457    983
2659    958    983
2662    783    984
2663    980    984
2664    983    984
2679    364    989
2680    972    989
2690    284    992
2696    571    995
2702    997    998
2704    605    997
2705    658    998
2707    871    997
2708    364    998
2711   1000   1001
2714    992   1001
2716    847   1000
2717    662   1001
2718   1002   1003
2719    877   1002
2720    997   1002
2721    941   1002
2722    870   1003
2723    998   1003
2724    119   1003
2740    905   1007
2743   1010   1011
2744    489   1010
2746    972   1010
2747    954   1011
2748    992   1011
2756    376   1012
2759   1015   1016
2760   1011   1015
2762    662   1015
2763    989   1016
2764    995   1016
2765    871   1016
2770    629   1018
2771    970   1018
2772    611   1018
2773   1019   1020
2774    649   1019
2775   1007   1019
2776    157   1019
2777    587   1020
2779    673   1020
2780   1021   1022
2781    911   1021
2782   1020   1021
2783    900   1021
2784    913   1022
2785   1007   1022
2788    980   1023
2790    971   1023
2794   1025   1026
2795    731   1025
2796   1000   1025
2798    678   1026
2799   1001   1026
2800    625   1026
2805    737   1028
2808    336   1028
2811   1030   1032
2813    899   1030
2815    737   1032
2816   1022   1030
2828   1036   1037
2829    955   1036
2830   1028   1036
2832    949   1037
2834   1012   1037
2835   1038   1039
2836    966   1038
2837   1030   1038
2838   1018   1038
2839    948   1039
2840   1032   1039
2841    915   1039
2843    847   1040
2845   1012   1040
2853    645   1043
2856     14   1043
2863    198   1047
2866    711   1047
2867   1048   1049
2868   1010   1048
2869   1043   1048
2870      8   1048
2871    992   1049
2873    625   1049
2874   1050   1051
2875   1015   1050
2877    949   1050
2878    995   1051
2879   1047   1051
2880    260   1051
2898   1057   1059
2900     76   1057
2902    984   1059
2905   1023   1059
2906   1060   1061
2907    660   1060
2908   1050   1060
2909   1012   1060
2910    725   1061
2911   1047   1061
2912    236   1061
2942    960   1071
2950    346   1073
2953    908   1073
3006    681   1091
3007    920   1091
3020   1096   1097
3021      0   1096
3022   1091   1096
3023    658   1096
3024    573   1097
3026    119   1097
3028    862   1098
3029   1057   1098
3030    529   1098
3034   1100   1101
3035    139   1100
3036   1071   1100
3037    529   1100
3038    667   1101
3040    874   1101
3050   1105   1106
3051    866   1105
3052   1073   1105
3053    640   1105
3054    977   1106
3056    701   1106
3067    862   1109
3070   1057   1109
3077    678   1113
3080    806   1113
3083   1071   1115
3084   1113   1115
3085    731   1115
3098   1120   1121
3099    842   1120
3100   1109   1120
3101    959   1120
3102    977   1121
3104     52   1121
3105   1122   1123
3106    854   1122
3107    796   1122
3108   1113   1122
3109   1101   1123
3110    817   1123
3111   1115   1123
3112   1124   1125
3115    410   1124
3116    978   1125
3118    408   1124
3119    292   1125
3121   1127   1128
3122    457   1127
3123   1125   1127
3124   1106   1127
3125    557   1128
3126   1124   1128
3127   1073   1128
3133    203   1131
3139   1133   1134
3141    147   1133
3142     61   1134
3144    243   1133
3145    938   1134
3146   1135   1136
3147    912   1135
3149    640   1135
3150    884   1136
3151   1131   1136
3152    866   1136
3153   1137   1138
3154   1135   1137
3155   1133   1137
3156    143   1137
3157   1131   1138
3158   1134   1138
3159   1071   1138
3162   1140   1141
3164    140   1140
3165    149   1141
3167    134   1140
3168    568   1141
3169   1142   1143
3173    907   1143
3176    220   1143
3178   1145   1146
3179   1098   1145
3180   1140   1145
3181    698   1145
3182   1059   1146
3183   1141   1146
3184    791   1146
3185   1147   1148
3186   1097   1147
3187   1143   1147
3188    277   1147
3189   1091   1148
3190   1142   1148
3191    928   1148
3226   1160   1161
3228     61   1160
3229    147   1161
3231    460   1160
3232    538   1161
3233   1162   1163
3235   1160   1162
3236    862   1162
3237    648   1163
3238   1161   1163
3239    134   1163
3241   1164   1166
3243   1007   1164
3245    156   1166
3246   1032   1164
3248    692   1166
3249   1167   1168
3250   1028   1167
3251   1164   1167
3252    163   1167
3253   1037   1168
3254   1166   1168
3255    553   1168
3256   1169   1170
3259     58   1169
3260    460   1170
3262    180   1169
3263    300   1170
3265   1172   1173
3266    923   1172
3267   1170   1172
3269    885   1173
3270   1169   1173
3271     52   1173
3273   1174   1176
3275    916   1174
3277    681   1176
3280   1142   1176
3282   1040   1177
3283   1174   1177
3284    952   1177
3370   1205   1206
3372    177   1205
3373    254   1206
3375    300   1205
3376    826   1206
3393   1212   1213
3394    882   1212
3395    995   1212
3396   1205   1212
3397    473   1213
3398    989   1213
3399   1206   1213
3435   1025   1224
3438    203   1224
3446    311   1229
3449    310   1229
3475   1238   1239
3476   1142   1238
3478   1224   1238
3479    524   1239
3480   1229   1239
3777   1332   1333
3780    938   1332
3781    500   1333
3783   1131   1332
3784    240   1333
3786   1335   1336
3787   1239   1335
3788   1333   1335
3789    195   1335
3790   1224   1336
3791   1332   1336
3792    821   1336
3794   1337   1339
3796    909   1337
3798    821   1339
3799   1043   1337
3801   1049   1339
3818   1345   1346
3819   1337   1345
3820     69   1345
3821    792   1345
3822   1339   1346
3823    339   1346
3824    195   1346
3842   1352   1354
3844    460   1352
3846    198   1354
3847     58   1352
3849    910   1354
3850   1355   1356
3851     47   1355
3852   1352   1355
3853     61   1355
3854    821   1356
3855   1354   1356
3856    938   1356
3921   1377   1378
3924   1162   1377
3925   1172   1378
3927   1109   1377
3928   1121   1378
3946   1385   1386
3947    922   1385
3948   1378   1385
3949    701   1385
3950    647   1386
3951   1377   1386
3952   1023   1386
3978   1395   1396
3980    587   1395
3981    214   1395
3983    422   1396
3984    215   1396
3994   1400   1401
3995   1395   1400
3996    440   1400
3997   1177   1400
3998   1396   1401
3999    358   1401
4000   1176   1401
4114   1437   1439
4116   1238   1437
4118   1229   1439
4119   1174   1437
4121    738   1439
4122   1440   1441
4123   1040   1440
4124   1437   1440
4125   1000   1440
4126   1036   1441
4127   1439   1441
4128    284   1441
polygons 447
0   1540   2451   2454   2655   2657
3     16     17   1540   2853   2869   2870
4     16   2454   3007   3021   3022
5   2573   2656   2657   2853   2856
7     32     33     34   2576   2655   2656
10   1584   1586   2628   2746   2868   2870
11     17   1584   3021   3023
13   1586   1660   3006   3022   3023
15   1214   1218   1658   1660   2625   2628
16   1049   2744   2856   2868   2869
17   1042   1048   1049   2573   2576
18     32   1045   1048   1218   1221
19     34   1220   1658   2451   3006   3007
21   1042   1045   2625   2744   2746
22     33   1214   1220   1221
23   3228   3231   3844   3852   3853
27   3231   3235   3260   3267   3921   3924   3925
28     84     85   3259   3270   3271
29   3256   3259   3260   3844   3847
30   3104   3265   3271   3925   3928
31   2578   2584   3067   3100   3101
32     85     93   2580   3098   3101   3104
33     93     84   3847   3851   3852
34   2578   2580   2583   3851   3853
36   2583   2584   3228   3235   3236
37   2574   2659   2664   2898   2900   2902
38    101    102   2571   2573   2574
39   2001   2414   2853   3796   3799
40   2023   2413   3796   3819   3821
42    102    111   2856   3799   3819   3820
43   2413   2414   2662   2902   3182   3184
44   1172   1718   2028   3820   3821
45    111    101   1172   2900   3029   3030
47   1486   1492   2615   2619   2770   2771
48   2380   2770   2813   2837   2838
49   1491   1492   1547   1549
51   2394   2458   2459   2781   2783
54   1547   2392   2459   3946   3947   3950
56   1729   2420   2458   3947   3949
57   1549   2619   2790   3950   3952
58   1853   2602   2604   2649   2652
60   2420   2427   2780   2781   2784
61   1729   1853   1855   2427   2429
62   2429   2602   2784   2816   2836   2837
63   1486   1491   2377   2380   2392   2394
67    177   1410   2077   2579   2580
68   1307   2641   3102   3104
69     85    181   1307   3020   3021   3024
70   2638   2641   2644   3024   3026
71    177    189     17    181     93
73    189   1410   1584   2702   2704   2705
75   2638   2642   3098   3099   3102
76   2523   2524   2579   3099   3101
77   2523   2642   2644   2718   2721   2724
78   2705   2723   2724   3020   3023   3026
81   2077   2524   2704   2720   2721
82   2583   2942   3142   3158   3159
83   1716   1718   3035   3037
84    218   3035   3036   3153   3156   3159
85   3139   3141   3142   3226   3228   3229
86   2584   2942   3028   3030   3036   3037
87    224    225   3229   3238   3239
88    229    224   3164   3167
89   3028   3167   3179   3180   3233   3236   3239
90    218    231   1716   3164   3180   3181
91    229    231    225   3141   3155   3156
92    232   1242   3245   3254   3255
93    232   2399   2401   3162   3164   3165
94   1242   1290   3165   3168
95    246    247   1923   1925
96    224   1293   1294   1554   1923   1924
97   1924   1925   2774   2776
100   1289   1294   3162   3167   3168
101    246   1289   1290   1293   3249   3252   3255
102   2401   2740   3241   3243   3245
103    247   2775   2776   3243   3251   3252
104    229   1554   2399   2740   2774   2775
107   1856   2649   2658   2663   2664
108    272    273    947   1853   1856   1859
109    273    886   1153   1780   1781
110    886   1859   2543   2602   2603
111    284   1540   1998   2001   2004
112    292    293   1920   2002   2004
114    295    272   1153   2451   2479   2480
115    295    947   2654   2655   2658
119    303   1920   2495   2540   2603   2604
121   1779   1780   1989   2478   2480
122    292    303   1784   1988   1989
123   1779   1781   1784   2540   2543
124    284    293   1988   2454   2478   2479
125   1998   2002   2495   2652   2662   2663
126    313   1079   1086   1109   1802   1803
127   1800   1803   1806   3781   3788   3789
128   1086   2513   3846   3855   3856
129   1109   2024   2412   2413   2416
130   1806   2027   3818   3821   3824
131   2412   3794   3796   3798   3849   3854   3855
133   3786   3789   3792   3798   3822   3824
134    313   2416   3846   3849
135   1932   2108   2109   2210   2716   2795   2796
136   2210   2843   3282   3981   3995   3997
139   3273   3280   3476   4116   4119
141   1830   2109   2405   2408   2411
142   1830   2795   3435   3438
143   2408   3169   3173   3438   3476   3478
145    363   3169   3176   3280   3984   3998   4000
146   2405   2409   3173   3176
148   1932   1935   3978   3981   3984
149    363   1935   2108   2409   2411
150   2796   3435   3478   4116   4124   4125
151   2578   2579   2942   3080   3083   3084
152   1172   2298   3034   3037   3040
154   3028   3029   3067   3070
155   2192   2196   2900   3070   3099   3100
156    101   2133   2196   2232   2526   2527
159    111   2133   2297   2298
160    892   2178   2318   2424   2425
161    382   2425   3144   3147   3154   3155
162    389    390    382    892    895
163    391   1081   3781   3784
164    395    398    391    895   2178   2180
165    389    395   1079   1081   1083
166    390   1083   2513   3139   3144   3145
167   2331   2424   3146   3147   3150
169    398   2332   3150   3151   3777   3783   3784
171   2180   2318   2331   2332
173   1432   2352   2434   2435   3373   3397   3399
174   1920   2324   3372   3394   3396
176    419    303   3370   3372   3373
178    419   2352   2538   2540   2542
179   2435   2542   2839   2841
180   1432   2326   2618   2771   2772
181   2434   2772   2835   2838   2841
182   2325   2878   2880   3394   3395
183    433   2549   2874   2877   2880
184    438    433   2322   2325   2328
185    438   2440   2444   2549   2564   2565
186   2443   2565   2743   2744   2747
187   2564   2747   2760   2875   2877
188    998   2625   2680   3397   3398
191    998   1045   2326   2328   2444   2446
192   1528   1729   3050   3053   3056
193   2270   2329   2333   3150   3152
194   2456   3266   3925   3947   3948
195   1307   1308   2333   3269   3271
199   1308   2270   2641   3050   3051   3054
200   3054   3056   3102   3928   3948   3949
201   2714   2717   2748   2760   2762
202   2690   2711   2714   4122   4125   4128
203   2832   2834   2877   2908   2909
204   2208   2843   2845   2907   2909
205   2566   2829   4126   4128
207   2562   2566   2690   2747   2748
210   2196   2199   2574   2577
211    486    487   1048   1621   2445   2446
212    102   1049   2130   2133   2442   2443
213   1617   1618   2130   2232   2233
214   1615   1618   1621   2470   2473   2476
215    487    496   2474   2476
216   2233   2473   2525   2527
217    501    496    486   2571   2576   2577
219    501   2199   2470   2474   2525   2526
223   1301   2696   3375   3395   3396
224   1760   2696   2866   2878   2879
226   1301   1760   1762   3260   3263
227    292   3256   3262   3263   3372   3375
228   1762   2863   2866   3842   3844   3846
230    524   2002   2324   2325   2416   2417
231    313    524   2863   2879   2880
234    526   2004   2417   3842   3847   3849
235    293    526   3259   3262
240    537   1153   3449   3479   3480
241   1780   1782   3479   3784   3787   3788
243    544   3446   3480   3787   3789
244   1081   1692   1694   1801   1803
246    391   1693   1694   1781   1782
248    553    554   3446   3449
249    554    273    537   2044   2045   2048
250    544    553   1806   2048   2049
251    886   1692   1693   2045   2046
253   2039   2040   2054   2286   2287
254   1841   1842   2054   2307   2472   2473
255   1842   2043   2233   3106   3107
257   2472   2521   2525   2719   2721
258   1648   1649   2286   2704   2707
261   1293   1510   1843   1844
262   1289   1292   1507   1510   1513
263    438    584   1243   1290   1292
264    584   1513   1619   2444   2445
265    588   2808   3250   3252
266   1243   2549   2832   3253   3255
267   2119   2568   2808   2829   2830
268    588    246   1617   1843   1845   2118   2119
269   1507   1615   1619   1844   1845
270   2126   2873   3798   3801
271   2714   2799   2800   2871   2873
272    596   2690   2871   3801   3822   3823
273    544    597   3823   3824
274    596    597   3446   4118   4127   4128
275   1525   1528   2426   2427   2430
276    537    272   1706   1708
277   1859   2045   2426   2429   2432
279    612   1261   2950   3125   3127
280    947   1707   1708   3121   3122   3125
281   1855   1856   3056   3122   3124
284    623    612    624   2048   2050
285    625   2044   2050   2430   2432
286    623    625   1525   2950   3052   3053
287    624    554   1261   1706   1707
289   1355   2419   2425   2777   2781   2782
290    382    629   1355   1557   1558
291    632    629   3141   3144
294    636   1525   3149   3154   3156
295    231    636   2399   2430   2431
296    632    225   1553   1554   1557
297    641   2142   2173   2396   2397
298    642   2142   2679   3376   3398   3399
299    641    642   2284   2708   2722   2723
300   2679   2702   2707   2708   2763   2765
301   1301   2055   2056   2176   2395   2396
302   2051   2055   2287   2696   2764   2765
303   2173   2176   3370   3375   3376
304   2278   2283   2284   2395   2397
305   2270   2407   3173   3187   3188
306   2333   2335   2478   3185   3188   3191
307   3133   3438   3783   3790   3791
309   1785   1989   2329   2332   2335
310   2480   3190   3191   3475   3476   3479
311   2407   2408   3133   3151   3152
313    398   1779   1782   1785
314   1021   2046   2401   2431   2432
315    669   1716   2027   2028   2049   2050
316   1112   2024   3165   3183   3184
319    232   1021   1112   1801   1802
320    669    218    636    625
322   3142   3145   3850   3853   3856
323   1083   1086   2863   2911   2912
326   1761   1762   3226   3231   3232
327   1761   1809   2866   2910   2911
328    629    390   1808   2910   2912
329    632   1808   1809   3229   3232
331   1292   2621   2790   2905   3168   3182   3183
332   1512   1513   2619   2621
333   1294   1510   1552   3237   3239
334    690    389   2756   2906   2909   2912
335   1557   1559   1807   1808   1811
336   1807   1813   2906   2907   2910
338    890    892   1355   3980   3995   3996
339    700   1558   1559   3980   3981
341   2558   2756   2845   3282   3284
342    690    890    895   2557   2558
343    700   1811   1813   2208   2210
345   2557   3284   3996   3997
348   1846   2433   2439   2815   2840   2841
349   2545   2839   2840   3241   3246   3248
350   2805   2815   3246   3250   3251
351   1697   2756   2834   3248   3253   3254
352   2439   3275   4114   4119   4121
353   1697   2542   2545   2556   2558
354   1846   2805   2830   4121   4126   4127
355    433    524   1109   1112   1242   1243
358    584   2328   2615   2618   2621
360   1263   1710   1846   1847   1850
361   1220   1711   1850   2437   2439
362   1260   1263   1602   1605
363     33    736    737   1260   1710   1711
364    736   1221   1431   1487   2770   2772
365    737   1487   1602   2378   2380
369   1605   1847   2378   2811   2813   2815
372   1410   1476   1649   2798   2800
373   1830   3083   3085   3133   3157   3159
376    177   1476   2126   3850   3851   3854
378    189   1476   2867   2870   2873
380   1595   2286   2759   2762   2765
382    760   1586   2705   2708
384   1595   1648   2717   2798   2799
386    760   2628   2679   2680
387    597    553    624   1333   1336   1339
388    596   1336   2117   2566   2568
389    766   1333   1337   2117   2119
390    767   1256   1261   1263   1337   1339
391    766    767   1847   2805   2808
393   1705   1706   1850   3449   4118   4121
395   2785   2811   2816   3243   3246
397   2381   2779   2782   2783
398    774   1631   1635   2773   2776   2779
399    775    767   1605   1635   1636
400    774    247    588    766    775
401    776   2644   3112   3115   3116
402    782    776   2281   2722   2724
403   2192   2199   2642   3116   3119
404    785    501   3112   3118   3119
405    782    786   3115   3118
406    786    785   2278   2281   2474   2475
407   2308   2470   2472   2475
408   1194   1760   1761   2055   2057
409   1194   1550   3232   3237   3238
411   1546   1547   1550   1980   2056   2057
412   2176   2462   3263   3266   3267
414   1980   2391   2392   2395
417   1612   2106   2110   2411   2950   2953
418    623    669   1612   3034   3035   3038
420   1591   1595   1813   2038   2039
422    921   2051   2054   2057
423    921   1194   1807   1809   2038   2040
424   1934   2041   2111   3105   3107   3110
425    774   1922   1925   1934   1937
426   1839   1843   1922   1923   2041   2043
427   1333   1614   2296   3038   3040
428   2117   2118   2130   2296   2297
429   1618   1839   1842   1845
430    775   1337   1614   1937   2110   2111
432   2638   3054   3116   3123   3124
434   2577   2658   2659   3119   3122   3123
436   1553   1559   1922   1924   1927
437   1811   1927   2037   2038   2041
439    921   1550   1552   1839   1841   1844
440   1490   1492   1512   1619   1621
441   1490   1491   1980   2283   2475   2476
444   1336   2296   2298   3818   3820   3823
445   1988   2335   3262   3269   3270
446   1308   3024   3186   3188
447    284    526     84    181     16
449    776    825   3026   3176   3186   3187
450    825   2409   2953   3115   3126   3127
454   2173   2177   2182   2318   2461   2462
456   1634   2777   2779   3978   3980   3983
458    835   1634   2381   2391   2394   2397
460   2142   2181   2182   3994   3996   3999
461    641    835   3983   3998   3999
462    839   1635   1637   1930   1935   1937
463    700   1927   1930   1932   1934
466    839    843   3983   3984
467    843   1631   1634   1637
468    844    487   1486   1487   1490
469     32    486    844    736
470    998   1218   1431   1432
473   2181   2183   2352   2556   2557
474    419   1784   1785   2177   2180   2183
475    395    690   1691   1694   1697
477   1021   1691   1692   3245   3248
478   2182   2183   3373   3376
479    786    849    850   1602   1636   1637
480    850    737    844    496    785
481    835    843    849   2281   2284
482    760    642   1660   3277   3999   4000
483   3006   3189   3190   3277   3280
484    363    839    849    782    825
485    850   1256   1260   3118   3125   3126
486     34    295   1705   1708   1711
488   1658   2437   3273   3275   3277
489    612   1339   1612   1614
491   1507   1512   1546   1549   1552
492   1528   2419   2420   3147   3149
493   1691   1693   2538   2543   2545
494    890   2177   2178   2181
495   2118   2442   2562   2565   2568
496   1591   2762   2875   2907   2908
497   1841   2037   2040   2043
501   1546   3233   3237   3924   3950   3951
503   2322   2326   3393   3394   3397
506   1800   1801   2044   2046   2049
508   1042   2440   2443   2446
510   2794   2795   2798   3077   3084   3085
511   2110   3038   3109   3110
512   1079   2513   3777   3780   3781
515   1800   1802   2023   2024   2027
516   1648   2037   2039   3077   3107   3108
518   1615   1617   2440   2442   2445
521   1718   3030   3179   3181
523   2001   2654   2657   2662   2664
524   1214   1431   2433   2434   2437
525   2287   2307   2707   2719   2720
527   1256   1705   1707   1710
531   1553   1558   2773   2774   2777
533   1855   2649   2788   3946   3949   3952
536   1649   2077   3077   3080
539   2126   2794   2800   3435   3790   3792
541   3051   3053   3146   3149   3152
542   2023   2028   3178   3181   3184
544   1591   2208   2711   2716   2717
545   1631   1636   2377   2378   2381
547   2051   2056   2283   2307   2308
548   2716   2843   4123   4125
552   2106   2109   3085   3110   3111
553   3780   3791   3792   3854   3856
554   2329   2331   2461   3265   3266   3269
555   2322   2324   2495   2617   2618
556   1930   2106   2108   2111
558   1998   2412   2414   2417
559   3067   3236   3924   3927
562   2521   2524   2527   3080   3106   3108
564   2232   2297   3040   3105   3106   3109
565   2405   2407   2953   3051   3052
566   3145   3157   3158   3780   3783
567   2391   2396   2456   2459   2462
568   2192   2521   2523   2526
571   2426   2431   2740   2784   2785
572   2278   2308   2718   2719   2722
573   2419   2424   2456   2458   2461
574   2377   2780   2783   2813   2816
575   2433   2435   2556   3275   3283   3284
576   2604   2617   2771   2836   2838
577   2479   3007   3189   3191
578   2615   2617   2652   2788   2790
580   2538   2603   2835   2836   2839
581   2562   2564   2828   2829   2832
582   2571   2654   2656   2659
583   2763   2764   3393   3395   3398
584   2680   2743   2746   2759   2760   2763
585   2663   2788   2902   2905
586   2743   2748   2867   2868   2871
587   2759   2764   2874   2875   2878
588   2702   2718   2720   2723
589   2711   2794   2796   2799
590   2898   2905   3070   3927   3951   3952
591   2773   2775   2780   2782   2785
592   2828   2834   2845   4122   4123   4126
593   2828   2830   3249   3250   3253
594   2811   2835   2837   2840
595   3282   3283   4119   4123   4124
596   2867   2869   3794   3799   3801
597   2874   2879   2906   2908   2911
599   2898   3029   3178   3179   3182
600   3020   3022   3185   3186   3189
602   3034   3036   3083   3109   3111
603   3050   3052   3121   3124   3127
609   3098   3100   3921   3927   3928
610   3084   3105   3108   3111
612   3112   3121   3123   3126
613   3146   3151   3153   3154   3157
614   3139   3153   3155   3158
615   3162   3178   3180   3183
616   3169   3185   3187   3190
619   3226   3233   3235   3238
620   3241   3249   3251   3254
621   3256   3265   3267   3270
622   3273   3283   3994   3997   4000
628   3370   3393   3396   3399
630   3475   3478   3786   3787   3790
631   3475   3480   4114   4116   4118
652   3777   3786   3788   3791
653   3794   3818   3819   3822
656   3842   3850   3852   3855
661   3921   3946   3948   3951
663   3978   3994   3995   3998
671   4114   4122   4124   4127
cells 64
0      0      3      4      5      7     10     11     13     15     16     17     18     19     21     22
1     23     27     28     29     30     31     32     33     34     36    559    609    621
2     37      5     38     39     40     42     43     44     45    521    523    542    582    599
3     47     48     49     51     54     56     57     58     60     61     62     63    533    574    576    578
4     32     67     68     69     70     11     71     73     75     76     77     78     81    588
5     82     83     84     85     86     36     87     88     89     90     91    521    614    619
6     92     93     94     95     96     97     88    100    101    102    103    104    620
7    107    108     58    109    110    111    112    114    115    119    121    122    123    124      0    125    523
8    126    127    128    129    130    131     40    133    134    512    515    553    652    653
9    135    136    139    141    142    143    145    146    148    149    150    548    595    622    663
10    151    152     86     45    154     76    155    156     31    159    562    564    568    602    610
11    160    161    162    163    164    165    166    167    169    171    512    566    613    614
12    173    174    176    178    179    119    180    181    503    555    576    580    628
13    182    183    184    185     21    186    187    188    191    503    508    583    584    587
14    167    192    193    194     56    195     30    199    200     68    492    541    554    573
15    201    202    203    204    205    187    207    496    544    548    581    592
16     17    210     38    211    212    213    214    215    156    216    217    219    508    518
17    182    223    174    224    226    227     29    228    230    231    112    134    234    235
18    240    241    163    243    127    244    246    109    248    249    250    251    506
19    253    254    255    216    257    258     81    497    516    525    536    562
20    261    262    263    264    185    265    266    267    268    269    101    495    518    581    593
21    270    271    243    272    202    133    273    150    274    539    589    630    631    671
22    275     61    276    249    108    277    279    280    281    284    285    286    192    287    603
23    289    104    290    291    275    294     91    295    296    161     60    492    531    571    591
24    297    298    299    223    300    301    302    303    304    525    547    572    583    588    628
25    121    241    305    169    193    306    307    143    309    310    311    313    616    630    652
26    314    285    315    316     93    319    320    295     90    506    515    542    615
27     85    322     23    228    128    323    326    327    328    329    166    291    656
28    331    154     57    332    333    100     89    262    491    501    559    590    599    615
29    162    334    328    290    335    336    338    339    341    342    343    204    136    345
30    348    349    350    351    179    352    353    341    354    575    592    593    595    620    671
31    129    355    125    331    230    184     43    316     94    358    263    555    558    578    585
32    360    361    362    363    364    365    348     48     22    369    181    524    594
33    322     82    142    372    307    373    376     34     67    151    510    536    539    553    566
34    372     73    378    380    271     10    258    382    384    201    386    300    584    586
35    387    388    389    390    391    360    267    393    274    205    354    287    248    527
36    395    103    391    369    265    350    397    398    399    400    545    574    591
37     77    401    402    403    404    405    406    257    219    407    568    572
38    408    326    409    411    412    226    414    194     27     54    301    501    567    619    661
39    311    417    286    373    418    141    294     84    320    511    541    552    565    602    613
40    224    336    380    253    302    408    420    422    423    327    496    587    597
41    424    425    426     95    427    428    213    255    429    430    389    400    268    511    564
42    155     37    432    210     75    403    107    200    281    434    533    585    590    609    661
43    436    437    335    439    261    426    423    333    409    296     87     96    329    497
44    429    439    269    440    422    254    411    441    214     49    407    491    547
45    428    212    388    272    444    159     42    207     16    186    495    586    596    653
46    445    195     28     69    446      4    235    124    447    306    577    600
47    401    432    199    305    446     70    449    450    146    565    603    612
48    454     51    297    289    160    456    397    458    338    460    461    494    567    573    663
49    456    398    462    148    463    339    425     97    436    466    467    531
50    468    440    211    191    358    364     47     18    469    264    470    332    180
51    353    178    473    474    246    475    123    164    342    313    493    494
52    351    334    266    355    475    231    323    126     92    244    203    183    319    477    165    597
53    445    227    122    474    309    412    171    454    478    303    176    554    621
54    270      3    378    447     71    376     33    111     39    131    234    558    596    656
55    424    384    135    437    420    343    463    510    516    544    552    556    589    610
56    441    406    479    480    468    215    365    414    304    458     63    481    467    545
57    482    483    466    299    382    449     13    402     78    461    145    484    481    600    616
58      7    280    434    363    480    485    404    469    217    486    115    527    582    612
59    477    314    102    277     62    251    349    395    110    493    571    580    594
60    139    483    393    488    352    361    276    240    114    486     19    310    577    631
61     15    482    478    473    460    488    345    470    173    298    188    386    524    575    622
62    387    489    427    130     44    418    315     83    444    273    284    152    250
63    149    484    450    390    489    279    362    485    417    479    405    462    430    399    556
