vertices 383
     0 0.89989175180525 3.90118991825021 1.04775783316115
     2 1.28201079177729 0.08206312855674 1.58582771606702
     8 0.79215476908992 3.79178701448011 1.04773783762039
    11 0.14148089932664 0.16833675689459 1.06080113364712
    14 0.75935346980024 3.57784603115952 2.13563665494240
    16 0.20613534466902 0.14468033124835 2.30458103096055
    18 1.03346632772252 0.51572887654779 1.91004179274310
    36 3.80067425789031 0.13801213665856 1.70397015863677
    37 0.40178734386580 0.63291794844921 1.99919582891310
    41 0.13928020291395 0.31360081147751 2.23670806138316
    47 1.34704307437066 3.31384558652185 0.54055473189969
    52 1.56343300073821 0.22187795301068 0.18656936397716
    58 1.77328542265563 3.75677394312307 0.85470229444342
    59 1.44357468762154 3.74809902931587 0.67302518044258
    61 1.77870072888821 2.86761573590536 0.12558288503833
    69 0.94245595464115 2.92868290903006 2.65345128708165
    72 0.84973920988509 3.09932863071328 2.65982877659138
    76 1.07659653642735 3.65380359087223 2.91471240957438
    98 3.00569153607408 0.20258527678393 3.31959398538622
   115 0.95849671288542 3.23660037107052 0.70784557454282
   119 0.67627612612332 0.42804657743389 0.09178748961402
   134 2.55396173412591 2.73205540207688 3.23860241899761
   136 2.58710637816940 2.34169605243595 3.40560484556180
   139 1.57051020979005 2.18234144656456 3.07979956125392
   140 2.31815704280445 2.19561896184912 3.10721171881904
   143 1.90881611646583 1.97073911631102 3.22095610956886
   147 2.48210095433498 2.33811666491621 3.92045090761184
   149 2.56637606978781 2.64520566908763 2.23195229728683
   152 3.37093735421873 2.68049696156456 3.02598129948069
   156 2.56132394764750 2.10692067234267 2.20705045479183
   157 3.43418548281054 2.13702271225524 3.11348367998695
   163 3.51440935933020 2.28453120733332 2.75262949799685
   169 1.83441078917183 1.11226375961522 2.20751421855342
   171 1.21389707532467 0.93720890506323 2.15325864349565
   174 2.22014808657726 0.69397449400414 1.48890530663652
   177 2.17442532336281 0.25989347746204 1.43767437542024
   180 1.97529138069621 0.23437641241626 1.31318861318869
   185 1.77665469350167 3.99441672655353 1.41531666405107
   191 1.28980069830662 1.04022074576951 2.08510756545501
   195 1.20216876413521 2.23763596154970 1.93666301875911
   198 2.32193781836023 2.89358252074338 1.27058458605836
   199 2.34151189038451 3.01491928073652 1.58273863083559
   203 0.93555734899984 1.91641418515664 0.46500782622436
   214 3.76134162810611 1.90491296575172 0.37725304318567
   215 0.15158651906852 1.29052968188076 3.98894286246496
   220 0.42877793834260 1.21859091400471 0.01763171836869
   230 2.68508618356698 1.64493242593976 0.17795931584235
   231 2.18939398079635 1.95360004802619 1.29511014990540
   235 2.06995742546498 1.22787501201679 0.82634001668409
   236 2.52350397729161 2.22078531335428 0.93074162930345
   240 1.91838076600132 1.63312356804606 1.15322561774981
   241 2.55813564066412 1.99550488800144 1.04496863570704
   243 2.54603618179357 2.14359883796160 0.15596553948994
   254 2.92215812755961 0.74239447720955 1.18776860483010
   260 2.75920649845512 3.15892075236210 1.60695395848107
   261 2.97855399553132 3.01514589395219 1.88968968185164
   264 3.09453907149753 3.36339261111921 2.11573732894733
   277 1.48639568308427 0.87974194071099 0.37601490197868
   284 0.35760527007510 2.32627445516708 1.82091467916541
   288 0.13834329952329 0.24104521022674 2.89444262763599
   290 3.83232583591936 0.03234115269766 2.93199846621682
   291 3.98973387389418 3.14982366118587 3.18490300240888
   292 0.90045591083125 0.01981810170582 2.91968637934876
   295 0.03698756772446 0.23939455272392 2.74533878534493
   300 2.77351203472468 3.97599491405868 0.61561575823676
   310 1.00039974935653 1.34101836036450 2.18174778722825
   311 0.96065595352954 2.01411014326365 2.03478132099629
   315 1.07537379661297 1.67840264713968 2.37661834532526
   332 2.93736981262019 3.33449470809431 2.49214640483461
   336 3.85716590207977 2.17146919800627 2.55409142077200
   339 0.75736196265487 2.28956119536957 2.06251458280815
   343 1.85797503844048 1.72088382021726 3.06996058470516
   346 1.07596885687899 1.74122358670489 3.07174112491163
   347 1.52163043521837 1.88679299514947 2.96005190639501
   354 0.87143412743921 1.65179515009684 2.73025661594153
   356 2.65528132526427 2.24413674319686 0.07079285387371
   358 3.58619888874752 0.70267702156326 0.53376630034839
   364 0.01032570555933 0.14799581290223 0.92186393126466
   365 3.61451288707168 0.65127629876885 0.09981553395948
   376 2.98704886941359 1.91240308509526 1.34070694891316
   380 3.46917091647583 2.29254355423397 0.10755460572680
   394 0.14274522223406 0.92394056589018 2.87244562613393
   396 3.97170120180388 0.41456756471919 2.65418969060947
   399 0.09222310517060 1.35637604230538 2.68614768833399
   403 0.12583868635844 1.84331551994370 2.86495291526299
   405 3.94074074284710 1.83662640842337 3.20642673181566
   406 0.16567438814111 0.87241764267242 3.70329160921208
   408 0.28339636438438 0.77628403179982 3.12878057557613
   410 0.40529030977681 0.89913685270809 3.77730193596518
   413 3.09213553073477 3.36376799230417 3.92559950143992
   422 3.67984767838740 1.00269716556291 3.99082892308400
   425 0.00153210691609 1.08832009791434 3.77978094706498
   429 2.88502870297178 3.92310888066707 2.95793934476675
   432 2.14073558774457 1.04160497731342 3.16923021878224
   436 2.04209850119401 1.11125292212915 1.85679563444314
   439 2.69924667481794 1.48379675891984 0.59573447604873
   440 3.20040868743150 1.26219278585611 0.82702564009735
   447 3.44639453287129 3.20235760000168 3.90331366428400
   457 1.46963483427627 0.58106748678275 2.55195903083507
   460 2.39486015457450 3.48292317125954 0.43638650348699
   473 3.45555591390478 0.18733464102792 1.69237565324815
   481 2.27161314136373 1.95738609339138 1.94663539192093
   488 0.01642927181500 3.72712097041843 2.04056621604868
   489 0.16846933106373 3.54161188567808 1.97341058364919
   500 2.10477409095311 2.07217782121900 1.29179443834003
   502 2.20708387844899 2.31948975773987 1.08771030732794
   510 2.24957165452184 2.74444317062595 1.93141490194775
   513 3.98012546289390 2.96481688474100 0.49679535023660
   519 0.13119208991914 2.90833942775345 2.57324054544106
   524 1.41756515985679 1.02497996233693 1.53458868402438
   529 1.45603492804055 2.76396489007184 2.97185556214062
   538 2.76136588220859 3.19632517661165 0.15041637376656
   544 0.14738269196337 0.64768392318012 1.67205897502079
   545 3.84968621114387 0.33630849247646 1.82001181445393
   553 2.84174107186828 2.73575453157049 2.20909741305835
   557 0.77629563787045 1.31923445467006 2.67310612560763
   559 0.32491879881374 1.19324227889244 2.63065328710485
   568 2.82391935966189 2.94744807065614 2.51615173053661
   569 3.07853749710354 2.91996527627789 2.97385642053141
   571 2.90615825939425 3.69848402634285 0.57675607807876
   573 1.41600406090480 0.40559088118647 0.14747239735369
   581 0.48543371608599 2.39302294473350 2.51469525064863
   582 0.53881988009587 1.99071471109103 2.84988469843810
   587 2.92253274815506 1.65674828282838 0.03903145216564
   605 0.71702993517388 3.17518450794727 0.41424629421512
   611 3.48339426818538 0.41876408812194 1.82588890068989
   625 0.92457915407569 2.87969536107698 0.99972213551380
   629 3.23532598689054 0.55304266971057 2.72272079839180
   630 3.13460220495549 0.18358007240042 3.02751544613624
   635 3.12032418508010 3.01227640391915 3.01112027307295
   636 3.12275879322878 3.36920463932374 2.73853460957357
   640 1.85301203345278 1.35186124738638 3.39243041084348
   645 1.28020503087606 3.94012592785293 1.82281335065499
   647 2.77985250948097 3.94772902963637 3.20422570317958
   648 2.81650610281819 3.37849210385996 3.53104266861617
   649 2.96784022915730 2.14060814089582 3.42839653366847
   650 2.94917258147304 2.07503487893891 3.92611849015076
   658 0.51524800021387 0.05589866740180 0.91016980186604
   660 3.61314587597109 2.46221438167788 0.67347224013635
   662 3.92576139246051 2.80651685635384 0.75083512322940
   663 3.94439701050473 1.10588829556526 2.90313456295403
   667 0.71135174445286 2.09252558299768 3.18530730970130
   668 3.82271313434726 3.08325333428511 2.90338259562458
   669 3.65348574879521 3.43019799574907 2.67395993484013
   673 3.21342802629579 1.16032464024864 3.49734383188056
   674 3.81126410297955 1.28245097291222 3.31473216662746
   678 0.56141986807416 2.89752692516875 0.42122069768495
   681 0.30910593682217 0.57857645655002 1.22560579731519
   691 2.34845644515711 1.81775910714829 1.77311757616771
   692 2.78727844303297 1.79000956454392 1.78322644163122
   695 0.91015783782170 1.22606778911500 2.26112235623915
   696 0.44472451148961 1.10555274185061 2.19838393791189
   698 1.58293859590015 2.67430367781431 2.87180423226367
   701 1.94259300664352 0.71176235380809 3.11843537071977
   711 2.65287149327563 3.40626501870727 0.49660011188718
   717 1.79208941323511 1.07539580520278 1.47693699807626
   718 1.89809846400982 0.89069731047805 1.31375883022603
   723 2.07984578703754 2.20983775339129 1.79367641881327
   724 1.50964299615058 2.25197053749351 2.11443961898414
   725 2.94351835724054 2.59125057596051 0.34008647808506
   726 3.44343011655112 2.50108304306559 0.25889423992798
   731 0.80483358783243 2.02841539944425 0.37820155679237
   735 3.68426978153243 2.94130841913125 3.43238142319471
   736 3.46327056353592 2.87292134509346 3.08189253089805
   737 3.79770461450424 1.52415864525374 2.25355219884561
   738 0.10709796682405 1.35380500763697 1.86785590968138
   739 1.89701032228491 0.60208670517047 2.62635188919959
   740 2.05105841378405 0.81516205209907 2.48958618940272
   758 2.17862488375853 0.01288992482012 1.72746568306144
   760 3.36724872608625 2.32554580751232 3.26063601195285
   761 3.72522979387981 2.40430050377568 3.67342573899732
   762 0.23570773138361 1.73577807693512 3.94604838171677
   764 0.16094812762328 2.00621067904297 3.57547977116314
   777 3.30098358852202 0.13523597185911 3.78470657095643
   780 1.78609920290998 0.79301687239350 1.26163039025528
   783 1.72261734865696 3.77177232799159 1.87133000830803
   784 1.89346358578449 3.81938409547689 1.66602405839410
   791 1.90117062848732 2.97362105721405 2.15441864283125
   792 1.51015886175843 2.66162171504619 2.28745645269906
   795 3.64682131074991 2.79462007288901 0.08612353243880
   796 3.81261853230576 2.64270737038384 3.69623658444692
   797 1.87697093112481 1.57839071886372 2.40902589712309
   798 1.50192737902307 1.80988104701848 2.47424922773143
   799 3.52966608453309 3.52934951363765 0.05857431971138
   800 3.24651824056054 3.62653988009063 0.06000045623980
   806 0.90918546395060 3.15792214222144 0.02758093044559
   816 0.53067543010775 1.78609445831125 3.95957924885540
   817 0.46104365475361 2.09082976078778 3.55021090277873
   819 0.13850298502244 2.45681597835515 2.41809505468000
   821 1.20558428218749 2.74143958066532 1.10220626294655
   822 0.60093049420429 2.91565377034537 2.78155037104541
   826 3.12710370085063 0.61076927612667 0.69743822273674
   837 2.91858546911814 0.40450412574524 0.32829457471395
   838 2.50513088736075 1.21994242600420 0.60427418205810
   839 2.98765994736189 0.91130088386590 0.84446660649728
   842 1.10142181590640 3.80838182921003 3.52653505650768
   844 0.95404298518983 3.75785402724708 3.09482628937076
   847 3.82342120223231 2.07629580375370 0.73423899859713
   854 0.41636755083947 3.05669564640582 3.20570095275041
   862 1.76960224097866 3.21314932160796 3.42247533045414
   866 1.53042891622485 1.28989303495344 0.15670150841330
   869 3.71721437254730 0.12046199348993 3.73997617773257
   870 3.87525005458767 0.43282738447610 3.96253709367801
   871 3.82954021922820 3.48135339073100 0.50109439227271
   874 0.68065181242728 2.78603060967616 2.76824460085558
   877 3.85123383229915 3.83679005802601 3.84594889027451
   881 2.34631580943210 1.12897772330032 0.34010139082858
   882 2.77244254418641 3.70095668060950 1.67910338817498
   883 2.93832171857377 3.75428465397028 1.92345714703495
   884 1.95064659998662 1.13266241685873 0.51144289501177
   885 1.75921878017518 0.84416179994646 0.55433883351559
   890 3.16899430329352 1.04956869566837 1.59235612398402
   899 3.21107764904577 0.82500290065525 2.80401589063886
   900 2.99958658194603 0.97349622959496 3.36157136164507
   903 2.89897974275488 0.58927110587988 3.54618033758924
   904 3.19537769873285 0.41548480667412 3.93460927445133
   905 2.42998145204917 1.85083650306584 2.79748862166420
   907 0.93244859235275 1.53057740335514 0.29159218547832
   908 0.69803839762704 1.55847248934621 3.96039968905170
   909 1.74209719590588 3.29019867986309 1.83942592876571
   910 1.95997984150931 3.30581070524171 1.57845431209324
   911 2.57280854354114 0.97501647282448 3.51528320121916
   912 2.39223677139299 1.34408597348487 0.03575789474424
   913 2.23552056389494 1.14729083556720 2.91429255488466
   914 2.08595339098727 1.57516518753884 2.81625995950155
   915 3.29206946684813 0.99229529119297 1.71644433031858
   916 3.94683456867269 1.12537943247098 1.62315309975075
   917 3.95881272928256 3.28664586379999 2.12189712817086
   918 3.79023944142707 3.43453460721492 2.20195844873968
   920 1.11491449143759 0.48865082131852 1.62987080126188
   922 2.61502220592206 0.64813470745251 3.61649468939800
   923 2.52682142134564 0.58692451423502 0.11697993688619
   926 0.10407053081277 3.61169925027653 3.32435324032551
   927 3.93553080834635 0.03910294161571 3.06629520126840
   928 1.38307488789779 0.88895571523928 1.44144021330979
   933 2.25951389380492 0.24680464860032 2.28650844124412
   938 1.78521840340006 2.39476081943580 0.78087950134588
   941 0.75273438543229 3.57447681505613 3.69307614526315
   942 0.56049028445590 3.49529836549256 3.33754162527940
   946 2.26762127878984 0.88867608767098 1.85770397736966
   948 2.98987618173647 1.15812661771408 1.82211796126724
   949 3.25718012866003 2.82794113530715 1.71680623156647
   952 3.30508581552504 1.39847988894884 1.12261531032164
   954 3.87015413874071 2.99378459615459 1.85317537956651
   955 0.06492258579523 2.42772478945773 2.06216218834683
   957 0.83382443672960 3.93439851056670 2.29032175919449
   958 1.02736528232794 3.93259239840188 2.71195460318137
   959 1.25867842002348 3.22941006818131 0.03283778346401
   960 1.49572439243927 2.96452394235011 3.88223113421767
   966 2.29460376042732 0.67572491467336 2.27818075565030
   970 2.64785663473084 0.08240617654367 2.37778374344061
   971 2.61945370746133 3.89892239445135 2.60452275898285
   972 3.97185871687486 0.00279829106573 1.25214476024315
   977 1.44327676884237 0.30536588555470 3.78466439787860
   978 1.13362511976178 0.22679061996011 3.63338509051450
   980 2.06263672792213 0.17293610830322 2.48533320027756
   982 1.15451595417399 0.14225792949505 2.09585745807046
   983 1.38441891494194 0.17834108875389 2.42447027794894
   984 1.83125478618269 3.98110723735396 2.39559524189131
   989 3.82700889020587 3.98459898913636 1.08720272877732
   992 0.42449382576246 2.77551959211124 1.37743482140235
   995 3.11160499904689 3.65554466792409 0.97559058440456
   997 0.20824943788588 3.77441698219991 0.41706634736241
   998 0.23418236913244 3.98883790185746 0.56265933076777
  1000 0.26294870017352 2.16032525336757 0.88585559609614
  1001 0.34564768805968 2.59233902174976 0.92232153335287
  1002 0.22196611647692 3.90738272064521 0.18634284819127
  1003 0.23919939543489 0.08750162169214 0.25477283968115
  1007 2.77199592740443 1.68723789181037 2.85951325844096
  1010 0.22800957301442 3.48160346139991 1.60801616350799
  1011 0.05825700332067 3.12066152707088 1.52584697935387
  1012 3.20214730508370 2.12770239357991 1.34704870440166
  1015 3.72334997651495 3.12794114791151 1.13522493367318
  1016 3.64644663554361 3.57005205270974 0.92166273324085
  1018 3.05158642113424 0.54312304824283 2.42046573937461
  1019 3.04383484853734 1.86612805609338 3.22613444790951
  1020 3.03105384884046 1.30699529557579 3.50073084554465
  1021 2.87197769133223 1.08588571623760 3.36356275958565
  1022 2.70477832751295 1.21154601784618 2.93822424376977
  1023 2.18856241958598 3.96780321319439 2.68496415977480
  1025 0.74390669607058 2.10252670891022 0.59873996347968
  1026 0.63359835877128 2.64779360024422 0.75275464434407
  1028 3.71248316539856 2.03507646902533 2.27882716659683
  1030 3.01457691795791 0.97353127265345 2.59295232167043
  1032 3.21999865145977 1.34200415498887 2.25085372031519
  1036 3.81715609468589 2.17739670426110 2.01413023905174
  1037 3.30051079025303 2.35407680678401 1.84125710313368
  1038 2.92586056094557 0.80376008782688 2.38764286690316
  1039 3.10140479640297 1.10632343247548 1.95058792057008
  1040 3.69477223758231 1.83189349860050 1.09538470818054
  1043 0.96005212718560 3.52581521920431 1.84680148603356
  1047 2.69674326736178 2.95178007783025 1.09833940007940
  1048 0.70039575198361 3.45425434991637 1.49429122366195
  1049 0.80304566444821 2.95041575127443 1.33727445547974
  1050 3.18824361371124 2.88175991728091 1.34701562168535
  1051 2.90207095897857 3.08460563345374 1.30385875642966
  1057 1.63186575596339 3.45426078399421 3.05180992019527
  1059 1.95161348895495 3.72800128442504 2.62730812071904
  1060 3.13670186003827 2.51151483450210 1.09210832365978
  1061 2.85221716709824 2.55578497255610 0.93571970360419
  1071 1.26053688525881 2.49868054211670 3.73210094713178
  1073 1.11696479954781 1.46609068232392 3.30060487290502
  1091 0.65415265215438 0.53217551838860 1.14859194759449
  1096 0.67921089461968 0.17537776990351 0.92043127628969
  1097 0.89307196770991 0.49554297633050 0.39784323208216
  1098 1.69385905077198 3.06495167847775 3.08126700235844
  1100 1.27263251935964 2.44887917696974 3.27058467869706
  1101 0.80469904718269 2.40611587291408 3.24074937433713
  1105 1.60054575146679 1.26025455779909 3.46634145028635
  1106 1.58522261284864 0.76664785907400 3.29407494046077
  1109 1.70775049480077 3.49722832131994 3.35302762522802
  1113 0.72944089739078 2.75098737641931 3.93422063385317
  1115 0.84754864748079 2.52071940930638 3.85186585189433
  1120 1.36878219029694 3.70699596324903 3.64338358136386
  1121 1.56127309275393 0.15510441577040 3.82798784096824
  1122 0.50230398723708 2.66169852238134 3.61621004283722
  1123 0.61501842076025 2.48915807194488 3.57748145866662
  1124 0.66700197429622 0.82689867039374 3.24824799313589
  1125 1.02443382235939 0.48142017944775 3.19139561100240
  1127 1.24334454095547 0.70805713989889 3.05405317569789
  1128 0.94513337630690 1.06543010078613 3.07239511574278
  1131 1.43915745160904 1.91055541788778 0.39846787877054
  1133 2.33351255006605 2.21627345012389 0.02031991204868
  1134 1.84874584225039 2.38718014132116 0.22489070360089
  1135 1.99157571383582 1.51421207767202 3.88456274544921
  1136 1.67361378278632 1.37917461462236 0.23042818111659
  1137 1.94785846477038 1.91822031435301 3.83176291542050
  1138 1.63530148512244 2.14675067123721 0.06740444609035
  1140 2.33256515489819 2.65872239454530 2.97668845035676
  1141 2.49379368258551 2.82720231413536 2.53128501263102
  1142 0.67266638822716 1.11391243727141 0.87031361120409
  1143 0.74816553643912 1.13769791498189 0.50661378525216
  1145 1.85908823925685 2.88410909473734 2.90071419269160
  1146 2.05258236330652 3.08131650762378 2.50747316916041
  1147 0.92977623546394 0.88745743648865 0.58163935748042
  1148 0.82906537561309 0.91588063779823 0.91572115977136
  1164 3.06433606601252 1.82949921293482 2.35244222761672
  1166 2.88034290556296 2.01377567484529 2.12356446855053
  1167 3.35683789404073 2.12193543329818 2.36552479579204
  1168 3.12293971999843 2.29174680461221 2.12010073416217
  1169 1.99380984335629 0.01160085126238 0.73326392070263
  1170 2.32970154221386 3.91575198535860 0.50316523147199
  1172 2.16867422705079 0.21773074722341 0.19857431716108
  1173 1.88987389803607 0.29324389287157 0.37758813915192
  1174 0.00982614073715 1.28285416507538 1.30566807149641
  1176 0.19851855039924 1.01629110663704 1.03002881921439
  1177 3.57848666271119 1.45111772270491 1.04072629214579
  1205 2.89615402621044 0.11601876050446 1.06103372996837
  1206 3.05800927616745 0.34184923639892 1.06336521254231
  1212 3.03413545889636 3.96966214903207 1.17031554303566
  1213 3.24288867265050 0.13898136308481 1.21084751944582
  1224 0.89042739156436 1.97232431579062 0.64682176023495
  1229 0.85032975880162 1.65552835409070 1.80027284295328
  1238 0.74014064301541 1.53548012911813 1.10117407734965
  1239 1.05973293107297 1.56244390485034 1.40562990524899
  1332 1.54739681134453 2.10571365274400 0.87783146056217
  1333 1.70821297210108 1.94138034753405 1.12802913192252
  1335 1.41044723396297 1.99706901775553 1.24411100313153
  1336 1.36180010708713 2.15616545691681 0.97993818890742
  1337 1.23635469678818 3.09312663295712 1.84236662044032
  1339 1.05419809616806 2.83426506548063 1.50682645599871
  1345 1.20088441432007 2.77759472940878 2.18051612154426
  1346 1.04434809492882 2.47579353548232 1.96066017602311
  1352 1.90038090863855 3.34461189829753 0.79652756015389
  1354 1.94113960684151 3.11480184201796 1.11803773401651
  1355 1.64346206196455 3.12224869631984 0.63789072012654
  1356 1.63571354839433 2.87917231380564 0.90359287205649
  1377 2.10990062147935 3.82876553671657 3.48392012124810
  1378 2.02601208273796 0.10367163174410 3.65992166574349
  1385 2.20914663012434 0.29831086454094 3.39728853321318
  1386 2.28724685384383 0.04500711066936 3.24303330927209
  1395 3.53699112957595 1.44406687889274 0.41771187002705
  1396 3.73540419030260 1.19644389921500 0.29222985850669
  1400 3.50355593618264 1.30106928901920 0.69629363531049
  1401 3.69754884495504 1.07153254352442 0.57612903911943
  1437 0.24092453043237 1.63971159420529 1.39651010434327
  1439 0.27477352668441 1.67139893659292 1.60419536320219
  1440 0.13649332001142 1.82711644096082 1.34709874825718
  1441 0.17227685922675 1.90294234248724 1.62200416497551
  1450 2.32276837515074 3.03043428684375 3.86366946872289
  1451 2.45193480338195 3.21725646469822 3.95340939144175
  1455 2.32609533384221 3.11763259982672 3.66688633302970
  1456 2.42898273436872 3.28149627586928 3.71843425686055
edges 766
16      2      0
17      0      8
32     16     41
33     41     37
34     37     18
84     58     59
85     59     52
93     59     47
101     76     72
102     72     14
111     72     69
177    115     47
181     59      0
189    115      8
218    143    139
224    134    136
225    136    147
229    140    136
231    143    140
232    149    156
246    152    163
247    163    157
272    171    191
273    191    169
284    185      2
292    177    180
293    180    185
295    171     18
303    174    177
313    199    198
363    220    215
382    230    243
389    241    236
390    236    243
391    231    240
395    231    241
398    235    240
419    254    174
433    260    261
438    264    261
486     16    295
487    295    290
496    295    288
501    292    288
524    260    199
526     58    185
537    310    191
544    195    311
553    311    315
554    315    310
584    264    332
588    163    336
596    339    284
597    311    339
612    354    346
623    347    346
624    354    315
625    343    347
629    243    356
632    147    356
636    343    143
641    365    358
642    358    364
669    139    347
690    376    241
700    214    380
736     41    396
737    396    394
760     11    364
766    403    336
767    399    403
774    157    405
775    405    403
776    119    410
782    406    410
785    408    288
786    406    408
825    410    220
835    365    422
839    425    215
843    425    422
844    396    295
849    406    425
850    394    408
886    169    436
890    439    440
892    230    439
895    241    439
921    413    447
947    171    457
998     36    473
1021    156    481
1042    488    489
1045     36    488
1048     16    488
1049     14    489
1079    500    502
1081    231    500
1083    236    502
1086    198    502
1109    199    510
1112    149    510
1153    191    524
1172     69    529
1194    413    538
1214    544    545
1218     36    545
1220     37    544
1221     41    545
1242    149    553
1243    261    553
1256    557    559
1260    394    559
1261    354    557
1263    399    559
1289    568    569
1290    553    568
1292    332    568
1293    152    569
1294    134    569
1301    300    571
1307     52    573
1308    277    573
1333    581    582
1336    339    581
1337    403    582
1339    354    582
1355    230    587
1410    115    605
1431    545    611
1432    473    611
1476    115    625
1486    629    630
1487    396    629
1490    290    630
1491     98    630
1492    429    630
1507    635    636
1510    569    635
1512    429    636
1513    332    636
1525    343    640
1528    432    640
1540      2    645
1546    647    648
1547     98    647
1549    429    647
1550    413    648
1552    635    648
1553    649    650
1554    136    649
1557    356    650
1558    587    650
1559    380    650
1584      8    658
1586     11    658
1591    660    662
1595    513    662
1602    394    663
1605    399    663
1612    346    667
1614    582    667
1615    668    669
1617    519    668
1618    291    668
1619    636    669
1621    290    669
1631    673    674
1634    422    673
1635    405    674
1636    663    674
1637    425    674
1648    513    678
1649    605    678
1658    544    681
1660     11    681
1691    691    692
1692    481    691
1693    436    691
1694    231    691
1697    376    692
1705    695    696
1706    310    695
1707    557    695
1708    171    695
1710    559    696
1711     37    696
1716    139    698
1718    529    698
1729    432    701
1760    571    711
1761    538    711
1762    460    711
1779    717    718
1780    524    717
1781    436    717
1782    240    717
1784    174    718
1785    235    718
1800    723    724
1801    481    723
1802    510    723
1803    500    723
1806    195    724
1807    725    726
1808    356    725
1809    538    725
1811    380    726
1813    660    726
1830    203    731
1839    735    736
1841    447    735
1842    291    735
1843    152    736
1844    635    736
1845    668    736
1846    737    738
1847    399    737
1850    696    738
1853    739    740
1855    701    739
1856    457    739
1859    169    740
1920    177    758
1922    760    761
1923    152    760
1924    649    760
1925    157    760
1927    380    761
1930    762    764
1932    214    762
1934    761    764
1935    215    762
1937    405    764
1980     98    777
1988    180    780
1989    718    780
1998    783    784
2001    645    783
2002    758    784
2004    185    784
2023    791    792
2024    510    791
2027    724    792
2028    698    792
2037    795    796
2038    726    795
2039    513    795
2040    447    795
2041    761    796
2043    735    796
2044    797    798
2045    169    797
2046    481    797
2048    315    798
2049    724    798
2050    347    798
2051    799    800
2054    447    799
2055    571    800
2056    777    800
2057    413    800
2077    605    806
2106    816    817
2108    762    816
2109    731    816
2110    667    817
2111    764    817
2117    581    819
2118    519    819
2119    336    819
2126    625    821
2130    519    822
2133     72    822
2142    358    826
2173    826    837
2176    300    837
2177    838    839
2178    439    838
2180    235    838
2181    440    839
2182    826    839
2183    254    839
2192    842    844
2196     76    844
2199    292    844
2208    660    847
2210    214    847
2232    822    854
2233    291    854
2270    277    866
2278    869    870
2281    406    870
2283    777    869
2284    365    870
2286    513    871
2287    799    871
2296    581    874
2297    822    874
2298     69    874
2307    799    877
2308    869    877
2318    838    881
2322    882    883
2324    758    882
2325    260    882
2326    473    883
2328    264    883
2329    884    885
2331    881    884
2332    235    884
2333    277    885
2335    780    885
2352    254    890
2377    899    900
2378    663    899
2380    629    899
2381    673    900
2391    903    904
2392     98    903
2394    900    903
2395    777    904
2396    837    904
2397    365    904
2399    140    905
2401    156    905
2405    907    908
2407    866    907
2408    203    907
2409    220    908
2411    816    908
2412    909    910
2413    791    909
2414    783    909
2416    199    910
2417    784    910
2419    911    912
2420    432    911
2424    881    912
2425    230    912
2426    913    914
2427    432    913
2429    740    913
2430    343    914
2431    905    914
2432    797    914
2433    915    916
2434    611    915
2435    890    915
2437    544    916
2439    738    916
2440    917    918
2442    519    917
2443    489    917
2444    264    918
2445    669    918
2446    488    918
2451     18    920
2454      2    920
2456    922    923
2458    911    922
2459    903    922
2461    881    923
2462    837    923
2470    926    927
2472    877    926
2473    291    926
2474    288    927
2475    869    927
2476    290    927
2478    780    928
2479    920    928
2480    524    928
2495    758    933
2513    502    938
2521    941    942
2523    842    941
2524    806    941
2525    926    942
2526    844    942
2527    854    942
2538    946    948
2540    174    946
2542    890    948
2543    436    946
2545    692    948
2549    261    949
2556    890    952
2557    440    952
2558    376    952
2562    954    955
2564    949    954
2565    917    954
2566    284    955
2568    819    955
2571    957    958
2573     14    957
2574     76    958
2576     16    957
2577    292    958
2578    959    960
2579    806    959
2580     47    959
2583     61    960
2584    862    960
2602    740    966
2603    946    966
2604    933    966
2615    970    971
2617    933    970
2618    883    970
2619    429    971
2621    332    971
2625     36    972
2628     11    972
2638    977    978
2641    573    977
2642    842    978
2644    119    978
2649    739    980
2652    933    980
2654    982    983
2655     18    982
2656    957    982
2657    645    982
2658    457    983
2659    958    983
2662    783    984
2663    980    984
2664    983    984
2679    364    989
2680    972    989
2690    284    992
2696    571    995
2702    997    998
2704    605    997
2705    658    998
2707    871    997
2708    364    998
2711   1000   1001
2714    992   1001
2716    847   1000
2717    662   1001
2718   1002   1003
2719    877   1002
2720    997   1002
2721    941   1002
2722    870   1003
2723    998   1003
2724    119   1003
2740    905   1007
2743   1010   1011
2744    489   1010
2746    972   1010
2747    954   1011
2748    992   1011
2756    376   1012
2759   1015   1016
2760   1011   1015
2762    662   1015
2763    989   1016
2764    995   1016
2765    871   1016
2770    629   1018
2771    970   1018
2772    611   1018
2773   1019   1020
2774    649   1019
2775   1007   1019
2776    157   1019
2777    587   1020
2779    673   1020
2780   1021   1022
2781    911   1021
2782   1020   1021
2783    900   1021
2784    913   1022
2785   1007   1022
2788    980   1023
2790    971   1023
2794   1025   1026
2795    731   1025
2796   1000   1025
2798    678   1026
2799   1001   1026
2800    625   1026
2805    737   1028
2808    336   1028
2811   1030   1032
2813    899   1030
2815    737   1032
2816   1022   1030
2828   1036   1037
2829    955   1036
2830   1028   1036
2832    949   1037
2834   1012   1037
2835   1038   1039
2836    966   1038
2837   1030   1038
2838   1018   1038
2839    948   1039
2840   1032   1039
2841    915   1039
2843    847   1040
2845   1012   1040
2853    645   1043
2856     14   1043
2863    198   1047
2866    711   1047
2867   1048   1049
2868   1010   1048
2869   1043   1048
2870      8   1048
2871    992   1049
2873    625   1049
2874   1050   1051
2875   1015   1050
2877    949   1050
2878    995   1051
2879   1047   1051
2880    260   1051
2898   1057   1059
2900     76   1057
2902    984   1059
2905   1023   1059
2906   1060   1061
2907    660   1060
2908   1050   1060
2909   1012   1060
2910    725   1061
2911   1047   1061
2912    236   1061
2942    960   1071
2950    346   1073
2953    908   1073
3006    681   1091
3007    920   1091
3020   1096   1097
3021      0   1096
3022   1091   1096
3023    658   1096
3024    573   1097
3026    119   1097
3028    862   1098
3029   1057   1098
3030    529   1098
3034   1100   1101
3035    139   1100
3036   1071   1100
3037    529   1100
3038    667   1101
3040    874   1101
3050   1105   1106
3051    866   1105
3052   1073   1105
3053    640   1105
3054    977   1106
3056    701   1106
3067    862   1109
3070   1057   1109
3077    678   1113
3080    806   1113
3083   1071   1115
3084   1113   1115
3085    731   1115
3098   1120   1121
3099    842   1120
3100   1109   1120
3101    959   1120
3102    977   1121
3104     52   1121
3105   1122   1123
3106    854   1122
3107    796   1122
3108   1113   1122
3109   1101   1123
3110    817   1123
3111   1115   1123
3112   1124   1125
3115    410   1124
3116    978   1125
3118    408   1124
3119    292   1125
3121   1127   1128
3122    457   1127
3123   1125   1127
3124   1106   1127
3125    557   1128
3126   1124   1128
3127   1073   1128
3133    203   1131
3139   1133   1134
3141    147   1133
3142     61   1134
3144    243   1133
3145    938   1134
3146   1135   1136
3147    912   1135
3149    640   1135
3150    884   1136
3151   1131   1136
3152    866   1136
3153   1137   1138
3154   1135   1137
3155   1133   1137
3156    143   1137
3157   1131   1138
3158   1134   1138
3159   1071   1138
3162   1140   1141
3164    140   1140
3165    149   1141
3167    134   1140
3168    568   1141
3169   1142   1143
3173    907   1143
3176    220   1143
3178   1145   1146
3179   1098   1145
3180   1140   1145
3181    698   1145
3182   1059   1146
3183   1141   1146
3184    791   1146
3185   1147   1148
3186   1097   1147
3187   1143   1147
3188    277   1147
3189   1091   1148
3190   1142   1148
3191    928   1148
3241   1164   1166
3243   1007   1164
3245    156   1166
3246   1032   1164
3248    692   1166
3249   1167   1168
3250   1028   1167
3251   1164   1167
3252    163   1167
3253   1037   1168
3254   1166   1168
3255    553   1168
3256   1169   1170
3259     58   1169
3260    460   1170
3262    180   1169
3263    300   1170
3265   1172   1173
3266    923   1172
3267   1170   1172
3269    885   1173
3270   1169   1173
3271     52   1173
3273   1174   1176
3275    916   1174
3277    681   1176
3280   1142   1176
3282   1040   1177
3283   1174   1177
3284    952   1177
3370   1205   1206
3372    177   1205
3373    254   1206
3375    300   1205
3376    826   1206
3393   1212   1213
3394    882   1212
3395    995   1212
3396   1205   1212
3397    473   1213
3398    989   1213
3399   1206   1213
3435   1025   1224
3438    203   1224
3446    311   1229
3449    310   1229
3475   1238   1239
3476   1142   1238
3478   1224   1238
3479    524   1239
3480   1229   1239
3777   1332   1333
3780    938   1332
3781    500   1333
3783   1131   1332
3784    240   1333
3786   1335   1336
3787   1239   1335
3788   1333   1335
3789    195   1335
3790   1224   1336
3791   1332   1336
3792    821   1336
3794   1337   1339
3796    909   1337
3798    821   1339
3799   1043   1337
3801   1049   1339
3818   1345   1346
3819   1337   1345
3820     69   1345
3821    792   1345
3822   1339   1346
3823    339   1346
3824    195   1346
3842   1352   1354
3844    460   1352
3846    198   1354
3847     58   1352
3849    910   1354
3850   1355   1356
3851     47   1355
3852   1352   1355
3853     61   1355
3854    821   1356
3855   1354   1356
3856    938   1356
3921   1377   1378
3925   1172   1378
3927   1109   1377
3928   1121   1378
3946   1385   1386
3947    922   1385
3948   1378   1385
3949    701   1385
3950    647   1386
3951   1377   1386
3952   1023   1386
3978   1395   1396
3980    587   1395
3981    214   1395
3983    422   1396
3984    215   1396
3994   1400   1401
3995   1395   1400
3996    440   1400
3997   1177   1400
3998   1396   1401
3999    358   1401
4000   1176   1401
4114   1437   1439
4116   1238   1437
4118   1229   1439
4119   1174   1437
4121    738   1439
4122   1440   1441
4123   1040   1440
4124   1437   1440
4125   1000   1440
4126   1036   1441
4127   1439   1441
4128    284   1441
4154   1450   1451
4155    147   1450
4157     61   1450
4158    538   1451
4160    460   1451
4170   1455   1456
4171    862   1455
4172    134   1455
4173   1450   1455
4174   1377   1456
4175    648   1456
4176   1451   1456
polygons 447
0   1540   2451   2454   2655   2657
3     16     17   1540   2853   2869   2870
4     16   2454   3007   3021   3022
5   2573   2656   2657   2853   2856
7     32     33     34   2576   2655   2656
10   1584   1586   2628   2746   2868   2870
11     17   1584   3021   3023
13   1586   1660   3006   3022   3023
15   1214   1218   1658   1660   2625   2628
16   1049   2744   2856   2868   2869
17   1042   1048   1049   2573   2576
18     32   1045   1048   1218   1221
19     34   1220   1658   2451   3006   3007
21   1042   1045   2625   2744   2746
22     33   1214   1220   1221
23   3844   3852   3853   4154   4157   4160
27   3260   3267   3921   3925   4160   4174   4176
28     84     85   3259   3270   3271
29   3256   3259   3260   3844   3847
30   3104   3265   3271   3925   3928
31   2578   2584   3067   3100   3101
32     85     93   2580   3098   3101   3104
33     93     84   3847   3851   3852
34   2578   2580   2583   3851   3853
36   2583   2584   4157   4171   4173
37   2574   2659   2664   2898   2900   2902
38    101    102   2571   2573   2574
39   2001   2414   2853   3796   3799
40   2023   2413   3796   3819   3821
42    102    111   2856   3799   3819   3820
43   2413   2414   2662   2902   3182   3184
44   1172   1718   2028   3820   3821
45    111    101   1172   2900   3029   3030
47   1486   1492   2615   2619   2770   2771
48   2380   2770   2813   2837   2838
49   1491   1492   1547   1549
51   2394   2458   2459   2781   2783
54   1547   2392   2459   3946   3947   3950
56   1729   2420   2458   3947   3949
57   1549   2619   2790   3950   3952
58   1853   2602   2604   2649   2652
60   2420   2427   2780   2781   2784
61   1729   1853   1855   2427   2429
62   2429   2602   2784   2816   2836   2837
63   1486   1491   2377   2380   2392   2394
67    177   1410   2077   2579   2580
68   1307   2641   3102   3104
69     85    181   1307   3020   3021   3024
70   2638   2641   2644   3024   3026
71    177    189     17    181     93
73    189   1410   1584   2702   2704   2705
75   2638   2642   3098   3099   3102
76   2523   2524   2579   3099   3101
77   2523   2642   2644   2718   2721   2724
78   2705   2723   2724   3020   3023   3026
81   2077   2524   2704   2720   2721
82   2583   2942   3142   3158   3159
83   1716   1718   3035   3037
84    218   3035   3036   3153   3156   3159
85   3139   3141   3142   4155   4157
86   2584   2942   3028   3030   3036   3037
87    224    225   4155   4172   4173
88    229    224   3164   3167
89   3028   3167   3179   3180   4171   4172
90    218    231   1716   3164   3180   3181
91    229    231    225   3141   3155   3156
92    232   1242   3245   3254   3255
93    232   2399   2401   3162   3164   3165
94   1242   1290   3165   3168
95    246    247   1923   1925
96    224   1293   1294   1554   1923   1924
97   1924   1925   2774   2776
100   1289   1294   3162   3167   3168
101    246   1289   1290   1293   3249   3252   3255
102   2401   2740   3241   3243   3245
103    247   2775   2776   3243   3251   3252
104    229   1554   2399   2740   2774   2775
107   1856   2649   2658   2663   2664
108    272    273    947   1853   1856   1859
109    273    886   1153   1780   1781
110    886   1859   2543   2602   2603
111    284   1540   1998   2001   2004
112    292    293   1920   2002   2004
114    295    272   1153   2451   2479   2480
115    295    947   2654   2655   2658
119    303   1920   2495   2540   2603   2604
121   1779   1780   1989   2478   2480
122    292    303   1784   1988   1989
123   1779   1781   1784   2540   2543
124    284    293   1988   2454   2478   2479
125   1998   2002   2495   2652   2662   2663
126    313   1079   1086   1109   1802   1803
127   1800   1803   1806   3781   3788   3789
128   1086   2513   3846   3855   3856
129   1109   2024   2412   2413   2416
130   1806   2027   3818   3821   3824
131   2412   3794   3796   3798   3849   3854   3855
133   3786   3789   3792   3798   3822   3824
134    313   2416   3846   3849
135   1932   2108   2109   2210   2716   2795   2796
136   2210   2843   3282   3981   3995   3997
139   3273   3280   3476   4116   4119
141   1830   2109   2405   2408   2411
142   1830   2795   3435   3438
143   2408   3169   3173   3438   3476   3478
145    363   3169   3176   3280   3984   3998   4000
146   2405   2409   3173   3176
148   1932   1935   3978   3981   3984
149    363   1935   2108   2409   2411
150   2796   3435   3478   4116   4124   4125
151   2578   2579   2942   3080   3083   3084
152   1172   2298   3034   3037   3040
154   3028   3029   3067   3070
155   2192   2196   2900   3070   3099   3100
156    101   2133   2196   2232   2526   2527
159    111   2133   2297   2298
160    892   2178   2318   2424   2425
161    382   2425   3144   3147   3154   3155
162    389    390    382    892    895
163    391   1081   3781   3784
164    395    398    391    895   2178   2180
165    389    395   1079   1081   1083
166    390   1083   2513   3139   3144   3145
167   2331   2424   3146   3147   3150
169    398   2332   3150   3151   3777   3783   3784
171   2180   2318   2331   2332
173   1432   2352   2434   2435   3373   3397   3399
174   1920   2324   3372   3394   3396
176    419    303   3370   3372   3373
178    419   2352   2538   2540   2542
179   2435   2542   2839   2841
180   1432   2326   2618   2771   2772
181   2434   2772   2835   2838   2841
182   2325   2878   2880   3394   3395
183    433   2549   2874   2877   2880
184    438    433   2322   2325   2328
185    438   2440   2444   2549   2564   2565
186   2443   2565   2743   2744   2747
187   2564   2747   2760   2875   2877
188    998   2625   2680   3397   3398
191    998   1045   2326   2328   2444   2446
192   1528   1729   3050   3053   3056
193   2270   2329   2333   3150   3152
194   2456   3266   3925   3947   3948
195   1307   1308   2333   3269   3271
199   1308   2270   2641   3050   3051   3054
200   3054   3056   3102   3928   3948   3949
201   2714   2717   2748   2760   2762
202   2690   2711   2714   4122   4125   4128
203   2832   2834   2877   2908   2909
204   2208   2843   2845   2907   2909
205   2566   2829   4126   4128
207   2562   2566   2690   2747   2748
210   2196   2199   2574   2577
211    486    487   1048   1621   2445   2446
212    102   1049   2130   2133   2442   2443
213   1617   1618   2130   2232   2233
214   1615   1618   1621   2470   2473   2476
215    487    496   2474   2476
216   2233   2473   2525   2527
217    501    496    486   2571   2576   2577
219    501   2199   2470   2474   2525   2526
223   1301   2696   3375   3395   3396
224   1760   2696   2866   2878   2879
226   1301   1760   1762   3260   3263
227    292   3256   3262   3263   3372   3375
228   1762   2863   2866   3842   3844   3846
230    524   2002   2324   2325   2416   2417
231    313    524   2863   2879   2880
234    526   2004   2417   3842   3847   3849
235    293    526   3259   3262
240    537   1153   3449   3479   3480
241   1780   1782   3479   3784   3787   3788
243    544   3446   3480   3787   3789
244   1081   1692   1694   1801   1803
246    391   1693   1694   1781   1782
248    553    554   3446   3449
249    554    273    537   2044   2045   2048
250    544    553   1806   2048   2049
251    886   1692   1693   2045   2046
253   2039   2040   2054   2286   2287
254   1841   1842   2054   2307   2472   2473
255   1842   2043   2233   3106   3107
257   2472   2521   2525   2719   2721
258   1648   1649   2286   2704   2707
261   1293   1510   1843   1844
262   1289   1292   1507   1510   1513
263    438    584   1243   1290   1292
264    584   1513   1619   2444   2445
265    588   2808   3250   3252
266   1243   2549   2832   3253   3255
267   2119   2568   2808   2829   2830
268    588    246   1617   1843   1845   2118   2119
269   1507   1615   1619   1844   1845
270   2126   2873   3798   3801
271   2714   2799   2800   2871   2873
272    596   2690   2871   3801   3822   3823
273    544    597   3823   3824
274    596    597   3446   4118   4127   4128
275   1525   1528   2426   2427   2430
276    537    272   1706   1708
277   1859   2045   2426   2429   2432
279    612   1261   2950   3125   3127
280    947   1707   1708   3121   3122   3125
281   1855   1856   3056   3122   3124
284    623    612    624   2048   2050
285    625   2044   2050   2430   2432
286    623    625   1525   2950   3052   3053
287    624    554   1261   1706   1707
289   1355   2419   2425   2777   2781   2782
290    382    629   1355   1557   1558
291    632    629   3141   3144
294    636   1525   3149   3154   3156
295    231    636   2399   2430   2431
296    632    225   1553   1554   1557
297    641   2142   2173   2396   2397
298    642   2142   2679   3376   3398   3399
299    641    642   2284   2708   2722   2723
300   2679   2702   2707   2708   2763   2765
301   1301   2055   2056   2176   2395   2396
302   2051   2055   2287   2696   2764   2765
303   2173   2176   3370   3375   3376
304   2278   2283   2284   2395   2397
305   2270   2407   3173   3187   3188
306   2333   2335   2478   3185   3188   3191
307   3133   3438   3783   3790   3791
309   1785   1989   2329   2332   2335
310   2480   3190   3191   3475   3476   3479
311   2407   2408   3133   3151   3152
313    398   1779   1782   1785
314   1021   2046   2401   2431   2432
315    669   1716   2027   2028   2049   2050
316   1112   2024   3165   3183   3184
319    232   1021   1112   1801   1802
320    669    218    636    625
322   3142   3145   3850   3853   3856
323   1083   1086   2863   2911   2912
326   1761   1762   4158   4160
327   1761   1809   2866   2910   2911
328    629    390   1808   2910   2912
329    632   1808   1809   4154   4155   4158
331   1292   2621   2790   2905   3168   3182   3183
332   1512   1513   2619   2621
333   1294   1510   1552   4170   4172   4175
334    690    389   2756   2906   2909   2912
335   1557   1559   1807   1808   1811
336   1807   1813   2906   2907   2910
338    890    892   1355   3980   3995   3996
339    700   1558   1559   3980   3981
341   2558   2756   2845   3282   3284
342    690    890    895   2557   2558
343    700   1811   1813   2208   2210
345   2557   3284   3996   3997
348   1846   2433   2439   2815   2840   2841
349   2545   2839   2840   3241   3246   3248
350   2805   2815   3246   3250   3251
351   1697   2756   2834   3248   3253   3254
352   2439   3275   4114   4119   4121
353   1697   2542   2545   2556   2558
354   1846   2805   2830   4121   4126   4127
355    433    524   1109   1112   1242   1243
358    584   2328   2615   2618   2621
360   1263   1710   1846   1847   1850
361   1220   1711   1850   2437   2439
362   1260   1263   1602   1605
363     33    736    737   1260   1710   1711
364    736   1221   1431   1487   2770   2772
365    737   1487   1602   2378   2380
369   1605   1847   2378   2811   2813   2815
372   1410   1476   1649   2798   2800
373   1830   3083   3085   3133   3157   3159
376    177   1476   2126   3850   3851   3854
378    189   1476   2867   2870   2873
380   1595   2286   2759   2762   2765
382    760   1586   2705   2708
384   1595   1648   2717   2798   2799
386    760   2628   2679   2680
387    597    553    624   1333   1336   1339
388    596   1336   2117   2566   2568
389    766   1333   1337   2117   2119
390    767   1256   1261   1263   1337   1339
391    766    767   1847   2805   2808
393   1705   1706   1850   3449   4118   4121
395   2785   2811   2816   3243   3246
397   2381   2779   2782   2783
398    774   1631   1635   2773   2776   2779
399    775    767   1605   1635   1636
400    774    247    588    766    775
401    776   2644   3112   3115   3116
402    782    776   2281   2722   2724
403   2192   2199   2642   3116   3119
404    785    501   3112   3118   3119
405    782    786   3115   3118
406    786    785   2278   2281   2474   2475
407   2308   2470   2472   2475
408   1194   1760   1761   2055   2057
409   1194   1550   4158   4175   4176
411   1546   1547   1550   1980   2056   2057
412   2176   2462   3263   3266   3267
414   1980   2391   2392   2395
417   1612   2106   2110   2411   2950   2953
418    623    669   1612   3034   3035   3038
420   1591   1595   1813   2038   2039
422    921   2051   2054   2057
423    921   1194   1807   1809   2038   2040
424   1934   2041   2111   3105   3107   3110
425    774   1922   1925   1934   1937
426   1839   1843   1922   1923   2041   2043
427   1333   1614   2296   3038   3040
428   2117   2118   2130   2296   2297
429   1618   1839   1842   1845
430    775   1337   1614   1937   2110   2111
432   2638   3054   3116   3123   3124
434   2577   2658   2659   3119   3122   3123
436   1553   1559   1922   1924   1927
437   1811   1927   2037   2038   2041
439    921   1550   1552   1839   1841   1844
440   1490   1492   1512   1619   1621
441   1490   1491   1980   2283   2475   2476
444   1336   2296   2298   3818   3820   3823
445   1988   2335   3262   3269   3270
446   1308   3024   3186   3188
447    284    526     84    181     16
449    776    825   3026   3176   3186   3187
450    825   2409   2953   3115   3126   3127
454   2173   2177   2182   2318   2461   2462
456   1634   2777   2779   3978   3980   3983
458    835   1634   2381   2391   2394   2397
460   2142   2181   2182   3994   3996   3999
461    641    835   3983   3998   3999
462    839   1635   1637   1930   1935   1937
463    700   1927   1930   1932   1934
466    839    843   3983   3984
467    843   1631   1634   1637
468    844    487   1486   1487   1490
469     32    486    844    736
470    998   1218   1431   1432
473   2181   2183   2352   2556   2557
474    419   1784   1785   2177   2180   2183
475    395    690   1691   1694   1697
477   1021   1691   1692   3245   3248
478   2182   2183   3373   3376
479    786    849    850   1602   1636   1637
480    850    737    844    496    785
481    835    843    849   2281   2284
482    760    642   1660   3277   3999   4000
483   3006   3189   3190   3277   3280
484    363    839    849    782    825
485    850   1256   1260   3118   3125   3126
486     34    295   1705   1708   1711
488   1658   2437   3273   3275   3277
489    612   1339   1612   1614
491   1507   1512   1546   1549   1552
492   1528   2419   2420   3147   3149
493   1691   1693   2538   2543   2545
494    890   2177   2178   2181
495   2118   2442   2562   2565   2568
496   1591   2762   2875   2907   2908
497   1841   2037   2040   2043
501   1546   3950   3951   4174   4175
503   2322   2326   3393   3394   3397
506   1800   1801   2044   2046   2049
508   1042   2440   2443   2446
510   2794   2795   2798   3077   3084   3085
511   2110   3038   3109   3110
512   1079   2513   3777   3780   3781
515   1800   1802   2023   2024   2027
516   1648   2037   2039   3077   3107   3108
518   1615   1617   2440   2442   2445
521   1718   3030   3179   3181
523   2001   2654   2657   2662   2664
524   1214   1431   2433   2434   2437
525   2287   2307   2707   2719   2720
527   1256   1705   1707   1710
531   1553   1558   2773   2774   2777
533   1855   2649   2788   3946   3949   3952
536   1649   2077   3077   3080
539   2126   2794   2800   3435   3790   3792
541   3051   3053   3146   3149   3152
542   2023   2028   3178   3181   3184
544   1591   2208   2711   2716   2717
545   1631   1636   2377   2378   2381
547   2051   2056   2283   2307   2308
548   2716   2843   4123   4125
552   2106   2109   3085   3110   3111
553   3780   3791   3792   3854   3856
554   2329   2331   2461   3265   3266   3269
555   2322   2324   2495   2617   2618
556   1930   2106   2108   2111
558   1998   2412   2414   2417
559   3067   3927   4170   4171   4174
562   2521   2524   2527   3080   3106   3108
564   2232   2297   3040   3105   3106   3109
565   2405   2407   2953   3051   3052
566   3145   3157   3158   3780   3783
567   2391   2396   2456   2459   2462
568   2192   2521   2523   2526
571   2426   2431   2740   2784   2785
572   2278   2308   2718   2719   2722
573   2419   2424   2456   2458   2461
574   2377   2780   2783   2813   2816
575   2433   2435   2556   3275   3283   3284
576   2604   2617   2771   2836   2838
577   2479   3007   3189   3191
578   2615   2617   2652   2788   2790
580   2538   2603   2835   2836   2839
581   2562   2564   2828   2829   2832
582   2571   2654   2656   2659
583   2763   2764   3393   3395   3398
584   2680   2743   2746   2759   2760   2763
585   2663   2788   2902   2905
586   2743   2748   2867   2868   2871
587   2759   2764   2874   2875   2878
588   2702   2718   2720   2723
589   2711   2794   2796   2799
590   2898   2905   3070   3927   3951   3952
591   2773   2775   2780   2782   2785
592   2828   2834   2845   4122   4123   4126
593   2828   2830   3249   3250   3253
594   2811   2835   2837   2840
595   3282   3283   4119   4123   4124
596   2867   2869   3794   3799   3801
597   2874   2879   2906   2908   2911
599   2898   3029   3178   3179   3182
600   3020   3022   3185   3186   3189
602   3034   3036   3083   3109   3111
603   3050   3052   3121   3124   3127
609   3098   3100   3921   3927   3928
610   3084   3105   3108   3111
612   3112   3121   3123   3126
613   3146   3151   3153   3154   3157
614   3139   3153   3155   3158
615   3162   3178   3180   3183
616   3169   3185   3187   3190
620   3241   3249   3251   3254
621   3256   3265   3267   3270
622   3273   3283   3994   3997   4000
628   3370   3393   3396   3399
630   3475   3478   3786   3787   3790
631   3475   3480   4114   4116   4118
652   3777   3786   3788   3791
653   3794   3818   3819   3822
656   3842   3850   3852   3855
661   3921   3946   3948   3951
663   3978   3994   3995   3998
671   4114   4122   4124   4127
673   4154   4170   4173   4176
cells 64
0      0      3      4      5      7     10     11     13     15     16     17     18     19     21     22
1     23     27     28     29     30     31     32     33     34     36    559    609    621    673
2     37      5     38     39     40     42     43     44     45    521    523    542    582    599
3     47     48     49     51     54     56     57     58     60     61     62     63    533    574    576    578
4     32     67     68     69     70     11     71     73     75     76     77     78     81    588
5     82     83     84     85     86     36     87     88     89     90     91    521    614
6     92     93     94     95     96     97     88    100    101    102    103    104    620
7    107    108     58    109    110    111    112    114    115    119    121    122    123    124      0    125    523
8    126    127    128    129    130    131     40    133    134    512    515    553    652    653
9    135    136    139    141    142    143    145    146    148    149    150    548    595    622    663
10    151    152     86     45    154     76    155    156     31    159    562    564    568    602    610
11    160    161    162    163    164    165    166    167    169    171    512    566    613    614
12    173    174    176    178    179    119    180    181    503    555    576    580    628
13    182    183    184    185     21    186    187    188    191    503    508    583    584    587
14    167    192    193    194     56    195     30    199    200     68    492    541    554    573
15    201    202    203    204    205    187    207    496    544    548    581    592
16     17    210     38    211    212    213    214    215    156    216    217    219    508    518
17    182    223    174    224    226    227     29    228    230    231    112    134    234    235
18    240    241    163    243    127    244    246    109    248    249    250    251    506
19    253    254    255    216    257    258     81    497    516    525    536    562
20    261    262    263    264    185    265    266    267    268    269    101    495    518    581    593
21    270    271    243    272    202    133    273    150    274    539    589    630    631    671
22    275     61    276    249    108    277    279    280    281    284    285    286    192    287    603
23    289    104    290    291    275    294     91    295    296    161     60    492    531    571    591
24    297    298    299    223    300    301    302    303    304    525    547    572    583    588    628
25    121    241    305    169    193    306    307    143    309    310    311    313    616    630    652
26    314    285    315    316     93    319    320    295     90    506    515    542    615
27     85    322     23    228    128    323    326    327    328    329    166    291    656
28    331    154     57    332    333    100     89    262    491    501    559    590    599    615
29    162    334    328    290    335    336    338    339    341    342    343    204    136    345
30    348    349    350    351    179    352    353    341    354    575    592    593    595    620    671
31    129    355    125    331    230    184     43    316     94    358    263    555    558    578    585
32    360    361    362    363    364    365    348     48     22    369    181    524    594
33    322     82    142    372    307    373    376     34     67    151    510    536    539    553    566
34    372     73    378    380    271     10    258    382    384    201    386    300    584    586
35    387    388    389    390    391    360    267    393    274    205    354    287    248    527
36    395    103    391    369    265    350    397    398    399    400    545    574    591
37     77    401    402    403    404    405    406    257    219    407    568    572
38    408    326    409    411    412    226    414    194     27     54    301    501    567    661
39    311    417    286    373    418    141    294     84    320    511    541    552    565    602    613
40    224    336    380    253    302    408    420    422    423    327    496    587    597
41    424    425    426     95    427    428    213    255    429    430    389    400    268    511    564
42    155     37    432    210     75    403    107    200    281    434    533    585    590    609    661
43    436    437    335    439    261    426    423    333    409    296     87     96    329    497    673
44    429    439    269    440    422    254    411    441    214     49    407    491    547
45    428    212    388    272    444    159     42    207     16    186    495    586    596    653
46    445    195     28     69    446      4    235    124    447    306    577    600
47    401    432    199    305    446     70    449    450    146    565    603    612
48    454     51    297    289    160    456    397    458    338    460    461    494    567    573    663
49    456    398    462    148    463    339    425     97    436    466    467    531
50    468    440    211    191    358    364     47     18    469    264    470    332    180
51    353    178    473    474    246    475    123    164    342    313    493    494
52    351    334    266    355    475    231    323    126     92    244    203    183    319    477    165    597
53    445    227    122    474    309    412    171    454    478    303    176    554    621
54    270      3    378    447     71    376     33    111     39    131    234    558    596    656
55    424    384    135    437    420    343    463    510    516    544    552    556    589    610
56    441    406    479    480    468    215    365    414    304    458     63    481    467    545
57    482    483    466    299    382    449     13    402     78    461    145    484    481    600    616
58      7    280    434    363    480    485    404    469    217    486    115    527    582    612
59    477    314    102    277     62    251    349    395    110    493    571    580    594
60    139    483    393    488    352    361    276    240    114    486     19    310    577    631
61     15    482    478    473    460    488    345    470    173    298    188    386    524    575    622
62    387    489    427    130     44    418    315     83    444    273    284    152    250
63    149    484    450    390    489    279    362    485    417    479    405    462    430    399    556
