vertices 383
     0 0.74342788631600 3.81136143238810 1.21050374767847
     2 1.12257192136424 3.99504438381504 1.75413947084660
     8 0.63073841964750 3.69662777173852 1.21038787564729
    11 3.98211403261885 0.07771047280107 1.21206039517219
    14 0.61809357296356 3.49050382917955 2.29289241203733
    16 0.04585178177475 0.05508082358976 2.46231035206104
    18 0.87827164246019 0.42163956610861 2.06069694030633
    36 3.63975770007741 0.04761517052518 1.85779323026373
    37 0.25697217821706 0.53533807348740 2.15641686035177
    41 3.98500725108374 0.20461246165199 2.40385984203607
    47 1.16369626314428 3.21887136155667 0.71287127010049
    52 1.38312330936243 0.15647106881056 0.34119840391582
    58 1.61272891363967 3.68041764087648 1.04504656974315
    59 1.25905418134615 3.66808740151014 0.85234929526873
    61 1.62515243867247 2.78521795370331 0.29272595113474
    69 0.79753774603634 2.84681563462716 2.81055296629112
    72 0.70859869461008 3.01151760361525 2.81592290756899
    76 0.93265379660527 3.55726879849342 3.06740341705324
    98 2.84289287177993 0.10410075985405 3.50921193889703
   115 0.80128235563209 3.14139264527012 0.86735528912320
   119 0.51753355170958 0.34213306109081 0.24467882528383
   134 2.42733033154688 2.64885779966262 3.40255790559327
   136 2.44932886884574 2.23880515947049 3.57569431823106
   139 1.43636251307686 2.11107480950487 3.25355907832538
   140 2.16979786485310 2.10318576581564 3.27919556085305
   143 1.76744531211088 1.90074787776369 3.39410653749513
   147 2.33684631575704 2.23073329859727 0.09793870709162
   149 2.41390920953896 2.54539189399723 2.39515019677636
   152 3.24358471737547 2.58524735483360 3.17510800949328
   156 2.40698540026965 1.99438669672179 2.37503335281292
   157 3.30154211668854 2.01868121442084 3.27370296192734
   163 3.38850327536410 2.16965058379196 2.88772410835718
   169 1.68053293172996 1.01440302222879 2.37220005299023
   171 1.05645593088997 0.86135436884938 2.30392627713683
   174 2.06463025740929 0.60254122193259 1.63943035969013
   177 2.01287135147075 0.16765300531150 1.59385744926994
   180 1.82079696851512 0.14359280526967 1.47454442806526
   185 1.62166001139878 3.90725878530359 1.57905610930765
   191 1.11632234233079 0.94275913104034 2.25040774564718
   195 1.06522750041974 2.14267501479937 2.08821576458715
   198 2.15938099415178 2.79254441862032 1.43077719049804
   199 2.18034216287808 2.90993097613072 1.74439769904735
   203 0.80863155834654 1.80839751334288 0.61040518131800
   214 3.61856042644554 1.80976627334633 0.54340750067838
   215 0.01444444391132 1.19936823612550 0.15103009803581
   220 0.28343074757157 1.12498613237520 0.17791171271222
   230 2.54446052588135 1.54271594061217 0.33088774009471
   231 2.02646398860521 1.85337960608241 1.46089357783500
   235 1.91908070497940 1.13091570331415 0.97732600172775
   236 2.38013534671569 2.13329816309742 1.08188176063065
   240 1.76310502884206 1.54243520295785 1.31317368709346
   241 2.41451406036946 1.89709056957828 1.20078696997581
   243 2.40706007873154 2.06359106949552 0.30448118779744
   254 2.76100770874783 0.64612063387674 1.34528870213161
   260 2.60825156568561 3.06922898442836 1.76807519430424
   261 2.82904856571587 2.92781404248882 2.04785381011445
   264 2.93807941865561 3.26459909483533 2.26428758973044
   277 1.33811608367892 0.79100476619653 0.53831510540530
   284 0.21185162413997 2.23459583399695 1.97658742894104
   288 3.98940387152811 0.15084107628908 3.04457343796103
   290 3.67855493759146 3.93577670194588 3.08271123701306
   291 3.84415531694539 3.05568798213818 3.33822043840594
   292 0.74852459960195 3.93585747834255 3.07211937869839
   295 3.88219204796813 0.14715428127383 2.88878534879158
   300 2.61263147751377 3.86384786586923 0.75421047323941
   310 0.85654895124067 1.21379681584723 2.34025422777473
   311 0.81379720316587 1.91706545026229 2.18926539409174
   315 0.93305199169496 1.57242588445308 2.54255156176600
   332 2.78533448513144 3.23565505498257 2.64082701750059
   336 3.70227162785354 2.06590251479560 2.71171687897869
   339 0.60455947826012 2.19872091801512 2.21769596354132
   343 1.70430204171437 1.63518630972930 3.23650307631470
   346 0.94390407814654 1.64416886317153 3.24609396176020
   347 1.38624329218146 1.79252422274849 3.13123923806715
   354 0.73169063952416 1.54759994174799 2.89069915002270
   356 2.49253809901117 2.13739468493656 0.24121107721671
   358 3.42558358922026 0.59839827751390 0.68819851908302
   364 3.84982824513789 0.05532573544240 1.07177770272006
   365 3.45731382478046 0.54837082302089 0.25334900268314
   376 2.83237269455561 1.81063932452805 1.49774308621155
   380 3.34420919475529 2.17268434713708 0.28824454638395
   394 3.99487055919787 0.82626490405995 3.02724911437000
   396 3.82184520257266 0.30445270189791 2.80716918929463
   399 3.94927273272159 1.23800850210690 2.84729174340093
   403 3.97937778598063 1.73817248208545 3.02737290569210
   405 3.79782142802646 1.73137046559947 3.36429122925710
   406 0.01334178911626 0.77773458847115 3.85915275344430
   408 0.13189085153814 0.68181764495995 3.27732562357260
   410 0.25924991457492 0.80377126847197 3.93683031019895
   413 2.94421831932104 3.25473063252232 0.07788313157072
   422 3.52133237980642 0.89769405991473 0.14747591862160
   425 3.85613704356357 0.98684995454703 3.93152336684763
   429 2.73005084789658 3.81848527876486 3.10989957151715
   432 1.98983663212043 0.93997549691986 3.32626232243379
   436 1.89432984917762 1.01546666044963 2.00787384129462
   439 2.55457952434680 1.38070130412496 0.75211402770756
   440 3.03202286486246 1.15822439270975 0.98198959910180
   447 3.30405737115884 3.11711327001894 0.06542567199795
   457 1.31870468111219 0.48954713592020 2.71019887989336
   460 2.22240493508070 3.39855617064956 0.60326912113667
   473 3.29858018112140 0.09475037694092 1.84722522363638
   481 2.11501967460393 1.84831091627875 2.11922221344128
   488 3.86585963253285 3.62847590424161 2.19806839845843
   489 0.01718902354745 3.44942495118137 2.13375879463464
   500 1.94315623379417 1.97456850287486 1.46322491845380
   502 2.04939878943270 2.23791850975798 1.24923230181129
   510 2.09826565389633 2.63948215772229 2.09729535068895
   513 3.83341940595456 2.86277397777007 0.65638215110672
   519 3.99055800081168 2.81935252465356 2.73158165170741
   524 1.26211432996515 0.93646760154227 1.67746529578006
   529 1.31933791158216 2.67670036590686 3.13888677500913
   538 2.63058302109101 3.06694860726481 0.29259329646836
   544 3.99044000000859 0.55122627331711 1.81702900944724
   545 3.68290818616343 0.23088244923564 1.96758555860809
   553 2.70252573942501 2.64359825112106 2.36836708881559
   557 0.63837782438666 1.21639804080692 2.83752464975661
   559 0.16818704406709 1.08407107507009 2.79581406011649
   568 2.68481442613109 2.85648622052118 2.66931697948314
   569 2.94372275651378 2.83207071784556 3.12717411391540
   571 2.74233127971881 3.59863932377765 0.72191391170030
   573 1.26270169069750 0.31107526103735 0.30574110022966
   581 0.33383198271959 2.30072286103911 2.66590405816279
   582 0.39167629649320 1.89054856162466 3.00969124876629
   587 2.77194185255610 1.55246598091968 0.20050050839257
   605 0.56306187820636 3.07913193242945 0.57604109728578
   611 3.32616396840738 0.31291825021138 1.97450890410195
   625 0.77103428606926 2.78279322551998 1.15648728703715
   629 3.08058525625669 0.45109757685906 2.87877357195718
   630 2.98549854722568 0.08634029506965 3.18145437674798
   635 2.98118446178237 2.92147755982380 3.16343185881062
   636 2.97506248437032 3.27442266623250 2.89422632568748
   640 1.69343340380190 1.26550141465515 3.56083431074476
   645 1.12133959766112 3.85304555377655 1.99071505379007
   647 2.61392168149575 3.83820534202461 3.37525936978384
   648 2.67293714534330 3.25004461456765 3.67595103104994
   649 2.82720358065513 2.02524360524324 3.59623999109808
   650 2.80340388447077 1.95314823321344 0.09446746286456
   658 0.33992233198114 3.96878643319918 1.06576983914645
   660 3.46864103035924 2.35978538361810 0.82905912886009
   662 3.77938627947984 2.70606004216014 0.90868401091114
   663 3.80905104435072 0.99648942321528 3.05531528071801
   667 0.57566277525816 2.00270623014947 3.36520286896273
   668 3.68226773381447 2.99150028800151 3.06304975230452
   669 3.51088446372387 3.34034822026317 2.83119363820354
   673 3.07120814495283 1.05368847400359 3.65945925722488
   674 3.67142971370220 1.17634909423316 3.47689397296830
   678 0.41586595070735 2.80418569124802 0.58246963342975
   681 0.14836087819948 0.48419578897510 1.37800823246029
   691 2.19136956418982 1.70627826987084 1.93853740155390
   692 2.63269433549108 1.68078545277829 1.94442194458646
   695 0.78403218362927 1.12038391973252 2.40365437453928
   696 0.29518353271754 0.99465575803837 2.34677788637416
   698 1.44549714587411 2.58694253350874 3.04120473692082
   701 1.79086212500770 0.61610445405827 3.27670379766548
   711 2.50131535967887 3.31274844541196 0.65850717323500
   717 1.63845839344094 0.98925745592179 1.61603694703502
   718 1.73716677396141 0.80905008269951 1.45425023647124
   723 1.92578806318380 2.10581483947790 1.96683199480673
   724 1.37623517790226 2.15402436659477 2.27119341670083
   725 2.79743021079614 2.48756923007518 0.51591987989666
   726 3.31537863706453 2.39342746005389 0.44679743436867
   731 0.67386416195581 1.92518118229463 0.52089265199641
   735 3.55822971964862 2.85414652411142 3.57166306348950
   736 3.34132668100732 2.78596383558633 3.23381684612536
   737 3.64506753992588 1.41686461308986 2.40731547620479
   738 3.95330599955634 1.25012249219062 2.01800856244825
   739 1.74653254867091 0.50825536526753 2.78716487533222
   740 1.89680102480414 0.71230139477928 2.65632090591036
   758 2.01518202943571 3.91720170024881 1.89069557569994
   760 3.23786329299415 2.20915406945221 3.42219061766358
   761 3.60739282726778 2.28549014523963 3.83129272908355
   762 0.09716923144550 1.63526696775276 0.10819738243400
   764 0.01944599552796 1.90682506362743 3.73377623660876
   777 3.11523042763781 0.03901835598144 3.93951968161436
   780 1.63321585316654 0.71674627361104 1.40920128756325
   783 1.56957017511015 3.68283039110330 2.03622310109562
   784 1.73908670006913 3.73030875718207 1.83089332627225
   791 1.75237506962408 2.86604743488201 2.31467125336172
   792 1.37552191949323 2.56982595394316 2.43837489887156
   795 3.52253798730629 2.69584273532331 0.26825583432949
   796 3.70094076831022 2.53712708074350 3.85338065822195
   797 1.72854521270375 1.48365954076365 2.57338735273120
   798 1.36578724259072 1.70969841136164 2.63705472067110
   799 3.37843846073522 3.43153966432048 0.21292245878873
   800 3.08014292412525 3.52703096961554 0.21196183110694
   806 0.75975178446680 3.06552651144814 0.18885194719797
   816 0.41140697658412 1.68806075993929 0.11931860063023
   817 0.34351419850405 2.00037658714532 3.70359811349640
   819 3.99635952263844 2.36345119931243 2.57285369852551
   821 1.05929586584347 2.64520042321047 1.26398396194872
   822 0.45874030973195 2.82656673173173 2.93806862476001
   826 2.97073505833695 0.50638411108996 0.84783192073225
   837 2.74933595713245 0.28530670298925 0.45913638376366
   838 2.35681745519323 1.11604055585300 0.75915933079085
   839 2.82555439682475 0.81690896163875 0.99847035400969
   842 0.94607486187489 3.72106428720612 3.68959475841989
   844 0.80278100503228 3.66645849775947 3.25535640089735
   847 3.67737260056051 1.97689898151367 0.89122098899826
   854 0.27508232685426 2.96436826099340 3.36042407464235
   862 1.61958855352814 3.14296048898073 3.58842761863846
   866 1.38455902886007 1.20802403069928 0.31246327750080
   869 3.56472295139046 0.02450336466117 3.89592818392867
   870 3.71938915749562 0.33326916816622 0.11753320160707
   871 3.67676655688515 3.38920765822297 0.65686323816265
   874 0.53357263086625 2.70450142079812 2.92550027238325
   877 3.69962301044138 3.74201737417833 0.00172909643119
   881 2.19857430622294 1.02262634893288 0.49479556237548
   882 2.61593595120771 3.60476250800076 1.84159994760804
   883 2.77826258318779 3.65495283828091 2.07520308366193
   884 1.80543993056884 1.03731184599663 0.66848390539888
   885 1.60492860349117 0.75339456615838 0.71269491889129
   890 3.00797933632216 0.95034317936809 1.74442016610008
   899 3.05876707758105 0.71178696554598 2.95686084650550
   900 2.84987250423269 0.85982926287582 3.51689032639341
   903 2.74300509569289 0.44872674611912 3.71547758824459
   904 3.01463038225529 0.29330183392957 0.07413752117484
   905 2.27797732852786 1.74398373041240 2.96143036900478
   907 0.80366402733861 1.44451284681932 0.44943336049193
   908 0.56579304033597 1.47379306072293 0.11759175742828
   909 1.58752808568581 3.18710417904229 2.00028988081362
   910 1.80042056878476 3.20030141351732 1.74085345626659
   911 2.41775167722502 0.87205911258917 3.66974635234138
   912 2.24544692095172 1.24003123373739 0.18586848128277
   913 2.08244526509244 1.04077577791789 3.07852578006605
   914 1.93611342892360 1.48019982640096 2.97719680182659
   915 3.13362678824628 0.89088548790982 1.86926787091744
   916 3.79372456681662 1.02520282104054 1.77323338199971
   917 3.81604778686322 3.20350116751094 2.27695440177402
   918 3.65348370824496 3.34479805962311 2.35205878852081
   920 0.95685564469833 0.39416587333117 1.79545587036478
   922 2.46068081142490 0.51025257700532 3.78352154737482
   923 2.37791730911905 0.45727255991167 0.26083481582901
   926 3.95584218307201 3.51715095256993 3.47879465100432
   927 3.78458540353616 3.94367198341093 3.22039896023189
   928 1.23252635996988 0.81088511497736 1.59162770349465
   933 2.09851205089574 0.14925742394211 2.44929437433313
   938 1.63534160388005 2.31406862484414 0.96062540926956
   941 0.60012477223703 3.48483739474155 3.84796334263404
   942 0.41472929772484 3.40437131923002 3.49371170972142
   946 2.11172044422199 0.79553393566821 2.00712233779400
   948 2.83141837454868 1.05711197387610 1.97358175335718
   949 3.11080561510928 2.73897333496301 1.87394720548148
   952 3.14163754242068 1.29759120495925 1.28605848509669
   954 3.72512264478985 2.90452184594722 2.00555795243772
   955 3.92174193881772 2.33474382750085 2.21667897429061
   957 0.69163854601056 3.84360912091361 2.44235062047657
   958 0.88240883764068 3.84445643879407 2.85647046640831
   959 1.08187727234901 3.13747259187017 0.19968860634556
   960 1.34100851892425 2.87324674843576 0.04564575271451
   966 2.13768304323296 0.57063194104064 2.44298730286048
   970 2.48818478735634 3.98218720168678 2.53583279183699
   971 2.46116352801343 3.80091020563885 2.75481591362537
   972 3.81436108110006 3.91341865857103 1.40372552095660
   977 1.28796314043669 0.21185305297732 3.95259017789023
   978 0.97740704583703 0.13807336776209 3.79619613223857
   980 1.90852360499797 0.07707897519285 2.64338594048039
   982 1.00394984535942 0.04493324830724 2.24906315991390
   983 1.23541537321103 0.08269383473638 2.57885137649979
   984 1.68115751376172 3.88912997864326 2.55333935278914
   989 3.66730542237254 3.89321421408080 1.23537156566033
   992 0.27498708018240 2.67950236010282 1.53738962390778
   995 2.95518377555941 3.56343187118086 1.12801492819002
   997 0.04473861703465 3.67366383401325 0.57653589248751
   998 0.06977933015446 3.90106176390516 0.73099710809648
  1000 0.11914686567823 2.06250423268219 1.04725356452131
  1001 0.19889581607083 2.49634649141380 1.08479591628489
  1002 0.05987307926238 3.81317146579810 0.33309631575947
  1003 0.07646410936884 0.00218265422259 0.40384019284586
  1007 2.62528114488738 1.57149256214861 3.02496977422900
  1010 0.07616425165393 3.38956826506973 1.76900471885759
  1011 3.90519120978126 3.02637817341412 1.68834541242568
  1012 3.05016538076912 2.02764885990985 1.50519147048997
  1015 3.56997606532667 3.03240142444821 1.29696125681845
  1016 3.49059733924954 3.48090020007281 1.07513878566329
  1018 2.89395689587711 0.44201935766751 2.57762594227488
  1019 2.89883049085493 1.74727402735960 3.39134630985499
  1020 2.88029234614542 1.20714282951883 3.66229956423289
  1021 2.71470268520679 0.97941408295608 3.51854549698235
  1022 2.55256757509868 1.10158076619204 3.10257446862819
  1023 2.02846171602586 3.87390336432049 2.83422138101364
  1025 0.60341894661607 2.00653847955222 0.76203137534707
  1026 0.49114627128501 2.55495223097774 0.91577024566342
  1028 3.55962973996621 1.93181389122701 2.44141718226487
  1030 2.86318729990695 0.86017094251219 2.75079469399584
  1032 3.06875179335164 1.23651550891888 2.40757071875166
  1036 3.66520012241964 2.07663791956898 2.16877347477331
  1037 3.15423301923911 2.25395761547089 2.00340032602747
  1038 2.77322543029599 0.69391549747934 2.54779886456144
  1039 2.94648286965515 1.00269532317422 2.10408295573650
  1040 3.54722612245485 1.73020225849492 1.25446115842703
  1043 0.80857761796907 3.44155412058058 2.01661257363706
  1047 2.54382623679899 2.85966751808203 1.25366086388623
  1048 0.54175555584017 3.36544860058380 1.65578788840839
  1049 0.64797974377174 2.85368863043747 1.49695132514839
  1050 3.04198059974466 2.79131680644016 1.50577572031551
  1051 2.75156236491468 2.99630974977558 1.46142388693913
  1057 1.48250948876046 3.36691140522188 3.20836480819553
  1059 1.79979197214518 3.64231804545490 2.77845736956625
  1060 2.98702836846963 2.41144174411586 1.24758814395291
  1061 2.70100694061553 2.45703733296548 1.08790548828290
  1071 1.13438336174358 2.41461988047391 3.89185931170281
  1073 0.97925453001737 1.37522992436799 3.47042949787065
  1091 0.49246336160914 0.43757471276549 1.30127240591264
  1096 0.51733869819878 0.09610066097789 1.07779102579607
  1097 0.73564148236116 0.41060790370940 0.55905796928282
  1098 1.55325600433303 2.98665105220869 3.24376047077061
  1100 1.14682521550939 2.36766818970600 3.43665769550762
  1101 0.66514803117504 2.30968688546455 3.41742994086888
  1105 1.45120152595810 1.17554788156928 3.63319949294821
  1106 1.43212738990391 0.67327676602166 3.45727302169413
  1109 1.55297682513748 3.41417923623826 3.51604693954090
  1113 0.59035413559497 2.66017568638073 0.09619207414398
  1115 0.71962415566561 2.42014590108597 0.00942563007579
  1120 1.19268660614054 3.62976166754424 3.80274354588774
  1121 1.38241288553404 0.08707368838346 3.98876151997340
  1122 0.36331991017396 2.56595783263189 3.77261268850818
  1123 0.48810737701016 2.38062243565627 3.73010210776691
  1124 0.53152616168366 0.73309697849837 3.40443237557056
  1125 0.87408731456653 0.40063631941550 3.35075893092155
  1127 1.08640086597288 0.61681695114790 3.22059586516362
  1128 0.80159730474836 0.96196447325966 3.23725422446672
  1131 1.28884158137679 1.82066804936776 0.55171569129861
  1133 2.21388106376206 2.13769147874175 0.17670773213726
  1134 1.70389131884391 2.31669290832467 0.38001569223534
  1135 1.83242747288410 1.42134568064667 0.03063540855410
  1136 1.52091141031075 1.29576960601004 0.37588095614794
  1137 1.79995526797642 1.84747672893827 3.97241962270911
  1138 1.48982176753596 2.07926677792169 0.20787710360318
  1140 2.19154216819868 2.57642335265340 3.13315197718931
  1141 2.34339531317489 2.73070539580848 2.69092940988233
  1142 0.53704959534670 1.02195209881406 1.01926246940115
  1143 0.61083002128372 1.03995195588748 0.68129675312069
  1145 1.72530337196834 2.80004131308199 3.06036826284254
  1146 1.90751978139679 2.97783392480217 2.66408897981776
  1147 0.77401089766081 0.80989857416270 0.74864253164818
  1148 0.67947620894248 0.83689308216428 1.06027769361873
  1160 2.15840993914305 3.06439092844657 0.02880242213507
  1161 2.27196993041633 2.99805585980041 3.99837469947335
  1162 2.13663786009114 3.13639468229795 3.86019176233899
  1163 2.27954825092126 3.05180963251339 3.83427431078146
  1164 2.91878539557468 1.71003579369517 2.51570535103730
  1166 2.72780550786029 1.90045178729430 2.28423474334318
  1167 3.23746701863822 2.01875010295796 2.52949051682234
  1168 2.98689951956441 2.19810289909011 2.27681910453776
  1169 1.82759195434771 3.92571906891056 0.92564625523022
  1170 2.19272522319499 3.80924986923866 0.66083680921004
  1172 2.03418696016407 0.12736813306059 0.33979725071720
  1173 1.72052825175179 0.22622449723166 0.54339925829937
  1174 3.85672611381470 1.18348949153725 1.45907204635206
  1176 0.03982587823138 0.92367657457892 1.18664882143499
  1177 3.43432736149093 1.35278369063788 1.19997439246313
  1205 2.74711182270206 0.01758478930386 1.21953480335445
  1206 2.90101526548394 0.23169736188341 1.22067189027132
  1212 2.87600813760685 3.88377296793968 1.32092916914478
  1213 3.07327506588945 0.04595668870316 1.35701163710612
  1224 0.75637306342405 1.87003759407448 0.81333448689681
  1229 0.70037862225109 1.55523673151754 1.94688399205147
  1238 0.60072315796432 1.44290843755598 1.25471796066912
  1239 0.91347890331476 1.46770755976477 1.55876770549071
  1332 1.40101532647699 2.02317209690204 1.06205800139604
  1333 1.54853991188998 1.86243130582723 1.29523261338292
  1335 1.27275596301037 1.91055485024419 1.39888598796795
  1336 1.22851846006553 2.05981900627858 1.15106886083383
  1337 1.09645780645744 2.99505778120600 2.00622900719476
  1339 0.90993075661947 2.73711867819862 1.67040206307263
  1345 1.06515085249149 2.68867601230966 2.32437672438087
  1346 0.90627132663150 2.39264149365989 2.11059179983754
  1352 1.74469463308683 3.23851797264429 0.97663090554211
  1354 1.78059156929070 3.01475043774280 1.27870916577611
  1355 1.48849930129958 3.01758518874801 0.81668319948224
  1356 1.48569163519601 2.78725764907120 1.06897849234613
  1377 1.94567403399787 3.72444530927448 3.64590750764858
  1378 1.88246735698887 0.00974405938867 3.80982017925243
  1385 2.06110909320121 0.18093000730597 3.56636497559117
  1386 2.13051764547899 3.94178223135697 3.41588861906383
  1395 3.39010320351651 1.33068782713490 0.58594053258451
  1396 3.57475379319463 1.10253255845132 0.47126626379342
  1400 3.35938891528452 1.19762830790755 0.84117875473445
  1401 3.53889005034523 0.98617159199078 0.73282016451262
  1437 0.09284310728004 1.54727846732718 1.55491825544160
  1439 0.12364788340565 1.57627879343719 1.75038581510111
  1440 3.99335527659983 1.72431117291726 1.50993522493481
  1441 0.02558046351152 1.79469156114687 1.76712830930303
edges 766
16      2      0
17      0      8
32     16     41
33     41     37
34     37     18
84     58     59
85     59     52
93     59     47
101     76     72
102     72     14
111     72     69
177    115     47
181     59      0
189    115      8
218    143    139
224    134    136
225    136    147
229    140    136
231    143    140
232    149    156
246    152    163
247    163    157
272    171    191
273    191    169
284    185      2
292    177    180
293    180    185
295    171     18
303    174    177
313    199    198
363    220    215
382    230    243
389    241    236
390    236    243
391    231    240
395    231    241
398    235    240
419    254    174
433    260    261
438    264    261
486     16    295
487    295    290
496    295    288
501    292    288
524    260    199
526     58    185
537    310    191
544    195    311
553    311    315
554    315    310
584    264    332
588    163    336
596    339    284
597    311    339
612    354    346
623    347    346
624    354    315
625    343    347
629    243    356
632    147    356
636    343    143
641    365    358
642    358    364
669    139    347
690    376    241
700    214    380
736     41    396
737    396    394
760     11    364
766    403    336
767    399    403
774    157    405
775    405    403
776    119    410
782    406    410
785    408    288
786    406    408
825    410    220
835    365    422
839    425    215
843    425    422
844    396    295
849    406    425
850    394    408
886    169    436
890    439    440
892    230    439
895    241    439
921    413    447
947    171    457
998     36    473
1021    156    481
1042    488    489
1045     36    488
1048     16    488
1049     14    489
1079    500    502
1081    231    500
1083    236    502
1086    198    502
1109    199    510
1112    149    510
1153    191    524
1172     69    529
1194    413    538
1214    544    545
1218     36    545
1220     37    544
1221     41    545
1242    149    553
1243    261    553
1256    557    559
1260    394    559
1261    354    557
1263    399    559
1289    568    569
1290    553    568
1292    332    568
1293    152    569
1294    134    569
1301    300    571
1307     52    573
1308    277    573
1333    581    582
1336    339    581
1337    403    582
1339    354    582
1355    230    587
1410    115    605
1431    545    611
1432    473    611
1476    115    625
1486    629    630
1487    396    629
1490    290    630
1491     98    630
1492    429    630
1507    635    636
1510    569    635
1512    429    636
1513    332    636
1525    343    640
1528    432    640
1540      2    645
1546    647    648
1547     98    647
1549    429    647
1550    413    648
1552    635    648
1553    649    650
1554    136    649
1557    356    650
1558    587    650
1559    380    650
1584      8    658
1586     11    658
1591    660    662
1595    513    662
1602    394    663
1605    399    663
1612    346    667
1614    582    667
1615    668    669
1617    519    668
1618    291    668
1619    636    669
1621    290    669
1631    673    674
1634    422    673
1635    405    674
1636    663    674
1637    425    674
1648    513    678
1649    605    678
1658    544    681
1660     11    681
1691    691    692
1692    481    691
1693    436    691
1694    231    691
1697    376    692
1705    695    696
1706    310    695
1707    557    695
1708    171    695
1710    559    696
1711     37    696
1716    139    698
1718    529    698
1729    432    701
1760    571    711
1761    538    711
1762    460    711
1779    717    718
1780    524    717
1781    436    717
1782    240    717
1784    174    718
1785    235    718
1800    723    724
1801    481    723
1802    510    723
1803    500    723
1806    195    724
1807    725    726
1808    356    725
1809    538    725
1811    380    726
1813    660    726
1830    203    731
1839    735    736
1841    447    735
1842    291    735
1843    152    736
1844    635    736
1845    668    736
1846    737    738
1847    399    737
1850    696    738
1853    739    740
1855    701    739
1856    457    739
1859    169    740
1920    177    758
1922    760    761
1923    152    760
1924    649    760
1925    157    760
1927    380    761
1930    762    764
1932    214    762
1934    761    764
1935    215    762
1937    405    764
1980     98    777
1988    180    780
1989    718    780
1998    783    784
2001    645    783
2002    758    784
2004    185    784
2023    791    792
2024    510    791
2027    724    792
2028    698    792
2037    795    796
2038    726    795
2039    513    795
2040    447    795
2041    761    796
2043    735    796
2044    797    798
2045    169    797
2046    481    797
2048    315    798
2049    724    798
2050    347    798
2051    799    800
2054    447    799
2055    571    800
2056    777    800
2057    413    800
2077    605    806
2106    816    817
2108    762    816
2109    731    816
2110    667    817
2111    764    817
2117    581    819
2118    519    819
2119    336    819
2126    625    821
2130    519    822
2133     72    822
2142    358    826
2173    826    837
2176    300    837
2177    838    839
2178    439    838
2180    235    838
2181    440    839
2182    826    839
2183    254    839
2192    842    844
2196     76    844
2199    292    844
2208    660    847
2210    214    847
2232    822    854
2233    291    854
2270    277    866
2278    869    870
2281    406    870
2283    777    869
2284    365    870
2286    513    871
2287    799    871
2296    581    874
2297    822    874
2298     69    874
2307    799    877
2308    869    877
2318    838    881
2322    882    883
2324    758    882
2325    260    882
2326    473    883
2328    264    883
2329    884    885
2331    881    884
2332    235    884
2333    277    885
2335    780    885
2352    254    890
2377    899    900
2378    663    899
2380    629    899
2381    673    900
2391    903    904
2392     98    903
2394    900    903
2395    777    904
2396    837    904
2397    365    904
2399    140    905
2401    156    905
2405    907    908
2407    866    907
2408    203    907
2409    220    908
2411    816    908
2412    909    910
2413    791    909
2414    783    909
2416    199    910
2417    784    910
2419    911    912
2420    432    911
2424    881    912
2425    230    912
2426    913    914
2427    432    913
2429    740    913
2430    343    914
2431    905    914
2432    797    914
2433    915    916
2434    611    915
2435    890    915
2437    544    916
2439    738    916
2440    917    918
2442    519    917
2443    489    917
2444    264    918
2445    669    918
2446    488    918
2451     18    920
2454      2    920
2456    922    923
2458    911    922
2459    903    922
2461    881    923
2462    837    923
2470    926    927
2472    877    926
2473    291    926
2474    288    927
2475    869    927
2476    290    927
2478    780    928
2479    920    928
2480    524    928
2495    758    933
2513    502    938
2521    941    942
2523    842    941
2524    806    941
2525    926    942
2526    844    942
2527    854    942
2538    946    948
2540    174    946
2542    890    948
2543    436    946
2545    692    948
2549    261    949
2556    890    952
2557    440    952
2558    376    952
2562    954    955
2564    949    954
2565    917    954
2566    284    955
2568    819    955
2571    957    958
2573     14    957
2574     76    958
2576     16    957
2577    292    958
2578    959    960
2579    806    959
2580     47    959
2583     61    960
2584    862    960
2602    740    966
2603    946    966
2604    933    966
2615    970    971
2617    933    970
2618    883    970
2619    429    971
2621    332    971
2625     36    972
2628     11    972
2638    977    978
2641    573    977
2642    842    978
2644    119    978
2649    739    980
2652    933    980
2654    982    983
2655     18    982
2656    957    982
2657    645    982
2658    457    983
2659    958    983
2662    783    984
2663    980    984
2664    983    984
2679    364    989
2680    972    989
2690    284    992
2696    571    995
2702    997    998
2704    605    997
2705    658    998
2707    871    997
2708    364    998
2711   1000   1001
2714    992   1001
2716    847   1000
2717    662   1001
2718   1002   1003
2719    877   1002
2720    997   1002
2721    941   1002
2722    870   1003
2723    998   1003
2724    119   1003
2740    905   1007
2743   1010   1011
2744    489   1010
2746    972   1010
2747    954   1011
2748    992   1011
2756    376   1012
2759   1015   1016
2760   1011   1015
2762    662   1015
2763    989   1016
2764    995   1016
2765    871   1016
2770    629   1018
2771    970   1018
2772    611   1018
2773   1019   1020
2774    649   1019
2775   1007   1019
2776    157   1019
2777    587   1020
2779    673   1020
2780   1021   1022
2781    911   1021
2782   1020   1021
2783    900   1021
2784    913   1022
2785   1007   1022
2788    980   1023
2790    971   1023
2794   1025   1026
2795    731   1025
2796   1000   1025
2798    678   1026
2799   1001   1026
2800    625   1026
2805    737   1028
2808    336   1028
2811   1030   1032
2813    899   1030
2815    737   1032
2816   1022   1030
2828   1036   1037
2829    955   1036
2830   1028   1036
2832    949   1037
2834   1012   1037
2835   1038   1039
2836    966   1038
2837   1030   1038
2838   1018   1038
2839    948   1039
2840   1032   1039
2841    915   1039
2843    847   1040
2845   1012   1040
2853    645   1043
2856     14   1043
2863    198   1047
2866    711   1047
2867   1048   1049
2868   1010   1048
2869   1043   1048
2870      8   1048
2871    992   1049
2873    625   1049
2874   1050   1051
2875   1015   1050
2877    949   1050
2878    995   1051
2879   1047   1051
2880    260   1051
2898   1057   1059
2900     76   1057
2902    984   1059
2905   1023   1059
2906   1060   1061
2907    660   1060
2908   1050   1060
2909   1012   1060
2910    725   1061
2911   1047   1061
2912    236   1061
2942    960   1071
2950    346   1073
2953    908   1073
3006    681   1091
3007    920   1091
3020   1096   1097
3021      0   1096
3022   1091   1096
3023    658   1096
3024    573   1097
3026    119   1097
3028    862   1098
3029   1057   1098
3030    529   1098
3034   1100   1101
3035    139   1100
3036   1071   1100
3037    529   1100
3038    667   1101
3040    874   1101
3050   1105   1106
3051    866   1105
3052   1073   1105
3053    640   1105
3054    977   1106
3056    701   1106
3067    862   1109
3070   1057   1109
3077    678   1113
3080    806   1113
3083   1071   1115
3084   1113   1115
3085    731   1115
3098   1120   1121
3099    842   1120
3100   1109   1120
3101    959   1120
3102    977   1121
3104     52   1121
3105   1122   1123
3106    854   1122
3107    796   1122
3108   1113   1122
3109   1101   1123
3110    817   1123
3111   1115   1123
3112   1124   1125
3115    410   1124
3116    978   1125
3118    408   1124
3119    292   1125
3121   1127   1128
3122    457   1127
3123   1125   1127
3124   1106   1127
3125    557   1128
3126   1124   1128
3127   1073   1128
3133    203   1131
3139   1133   1134
3141    147   1133
3142     61   1134
3144    243   1133
3145    938   1134
3146   1135   1136
3147    912   1135
3149    640   1135
3150    884   1136
3151   1131   1136
3152    866   1136
3153   1137   1138
3154   1135   1137
3155   1133   1137
3156    143   1137
3157   1131   1138
3158   1134   1138
3159   1071   1138
3162   1140   1141
3164    140   1140
3165    149   1141
3167    134   1140
3168    568   1141
3169   1142   1143
3173    907   1143
3176    220   1143
3178   1145   1146
3179   1098   1145
3180   1140   1145
3181    698   1145
3182   1059   1146
3183   1141   1146
3184    791   1146
3185   1147   1148
3186   1097   1147
3187   1143   1147
3188    277   1147
3189   1091   1148
3190   1142   1148
3191    928   1148
3226   1160   1161
3228     61   1160
3229    147   1161
3231    460   1160
3232    538   1161
3233   1162   1163
3235   1160   1162
3236    862   1162
3237    648   1163
3238   1161   1163
3239    134   1163
3241   1164   1166
3243   1007   1164
3245    156   1166
3246   1032   1164
3248    692   1166
3249   1167   1168
3250   1028   1167
3251   1164   1167
3252    163   1167
3253   1037   1168
3254   1166   1168
3255    553   1168
3256   1169   1170
3259     58   1169
3260    460   1170
3262    180   1169
3263    300   1170
3265   1172   1173
3266    923   1172
3267   1170   1172
3269    885   1173
3270   1169   1173
3271     52   1173
3273   1174   1176
3275    916   1174
3277    681   1176
3280   1142   1176
3282   1040   1177
3283   1174   1177
3284    952   1177
3370   1205   1206
3372    177   1205
3373    254   1206
3375    300   1205
3376    826   1206
3393   1212   1213
3394    882   1212
3395    995   1212
3396   1205   1212
3397    473   1213
3398    989   1213
3399   1206   1213
3435   1025   1224
3438    203   1224
3446    311   1229
3449    310   1229
3475   1238   1239
3476   1142   1238
3478   1224   1238
3479    524   1239
3480   1229   1239
3777   1332   1333
3780    938   1332
3781    500   1333
3783   1131   1332
3784    240   1333
3786   1335   1336
3787   1239   1335
3788   1333   1335
3789    195   1335
3790   1224   1336
3791   1332   1336
3792    821   1336
3794   1337   1339
3796    909   1337
3798    821   1339
3799   1043   1337
3801   1049   1339
3818   1345   1346
3819   1337   1345
3820     69   1345
3821    792   1345
3822   1339   1346
3823    339   1346
3824    195   1346
3842   1352   1354
3844    460   1352
3846    198   1354
3847     58   1352
3849    910   1354
3850   1355   1356
3851     47   1355
3852   1352   1355
3853     61   1355
3854    821   1356
3855   1354   1356
3856    938   1356
3921   1377   1378
3924   1162   1377
3925   1172   1378
3927   1109   1377
3928   1121   1378
3946   1385   1386
3947    922   1385
3948   1378   1385
3949    701   1385
3950    647   1386
3951   1377   1386
3952   1023   1386
3978   1395   1396
3980    587   1395
3981    214   1395
3983    422   1396
3984    215   1396
3994   1400   1401
3995   1395   1400
3996    440   1400
3997   1177   1400
3998   1396   1401
3999    358   1401
4000   1176   1401
4114   1437   1439
4116   1238   1437
4118   1229   1439
4119   1174   1437
4121    738   1439
4122   1440   1441
4123   1040   1440
4124   1437   1440
4125   1000   1440
4126   1036   1441
4127   1439   1441
4128    284   1441
polygons 447
0   1540   2451   2454   2655   2657
3     16     17   1540   2853   2869   2870
4     16   2454   3007   3021   3022
5   2573   2656   2657   2853   2856
7     32     33     34   2576   2655   2656
10   1584   1586   2628   2746   2868   2870
11     17   1584   3021   3023
13   1586   1660   3006   3022   3023
15   1214   1218   1658   1660   2625   2628
16   1049   2744   2856   2868   2869
17   1042   1048   1049   2573   2576
18     32   1045   1048   1218   1221
19     34   1220   1658   2451   3006   3007
21   1042   1045   2625   2744   2746
22     33   1214   1220   1221
23   3228   3231   3844   3852   3853
27   3231   3235   3260   3267   3921   3924   3925
28     84     85   3259   3270   3271
29   3256   3259   3260   3844   3847
30   3104   3265   3271   3925   3928
31   2578   2584   3067   3100   3101
32     85     93   2580   3098   3101   3104
33     93     84   3847   3851   3852
34   2578   2580   2583   3851   3853
36   2583   2584   3228   3235   3236
37   2574   2659   2664   2898   2900   2902
38    101    102   2571   2573   2574
39   2001   2414   2853   3796   3799
40   2023   2413   3796   3819   3821
42    102    111   2856   3799   3819   3820
43   2413   2414   2662   2902   3182   3184
44   1172   1718   2028   3820   3821
45    111    101   1172   2900   3029   3030
47   1486   1492   2615   2619   2770   2771
48   2380   2770   2813   2837   2838
49   1491   1492   1547   1549
51   2394   2458   2459   2781   2783
54   1547   2392   2459   3946   3947   3950
56   1729   2420   2458   3947   3949
57   1549   2619   2790   3950   3952
58   1853   2602   2604   2649   2652
60   2420   2427   2780   2781   2784
61   1729   1853   1855   2427   2429
62   2429   2602   2784   2816   2836   2837
63   1486   1491   2377   2380   2392   2394
67    177   1410   2077   2579   2580
68   1307   2641   3102   3104
69     85    181   1307   3020   3021   3024
70   2638   2641   2644   3024   3026
71    177    189     17    181     93
73    189   1410   1584   2702   2704   2705
75   2638   2642   3098   3099   3102
76   2523   2524   2579   3099   3101
77   2523   2642   2644   2718   2721   2724
78   2705   2723   2724   3020   3023   3026
81   2077   2524   2704   2720   2721
82   2583   2942   3142   3158   3159
83   1716   1718   3035   3037
84    218   3035   3036   3153   3156   3159
85   3139   3141   3142   3226   3228   3229
86   2584   2942   3028   3030   3036   3037
87    224    225   3229   3238   3239
88    229    224   3164   3167
89   3028   3167   3179   3180   3233   3236   3239
90    218    231   1716   3164   3180   3181
91    229    231    225   3141   3155   3156
92    232   1242   3245   3254   3255
93    232   2399   2401   3162   3164   3165
94   1242   1290   3165   3168
95    246    247   1923   1925
96    224   1293   1294   1554   1923   1924
97   1924   1925   2774   2776
100   1289   1294   3162   3167   3168
101    246   1289   1290   1293   3249   3252   3255
102   2401   2740   3241   3243   3245
103    247   2775   2776   3243   3251   3252
104    229   1554   2399   2740   2774   2775
107   1856   2649   2658   2663   2664
108    272    273    947   1853   1856   1859
109    273    886   1153   1780   1781
110    886   1859   2543   2602   2603
111    284   1540   1998   2001   2004
112    292    293   1920   2002   2004
114    295    272   1153   2451   2479   2480
115    295    947   2654   2655   2658
119    303   1920   2495   2540   2603   2604
121   1779   1780   1989   2478   2480
122    292    303   1784   1988   1989
123   1779   1781   1784   2540   2543
124    284    293   1988   2454   2478   2479
125   1998   2002   2495   2652   2662   2663
126    313   1079   1086   1109   1802   1803
127   1800   1803   1806   3781   3788   3789
128   1086   2513   3846   3855   3856
129   1109   2024   2412   2413   2416
130   1806   2027   3818   3821   3824
131   2412   3794   3796   3798   3849   3854   3855
133   3786   3789   3792   3798   3822   3824
134    313   2416   3846   3849
135   1932   2108   2109   2210   2716   2795   2796
136   2210   2843   3282   3981   3995   3997
139   3273   3280   3476   4116   4119
141   1830   2109   2405   2408   2411
142   1830   2795   3435   3438
143   2408   3169   3173   3438   3476   3478
145    363   3169   3176   3280   3984   3998   4000
146   2405   2409   3173   3176
148   1932   1935   3978   3981   3984
149    363   1935   2108   2409   2411
150   2796   3435   3478   4116   4124   4125
151   2578   2579   2942   3080   3083   3084
152   1172   2298   3034   3037   3040
154   3028   3029   3067   3070
155   2192   2196   2900   3070   3099   3100
156    101   2133   2196   2232   2526   2527
159    111   2133   2297   2298
160    892   2178   2318   2424   2425
161    382   2425   3144   3147   3154   3155
162    389    390    382    892    895
163    391   1081   3781   3784
164    395    398    391    895   2178   2180
165    389    395   1079   1081   1083
166    390   1083   2513   3139   3144   3145
167   2331   2424   3146   3147   3150
169    398   2332   3150   3151   3777   3783   3784
171   2180   2318   2331   2332
173   1432   2352   2434   2435   3373   3397   3399
174   1920   2324   3372   3394   3396
176    419    303   3370   3372   3373
178    419   2352   2538   2540   2542
179   2435   2542   2839   2841
180   1432   2326   2618   2771   2772
181   2434   2772   2835   2838   2841
182   2325   2878   2880   3394   3395
183    433   2549   2874   2877   2880
184    438    433   2322   2325   2328
185    438   2440   2444   2549   2564   2565
186   2443   2565   2743   2744   2747
187   2564   2747   2760   2875   2877
188    998   2625   2680   3397   3398
191    998   1045   2326   2328   2444   2446
192   1528   1729   3050   3053   3056
193   2270   2329   2333   3150   3152
194   2456   3266   3925   3947   3948
195   1307   1308   2333   3269   3271
199   1308   2270   2641   3050   3051   3054
200   3054   3056   3102   3928   3948   3949
201   2714   2717   2748   2760   2762
202   2690   2711   2714   4122   4125   4128
203   2832   2834   2877   2908   2909
204   2208   2843   2845   2907   2909
205   2566   2829   4126   4128
207   2562   2566   2690   2747   2748
210   2196   2199   2574   2577
211    486    487   1048   1621   2445   2446
212    102   1049   2130   2133   2442   2443
213   1617   1618   2130   2232   2233
214   1615   1618   1621   2470   2473   2476
215    487    496   2474   2476
216   2233   2473   2525   2527
217    501    496    486   2571   2576   2577
219    501   2199   2470   2474   2525   2526
223   1301   2696   3375   3395   3396
224   1760   2696   2866   2878   2879
226   1301   1760   1762   3260   3263
227    292   3256   3262   3263   3372   3375
228   1762   2863   2866   3842   3844   3846
230    524   2002   2324   2325   2416   2417
231    313    524   2863   2879   2880
234    526   2004   2417   3842   3847   3849
235    293    526   3259   3262
240    537   1153   3449   3479   3480
241   1780   1782   3479   3784   3787   3788
243    544   3446   3480   3787   3789
244   1081   1692   1694   1801   1803
246    391   1693   1694   1781   1782
248    553    554   3446   3449
249    554    273    537   2044   2045   2048
250    544    553   1806   2048   2049
251    886   1692   1693   2045   2046
253   2039   2040   2054   2286   2287
254   1841   1842   2054   2307   2472   2473
255   1842   2043   2233   3106   3107
257   2472   2521   2525   2719   2721
258   1648   1649   2286   2704   2707
261   1293   1510   1843   1844
262   1289   1292   1507   1510   1513
263    438    584   1243   1290   1292
264    584   1513   1619   2444   2445
265    588   2808   3250   3252
266   1243   2549   2832   3253   3255
267   2119   2568   2808   2829   2830
268    588    246   1617   1843   1845   2118   2119
269   1507   1615   1619   1844   1845
270   2126   2873   3798   3801
271   2714   2799   2800   2871   2873
272    596   2690   2871   3801   3822   3823
273    544    597   3823   3824
274    596    597   3446   4118   4127   4128
275   1525   1528   2426   2427   2430
276    537    272   1706   1708
277   1859   2045   2426   2429   2432
279    612   1261   2950   3125   3127
280    947   1707   1708   3121   3122   3125
281   1855   1856   3056   3122   3124
284    623    612    624   2048   2050
285    625   2044   2050   2430   2432
286    623    625   1525   2950   3052   3053
287    624    554   1261   1706   1707
289   1355   2419   2425   2777   2781   2782
290    382    629   1355   1557   1558
291    632    629   3141   3144
294    636   1525   3149   3154   3156
295    231    636   2399   2430   2431
296    632    225   1553   1554   1557
297    641   2142   2173   2396   2397
298    642   2142   2679   3376   3398   3399
299    641    642   2284   2708   2722   2723
300   2679   2702   2707   2708   2763   2765
301   1301   2055   2056   2176   2395   2396
302   2051   2055   2287   2696   2764   2765
303   2173   2176   3370   3375   3376
304   2278   2283   2284   2395   2397
305   2270   2407   3173   3187   3188
306   2333   2335   2478   3185   3188   3191
307   3133   3438   3783   3790   3791
309   1785   1989   2329   2332   2335
310   2480   3190   3191   3475   3476   3479
311   2407   2408   3133   3151   3152
313    398   1779   1782   1785
314   1021   2046   2401   2431   2432
315    669   1716   2027   2028   2049   2050
316   1112   2024   3165   3183   3184
319    232   1021   1112   1801   1802
320    669    218    636    625
322   3142   3145   3850   3853   3856
323   1083   1086   2863   2911   2912
326   1761   1762   3226   3231   3232
327   1761   1809   2866   2910   2911
328    629    390   1808   2910   2912
329    632   1808   1809   3229   3232
331   1292   2621   2790   2905   3168   3182   3183
332   1512   1513   2619   2621
333   1294   1510   1552   3237   3239
334    690    389   2756   2906   2909   2912
335   1557   1559   1807   1808   1811
336   1807   1813   2906   2907   2910
338    890    892   1355   3980   3995   3996
339    700   1558   1559   3980   3981
341   2558   2756   2845   3282   3284
342    690    890    895   2557   2558
343    700   1811   1813   2208   2210
345   2557   3284   3996   3997
348   1846   2433   2439   2815   2840   2841
349   2545   2839   2840   3241   3246   3248
350   2805   2815   3246   3250   3251
351   1697   2756   2834   3248   3253   3254
352   2439   3275   4114   4119   4121
353   1697   2542   2545   2556   2558
354   1846   2805   2830   4121   4126   4127
355    433    524   1109   1112   1242   1243
358    584   2328   2615   2618   2621
360   1263   1710   1846   1847   1850
361   1220   1711   1850   2437   2439
362   1260   1263   1602   1605
363     33    736    737   1260   1710   1711
364    736   1221   1431   1487   2770   2772
365    737   1487   1602   2378   2380
369   1605   1847   2378   2811   2813   2815
372   1410   1476   1649   2798   2800
373   1830   3083   3085   3133   3157   3159
376    177   1476   2126   3850   3851   3854
378    189   1476   2867   2870   2873
380   1595   2286   2759   2762   2765
382    760   1586   2705   2708
384   1595   1648   2717   2798   2799
386    760   2628   2679   2680
387    597    553    624   1333   1336   1339
388    596   1336   2117   2566   2568
389    766   1333   1337   2117   2119
390    767   1256   1261   1263   1337   1339
391    766    767   1847   2805   2808
393   1705   1706   1850   3449   4118   4121
395   2785   2811   2816   3243   3246
397   2381   2779   2782   2783
398    774   1631   1635   2773   2776   2779
399    775    767   1605   1635   1636
400    774    247    588    766    775
401    776   2644   3112   3115   3116
402    782    776   2281   2722   2724
403   2192   2199   2642   3116   3119
404    785    501   3112   3118   3119
405    782    786   3115   3118
406    786    785   2278   2281   2474   2475
407   2308   2470   2472   2475
408   1194   1760   1761   2055   2057
409   1194   1550   3232   3237   3238
411   1546   1547   1550   1980   2056   2057
412   2176   2462   3263   3266   3267
414   1980   2391   2392   2395
417   1612   2106   2110   2411   2950   2953
418    623    669   1612   3034   3035   3038
420   1591   1595   1813   2038   2039
422    921   2051   2054   2057
423    921   1194   1807   1809   2038   2040
424   1934   2041   2111   3105   3107   3110
425    774   1922   1925   1934   1937
426   1839   1843   1922   1923   2041   2043
427   1333   1614   2296   3038   3040
428   2117   2118   2130   2296   2297
429   1618   1839   1842   1845
430    775   1337   1614   1937   2110   2111
432   2638   3054   3116   3123   3124
434   2577   2658   2659   3119   3122   3123
436   1553   1559   1922   1924   1927
437   1811   1927   2037   2038   2041
439    921   1550   1552   1839   1841   1844
440   1490   1492   1512   1619   1621
441   1490   1491   1980   2283   2475   2476
444   1336   2296   2298   3818   3820   3823
445   1988   2335   3262   3269   3270
446   1308   3024   3186   3188
447    284    526     84    181     16
449    776    825   3026   3176   3186   3187
450    825   2409   2953   3115   3126   3127
454   2173   2177   2182   2318   2461   2462
456   1634   2777   2779   3978   3980   3983
458    835   1634   2381   2391   2394   2397
460   2142   2181   2182   3994   3996   3999
461    641    835   3983   3998   3999
462    839   1635   1637   1930   1935   1937
463    700   1927   1930   1932   1934
466    839    843   3983   3984
467    843   1631   1634   1637
468    844    487   1486   1487   1490
469     32    486    844    736
470    998   1218   1431   1432
473   2181   2183   2352   2556   2557
474    419   1784   1785   2177   2180   2183
475    395    690   1691   1694   1697
477   1021   1691   1692   3245   3248
478   2182   2183   3373   3376
479    786    849    850   1602   1636   1637
480    850    737    844    496    785
481    835    843    849   2281   2284
482    760    642   1660   3277   3999   4000
483   3006   3189   3190   3277   3280
484    363    839    849    782    825
485    850   1256   1260   3118   3125   3126
486     34    295   1705   1708   1711
488   1658   2437   3273   3275   3277
489    612   1339   1612   1614
491   1507   1512   1546   1549   1552
492   1528   2419   2420   3147   3149
493   1691   1693   2538   2543   2545
494    890   2177   2178   2181
495   2118   2442   2562   2565   2568
496   1591   2762   2875   2907   2908
497   1841   2037   2040   2043
501   1546   3233   3237   3924   3950   3951
503   2322   2326   3393   3394   3397
506   1800   1801   2044   2046   2049
508   1042   2440   2443   2446
510   2794   2795   2798   3077   3084   3085
511   2110   3038   3109   3110
512   1079   2513   3777   3780   3781
515   1800   1802   2023   2024   2027
516   1648   2037   2039   3077   3107   3108
518   1615   1617   2440   2442   2445
521   1718   3030   3179   3181
523   2001   2654   2657   2662   2664
524   1214   1431   2433   2434   2437
525   2287   2307   2707   2719   2720
527   1256   1705   1707   1710
531   1553   1558   2773   2774   2777
533   1855   2649   2788   3946   3949   3952
536   1649   2077   3077   3080
539   2126   2794   2800   3435   3790   3792
541   3051   3053   3146   3149   3152
542   2023   2028   3178   3181   3184
544   1591   2208   2711   2716   2717
545   1631   1636   2377   2378   2381
547   2051   2056   2283   2307   2308
548   2716   2843   4123   4125
552   2106   2109   3085   3110   3111
553   3780   3791   3792   3854   3856
554   2329   2331   2461   3265   3266   3269
555   2322   2324   2495   2617   2618
556   1930   2106   2108   2111
558   1998   2412   2414   2417
559   3067   3236   3924   3927
562   2521   2524   2527   3080   3106   3108
564   2232   2297   3040   3105   3106   3109
565   2405   2407   2953   3051   3052
566   3145   3157   3158   3780   3783
567   2391   2396   2456   2459   2462
568   2192   2521   2523   2526
571   2426   2431   2740   2784   2785
572   2278   2308   2718   2719   2722
573   2419   2424   2456   2458   2461
574   2377   2780   2783   2813   2816
575   2433   2435   2556   3275   3283   3284
576   2604   2617   2771   2836   2838
577   2479   3007   3189   3191
578   2615   2617   2652   2788   2790
580   2538   2603   2835   2836   2839
581   2562   2564   2828   2829   2832
582   2571   2654   2656   2659
583   2763   2764   3393   3395   3398
584   2680   2743   2746   2759   2760   2763
585   2663   2788   2902   2905
586   2743   2748   2867   2868   2871
587   2759   2764   2874   2875   2878
588   2702   2718   2720   2723
589   2711   2794   2796   2799
590   2898   2905   3070   3927   3951   3952
591   2773   2775   2780   2782   2785
592   2828   2834   2845   4122   4123   4126
593   2828   2830   3249   3250   3253
594   2811   2835   2837   2840
595   3282   3283   4119   4123   4124
596   2867   2869   3794   3799   3801
597   2874   2879   2906   2908   2911
599   2898   3029   3178   3179   3182
600   3020   3022   3185   3186   3189
602   3034   3036   3083   3109   3111
603   3050   3052   3121   3124   3127
609   3098   3100   3921   3927   3928
610   3084   3105   3108   3111
612   3112   3121   3123   3126
613   3146   3151   3153   3154   3157
614   3139   3153   3155   3158
615   3162   3178   3180   3183
616   3169   3185   3187   3190
619   3226   3233   3235   3238
620   3241   3249   3251   3254
621   3256   3265   3267   3270
622   3273   3283   3994   3997   4000
628   3370   3393   3396   3399
630   3475   3478   3786   3787   3790
631   3475   3480   4114   4116   4118
652   3777   3786   3788   3791
653   3794   3818   3819   3822
656   3842   3850   3852   3855
661   3921   3946   3948   3951
663   3978   3994   3995   3998
671   4114   4122   4124   4127
cells 64
0      0      3      4      5      7     10     11     13     15     16     17     18     19     21     22
1     23     27     28     29     30     31     32     33     34     36    559    609    621
2     37      5     38     39     40     42     43     44     45    521    523    542    582    599
3     47     48     49     51     54     56     57     58     60     61     62     63    533    574    576    578
4     32     67     68     69     70     11     71     73     75     76     77     78     81    588
5     82     83     84     85     86     36     87     88     89     90     91    521    614    619
6     92     93     94     95     96     97     88    100    101    102    103    104    620
7    107    108     58    109    110    111    112    114    115    119    121    122    123    124      0    125    523
8    126    127    128    129    130    131     40    133    134    512    515    553    652    653
9    135    136    139    141    142    143    145    146    148    149    150    548    595    622    663
10    151    152     86     45    154     76    155    156     31    159    562    564    568    602    610
11    160    161    162    163    164    165    166    167    169    171    512    566    613    614
12    173    174    176    178    179    119    180    181    503    555    576    580    628
13    182    183    184    185     21    186    187    188    191    503    508    583    584    587
14    167    192    193    194     56    195     30    199    200     68    492    541    554    573
15    201    202    203    204    205    187    207    496    544    548    581    592
16     17    210     38    211    212    213    214    215    156    216    217    219    508    518
17    182    223    174    224    226    227     29    228    230    231    112    134    234    235
18    240    241    163    243    127    244    246    109    248    249    250    251    506
19    253    254    255    216    257    258     81    497    516    525    536    562
20    261    262    263    264    185    265    266    267    268    269    101    495    518    581    593
21    270    271    243    272    202    133    273    150    274    539    589    630    631    671
22    275     61    276    249    108    277    279    280    281    284    285    286    192    287    603
23    289    104    290    291    275    294     91    295    296    161     60    492    531    571    591
24    297    298    299    223    300    301    302    303    304    525    547    572    583    588    628
25    121    241    305    169    193    306    307    143    309    310    311    313    616    630    652
26    314    285    315    316     93    319    320    295     90    506    515    542    615
27     85    322     23    228    128    323    326    327    328    329    166    291    656
28    331    154     57    332    333    100     89    262    491    501    559    590    599    615
29    162    334    328    290    335    336    338    339    341    342    343    204    136    345
30    348    349    350    351    179    352    353    341    354    575    592    593    595    620    671
31    129    355    125    331    230    184     43    316     94    358    263    555    558    578    585
32    360    361    362    363    364    365    348     48     22    369    181    524    594
33    322     82    142    372    307    373    376     34     67    151    510    536    539    553    566
34    372     73    378    380    271     10    258    382    384    201    386    300    584    586
35    387    388    389    390    391    360    267    393    274    205    354    287    248    527
36    395    103    391    369    265    350    397    398    399    400    545    574    591
37     77    401    402    403    404    405    406    257    219    407    568    572
38    408    326    409    411    412    226    414    194     27     54    301    501    567    619    661
39    311    417    286    373    418    141    294     84    320    511    541    552    565    602    613
40    224    336    380    253    302    408    420    422    423    327    496    587    597
41    424    425    426     95    427    428    213    255    429    430    389    400    268    511    564
42    155     37    432    210     75    403    107    200    281    434    533    585    590    609    661
43    436    437    335    439    261    426    423    333    409    296     87     96    329    497
44    429    439    269    440    422    254    411    441    214     49    407    491    547
45    428    212    388    272    444    159     42    207     16    186    495    586    596    653
46    445    195     28     69    446      4    235    124    447    306    577    600
47    401    432    199    305    446     70    449    450    146    565    603    612
48    454     51    297    289    160    456    397    458    338    460    461    494    567    573    663
49    456    398    462    148    463    339    425     97    436    466    467    531
50    468    440    211    191    358    364     47     18    469    264    470    332    180
51    353    178    473    474    246    475    123    164    342    313    493    494
52    351    334    266    355    475    231    323    126     92    244    203    183    319    477    165    597
53    445    227    122    474    309    412    171    454    478    303    176    554    621
54    270      3    378    447     71    376     33    111     39    131    234    558    596    656
55    424    384    135    437    420    343    463    510    516    544    552    556    589    610
56    441    406    479    480    468    215    365    414    304    458     63    481    467    545
57    482    483    466    299    382    449     13    402     78    461    145    484    481    600    616
58      7    280    434    363    480    485    404    469    217    486    115    527    582    612
59    477    314    102    277     62    251    349    395    110    493    571    580    594
60    139    483    393    488    352    361    276    240    114    486     19    310    577    631
61     15    482    478    473    460    488    345    470    173    298    188    386    524    575    622
62    387    489    427    130     44    418    315     83    444    273    284    152    250
63    149    484    450    390    489    279    362    485    417    479    405    462    430    399    556
