vertices 383
     0 0.91890972912992 3.78562042581317 1.10662678658693
     2 1.29410305809776 3.97053315055720 1.65531780383700
     8 0.80735180908687 3.67333964069750 1.10643821842193
    11 0.16036008720866 0.05336356841228 1.11043306248019
    14 0.80061024534948 3.46923457517278 2.19183410531922
    16 0.22345737091966 0.03368644492090 2.36573052449385
    18 1.05525023423685 0.38684782294795 1.95837545988311
    36 3.81068813944607 0.01931491138186 1.75861049836000
    37 0.43822189104757 0.50622926757280 2.04965627549569
    41 0.16316308709219 0.17605564768166 2.30813419323006
    47 1.34426554318577 3.19390389679336 0.61130744261520
    52 1.55544672364209 0.13110789915192 0.24016089169185
    58 1.78819852421364 3.65667063662573 0.94455736083649
    59 1.43732149039652 3.64279326340092 0.75189382002819
    61 1.79976029832794 2.76702370321634 0.19634943009217
    69 0.96731091415851 2.83640319360643 2.71067105590794
    72 0.88818106123995 2.98353240130048 2.71563669637578
    76 1.10962631684870 3.52983098960803 2.96591655781220
    98 3.02566712142581 0.07983012412058 3.41346217961271
   115 0.97544888796658 3.11576891360727 0.76714428823943
   119 0.69453614325377 0.31461286817344 0.14185396642765
   134 2.60949997005100 2.64003559915417 3.30720162488615
   136 2.62970619248821 2.21173735730792 3.49227798471791
   139 1.61878832202450 2.07226123452726 3.16191182647485
   140 2.34026791320230 2.07242330014753 3.18399519982358
   143 1.92757543621246 1.87618604036957 3.29778835930401
   147 2.51505520474438 2.21027218880816 0.00351909100643
   149 2.58407001966350 2.51930502818003 2.28877096728121
   152 3.42524621890788 2.58590140007757 3.07676642539764
   156 2.58013494832627 1.95781103341699 2.27372948869259
   157 3.48826123370118 1.97984321893925 3.17709580113711
   163 3.58112823234357 2.13494755346889 2.76293310290792
   169 1.85376318502525 0.97150420594373 2.26947600610363
   171 1.23551920043808 0.81744696719124 2.19160056434372
   174 2.24069052411425 0.57746395659224 1.52929364887300
   177 2.18639613434475 0.14250046123237 1.48478690846259
   180 1.99969515067541 0.11972980201534 1.36872522805091
   185 1.79809923354039 3.88236419870332 1.47590185786579
   191 1.29484182856854 0.89866826519556 2.13854458385471
   195 1.24809093793806 2.11152414026331 1.97741296491771
   198 2.33357673910670 2.76906283559776 1.33487624075345
   199 2.35529592627759 2.88226448629297 1.63954645431631
   203 0.99882292405125 1.77251225192456 0.48621187532881
   214 3.80044416695570 1.78844667392603 0.44562321261206
   215 0.19216179087932 1.17302059216364 0.05288624368905
   220 0.46482382594027 1.09601857132630 0.07862316867536
   230 2.72681154661647 1.52180894401983 0.22958636593645
   231 2.19277319420633 1.82500601374829 1.36376489529563
   235 2.09368073444316 1.10721959169584 0.87344484965786
   236 2.55890959541659 2.10890803917867 0.98204570275009
   240 1.93471958240651 1.51562666583928 1.21143173527368
   241 2.59359084163595 1.87267164726671 1.09961536634422
   243 2.58821412223858 2.04606114242775 0.20784502925638
   254 2.93220640788891 0.62193733046033 1.24179955838525
   260 2.78719707865857 3.04878178079073 1.66281745298460
   261 3.00293836203636 2.90963597259512 1.93772183540908
   264 3.11265493193701 3.24971273218595 2.15376880029448
   277 1.51307521343141 0.76400272966986 0.43567757518140
   284 0.38604271495168 2.21959800297660 1.86215926536945
   288 0.17872347647397 0.12790088489501 2.93835168545066
   290 3.85784457866286 3.90695333419453 2.97788424155517
   291 0.02236454734525 3.03194239458158 3.23478832918661
   292 0.92298341787388 3.91164468478189 2.97070064389806
   295 0.06939367944817 0.12448337201015 2.77494867559767
   300 2.79189181014829 3.83713846929649 0.65029074187084
   310 1.03586998962833 1.17039208489240 2.22807296481340
   311 0.99097996390922 1.88123347019745 2.07931490781979
   315 1.10944339994333 1.53568422868470 2.43730604625707
   332 2.95914703495401 3.22468934347017 2.53525242049843
   336 3.86027025627841 2.04192276022884 2.60929506303344
   339 0.76960498170649 2.17861292700664 2.10771056714145
   343 1.85709753622365 1.62824573963165 3.15357816824673
   346 1.11341783964514 1.60733318909898 3.14770282926177
   347 1.56986681881007 1.76460536304305 3.04294085357581
   354 0.90144748170791 1.51257608979917 2.78819736652883
   356 2.67044651226100 2.11722554497463 0.14840556661137
   358 3.60164097252905 0.57115622328690 0.58636269681562
   364 0.02466265651988 0.03043678250805 0.96613188713903
   365 3.63245853504194 0.52155630985362 0.14629744743712
   376 3.00026366796804 1.78708513240852 1.39561781738369
   380 3.53135918289387 2.14741403111304 0.19434594198873
   394 0.17552038089841 0.78060112984123 2.91391758803800
   396 0.01127522679910 0.27524929980903 2.69644840335895
   399 0.12338522966237 1.19703045695526 2.74081761282127
   403 0.15279551284910 1.70845021096132 2.92792208138833
   405 3.97765290316620 1.70048774922556 3.26111599778023
   406 0.18562959676543 0.73887433445393 3.75573418174825
   408 0.31074168800370 0.63738798810533 3.16091359614428
   410 0.43814308150133 0.76646766864186 3.83501556396044
   413 3.12093013249476 3.22971224153000 3.98001548169289
   422 3.69485659411466 0.86930612668185 0.03992272988157
   425 0.02783679542873 0.95505616118982 3.82710026964981
   429 2.91234967475309 3.78246592195256 2.99649693640228
   432 2.17972713921225 0.90642664621441 3.23045957710342
   436 2.07014165011016 0.98401585525541 1.90039263948618
   439 2.73372198876600 1.35857978998440 0.65526173628969
   440 3.19988475482484 1.13276974894606 0.88515298764012
   447 3.48159882011354 3.09284334469092 3.96800004796856
   457 1.50038621662723 0.45497224235027 2.60097642637019
   460 2.40119624407065 3.37500179044218 0.50253714854703
   473 3.47259226488926 0.06689737073902 1.74603887243323
   481 2.28470605193867 1.81193462225553 2.02132508701685
   488 0.04026294520544 3.59520287274714 2.09562441019687
   489 0.18515404930293 3.42718365571581 2.03315713569665
   500 2.11355525801918 1.94268779321744 1.36866630857744
   502 2.22323946545953 2.21336385669438 1.15211619184484
   510 2.27366718453796 2.60649398568134 1.99858902772188
   513 0.01224375732555 2.83009545887646 0.55462427054390
   519 0.16962145260850 2.79774513925330 2.62912480581678
   524 1.44561540254367 0.90683276327343 1.56175476411052
   529 1.49467657994361 2.66950937135083 3.03239709136306
   538 2.80791032318590 3.04199040067190 0.19404168069471
   544 0.16478003085942 0.51968308280707 1.70477275051017
   545 3.85068534029745 0.19620662006953 1.86314002758765
   553 2.88095823395659 2.62425858703890 2.25836883037968
   557 0.81349476310585 1.17002237207617 2.73757712873422
   559 0.34785863158287 1.03485609083712 2.68866130882018
   568 2.86209698895218 2.84509321617404 2.56608401626151
   569 3.12745519431898 2.82549134710930 3.03128580670951
   571 2.92032607163646 3.57337506534804 0.61847475684463
   573 1.44060353670900 0.27868479236443 0.20547839334462
   581 0.49537038666392 2.28217356091770 2.55828479099610
   582 0.55484303678942 1.86040543537657 2.90721837459226
   587 2.94622161612916 1.52906672585257 0.10539826854006
   605 0.73589340303726 3.05394892127466 0.47498203678804
   611 3.49885557635731 0.27861371198407 1.86776425785490
   625 0.94679377991622 2.75636379132508 1.05300513789736
   629 3.26035844134561 0.42576889226837 2.77419501099050
   630 3.17266872243282 0.06047010625770 3.07424669952210
   635 3.15564572495292 2.89735774842268 3.06161299026334
   636 3.14710910898108 3.26172945725015 2.78950712752729
   640 1.85048329408150 1.25737270732814 3.47787333752675
   645 1.29209308517577 3.82401484677732 1.89828621988604
   647 2.78930476688696 3.80375212627374 3.27486628173088
   648 2.84616955226963 3.22459731212576 3.57023780037297
   649 3.00178804000821 1.99844521650001 3.51567360057469
   650 2.98134416292143 1.92925319115377 0.00060161593292
   658 0.51915647784678 3.94249349343028 0.96126876053405
   660 3.65130737052970 2.33276346992396 0.71886201840397
   662 3.95978975883693 2.67683748268694 0.80032185061045
   663 3.98411696685444 0.95633821716717 2.94669446729919
   667 0.75404043106178 1.97834201729858 3.28635615409869
   668 3.86174775365215 2.97000226420348 2.96076577041390
   669 3.69400230025522 3.32168288405403 2.73058043807053
   673 3.25733456319447 1.02375689678595 3.56331013387182
   674 3.84852554688025 1.14033227636668 3.38044523266026
   678 0.59350926061942 2.77838883640816 0.48088873315440
   681 0.32032520374785 0.45029074973154 1.27174045792993
   691 2.35935957449901 1.67296402214513 1.84244229791969
   692 2.79953575441822 1.65141008657598 1.84695935073447
   695 0.96101642180979 1.07109743344448 2.29420242241377
   696 0.47868299076740 0.94868688645996 2.23719767627509
   698 1.62557572565791 2.57661227791058 2.93068439137689
   701 1.97869818093845 0.57752884904274 3.18028698198176
   711 2.67987091017854 3.28862496471108 0.55748771758013
   717 1.81397206823060 0.96646928282676 1.49999731395660
   718 1.91028518939549 0.79061269998342 1.33821390713871
   723 2.09690976377586 2.07080480557561 1.86879465396068
   724 1.55629557321466 2.12254348600530 2.16307529576252
   725 2.97389165143392 2.46196749859254 0.41919999586188
   726 3.50400267040994 2.36446280715921 0.34929573305741
   731 0.86451773960284 1.89055034678752 0.39769853584416
   735 3.73605698029673 2.82941373041572 3.46913969724738
   736 3.51268213734165 2.76272147619579 3.13089040618351
   737 3.81211372312762 1.38721685992007 2.30080523564829
   738 0.12161734577604 1.22356646653713 1.89877670458349
   739 1.92813705931262 0.46564995560688 2.67436083409553
   740 2.07407869501167 0.66376490090212 2.54884939026415
   758 2.18808940987202 3.88570787229595 1.78873430843259
   760 3.42200860501928 2.18435807652531 3.33675445289613
   761 3.79130911707256 2.25848479804672 3.73294001108003
   762 0.27856355115022 1.60925802908588 0.00889915540607
   764 0.20201239993897 1.88088069439890 3.63136273195907
   777 3.29166399013721 0.01734588433728 3.83665960966311
   780 1.81011138636516 0.70069378024479 1.29675307046112
   783 1.74676576206682 3.65299441545167 1.94105654238633
   784 1.91835670962442 3.70243642490054 1.73055141176590
   791 1.92736723172384 2.83664964521594 2.21618776210875
   792 1.55629367464058 2.55390853363112 2.33397345867102
   795 3.70715472346426 2.66402067022812 0.17377061877298
   796 3.88496781192810 2.50558048741313 3.75339152228337
   797 1.90112001035501 1.45249118317611 2.47919546490313
   798 1.54563403527202 1.67479174178423 2.53732689360630
   799 3.55539039543761 3.40438966694149 0.11392441216029
   800 3.25498073609225 3.50046221147778 0.11312928726270
   806 0.93499121958191 3.04000692386514 0.08688541027559
   816 0.60625008828984 1.65959474742049 0.01517061205679
   817 0.55644634454274 1.97982060527546 3.59452008933134
   819 0.16924181978924 2.35152060107327 2.47039834393018
   821 1.23625473716653 2.61957298643475 1.16234375870435
   822 0.64025431534894 2.80061896043553 2.83575236540878
   826 3.14712619392270 0.47806780486681 0.74240058119613
   837 2.92876941094941 0.25938226371173 0.35413243693361
   838 2.53363235147936 1.09245943921450 0.65928189449070
   839 2.99547395394177 0.79551223350673 0.89793701593934
   842 1.12254712636638 3.69547749036906 3.59252796495274
   844 0.97768755782067 3.63920379094109 3.15492443963070
   847 3.85822171336299 1.94927945885139 0.78099147272270
   854 0.45584570990385 2.93775085788204 3.25735142094669
   862 1.79514833708191 3.13150404222108 3.48302962486601
   866 1.55204246474465 1.19795605011809 0.19336528437110
   869 3.74300610518716 0.00094478648614 3.79410674344216
   870 3.89434186688050 0.30637197432983 0.01152913503506
   871 3.85303097062437 3.36302549892165 0.55456467526331
   874 0.70370188742739 2.69516280739331 2.82498097275009
   877 3.87848934839541 3.71517821986474 3.90147495003078
   881 2.37478909664048 0.99807114766368 0.38876894265913
   882 2.79249952014844 3.57670304458931 1.73693599236948
   883 2.95582872046219 3.62788152272362 1.96997976122290
   884 1.98302622204032 1.01664385753479 0.56466008059049
   885 1.77815929077692 0.72934741556629 0.60900922563470
   890 3.17737740371275 0.92206663959818 1.63748433677342
   899 3.23886602230578 0.67675323221332 2.85032626517390
   900 3.02935211881168 0.82639461299814 3.41691151158245
   903 2.92432426715688 0.42111611762869 3.61438695808421
   904 3.19362110512841 0.26769707101878 3.96829301902724
   905 2.45001634671920 1.70945424674908 2.86666382396500
   907 0.98953890550824 1.41478398775095 0.32904683632503
   908 0.74699339749633 1.43929399319043 0.01201230225192
   909 1.76271793498113 3.16000575083862 1.90159469432770
   910 1.97707702241734 3.17194552476919 1.63875926540446
   911 2.59560059716532 0.84700779997814 3.56690717302365
   912 2.42314890286990 1.21696699158801 0.08073370240470
   913 2.26755532308558 1.00202063118859 2.98850575442106
   914 2.11040611858489 1.45657799462572 2.87935534776472
   915 3.30123741501326 0.86340326402259 1.75918676566449
   916 3.96328664648787 1.00279695459611 1.65919495146003
   917 3.99429385960497 3.19269086086975 2.16992506712551
   918 3.84265318175999 3.32632800646313 2.24034644457963
   920 1.13584503686878 0.35798229162924 1.69410406373515
   922 2.63790833767572 0.48321106725153 3.68235711772101
   923 2.55388555165425 0.43306782780910 0.15195521789222
   926 0.13501309466869 3.48912747492003 3.37553938275694
   927 3.96564968797313 3.91536710296874 3.11824243926778
   928 1.41950345765593 0.78962367578823 1.48035530454471
   933 2.26768257368194 0.10978125676945 2.33816765807223
   938 1.80991266847492 2.29019754049066 0.86718096269870
   941 0.77667708219123 3.45683745126527 3.74820671603016
   942 0.59294803107958 3.37607571030094 3.39170174913981
   946 2.28404673564916 0.76693759017168 1.89799620502642
   948 3.00086084375230 1.02702649554015 1.86874321056205
   949 3.28298289833108 2.72089093171068 1.76648992233372
   952 3.30919760404248 1.26888768056458 1.18624285096347
   954 3.89896761487046 2.88573292306443 1.89607042988737
   955 0.09050901559650 2.32544222623834 2.10575543268988
   957 0.87323159457796 3.82092546135179 2.34095228471984
   958 1.05853690147092 3.82056003442500 2.74989879797462
   959 1.26229409093341 3.11368737176960 0.09890119510178
   960 1.51552951488954 2.85497349425080 3.94906235678047
   966 2.30717510872617 0.53088239052094 2.33794430472186
   970 2.66653185722573 3.94477829885253 2.42440793318330
   971 2.64412418966967 3.76486700710461 2.63998712492184
   972 3.99061587087300 3.88723323076408 1.30421917611197
   977 1.46713981726390 0.17768595222608 3.85931016528602
   978 1.15391857507794 0.10547836681316 3.69844891226970
   980 2.08122086197807 0.03613126577827 2.53107994404231
   982 1.17382291890990 0.01533207315300 2.15221034411538
   983 1.40379593327130 0.05557250419997 2.47736105052556
   984 1.86306358297569 3.85599590153842 2.44927835854824
   989 3.83998471381517 3.86635583435738 1.12965814919790
   992 0.44974771901161 2.65356560417143 1.43159833878284
   995 3.13192587333038 3.53931931766478 1.01972231174271
   997 0.22095009896209 3.64573157419653 0.47315611571447
   998 0.24639688293063 3.87406270560172 0.62593964497176
  1000 0.29858664992946 2.03480073612551 0.93945599836704
  1001 0.37609557245358 2.46957503485682 0.97828132465622
  1002 0.23642926742343 3.78371839772529 0.23060770233738
  1003 0.25322573968474 3.97491683005923 0.30207214763336
  1007 2.79650903814688 1.53367962786748 2.93088150562463
  1010 0.24784392091313 3.37088995541301 1.66491778076427
  1011 0.07705155712407 3.00352472989664 1.58197536230398
  1012 3.21931489437007 2.00598609976340 1.40322395393949
  1015 3.74554708635358 3.00799904520157 1.19189839409578
  1016 3.66634868650333 3.45546424003598 0.96860441630101
  1018 3.06835189092515 0.41465891623339 2.46810037695695
  1019 3.07272089796282 1.70716968045868 3.30066772516735
  1020 3.05378578190659 1.18525986316041 3.56575405067722
  1021 2.88668003740094 0.95213331859034 3.41760371530813
  1022 2.72572876974895 1.06636016693608 3.00851539069117
  1023 2.19579453284680 3.84107946735682 2.71615115749256
  1025 0.78316597365911 1.97886652066639 0.65766310978622
  1026 0.67007152285321 2.52980868133307 0.81214324237737
  1028 3.72083053429335 1.91279848811977 2.34757243511065
  1030 3.03966027346030 0.82441583064825 2.64653960249473
  1032 3.23992482520302 1.20712158102022 2.30352779101855
  1036 3.82471992985869 2.06050382843959 2.06039062233457
  1037 3.32544907730287 2.23292065371249 1.89999714962258
  1038 2.94804683207117 0.65777441761928 2.44136199883760
  1039 3.11470993295710 0.97295085338900 1.99557714201568
  1040 3.72772926336455 1.69924730243851 1.14932950915130
  1043 0.98813153932581 3.42281882916356 1.92021038515761
  1047 2.72399863845927 2.83934524397690 1.15211532730442
  1048 0.71754836125100 3.34711609200637 1.55228479691673
  1049 0.82414006682549 2.82713511154843 1.39123937340368
  1050 3.21648101240142 2.77104085409532 1.40023026315560
  1051 2.92981226425573 2.97591747592411 1.35523321934270
  1057 1.65762946862605 3.34389574179463 3.10573550342862
  1059 1.97743159399374 3.62254615397890 2.66576147093598
  1060 3.15822990868643 2.38886517548990 1.14371063053046
  1061 2.88067545621186 2.43335875929566 0.98773318721585
  1071 1.31548674995792 2.40286152961785 3.80273098698976
  1073 1.14596122336929 1.33299679084774 3.36360338172876
  1091 0.67120456923915 0.40288066878107 1.19264045019849
  1096 0.69592972939781 0.06952317485538 0.97317147176644
  1097 0.91433518604955 0.38426951683972 0.45605285554987
  1098 1.72531463334877 2.97332640472937 3.13493003369886
  1100 1.31875228762474 2.34234745986096 3.35211706098203
  1101 0.84274891777168 2.27242763645705 3.34214066345806
  1105 1.62466095965743 1.15581813507863 3.53944879676444
  1106 1.61754220434212 0.64042068899616 3.35870055559195
  1109 1.72990188106376 3.39101805260291 3.41299048279609
  1113 0.77290947398776 2.63889073067823 0.00004845672175
  1115 0.91826229149610 2.38221494696087 3.91014118783994
  1120 1.36791793760391 3.60573353707809 3.70457759457590
  1121 1.55308239094635 0.06313699780265 3.89210758456586
  1122 0.54184172738302 2.53846417194056 3.66709123415897
  1123 0.69175292076450 2.32080960573832 3.61766433251130
  1124 0.71207184072781 0.69444544663704 3.29080564589826
  1125 1.05123478379824 0.37000097202702 3.24355924551100
  1127 1.26944787007909 0.58847962629567 3.11269742217143
  1128 0.97821542232632 0.93100804158404 3.12680190137445
  1131 1.46809271780671 1.79792679210774 0.44186271351077
  1133 2.39446867264376 2.12071944264417 0.07817492672475
  1134 1.87799757335594 2.29805043934936 0.27962203668710
  1135 1.98665474121012 1.41472840402347 3.91888950974292
  1136 1.68756113141805 1.29451399635881 0.25464239881709
  1137 1.97458582410330 1.83254187942122 3.86723682049972
  1138 1.67193548804256 2.07406541066728 0.11287646562525
  1140 2.36202148017473 2.56142973623693 3.02654877117477
  1141 2.50945385124125 2.71080265383071 2.58982935071345
  1142 0.72296292111886 0.99730504003433 0.90441746867901
  1143 0.79627081431746 1.01245420185483 0.57428687977061
  1145 1.89872535000250 2.78227393496080 2.94885265327367
  1146 2.08080601228391 2.94781580720639 2.55806768750302
  1147 0.95568610058100 0.78596810911588 0.64233833926956
  1148 0.86462927927149 0.81367363252552 0.94482177082776
  1160 2.32908274243408 3.04694400351474 3.94196837997838
  1161 2.45876228451801 2.97093183411959 3.90720140432152
  1162 2.30204418310023 3.13122729378459 3.74571606198092
  1163 2.46952329145069 3.03233631447892 3.71692246031999
  1164 3.09287272827203 1.66985068300749 2.41581775501170
  1166 2.89401208071775 1.86571617157027 2.17913345114504
  1167 3.43622305646219 1.99360771366581 2.43061183821163
  1168 3.16701063384841 2.18148194524017 2.16650514590409
  1169 2.00255419033137 3.90238084999467 0.82617831628598
  1170 2.37377203564599 3.78262318079758 0.55794113248817
  1172 2.21204647730667 0.10512758526425 0.23052741959537
  1173 1.89312769050710 0.20470757479587 0.44039833769765
  1174 0.02434683121151 1.16095208192948 1.34856395914508
  1176 0.20746514957653 0.89958752662786 1.07572010964769
  1177 3.61766953901630 1.32636634782951 1.09663390563756
  1205 2.92710223198858 3.99086883708250 1.11245122327927
  1206 3.07631667886105 0.19959444970562 1.11451506864892
  1212 3.05280500005866 3.86079824759397 1.21119008591255
  1213 3.24412282892263 0.01890043936891 1.24722537821509
  1224 0.94041446736885 1.83685301239446 0.71115467233037
  1229 0.88037508258146 1.52425465130614 1.83333212443414
  1238 0.78354398024375 1.41810432601651 1.14263923657181
  1239 1.09430424565835 1.43925118968285 1.44916820061848
  1332 1.57690084050030 1.99486434721678 0.96888206346043
  1333 1.71869998322342 1.83616336661121 1.19573783134627
  1335 1.45498694682709 1.88075294761210 1.29217457843184
  1336 1.41310799336475 2.02581712413899 1.05143137476561
  1337 1.27701490018539 2.97272988353724 1.90611978243634
  1339 1.08752000769855 2.71150208145570 1.56530082242272
  1345 1.24391560149050 2.67262799148329 2.21414442496573
  1346 1.08321827735353 2.37582978037955 1.99894766258849
  1352 1.92182816375627 3.21593443050208 0.87546837330868
  1354 1.95706213265644 2.98949092979750 1.18220484372176
  1355 1.66481058457104 2.99403469908983 0.71337402632328
  1356 1.66074444322185 2.76097541283867 0.97022925899932
  1377 2.12179380353346 3.69786555643762 3.54164163434786
  1378 2.06069740937285 3.98637936295655 3.70665191027147
  1385 2.23935963346911 0.15436673108326 3.46438946786973
  1386 2.30586805960938 3.91360247477142 3.31403383303423
  1395 3.57073301894204 1.30336121849133 0.49003706939426
  1396 3.75167583563221 1.07916448426609 0.37501115065194
  1400 3.54314659839608 1.17223797394969 0.73852910235094
  1401 3.71772121370874 0.96466532873209 0.63282306824735
  1437 0.26180440862265 1.52855258021191 1.44830774414178
  1439 0.28890515001606 1.55433441681459 1.62670594184256
  1440 0.17112433653935 1.69095130474042 1.40663530268821
  1441 0.19769715384088 1.75559512393540 1.63970382497553
edges 766
16      2      0
17      0      8
32     16     41
33     41     37
34     37     18
84     58     59
85     59     52
93     59     47
101     76     72
102     72     14
111     72     69
177    115     47
181     59      0
189    115      8
218    143    139
224    134    136
225    136    147
229    140    136
231    143    140
232    149    156
246    152    163
247    163    157
272    171    191
273    191    169
284    185      2
292    177    180
293    180    185
295    171     18
303    174    177
313    199    198
363    220    215
382    230    243
389    241    236
390    236    243
391    231    240
395    231    241
398    235    240
419    254    174
433    260    261
438    264    261
486     16    295
487    295    290
496    295    288
501    292    288
524    260    199
526     58    185
537    310    191
544    195    311
553    311    315
554    315    310
584    264    332
588    163    336
596    339    284
597    311    339
612    354    346
623    347    346
624    354    315
625    343    347
629    243    356
632    147    356
636    343    143
641    365    358
642    358    364
669    139    347
690    376    241
700    214    380
736     41    396
737    396    394
760     11    364
766    403    336
767    399    403
774    157    405
775    405    403
776    119    410
782    406    410
785    408    288
786    406    408
825    410    220
835    365    422
839    425    215
843    425    422
844    396    295
849    406    425
850    394    408
886    169    436
890    439    440
892    230    439
895    241    439
921    413    447
947    171    457
998     36    473
1021    156    481
1042    488    489
1045     36    488
1048     16    488
1049     14    489
1079    500    502
1081    231    500
1083    236    502
1086    198    502
1109    199    510
1112    149    510
1153    191    524
1172     69    529
1194    413    538
1214    544    545
1218     36    545
1220     37    544
1221     41    545
1242    149    553
1243    261    553
1256    557    559
1260    394    559
1261    354    557
1263    399    559
1289    568    569
1290    553    568
1292    332    568
1293    152    569
1294    134    569
1301    300    571
1307     52    573
1308    277    573
1333    581    582
1336    339    581
1337    403    582
1339    354    582
1355    230    587
1410    115    605
1431    545    611
1432    473    611
1476    115    625
1486    629    630
1487    396    629
1490    290    630
1491     98    630
1492    429    630
1507    635    636
1510    569    635
1512    429    636
1513    332    636
1525    343    640
1528    432    640
1540      2    645
1546    647    648
1547     98    647
1549    429    647
1550    413    648
1552    635    648
1553    649    650
1554    136    649
1557    356    650
1558    587    650
1559    380    650
1584      8    658
1586     11    658
1591    660    662
1595    513    662
1602    394    663
1605    399    663
1612    346    667
1614    582    667
1615    668    669
1617    519    668
1618    291    668
1619    636    669
1621    290    669
1631    673    674
1634    422    673
1635    405    674
1636    663    674
1637    425    674
1648    513    678
1649    605    678
1658    544    681
1660     11    681
1691    691    692
1692    481    691
1693    436    691
1694    231    691
1697    376    692
1705    695    696
1706    310    695
1707    557    695
1708    171    695
1710    559    696
1711     37    696
1716    139    698
1718    529    698
1729    432    701
1760    571    711
1761    538    711
1762    460    711
1779    717    718
1780    524    717
1781    436    717
1782    240    717
1784    174    718
1785    235    718
1800    723    724
1801    481    723
1802    510    723
1803    500    723
1806    195    724
1807    725    726
1808    356    725
1809    538    725
1811    380    726
1813    660    726
1830    203    731
1839    735    736
1841    447    735
1842    291    735
1843    152    736
1844    635    736
1845    668    736
1846    737    738
1847    399    737
1850    696    738
1853    739    740
1855    701    739
1856    457    739
1859    169    740
1920    177    758
1922    760    761
1923    152    760
1924    649    760
1925    157    760
1927    380    761
1930    762    764
1932    214    762
1934    761    764
1935    215    762
1937    405    764
1980     98    777
1988    180    780
1989    718    780
1998    783    784
2001    645    783
2002    758    784
2004    185    784
2023    791    792
2024    510    791
2027    724    792
2028    698    792
2037    795    796
2038    726    795
2039    513    795
2040    447    795
2041    761    796
2043    735    796
2044    797    798
2045    169    797
2046    481    797
2048    315    798
2049    724    798
2050    347    798
2051    799    800
2054    447    799
2055    571    800
2056    777    800
2057    413    800
2077    605    806
2106    816    817
2108    762    816
2109    731    816
2110    667    817
2111    764    817
2117    581    819
2118    519    819
2119    336    819
2126    625    821
2130    519    822
2133     72    822
2142    358    826
2173    826    837
2176    300    837
2177    838    839
2178    439    838
2180    235    838
2181    440    839
2182    826    839
2183    254    839
2192    842    844
2196     76    844
2199    292    844
2208    660    847
2210    214    847
2232    822    854
2233    291    854
2270    277    866
2278    869    870
2281    406    870
2283    777    869
2284    365    870
2286    513    871
2287    799    871
2296    581    874
2297    822    874
2298     69    874
2307    799    877
2308    869    877
2318    838    881
2322    882    883
2324    758    882
2325    260    882
2326    473    883
2328    264    883
2329    884    885
2331    881    884
2332    235    884
2333    277    885
2335    780    885
2352    254    890
2377    899    900
2378    663    899
2380    629    899
2381    673    900
2391    903    904
2392     98    903
2394    900    903
2395    777    904
2396    837    904
2397    365    904
2399    140    905
2401    156    905
2405    907    908
2407    866    907
2408    203    907
2409    220    908
2411    816    908
2412    909    910
2413    791    909
2414    783    909
2416    199    910
2417    784    910
2419    911    912
2420    432    911
2424    881    912
2425    230    912
2426    913    914
2427    432    913
2429    740    913
2430    343    914
2431    905    914
2432    797    914
2433    915    916
2434    611    915
2435    890    915
2437    544    916
2439    738    916
2440    917    918
2442    519    917
2443    489    917
2444    264    918
2445    669    918
2446    488    918
2451     18    920
2454      2    920
2456    922    923
2458    911    922
2459    903    922
2461    881    923
2462    837    923
2470    926    927
2472    877    926
2473    291    926
2474    288    927
2475    869    927
2476    290    927
2478    780    928
2479    920    928
2480    524    928
2495    758    933
2513    502    938
2521    941    942
2523    842    941
2524    806    941
2525    926    942
2526    844    942
2527    854    942
2538    946    948
2540    174    946
2542    890    948
2543    436    946
2545    692    948
2549    261    949
2556    890    952
2557    440    952
2558    376    952
2562    954    955
2564    949    954
2565    917    954
2566    284    955
2568    819    955
2571    957    958
2573     14    957
2574     76    958
2576     16    957
2577    292    958
2578    959    960
2579    806    959
2580     47    959
2583     61    960
2584    862    960
2602    740    966
2603    946    966
2604    933    966
2615    970    971
2617    933    970
2618    883    970
2619    429    971
2621    332    971
2625     36    972
2628     11    972
2638    977    978
2641    573    977
2642    842    978
2644    119    978
2649    739    980
2652    933    980
2654    982    983
2655     18    982
2656    957    982
2657    645    982
2658    457    983
2659    958    983
2662    783    984
2663    980    984
2664    983    984
2679    364    989
2680    972    989
2690    284    992
2696    571    995
2702    997    998
2704    605    997
2705    658    998
2707    871    997
2708    364    998
2711   1000   1001
2714    992   1001
2716    847   1000
2717    662   1001
2718   1002   1003
2719    877   1002
2720    997   1002
2721    941   1002
2722    870   1003
2723    998   1003
2724    119   1003
2740    905   1007
2743   1010   1011
2744    489   1010
2746    972   1010
2747    954   1011
2748    992   1011
2756    376   1012
2759   1015   1016
2760   1011   1015
2762    662   1015
2763    989   1016
2764    995   1016
2765    871   1016
2770    629   1018
2771    970   1018
2772    611   1018
2773   1019   1020
2774    649   1019
2775   1007   1019
2776    157   1019
2777    587   1020
2779    673   1020
2780   1021   1022
2781    911   1021
2782   1020   1021
2783    900   1021
2784    913   1022
2785   1007   1022
2788    980   1023
2790    971   1023
2794   1025   1026
2795    731   1025
2796   1000   1025
2798    678   1026
2799   1001   1026
2800    625   1026
2805    737   1028
2808    336   1028
2811   1030   1032
2813    899   1030
2815    737   1032
2816   1022   1030
2828   1036   1037
2829    955   1036
2830   1028   1036
2832    949   1037
2834   1012   1037
2835   1038   1039
2836    966   1038
2837   1030   1038
2838   1018   1038
2839    948   1039
2840   1032   1039
2841    915   1039
2843    847   1040
2845   1012   1040
2853    645   1043
2856     14   1043
2863    198   1047
2866    711   1047
2867   1048   1049
2868   1010   1048
2869   1043   1048
2870      8   1048
2871    992   1049
2873    625   1049
2874   1050   1051
2875   1015   1050
2877    949   1050
2878    995   1051
2879   1047   1051
2880    260   1051
2898   1057   1059
2900     76   1057
2902    984   1059
2905   1023   1059
2906   1060   1061
2907    660   1060
2908   1050   1060
2909   1012   1060
2910    725   1061
2911   1047   1061
2912    236   1061
2942    960   1071
2950    346   1073
2953    908   1073
3006    681   1091
3007    920   1091
3020   1096   1097
3021      0   1096
3022   1091   1096
3023    658   1096
3024    573   1097
3026    119   1097
3028    862   1098
3029   1057   1098
3030    529   1098
3034   1100   1101
3035    139   1100
3036   1071   1100
3037    529   1100
3038    667   1101
3040    874   1101
3050   1105   1106
3051    866   1105
3052   1073   1105
3053    640   1105
3054    977   1106
3056    701   1106
3067    862   1109
3070   1057   1109
3077    678   1113
3080    806   1113
3083   1071   1115
3084   1113   1115
3085    731   1115
3098   1120   1121
3099    842   1120
3100   1109   1120
3101    959   1120
3102    977   1121
3104     52   1121
3105   1122   1123
3106    854   1122
3107    796   1122
3108   1113   1122
3109   1101   1123
3110    817   1123
3111   1115   1123
3112   1124   1125
3115    410   1124
3116    978   1125
3118    408   1124
3119    292   1125
3121   1127   1128
3122    457   1127
3123   1125   1127
3124   1106   1127
3125    557   1128
3126   1124   1128
3127   1073   1128
3133    203   1131
3139   1133   1134
3141    147   1133
3142     61   1134
3144    243   1133
3145    938   1134
3146   1135   1136
3147    912   1135
3149    640   1135
3150    884   1136
3151   1131   1136
3152    866   1136
3153   1137   1138
3154   1135   1137
3155   1133   1137
3156    143   1137
3157   1131   1138
3158   1134   1138
3159   1071   1138
3162   1140   1141
3164    140   1140
3165    149   1141
3167    134   1140
3168    568   1141
3169   1142   1143
3173    907   1143
3176    220   1143
3178   1145   1146
3179   1098   1145
3180   1140   1145
3181    698   1145
3182   1059   1146
3183   1141   1146
3184    791   1146
3185   1147   1148
3186   1097   1147
3187   1143   1147
3188    277   1147
3189   1091   1148
3190   1142   1148
3191    928   1148
3226   1160   1161
3228     61   1160
3229    147   1161
3231    460   1160
3232    538   1161
3233   1162   1163
3235   1160   1162
3236    862   1162
3237    648   1163
3238   1161   1163
3239    134   1163
3241   1164   1166
3243   1007   1164
3245    156   1166
3246   1032   1164
3248    692   1166
3249   1167   1168
3250   1028   1167
3251   1164   1167
3252    163   1167
3253   1037   1168
3254   1166   1168
3255    553   1168
3256   1169   1170
3259     58   1169
3260    460   1170
3262    180   1169
3263    300   1170
3265   1172   1173
3266    923   1172
3267   1170   1172
3269    885   1173
3270   1169   1173
3271     52   1173
3273   1174   1176
3275    916   1174
3277    681   1176
3280   1142   1176
3282   1040   1177
3283   1174   1177
3284    952   1177
3370   1205   1206
3372    177   1205
3373    254   1206
3375    300   1205
3376    826   1206
3393   1212   1213
3394    882   1212
3395    995   1212
3396   1205   1212
3397    473   1213
3398    989   1213
3399   1206   1213
3435   1025   1224
3438    203   1224
3446    311   1229
3449    310   1229
3475   1238   1239
3476   1142   1238
3478   1224   1238
3479    524   1239
3480   1229   1239
3777   1332   1333
3780    938   1332
3781    500   1333
3783   1131   1332
3784    240   1333
3786   1335   1336
3787   1239   1335
3788   1333   1335
3789    195   1335
3790   1224   1336
3791   1332   1336
3792    821   1336
3794   1337   1339
3796    909   1337
3798    821   1339
3799   1043   1337
3801   1049   1339
3818   1345   1346
3819   1337   1345
3820     69   1345
3821    792   1345
3822   1339   1346
3823    339   1346
3824    195   1346
3842   1352   1354
3844    460   1352
3846    198   1354
3847     58   1352
3849    910   1354
3850   1355   1356
3851     47   1355
3852   1352   1355
3853     61   1355
3854    821   1356
3855   1354   1356
3856    938   1356
3921   1377   1378
3924   1162   1377
3925   1172   1378
3927   1109   1377
3928   1121   1378
3946   1385   1386
3947    922   1385
3948   1378   1385
3949    701   1385
3950    647   1386
3951   1377   1386
3952   1023   1386
3978   1395   1396
3980    587   1395
3981    214   1395
3983    422   1396
3984    215   1396
3994   1400   1401
3995   1395   1400
3996    440   1400
3997   1177   1400
3998   1396   1401
3999    358   1401
4000   1176   1401
4114   1437   1439
4116   1238   1437
4118   1229   1439
4119   1174   1437
4121    738   1439
4122   1440   1441
4123   1040   1440
4124   1437   1440
4125   1000   1440
4126   1036   1441
4127   1439   1441
4128    284   1441
polygons 447
0   1540   2451   2454   2655   2657
3     16     17   1540   2853   2869   2870
4     16   2454   3007   3021   3022
5   2573   2656   2657   2853   2856
7     32     33     34   2576   2655   2656
10   1584   1586   2628   2746   2868   2870
11     17   1584   3021   3023
13   1586   1660   3006   3022   3023
15   1214   1218   1658   1660   2625   2628
16   1049   2744   2856   2868   2869
17   1042   1048   1049   2573   2576
18     32   1045   1048   1218   1221
19     34   1220   1658   2451   3006   3007
21   1042   1045   2625   2744   2746
22     33   1214   1220   1221
23   3228   3231   3844   3852   3853
27   3231   3235   3260   3267   3921   3924   3925
28     84     85   3259   3270   3271
29   3256   3259   3260   3844   3847
30   3104   3265   3271   3925   3928
31   2578   2584   3067   3100   3101
32     85     93   2580   3098   3101   3104
33     93     84   3847   3851   3852
34   2578   2580   2583   3851   3853
36   2583   2584   3228   3235   3236
37   2574   2659   2664   2898   2900   2902
38    101    102   2571   2573   2574
39   2001   2414   2853   3796   3799
40   2023   2413   3796   3819   3821
42    102    111   2856   3799   3819   3820
43   2413   2414   2662   2902   3182   3184
44   1172   1718   2028   3820   3821
45    111    101   1172   2900   3029   3030
47   1486   1492   2615   2619   2770   2771
48   2380   2770   2813   2837   2838
49   1491   1492   1547   1549
51   2394   2458   2459   2781   2783
54   1547   2392   2459   3946   3947   3950
56   1729   2420   2458   3947   3949
57   1549   2619   2790   3950   3952
58   1853   2602   2604   2649   2652
60   2420   2427   2780   2781   2784
61   1729   1853   1855   2427   2429
62   2429   2602   2784   2816   2836   2837
63   1486   1491   2377   2380   2392   2394
67    177   1410   2077   2579   2580
68   1307   2641   3102   3104
69     85    181   1307   3020   3021   3024
70   2638   2641   2644   3024   3026
71    177    189     17    181     93
73    189   1410   1584   2702   2704   2705
75   2638   2642   3098   3099   3102
76   2523   2524   2579   3099   3101
77   2523   2642   2644   2718   2721   2724
78   2705   2723   2724   3020   3023   3026
81   2077   2524   2704   2720   2721
82   2583   2942   3142   3158   3159
83   1716   1718   3035   3037
84    218   3035   3036   3153   3156   3159
85   3139   3141   3142   3226   3228   3229
86   2584   2942   3028   3030   3036   3037
87    224    225   3229   3238   3239
88    229    224   3164   3167
89   3028   3167   3179   3180   3233   3236   3239
90    218    231   1716   3164   3180   3181
91    229    231    225   3141   3155   3156
92    232   1242   3245   3254   3255
93    232   2399   2401   3162   3164   3165
94   1242   1290   3165   3168
95    246    247   1923   1925
96    224   1293   1294   1554   1923   1924
97   1924   1925   2774   2776
100   1289   1294   3162   3167   3168
101    246   1289   1290   1293   3249   3252   3255
102   2401   2740   3241   3243   3245
103    247   2775   2776   3243   3251   3252
104    229   1554   2399   2740   2774   2775
107   1856   2649   2658   2663   2664
108    272    273    947   1853   1856   1859
109    273    886   1153   1780   1781
110    886   1859   2543   2602   2603
111    284   1540   1998   2001   2004
112    292    293   1920   2002   2004
114    295    272   1153   2451   2479   2480
115    295    947   2654   2655   2658
119    303   1920   2495   2540   2603   2604
121   1779   1780   1989   2478   2480
122    292    303   1784   1988   1989
123   1779   1781   1784   2540   2543
124    284    293   1988   2454   2478   2479
125   1998   2002   2495   2652   2662   2663
126    313   1079   1086   1109   1802   1803
127   1800   1803   1806   3781   3788   3789
128   1086   2513   3846   3855   3856
129   1109   2024   2412   2413   2416
130   1806   2027   3818   3821   3824
131   2412   3794   3796   3798   3849   3854   3855
133   3786   3789   3792   3798   3822   3824
134    313   2416   3846   3849
135   1932   2108   2109   2210   2716   2795   2796
136   2210   2843   3282   3981   3995   3997
139   3273   3280   3476   4116   4119
141   1830   2109   2405   2408   2411
142   1830   2795   3435   3438
143   2408   3169   3173   3438   3476   3478
145    363   3169   3176   3280   3984   3998   4000
146   2405   2409   3173   3176
148   1932   1935   3978   3981   3984
149    363   1935   2108   2409   2411
150   2796   3435   3478   4116   4124   4125
151   2578   2579   2942   3080   3083   3084
152   1172   2298   3034   3037   3040
154   3028   3029   3067   3070
155   2192   2196   2900   3070   3099   3100
156    101   2133   2196   2232   2526   2527
159    111   2133   2297   2298
160    892   2178   2318   2424   2425
161    382   2425   3144   3147   3154   3155
162    389    390    382    892    895
163    391   1081   3781   3784
164    395    398    391    895   2178   2180
165    389    395   1079   1081   1083
166    390   1083   2513   3139   3144   3145
167   2331   2424   3146   3147   3150
169    398   2332   3150   3151   3777   3783   3784
171   2180   2318   2331   2332
173   1432   2352   2434   2435   3373   3397   3399
174   1920   2324   3372   3394   3396
176    419    303   3370   3372   3373
178    419   2352   2538   2540   2542
179   2435   2542   2839   2841
180   1432   2326   2618   2771   2772
181   2434   2772   2835   2838   2841
182   2325   2878   2880   3394   3395
183    433   2549   2874   2877   2880
184    438    433   2322   2325   2328
185    438   2440   2444   2549   2564   2565
186   2443   2565   2743   2744   2747
187   2564   2747   2760   2875   2877
188    998   2625   2680   3397   3398
191    998   1045   2326   2328   2444   2446
192   1528   1729   3050   3053   3056
193   2270   2329   2333   3150   3152
194   2456   3266   3925   3947   3948
195   1307   1308   2333   3269   3271
199   1308   2270   2641   3050   3051   3054
200   3054   3056   3102   3928   3948   3949
201   2714   2717   2748   2760   2762
202   2690   2711   2714   4122   4125   4128
203   2832   2834   2877   2908   2909
204   2208   2843   2845   2907   2909
205   2566   2829   4126   4128
207   2562   2566   2690   2747   2748
210   2196   2199   2574   2577
211    486    487   1048   1621   2445   2446
212    102   1049   2130   2133   2442   2443
213   1617   1618   2130   2232   2233
214   1615   1618   1621   2470   2473   2476
215    487    496   2474   2476
216   2233   2473   2525   2527
217    501    496    486   2571   2576   2577
219    501   2199   2470   2474   2525   2526
223   1301   2696   3375   3395   3396
224   1760   2696   2866   2878   2879
226   1301   1760   1762   3260   3263
227    292   3256   3262   3263   3372   3375
228   1762   2863   2866   3842   3844   3846
230    524   2002   2324   2325   2416   2417
231    313    524   2863   2879   2880
234    526   2004   2417   3842   3847   3849
235    293    526   3259   3262
240    537   1153   3449   3479   3480
241   1780   1782   3479   3784   3787   3788
243    544   3446   3480   3787   3789
244   1081   1692   1694   1801   1803
246    391   1693   1694   1781   1782
248    553    554   3446   3449
249    554    273    537   2044   2045   2048
250    544    553   1806   2048   2049
251    886   1692   1693   2045   2046
253   2039   2040   2054   2286   2287
254   1841   1842   2054   2307   2472   2473
255   1842   2043   2233   3106   3107
257   2472   2521   2525   2719   2721
258   1648   1649   2286   2704   2707
261   1293   1510   1843   1844
262   1289   1292   1507   1510   1513
263    438    584   1243   1290   1292
264    584   1513   1619   2444   2445
265    588   2808   3250   3252
266   1243   2549   2832   3253   3255
267   2119   2568   2808   2829   2830
268    588    246   1617   1843   1845   2118   2119
269   1507   1615   1619   1844   1845
270   2126   2873   3798   3801
271   2714   2799   2800   2871   2873
272    596   2690   2871   3801   3822   3823
273    544    597   3823   3824
274    596    597   3446   4118   4127   4128
275   1525   1528   2426   2427   2430
276    537    272   1706   1708
277   1859   2045   2426   2429   2432
279    612   1261   2950   3125   3127
280    947   1707   1708   3121   3122   3125
281   1855   1856   3056   3122   3124
284    623    612    624   2048   2050
285    625   2044   2050   2430   2432
286    623    625   1525   2950   3052   3053
287    624    554   1261   1706   1707
289   1355   2419   2425   2777   2781   2782
290    382    629   1355   1557   1558
291    632    629   3141   3144
294    636   1525   3149   3154   3156
295    231    636   2399   2430   2431
296    632    225   1553   1554   1557
297    641   2142   2173   2396   2397
298    642   2142   2679   3376   3398   3399
299    641    642   2284   2708   2722   2723
300   2679   2702   2707   2708   2763   2765
301   1301   2055   2056   2176   2395   2396
302   2051   2055   2287   2696   2764   2765
303   2173   2176   3370   3375   3376
304   2278   2283   2284   2395   2397
305   2270   2407   3173   3187   3188
306   2333   2335   2478   3185   3188   3191
307   3133   3438   3783   3790   3791
309   1785   1989   2329   2332   2335
310   2480   3190   3191   3475   3476   3479
311   2407   2408   3133   3151   3152
313    398   1779   1782   1785
314   1021   2046   2401   2431   2432
315    669   1716   2027   2028   2049   2050
316   1112   2024   3165   3183   3184
319    232   1021   1112   1801   1802
320    669    218    636    625
322   3142   3145   3850   3853   3856
323   1083   1086   2863   2911   2912
326   1761   1762   3226   3231   3232
327   1761   1809   2866   2910   2911
328    629    390   1808   2910   2912
329    632   1808   1809   3229   3232
331   1292   2621   2790   2905   3168   3182   3183
332   1512   1513   2619   2621
333   1294   1510   1552   3237   3239
334    690    389   2756   2906   2909   2912
335   1557   1559   1807   1808   1811
336   1807   1813   2906   2907   2910
338    890    892   1355   3980   3995   3996
339    700   1558   1559   3980   3981
341   2558   2756   2845   3282   3284
342    690    890    895   2557   2558
343    700   1811   1813   2208   2210
345   2557   3284   3996   3997
348   1846   2433   2439   2815   2840   2841
349   2545   2839   2840   3241   3246   3248
350   2805   2815   3246   3250   3251
351   1697   2756   2834   3248   3253   3254
352   2439   3275   4114   4119   4121
353   1697   2542   2545   2556   2558
354   1846   2805   2830   4121   4126   4127
355    433    524   1109   1112   1242   1243
358    584   2328   2615   2618   2621
360   1263   1710   1846   1847   1850
361   1220   1711   1850   2437   2439
362   1260   1263   1602   1605
363     33    736    737   1260   1710   1711
364    736   1221   1431   1487   2770   2772
365    737   1487   1602   2378   2380
369   1605   1847   2378   2811   2813   2815
372   1410   1476   1649   2798   2800
373   1830   3083   3085   3133   3157   3159
376    177   1476   2126   3850   3851   3854
378    189   1476   2867   2870   2873
380   1595   2286   2759   2762   2765
382    760   1586   2705   2708
384   1595   1648   2717   2798   2799
386    760   2628   2679   2680
387    597    553    624   1333   1336   1339
388    596   1336   2117   2566   2568
389    766   1333   1337   2117   2119
390    767   1256   1261   1263   1337   1339
391    766    767   1847   2805   2808
393   1705   1706   1850   3449   4118   4121
395   2785   2811   2816   3243   3246
397   2381   2779   2782   2783
398    774   1631   1635   2773   2776   2779
399    775    767   1605   1635   1636
400    774    247    588    766    775
401    776   2644   3112   3115   3116
402    782    776   2281   2722   2724
403   2192   2199   2642   3116   3119
404    785    501   3112   3118   3119
405    782    786   3115   3118
406    786    785   2278   2281   2474   2475
407   2308   2470   2472   2475
408   1194   1760   1761   2055   2057
409   1194   1550   3232   3237   3238
411   1546   1547   1550   1980   2056   2057
412   2176   2462   3263   3266   3267
414   1980   2391   2392   2395
417   1612   2106   2110   2411   2950   2953
418    623    669   1612   3034   3035   3038
420   1591   1595   1813   2038   2039
422    921   2051   2054   2057
423    921   1194   1807   1809   2038   2040
424   1934   2041   2111   3105   3107   3110
425    774   1922   1925   1934   1937
426   1839   1843   1922   1923   2041   2043
427   1333   1614   2296   3038   3040
428   2117   2118   2130   2296   2297
429   1618   1839   1842   1845
430    775   1337   1614   1937   2110   2111
432   2638   3054   3116   3123   3124
434   2577   2658   2659   3119   3122   3123
436   1553   1559   1922   1924   1927
437   1811   1927   2037   2038   2041
439    921   1550   1552   1839   1841   1844
440   1490   1492   1512   1619   1621
441   1490   1491   1980   2283   2475   2476
444   1336   2296   2298   3818   3820   3823
445   1988   2335   3262   3269   3270
446   1308   3024   3186   3188
447    284    526     84    181     16
449    776    825   3026   3176   3186   3187
450    825   2409   2953   3115   3126   3127
454   2173   2177   2182   2318   2461   2462
456   1634   2777   2779   3978   3980   3983
458    835   1634   2381   2391   2394   2397
460   2142   2181   2182   3994   3996   3999
461    641    835   3983   3998   3999
462    839   1635   1637   1930   1935   1937
463    700   1927   1930   1932   1934
466    839    843   3983   3984
467    843   1631   1634   1637
468    844    487   1486   1487   1490
469     32    486    844    736
470    998   1218   1431   1432
473   2181   2183   2352   2556   2557
474    419   1784   1785   2177   2180   2183
475    395    690   1691   1694   1697
477   1021   1691   1692   3245   3248
478   2182   2183   3373   3376
479    786    849    850   1602   1636   1637
480    850    737    844    496    785
481    835    843    849   2281   2284
482    760    642   1660   3277   3999   4000
483   3006   3189   3190   3277   3280
484    363    839    849    782    825
485    850   1256   1260   3118   3125   3126
486     34    295   1705   1708   1711
488   1658   2437   3273   3275   3277
489    612   1339   1612   1614
491   1507   1512   1546   1549   1552
492   1528   2419   2420   3147   3149
493   1691   1693   2538   2543   2545
494    890   2177   2178   2181
495   2118   2442   2562   2565   2568
496   1591   2762   2875   2907   2908
497   1841   2037   2040   2043
501   1546   3233   3237   3924   3950   3951
503   2322   2326   3393   3394   3397
506   1800   1801   2044   2046   2049
508   1042   2440   2443   2446
510   2794   2795   2798   3077   3084   3085
511   2110   3038   3109   3110
512   1079   2513   3777   3780   3781
515   1800   1802   2023   2024   2027
516   1648   2037   2039   3077   3107   3108
518   1615   1617   2440   2442   2445
521   1718   3030   3179   3181
523   2001   2654   2657   2662   2664
524   1214   1431   2433   2434   2437
525   2287   2307   2707   2719   2720
527   1256   1705   1707   1710
531   1553   1558   2773   2774   2777
533   1855   2649   2788   3946   3949   3952
536   1649   2077   3077   3080
539   2126   2794   2800   3435   3790   3792
541   3051   3053   3146   3149   3152
542   2023   2028   3178   3181   3184
544   1591   2208   2711   2716   2717
545   1631   1636   2377   2378   2381
547   2051   2056   2283   2307   2308
548   2716   2843   4123   4125
552   2106   2109   3085   3110   3111
553   3780   3791   3792   3854   3856
554   2329   2331   2461   3265   3266   3269
555   2322   2324   2495   2617   2618
556   1930   2106   2108   2111
558   1998   2412   2414   2417
559   3067   3236   3924   3927
562   2521   2524   2527   3080   3106   3108
564   2232   2297   3040   3105   3106   3109
565   2405   2407   2953   3051   3052
566   3145   3157   3158   3780   3783
567   2391   2396   2456   2459   2462
568   2192   2521   2523   2526
571   2426   2431   2740   2784   2785
572   2278   2308   2718   2719   2722
573   2419   2424   2456   2458   2461
574   2377   2780   2783   2813   2816
575   2433   2435   2556   3275   3283   3284
576   2604   2617   2771   2836   2838
577   2479   3007   3189   3191
578   2615   2617   2652   2788   2790
580   2538   2603   2835   2836   2839
581   2562   2564   2828   2829   2832
582   2571   2654   2656   2659
583   2763   2764   3393   3395   3398
584   2680   2743   2746   2759   2760   2763
585   2663   2788   2902   2905
586   2743   2748   2867   2868   2871
587   2759   2764   2874   2875   2878
588   2702   2718   2720   2723
589   2711   2794   2796   2799
590   2898   2905   3070   3927   3951   3952
591   2773   2775   2780   2782   2785
592   2828   2834   2845   4122   4123   4126
593   2828   2830   3249   3250   3253
594   2811   2835   2837   2840
595   3282   3283   4119   4123   4124
596   2867   2869   3794   3799   3801
597   2874   2879   2906   2908   2911
599   2898   3029   3178   3179   3182
600   3020   3022   3185   3186   3189
602   3034   3036   3083   3109   3111
603   3050   3052   3121   3124   3127
609   3098   3100   3921   3927   3928
610   3084   3105   3108   3111
612   3112   3121   3123   3126
613   3146   3151   3153   3154   3157
614   3139   3153   3155   3158
615   3162   3178   3180   3183
616   3169   3185   3187   3190
619   3226   3233   3235   3238
620   3241   3249   3251   3254
621   3256   3265   3267   3270
622   3273   3283   3994   3997   4000
628   3370   3393   3396   3399
630   3475   3478   3786   3787   3790
631   3475   3480   4114   4116   4118
652   3777   3786   3788   3791
653   3794   3818   3819   3822
656   3842   3850   3852   3855
661   3921   3946   3948   3951
663   3978   3994   3995   3998
671   4114   4122   4124   4127
cells 64
0      0      3      4      5      7     10     11     13     15     16     17     18     19     21     22
1     23     27     28     29     30     31     32     33     34     36    559    609    621
2     37      5     38     39     40     42     43     44     45    521    523    542    582    599
3     47     48     49     51     54     56     57     58     60     61     62     63    533    574    576    578
4     32     67     68     69     70     11     71     73     75     76     77     78     81    588
5     82     83     84     85     86     36     87     88     89     90     91    521    614    619
6     92     93     94     95     96     97     88    100    101    102    103    104    620
7    107    108     58    109    110    111    112    114    115    119    121    122    123    124      0    125    523
8    126    127    128    129    130    131     40    133    134    512    515    553    652    653
9    135    136    139    141    142    143    145    146    148    149    150    548    595    622    663
10    151    152     86     45    154     76    155    156     31    159    562    564    568    602    610
11    160    161    162    163    164    165    166    167    169    171    512    566    613    614
12    173    174    176    178    179    119    180    181    503    555    576    580    628
13    182    183    184    185     21    186    187    188    191    503    508    583    584    587
14    167    192    193    194     56    195     30    199    200     68    492    541    554    573
15    201    202    203    204    205    187    207    496    544    548    581    592
16     17    210     38    211    212    213    214    215    156    216    217    219    508    518
17    182    223    174    224    226    227     29    228    230    231    112    134    234    235
18    240    241    163    243    127    244    246    109    248    249    250    251    506
19    253    254    255    216    257    258     81    497    516    525    536    562
20    261    262    263    264    185    265    266    267    268    269    101    495    518    581    593
21    270    271    243    272    202    133    273    150    274    539    589    630    631    671
22    275     61    276    249    108    277    279    280    281    284    285    286    192    287    603
23    289    104    290    291    275    294     91    295    296    161     60    492    531    571    591
24    297    298    299    223    300    301    302    303    304    525    547    572    583    588    628
25    121    241    305    169    193    306    307    143    309    310    311    313    616    630    652
26    314    285    315    316     93    319    320    295     90    506    515    542    615
27     85    322     23    228    128    323    326    327    328    329    166    291    656
28    331    154     57    332    333    100     89    262    491    501    559    590    599    615
29    162    334    328    290    335    336    338    339    341    342    343    204    136    345
30    348    349    350    351    179    352    353    341    354    575    592    593    595    620    671
31    129    355    125    331    230    184     43    316     94    358    263    555    558    578    585
32    360    361    362    363    364    365    348     48     22    369    181    524    594
33    322     82    142    372    307    373    376     34     67    151    510    536    539    553    566
34    372     73    378    380    271     10    258    382    384    201    386    300    584    586
35    387    388    389    390    391    360    267    393    274    205    354    287    248    527
36    395    103    391    369    265    350    397    398    399    400    545    574    591
37     77    401    402    403    404    405    406    257    219    407    568    572
38    408    326    409    411    412    226    414    194     27     54    301    501    567    619    661
39    311    417    286    373    418    141    294     84    320    511    541    552    565    602    613
40    224    336    380    253    302    408    420    422    423    327    496    587    597
41    424    425    426     95    427    428    213    255    429    430    389    400    268    511    564
42    155     37    432    210     75    403    107    200    281    434    533    585    590    609    661
43    436    437    335    439    261    426    423    333    409    296     87     96    329    497
44    429    439    269    440    422    254    411    441    214     49    407    491    547
45    428    212    388    272    444    159     42    207     16    186    495    586    596    653
46    445    195     28     69    446      4    235    124    447    306    577    600
47    401    432    199    305    446     70    449    450    146    565    603    612
48    454     51    297    289    160    456    397    458    338    460    461    494    567    573    663
49    456    398    462    148    463    339    425     97    436    466    467    531
50    468    440    211    191    358    364     47     18    469    264    470    332    180
51    353    178    473    474    246    475    123    164    342    313    493    494
52    351    334    266    355    475    231    323    126     92    244    203    183    319    477    165    597
53    445    227    122    474    309    412    171    454    478    303    176    554    621
54    270      3    378    447     71    376     33    111     39    131    234    558    596    656
55    424    384    135    437    420    343    463    510    516    544    552    556    589    610
56    441    406    479    480    468    215    365    414    304    458     63    481    467    545
57    482    483    466    299    382    449     13    402     78    461    145    484    481    600    616
58      7    280    434    363    480    485    404    469    217    486    115    527    582    612
59    477    314    102    277     62    251    349    395    110    493    571    580    594
60    139    483    393    488    352    361    276    240    114    486     19    310    577    631
61     15    482    478    473    460    488    345    470    173    298    188    386    524    575    622
62    387    489    427    130     44    418    315     83    444    273    284    152    250
63    149    484    450    390    489    279    362    485    417    479    405    462    430    399    556
