vertices 383
     0 1.07405675590386 3.75629731871085 1.19902754601431
     2 1.46118265550709 3.93179731611766 1.73865955916536
     8 0.96438425213305 3.64738344482739 1.20067151800923
    11 0.32539269684290 0.03759421440859 1.19640898999676
    14 0.93321383384988 3.45267992552257 2.29366901003944
    16 0.37076685227656 0.02783235037409 2.45831481812629
    18 1.21308897046999 0.38029847424675 2.06446922553872
    36 3.97293513368861 3.98225314807429 1.84251930496563
    37 0.56575368249154 0.49936758795373 2.16346121869103
    41 0.31342192409673 0.16750751245332 2.40744729805622
    47 1.51406740187850 3.19465249117668 0.70182740668907
    52 1.73597208504167 0.08670343760920 0.34591988737327
    58 1.93270108016421 3.61413903517827 1.01384280565996
    59 1.60724745794605 3.60675598552752 0.83328663908774
    61 1.95628368540395 2.71379116925326 0.23360829748706
    69 1.12079140404835 2.78164043981497 2.81864963442000
    72 1.01981141363546 2.98655882733429 2.81508527051465
    76 1.24458433228226 3.50968900518801 3.05554848063549
    98 3.17213185160663 0.06829526487980 3.48202523711125
   115 1.12026215333606 3.11693053602230 0.86766487527955
   119 0.86305858696376 0.31976464751878 0.23126829458307
   134 2.70038263765895 2.56514250795659 3.36823262911552
   136 2.73907056530516 2.21469655861881 3.53297606025128
   139 1.72927572490107 2.02553831281922 3.22340915147274
   140 2.48695878469444 2.05892655773082 3.24555631903897
   143 2.08646840036877 1.81303183756913 3.35627929226314
   147 2.61700411994107 2.22693721141475 0.04279180324915
   149 2.73631408290477 2.43481231227545 2.39845977375229
   152 3.50263000384769 2.55685868886374 3.15826564447557
   156 2.72680307497627 1.97231875628669 2.37266402077549
   157 3.56915648175056 2.00571675749662 3.23862490397077
   163 3.65653445718156 2.14560631999938 2.89282637817803
   169 1.99475553248289 1.01171552806068 2.34660788414872
   171 1.39014516678750 0.80331066177242 2.31912206227969
   174 2.38166102383537 0.55554856340348 1.64383211055283
   177 2.33788913738861 0.12067848907255 1.58580268122695
   180 2.14068913756672 0.09469174737642 1.46257354713740
   185 1.93176751057191 3.84180300172277 1.57064899129649
   191 1.48536922060970 0.93503567149361 2.22999989385995
   195 1.33048770240359 2.11369744289139 2.13420740819950
   198 2.51034919644283 2.74739355585723 1.42057468644984
   199 2.52965737818924 2.87616680316024 1.75456203573440
   214 3.89120386213834 1.79197231208606 0.52352144964848
   215 0.29228625923460 1.19057977039029 0.12705974437382
   220 0.59938995455140 1.12299033630695 0.16787577044310
   230 2.82412762029886 1.52577045088307 0.33027780203708
   231 2.34899772182990 1.81675940435525 1.38524432015891
   235 2.22596062908649 1.10694171693189 0.97110840174797
   236 2.63776459753974 2.07131611040194 1.08215111589899
   240 2.08428347588612 1.51159793697930 1.27479127596947
   241 2.66887878092922 1.86365416797808 1.18040992622751
   243 2.68083330032503 2.01504233171929 0.30753483265321
   254 3.07927084457230 0.59719463411973 1.33647214120508
   260 2.89931076657821 2.97351988806555 1.77737582118016
   261 3.13046342429644 2.82826417757853 2.03094008301114
   264 3.24360905858748 3.19447068787414 2.25977583362409
   277 1.65132943961838 0.74942127659108 0.51829330393845
   284 0.53779117668979 2.18969576370405 1.97471877795461
   288 0.31147783701688 0.12821235584511 3.03738802880230
   290 3.98380449482340 3.90408325050727 3.07306881615648
   291 0.15080537561386 3.02168818100206 3.33556212783571
   292 1.05417584263112 3.91515762892044 3.06009191709276
   295 0.20223605148731 0.12418318836658 2.87349876594857
   300 2.91848185522923 3.83909913744161 0.77409791137710
   310 1.15616691370649 1.26288173939050 2.32664338845092
   311 1.12152643021883 1.90892507471270 2.20689054391448
   315 1.22561163171246 1.57772853821959 2.51311964275105
   332 3.10432160215504 3.16043212910362 2.63309665172744
   336 0.03382992952861 2.02628983837921 2.70722951759096
   339 0.93120755217976 2.16197963071874 2.23457639699584
   343 2.06870806649099 1.55398860809466 3.14908345710290
   346 1.27357255739033 1.64769293885371 3.24300784272340
   347 1.67756438335886 1.77091131932217 3.11958648866565
   354 1.02428608839294 1.54587687560087 2.87171699464442
   356 2.80965475117499 2.13577012780864 0.21265668455317
   358 3.73456930151218 0.56441979069763 0.67358050818951
   364 0.17630059603927 0.01041796801809 1.04303444478854
   365 3.76506180961252 0.51557457040511 0.24124206274127
   376 3.14198262031924 1.77880259833230 1.50192291492098
   380 3.61985727366769 2.18526407872195 0.25594678206959
   394 0.31469740090022 0.84262907440376 3.02985157489860
   396 0.14892346487451 0.26054505054573 2.80408057858711
   399 0.27691558773599 1.21747682135656 2.84803695281040
   403 0.29880694015133 1.72143513344247 3.01727535750357
   405 0.10544987788004 1.71534928713801 3.36348396671237
   406 0.34377753163485 0.77409632213486 3.83083444750024
   408 0.45793173685699 0.69540992014971 3.29246843265696
   410 0.58773948249515 0.80250459078773 3.91033220123805
   413 3.25359357723429 3.23699108559984 0.07200870791473
   422 3.83381269845504 0.90361282328387 0.12705707900961
   425 0.16088338131413 1.00233890209509 3.91709074220099
   429 3.04577452130017 3.78445327279661 3.11080628202238
   432 2.27665658928552 0.89984641756881 3.28081803446486
   436 2.19265988572736 0.99383966092306 2.01475962106831
   439 2.82922903716647 1.36281236856810 0.72783878123958
   440 3.41411292402148 1.12676283781656 0.95765163235692
   447 3.60210424855433 3.07973026591175 0.05109960336411
   457 1.62642997071773 0.46773609995264 2.69944494259636
   460 2.54049751361217 3.35644382532962 0.59517269628656
   473 3.60245206964074 0.03345911077922 1.83199463763228
   481 2.42128953003150 1.80908442794199 2.08050171833037
   488 0.19082152498295 3.57791879332115 2.18951403176250
   489 0.33299562738349 3.41068739050435 2.13422988293782
   500 2.25924499718812 1.93992272564337 1.36957319494553
   502 2.36710741166697 2.14839777112377 1.20199169729737
   510 2.38975811242653 2.60452261469271 2.05659837862995
   513 0.13008808109728 2.85243442655611 0.64951030315904
   519 0.29829998261093 2.78156185717433 2.73575880913083
   524 1.58359488440337 0.89094706831253 1.70886367674716
   529 1.59739815398765 2.57272097464190 3.17865082353394
   538 2.91731993083266 3.06553216361304 0.30413374778152
   544 0.30621476159173 0.50920158726596 1.83345763285275
   545 0.01838831086852 0.19638417761580 1.97387064562474
   553 3.03946099404470 2.52327589820687 2.36481366787396
   557 0.92613630778787 1.22993137051163 2.82395676414099
   559 0.46849965986034 1.09285782660777 2.80163091167269
   568 3.02711341218023 2.76248459538775 2.68861812404581
   569 3.25646645493026 2.75816054759040 3.10067705228395
   571 3.05539477849140 3.56198288936648 0.73588957987832
   573 1.56622230559550 0.30134337362805 0.29955269554378
   581 0.64402562368252 2.25370598461745 2.67606371845103
   582 0.69721511653118 1.87775935792740 2.99239768445472
   587 3.06834011210594 1.53167959671379 0.19348640290318
   605 0.86827210778014 3.06629227844331 0.56529561035520
   611 3.63469335382507 0.27850118171528 1.97844190455680
   625 1.08478202302593 2.75684678781963 1.13937752447684
   629 3.40752234534566 0.40044877458110 2.87332230193187
   630 3.30579890172732 0.04936441317272 3.17487413412283
   635 3.29397458323789 2.86131688441909 3.14203400365646
   636 3.29767162520452 3.21003740975792 2.87607902569942
   640 2.03486297953192 1.20728798855162 3.50842990864138
   645 1.45796769796600 3.80228033487689 1.96083204323645
   647 2.93714698893936 3.80280143253918 3.35440499384012
   648 2.96390503339435 3.24805872885187 3.66004976278318
   649 3.09946354176325 2.03237101001547 3.55812430643937
   650 3.09481823491778 1.97079871333986 0.07221685050736
   658 0.66535163927362 3.93305406551285 1.04727089270954
   660 3.76671747393152 2.34216445996530 0.83590181816687
   662 0.07425986770169 2.68694634795292 0.91411811236989
   663 0.15222753097789 0.98290624510472 3.05071881236355
   667 0.88642084834840 2.00793806637535 3.35821909099249
   668 3.98706934599863 2.95476194662678 3.04548601013845
   669 3.82083074060941 3.29523914032545 2.81399729795945
   673 3.38047450144598 1.03249051759080 3.65247790917603
   674 3.99475577866497 1.17015959201945 3.48043598029616
   678 0.70460520802098 2.78347882357760 0.57353588745638
   681 0.47901622378127 0.43728495346145 1.35895903480535
   691 2.49871580801593 1.67428783004331 1.91150432737874
   692 2.93303989964949 1.64426092497340 1.92421975924451
   695 1.05161219160909 1.13252232204503 2.41902485072456
   696 0.59598220297638 0.99546056297187 2.35416861763149
   698 1.74977612786388 2.46662381559784 3.05360366499490
   701 2.08972975403247 0.59954454355863 3.23924153610834
   711 2.80837558263235 3.27545167165938 0.65622616055921
   717 1.93629629117166 0.93412117948607 1.66297961844274
   718 2.09889604870564 0.72125571267250 1.49724306013485
   723 2.20006684249833 2.10475267790182 1.89499675607849
   724 1.63231371089391 2.12498334641548 2.27944740711200
   725 3.09369263318761 2.47770568949227 0.48152139626214
   726 3.59751986218870 2.38700132871225 0.40175263517120
   735 3.84044021982818 2.81429408544572 3.59039798337164
   736 3.60006089276889 2.73666028270353 3.21505489309929
   737 3.96246224564777 1.38300275154639 2.40400793829957
   738 0.25760977578163 1.21896489507432 2.02474225132260
   739 2.04688633601444 0.49520821120869 2.77733860959027
   740 2.20917996218782 0.70670486826415 2.64495817849921
   758 2.33547958675437 3.86529851874773 1.89408567511790
   760 3.48907140690801 2.21343621234421 3.39238187208203
   761 3.87541293607231 2.29050772308930 3.82574333343336
   762 0.36999762052129 1.61831789723670 0.11060946427444
   764 0.30627287867241 1.89804870032376 3.73047306698121
   777 3.45412153202374 0.00540892169145 3.92464120142199
   780 1.96578123600613 0.61949559887602 1.43022493708028
   783 1.87326467510458 3.63252988271779 2.00705833769156
   784 2.03856428512197 3.66873177042129 1.81976255986510
   791 2.06514263574169 2.86000468552299 2.34073909540010
   792 1.66041535277537 2.51356228669489 2.50385020298671
   795 3.80108943564738 2.68141044172116 0.23528713343431
   796 3.96637348033354 2.52831510874435 3.84772273718307
   797 2.03290289948737 1.43808430660594 2.52640361466080
   798 1.63964689742337 1.69587365873307 2.60154982622647
   799 3.67870703662389 3.39881173638215 0.19769810185368
   800 3.40411977156512 3.49278818373498 0.19943788836746
   806 1.06732629155507 3.04850028456317 0.16178740438612
   816 0.71231482665410 1.68164093136642 0.15921872104406
   817 0.65693841511316 2.00854714890974 3.70454092303169
   819 0.31431898626680 2.30883048353461 2.57479493824964
   821 1.42455375490563 2.58346796785172 1.24735244304220
   822 0.74040542194239 2.78542971154739 2.94891597029813
   826 3.27210490318044 0.47249628165377 0.83915291854784
   837 3.06991630507245 0.27211508134636 0.47946584646728
   838 2.64520447928604 1.10968530070419 0.74581330030485
   839 3.15377495340091 0.76277715364427 0.98233548363302
   842 1.25904847732521 3.68115107482539 3.67054776457317
   844 1.10798115037412 3.63079419858624 3.25651900468100
   847 3.95843583348059 1.96491016796380 0.89405523704987
   854 0.56733668742612 2.92382891070014 3.35702387516052
   862 1.91619223676529 3.03887120815067 3.56101355599679
   866 1.74181471126693 1.20221824105952 0.31105833278107
   869 3.88247512149491 3.99102600659848 3.87322999558814
   870 0.03703826455229 0.29745683773197 0.09644902550254
   871 3.98232889658010 3.35174576027729 0.65355971163199
   874 0.83202478513555 2.63302665386564 2.93458607667654
   877 0.01451851775681 3.71835992266450 3.97444771106720
   881 2.48874519449040 1.02179043800735 0.48897235214201
   882 2.91793579559554 3.54662855357483 1.85422929139283
   883 3.07268477599159 3.59262791081734 2.06998272456233
   884 2.08595670006570 1.00672632768009 0.65559950872818
   885 1.91802608236070 0.70611075344229 0.69552489523729
   890 3.33722815669654 0.90623065832927 1.74313824863614
   899 3.38796025611120 0.68252883585186 2.95413794542050
   900 3.17098269029434 0.84135450312575 3.52176146038490
   903 3.06554388402325 0.45578000583984 3.70650422981865
   904 3.34985011045786 0.28311047921930 0.07835260074154
   905 2.59597004593612 1.72019903133653 2.93180025042727
   907 1.03099399902093 1.47099402459190 0.42408900819486
   908 0.87614497527708 1.51546961918229 0.15245732692280
   909 1.89572345291016 3.16378797340400 2.00975844684461
   910 2.12246545603320 3.18604139961218 1.74479901611209
   911 2.75001994646852 0.83705538077867 3.66831894763162
   912 2.54223610760879 1.22976150934579 0.18360439065786
   913 2.37099675337508 0.99723379952365 3.02627024285160
   914 2.23817472320138 1.43164709305471 2.93382919471461
   915 3.45930457947423 0.84803256006113 1.86914840821277
   916 0.09333510380556 0.98626077582781 1.77897463881429
   917 0.13247374449045 3.16962530338539 2.27259150481804
   918 3.97515493122127 3.30213713466734 2.34220796227595
   920 1.28805953103472 0.35574370270057 1.79374131926982
   922 2.78777257515727 0.51479466311518 3.77091619589237
   923 2.68661537209452 0.45420583477759 0.26615999725827
   926 0.26286783829044 3.49972428397470 3.47612271597190
   927 0.09656148161667 3.91169865329938 3.22244302919483
   928 1.54636723802425 0.74846502014161 1.61974970191971
   933 2.41271480800103 0.10951677678141 2.44284604133177
   938 1.95562716147066 2.23759613856885 0.85281577517844
   941 0.91963315344234 3.45991561082140 3.83581572587379
   942 0.72838649012596 3.38306165879832 3.49129878939000
   946 2.43602985827320 0.75311473778388 2.01656245579643
   948 3.13993308583523 1.02410942397269 1.97642671099263
   949 3.39377015077921 2.66045259318675 1.85489628239934
   952 3.50162829401373 1.25363778942995 1.26623383386773
   954 0.04182319691865 2.85837303441825 1.99257619537190
   955 0.24831887779792 2.27829855939844 2.20622845738983
   957 1.00677991714487 3.81541439837128 2.44045914134702
   958 1.19056434787560 3.81738418138257 2.83673795295945
   959 1.41941731608842 3.11085999348229 0.16386538308425
   960 1.66862398329658 2.81412985796535 3.99505970122090
   966 2.46388554540230 0.55574823547910 2.42619818320860
   970 2.78861551232089 3.93874057419749 2.53582450418840
   971 2.75596873155408 3.76930784083812 2.75003168376496
   972 0.13880066760426 3.85065361984037 1.42099752494201
   977 1.59213001410191 0.19788601093154 3.91105858796517
   978 1.30798649322202 0.12877434194820 3.78366170218930
   980 2.21587210883341 0.04942122133235 2.63780251940670
   982 1.33258734140590 0.01925666275480 2.24186306173473
   983 1.55081288825194 0.05235307617720 2.56429963558503
   984 1.98413215969004 3.86014203053184 2.54496496832798
   989 3.96820924917738 3.82787468396933 1.22811245792394
   992 0.59254464936400 2.64607769119290 1.53260998714052
   995 3.26024652873347 3.52021164401996 1.13033986807767
   997 0.37387457442206 3.65536243292818 0.56892426883376
   998 0.39481919017797 3.86058321716199 0.70656173520728
  1000 0.42613942340693 2.03447593781952 1.05469505392537
  1001 0.51076302000881 2.46926766726433 1.08417516874083
  1002 0.39174715643499 3.79411628407636 0.32853005762896
  1003 0.40498137521691 3.95707574100661 0.39155654910220
  1007 2.95033949662760 1.55107793610567 2.99734849006596
  1010 0.39304047916870 3.35255154194724 1.76827168884409
  1011 0.21911617382979 2.98532202321521 1.68393417393415
  1012 3.35467351347833 1.99773683751230 1.51068266502100
  1015 3.87963366505065 2.99047733732878 1.28621913216955
  1016 3.79914331104708 3.44033655738111 1.07388048321395
  1018 3.22050017511837 0.39425188623276 2.56916567961744
  1019 3.19538243026062 1.73079169714536 3.34568256895034
  1020 3.19461994099612 1.16940704671773 3.65078007129644
  1021 3.04959977340395 0.94829555773332 3.52016809051074
  1022 2.88057741478759 1.06683400363529 3.06511705019201
  1023 2.34193254485419 3.84227554601775 2.83687912401878
  1026 0.79929377220585 2.53512000247601 0.90029947940072
  1028 3.88400798469141 1.87804912946233 2.42641735919015
  1030 3.17726039775609 0.84020712023538 2.73097033725752
  1032 3.36981181438946 1.19174302246068 2.41054359924008
  1036 3.99510309164503 2.02217275981948 2.15286625253522
  1037 3.44722101643675 2.22124732001228 1.97425395900615
  1038 3.08972481262484 0.68151274085273 2.53490718745403
  1039 3.25786913928605 0.97019825036236 2.12034472304075
  1040 3.81958732766047 1.71096039639960 1.27694701384410
  1043 1.13397850872388 3.39884420439725 2.00713021989003
  1047 2.84956313932656 2.79017346623949 1.27370563822075
  1048 0.86780340135826 3.32168291028891 1.65165189350934
  1049 0.95939914887445 2.82288861655413 1.49746817451429
  1050 3.31966827061152 2.71276213816799 1.50737126580937
  1051 3.03887314904692 2.90366581961575 1.47015856824226
  1057 1.78021628814438 3.31650703549034 3.21082054668739
  1059 2.10691159450401 3.60212587666041 2.77904587351765
  1060 3.28085360113318 2.38057681784708 1.26667233057221
  1061 2.99575729407304 2.42481873846692 1.11347480509146
  1071 1.39605253336626 2.28659681303393 3.83083157642614
  1073 1.32145708541757 1.42889228740008 3.46542478646354
  1091 0.79862799761517 0.40164370710552 1.28537054443543
  1096 0.83024322816736 0.05384368659738 1.05722581011676
  1097 1.05986482911728 0.38141420836348 0.52844633531788
  1098 1.85645640446703 2.90757460925951 3.28955903999283
  1100 1.42508229309128 2.29251981038405 3.42719102854424
  1101 0.95608094337568 2.25251841769909 3.40012335526682
  1105 1.80244822696792 1.18092659946989 3.60304471383494
  1106 1.73936056142711 0.65401042101203 3.42454781370444
  1109 1.85121384393281 3.35913449859214 3.49459918318308
  1113 0.85602615606150 2.60963291825917 0.06662784102741
  1115 0.94969611506131 2.36688819507040 3.99362641979263
  1120 1.53255405364187 3.57178009577268 3.78327285660589
  1121 1.73486249162652 0.01277049882465 3.96238742922782
  1122 0.64095716232221 2.52879795240066 3.77073837386399
  1123 0.76992556063484 2.32456657931238 3.72820868356982
  1124 0.83758600791765 0.74012687327288 3.41217492950486
  1125 1.19611022857144 0.38710707221673 3.34395123233417
  1127 1.40294396910897 0.59829615532963 3.20834456240349
  1128 1.10848306240757 0.96474240920591 3.23379199346122
  1131 1.57523424068840 1.72751213222900 0.53062881087415
  1133 2.45656137172343 2.08598401937206 0.15498464680721
  1134 2.02226909234604 2.23594524764811 0.33654434084942
  1135 2.18274516974135 1.36415251051449 0.02785013934396
  1136 1.82904783129341 1.19498372500237 0.42361716081364
  1137 2.07814924137155 1.74984280897552 3.95815623176412
  1138 1.77373141883565 1.94465109618642 0.15983322923621
  1140 2.49983672291543 2.48844849730477 3.12773923899573
  1141 2.65943073350657 2.63027372284429 2.70907664647449
  1142 0.76724669920286 0.97125628455661 1.03073333688331
  1143 0.85323089013739 1.03370382620602 0.59355922142640
  1145 2.05300705212523 2.68806982909314 3.07657801369117
  1146 2.22138784079023 2.92566877952921 2.65908630529454
  1147 1.08242307784949 0.73638651589899 0.70024943778654
  1148 0.95458284458195 0.76274356935404 1.07426527027981
  1164 3.21598529839765 1.69209693986879 2.53259785795984
  1166 3.02457559408825 1.88723906979880 2.29973709654432
  1167 3.51385713034434 1.99432053082896 2.54105846914555
  1168 3.26298706204724 2.16999344824111 2.29026010349071
  1169 2.15641149604104 3.87702921182289 0.89258912505373
  1170 2.48222304830975 3.78281513397178 0.66461405342013
  1172 2.32221307760647 0.08439907887225 0.35353115507253
  1173 2.04706943110481 0.16176308231295 0.52902247990070
  1174 0.14541575858483 1.13760950763944 1.48666104540317
  1176 0.35563613933032 0.86252410947882 1.18125076324746
  1177 3.69666578822753 1.29531566719451 1.21056122515703
  1205 3.03592691264325 3.97885392359683 1.21204236555290
  1206 3.19830431848332 0.20331161594486 1.21122345720608
  1212 3.18344026552319 3.82584786624340 1.32548688546556
  1213 3.38943353227834 3.99027032942668 1.36060191235443
  1229 1.01485454321337 1.54214378371746 1.95419750854129
  1238 0.88646851592502 1.41314370934145 1.26182190553146
  1239 1.21436470682467 1.43450048510555 1.55208413209539
  1332 1.68242353378751 1.92023113839302 0.92506850725319
  1333 1.89715388987883 1.76627093269586 1.23408503509782
  1335 1.56070184050085 1.84880031563528 1.38552230727136
  1336 1.51803492475114 2.06022631155894 1.08801971378843
  1337 1.40225583773071 2.96630457958656 2.02831537413536
  1339 1.23614593098769 2.68570685596209 1.69816184097476
  1345 1.32104696372172 2.67177915091168 2.44536511482243
  1346 1.16642624954689 2.32293861628141 2.16899772953824
  1352 2.05507358128685 3.22395211801838 0.95209220118983
  1354 2.11170056893103 2.97318159631206 1.28850252190292
  1355 1.79749003924757 3.00487690157808 0.79160063697753
  1356 1.79337098107510 2.71673644020959 1.07359678829042
  1377 2.26245743238681 3.69107095786648 3.62594127679282
  1378 2.17960749038579 3.95966547854986 3.80326189525037
  1385 2.37040826390864 0.15443395802034 3.53746486693841
  1386 2.44392173123853 3.91099006881449 3.38769588400586
  1395 3.65616672224014 1.33800157453918 0.54817274328667
  1396 3.87855605837164 1.07282828438660 0.39969199400625
  1400 3.61929811865910 1.15945814097225 0.87234066356680
  1401 3.83541792743647 0.91504228098592 0.72420581060038
  1437 0.39781160069489 1.54821298571302 1.60033248560328
  1439 0.42465809962193 1.56524096907321 1.72975513828817
  1440 0.32541448200380 1.68246545695282 1.57108331669351
  1441 0.35374982510439 1.72678528207826 1.74422295803261
  1450 2.44731875752997 2.84498846340376 0.00028209763746
  1451 2.60476078119805 3.08652905916269 0.11120730262477
  1455 2.44843889882295 2.94669705279870 3.76588698027571
  1456 2.57625422648958 3.15864141142749 3.83722097550167
  1458 0.95730596898043 1.61385310802672 1.01679621621204
  1459 1.17804346687354 1.92829277327793 0.81745824228611
  1460 0.80612589602547 1.91914312486470 0.78811008549172
  1461 0.94418283660114 2.08458841096346 0.73763815811064
edges 766
16      2      0
17      0      8
32     16     41
33     41     37
34     37     18
84     58     59
85     59     52
93     59     47
101     76     72
102     72     14
111     72     69
177    115     47
181     59      0
189    115      8
218    143    139
224    134    136
225    136    147
229    140    136
231    143    140
232    149    156
246    152    163
247    163    157
272    171    191
273    191    169
284    185      2
292    177    180
293    180    185
295    171     18
303    174    177
313    199    198
363    220    215
382    230    243
389    241    236
390    236    243
391    231    240
395    231    241
398    235    240
419    254    174
433    260    261
438    264    261
486     16    295
487    295    290
496    295    288
501    292    288
524    260    199
526     58    185
537    310    191
544    195    311
553    311    315
554    315    310
584    264    332
588    163    336
596    339    284
597    311    339
612    354    346
623    347    346
624    354    315
625    343    347
629    243    356
632    147    356
636    343    143
641    365    358
642    358    364
669    139    347
690    376    241
700    214    380
736     41    396
737    396    394
760     11    364
766    403    336
767    399    403
774    157    405
775    405    403
776    119    410
782    406    410
785    408    288
786    406    408
825    410    220
835    365    422
839    425    215
843    425    422
844    396    295
849    406    425
850    394    408
886    169    436
890    439    440
892    230    439
895    241    439
921    413    447
947    171    457
998     36    473
1021    156    481
1042    488    489
1045     36    488
1048     16    488
1049     14    489
1079    500    502
1081    231    500
1083    236    502
1086    198    502
1109    199    510
1112    149    510
1153    191    524
1172     69    529
1194    413    538
1214    544    545
1218     36    545
1220     37    544
1221     41    545
1242    149    553
1243    261    553
1256    557    559
1260    394    559
1261    354    557
1263    399    559
1289    568    569
1290    553    568
1292    332    568
1293    152    569
1294    134    569
1301    300    571
1307     52    573
1308    277    573
1333    581    582
1336    339    581
1337    403    582
1339    354    582
1355    230    587
1410    115    605
1431    545    611
1432    473    611
1476    115    625
1486    629    630
1487    396    629
1490    290    630
1491     98    630
1492    429    630
1507    635    636
1510    569    635
1512    429    636
1513    332    636
1525    343    640
1528    432    640
1540      2    645
1546    647    648
1547     98    647
1549    429    647
1550    413    648
1552    635    648
1553    649    650
1554    136    649
1557    356    650
1558    587    650
1559    380    650
1584      8    658
1586     11    658
1591    660    662
1595    513    662
1602    394    663
1605    399    663
1612    346    667
1614    582    667
1615    668    669
1617    519    668
1618    291    668
1619    636    669
1621    290    669
1631    673    674
1634    422    673
1635    405    674
1636    663    674
1637    425    674
1648    513    678
1649    605    678
1658    544    681
1660     11    681
1691    691    692
1692    481    691
1693    436    691
1694    231    691
1697    376    692
1705    695    696
1706    310    695
1707    557    695
1708    171    695
1710    559    696
1711     37    696
1716    139    698
1718    529    698
1729    432    701
1760    571    711
1761    538    711
1762    460    711
1779    717    718
1780    524    717
1781    436    717
1782    240    717
1784    174    718
1785    235    718
1800    723    724
1801    481    723
1802    510    723
1803    500    723
1806    195    724
1807    725    726
1808    356    725
1809    538    725
1811    380    726
1813    660    726
1839    735    736
1841    447    735
1842    291    735
1843    152    736
1844    635    736
1845    668    736
1846    737    738
1847    399    737
1850    696    738
1853    739    740
1855    701    739
1856    457    739
1859    169    740
1920    177    758
1922    760    761
1923    152    760
1924    649    760
1925    157    760
1927    380    761
1930    762    764
1932    214    762
1934    761    764
1935    215    762
1937    405    764
1980     98    777
1988    180    780
1989    718    780
1998    783    784
2001    645    783
2002    758    784
2004    185    784
2023    791    792
2024    510    791
2027    724    792
2028    698    792
2037    795    796
2038    726    795
2039    513    795
2040    447    795
2041    761    796
2043    735    796
2044    797    798
2045    169    797
2046    481    797
2048    315    798
2049    724    798
2050    347    798
2051    799    800
2054    447    799
2055    571    800
2056    777    800
2057    413    800
2077    605    806
2106    816    817
2108    762    816
2110    667    817
2111    764    817
2117    581    819
2118    519    819
2119    336    819
2126    625    821
2130    519    822
2133     72    822
2142    358    826
2173    826    837
2176    300    837
2177    838    839
2178    439    838
2180    235    838
2181    440    839
2182    826    839
2183    254    839
2192    842    844
2196     76    844
2199    292    844
2208    660    847
2210    214    847
2232    822    854
2233    291    854
2270    277    866
2278    869    870
2281    406    870
2283    777    869
2284    365    870
2286    513    871
2287    799    871
2296    581    874
2297    822    874
2298     69    874
2307    799    877
2308    869    877
2318    838    881
2322    882    883
2324    758    882
2325    260    882
2326    473    883
2328    264    883
2329    884    885
2331    881    884
2332    235    884
2333    277    885
2335    780    885
2352    254    890
2377    899    900
2378    663    899
2380    629    899
2381    673    900
2391    903    904
2392     98    903
2394    900    903
2395    777    904
2396    837    904
2397    365    904
2399    140    905
2401    156    905
2405    907    908
2407    866    907
2409    220    908
2411    816    908
2412    909    910
2413    791    909
2414    783    909
2416    199    910
2417    784    910
2419    911    912
2420    432    911
2424    881    912
2425    230    912
2426    913    914
2427    432    913
2429    740    913
2430    343    914
2431    905    914
2432    797    914
2433    915    916
2434    611    915
2435    890    915
2437    544    916
2439    738    916
2440    917    918
2442    519    917
2443    489    917
2444    264    918
2445    669    918
2446    488    918
2451     18    920
2454      2    920
2456    922    923
2458    911    922
2459    903    922
2461    881    923
2462    837    923
2470    926    927
2472    877    926
2473    291    926
2474    288    927
2475    869    927
2476    290    927
2478    780    928
2479    920    928
2480    524    928
2495    758    933
2513    502    938
2521    941    942
2523    842    941
2524    806    941
2525    926    942
2526    844    942
2527    854    942
2538    946    948
2540    174    946
2542    890    948
2543    436    946
2545    692    948
2549    261    949
2556    890    952
2557    440    952
2558    376    952
2562    954    955
2564    949    954
2565    917    954
2566    284    955
2568    819    955
2571    957    958
2573     14    957
2574     76    958
2576     16    957
2577    292    958
2578    959    960
2579    806    959
2580     47    959
2583     61    960
2584    862    960
2602    740    966
2603    946    966
2604    933    966
2615    970    971
2617    933    970
2618    883    970
2619    429    971
2621    332    971
2625     36    972
2628     11    972
2638    977    978
2641    573    977
2642    842    978
2644    119    978
2649    739    980
2652    933    980
2654    982    983
2655     18    982
2656    957    982
2657    645    982
2658    457    983
2659    958    983
2662    783    984
2663    980    984
2664    983    984
2679    364    989
2680    972    989
2690    284    992
2696    571    995
2702    997    998
2704    605    997
2705    658    998
2707    871    997
2708    364    998
2711   1000   1001
2714    992   1001
2716    847   1000
2717    662   1001
2718   1002   1003
2719    877   1002
2720    997   1002
2721    941   1002
2722    870   1003
2723    998   1003
2724    119   1003
2740    905   1007
2743   1010   1011
2744    489   1010
2746    972   1010
2747    954   1011
2748    992   1011
2756    376   1012
2759   1015   1016
2760   1011   1015
2762    662   1015
2763    989   1016
2764    995   1016
2765    871   1016
2770    629   1018
2771    970   1018
2772    611   1018
2773   1019   1020
2774    649   1019
2775   1007   1019
2776    157   1019
2777    587   1020
2779    673   1020
2780   1021   1022
2781    911   1021
2782   1020   1021
2783    900   1021
2784    913   1022
2785   1007   1022
2788    980   1023
2790    971   1023
2798    678   1026
2799   1001   1026
2800    625   1026
2805    737   1028
2808    336   1028
2811   1030   1032
2813    899   1030
2815    737   1032
2816   1022   1030
2828   1036   1037
2829    955   1036
2830   1028   1036
2832    949   1037
2834   1012   1037
2835   1038   1039
2836    966   1038
2837   1030   1038
2838   1018   1038
2839    948   1039
2840   1032   1039
2841    915   1039
2843    847   1040
2845   1012   1040
2853    645   1043
2856     14   1043
2863    198   1047
2866    711   1047
2867   1048   1049
2868   1010   1048
2869   1043   1048
2870      8   1048
2871    992   1049
2873    625   1049
2874   1050   1051
2875   1015   1050
2877    949   1050
2878    995   1051
2879   1047   1051
2880    260   1051
2898   1057   1059
2900     76   1057
2902    984   1059
2905   1023   1059
2906   1060   1061
2907    660   1060
2908   1050   1060
2909   1012   1060
2910    725   1061
2911   1047   1061
2912    236   1061
2942    960   1071
2950    346   1073
2953    908   1073
3006    681   1091
3007    920   1091
3020   1096   1097
3021      0   1096
3022   1091   1096
3023    658   1096
3024    573   1097
3026    119   1097
3028    862   1098
3029   1057   1098
3030    529   1098
3034   1100   1101
3035    139   1100
3036   1071   1100
3037    529   1100
3038    667   1101
3040    874   1101
3050   1105   1106
3051    866   1105
3052   1073   1105
3053    640   1105
3054    977   1106
3056    701   1106
3067    862   1109
3070   1057   1109
3077    678   1113
3080    806   1113
3083   1071   1115
3084   1113   1115
3098   1120   1121
3099    842   1120
3100   1109   1120
3101    959   1120
3102    977   1121
3104     52   1121
3105   1122   1123
3106    854   1122
3107    796   1122
3108   1113   1122
3109   1101   1123
3110    817   1123
3111   1115   1123
3112   1124   1125
3115    410   1124
3116    978   1125
3118    408   1124
3119    292   1125
3121   1127   1128
3122    457   1127
3123   1125   1127
3124   1106   1127
3125    557   1128
3126   1124   1128
3127   1073   1128
3139   1133   1134
3141    147   1133
3142     61   1134
3144    243   1133
3145    938   1134
3146   1135   1136
3147    912   1135
3149    640   1135
3150    884   1136
3151   1131   1136
3152    866   1136
3153   1137   1138
3154   1135   1137
3155   1133   1137
3156    143   1137
3157   1131   1138
3158   1134   1138
3159   1071   1138
3162   1140   1141
3164    140   1140
3165    149   1141
3167    134   1140
3168    568   1141
3169   1142   1143
3173    907   1143
3176    220   1143
3178   1145   1146
3179   1098   1145
3180   1140   1145
3181    698   1145
3182   1059   1146
3183   1141   1146
3184    791   1146
3185   1147   1148
3186   1097   1147
3187   1143   1147
3188    277   1147
3189   1091   1148
3190   1142   1148
3191    928   1148
3241   1164   1166
3243   1007   1164
3245    156   1166
3246   1032   1164
3248    692   1166
3249   1167   1168
3250   1028   1167
3251   1164   1167
3252    163   1167
3253   1037   1168
3254   1166   1168
3255    553   1168
3256   1169   1170
3259     58   1169
3260    460   1170
3262    180   1169
3263    300   1170
3265   1172   1173
3266    923   1172
3267   1170   1172
3269    885   1173
3270   1169   1173
3271     52   1173
3273   1174   1176
3275    916   1174
3277    681   1176
3280   1142   1176
3282   1040   1177
3283   1174   1177
3284    952   1177
3370   1205   1206
3372    177   1205
3373    254   1206
3375    300   1205
3376    826   1206
3393   1212   1213
3394    882   1212
3395    995   1212
3396   1205   1212
3397    473   1213
3398    989   1213
3399   1206   1213
3446    311   1229
3449    310   1229
3475   1238   1239
3476   1142   1238
3479    524   1239
3480   1229   1239
3777   1332   1333
3780    938   1332
3781    500   1333
3783   1131   1332
3784    240   1333
3786   1335   1336
3787   1239   1335
3788   1333   1335
3789    195   1335
3791   1332   1336
3792    821   1336
3794   1337   1339
3796    909   1337
3798    821   1339
3799   1043   1337
3801   1049   1339
3818   1345   1346
3819   1337   1345
3820     69   1345
3821    792   1345
3822   1339   1346
3823    339   1346
3824    195   1346
3842   1352   1354
3844    460   1352
3846    198   1354
3847     58   1352
3849    910   1354
3850   1355   1356
3851     47   1355
3852   1352   1355
3853     61   1355
3854    821   1356
3855   1354   1356
3856    938   1356
3921   1377   1378
3925   1172   1378
3927   1109   1377
3928   1121   1378
3946   1385   1386
3947    922   1385
3948   1378   1385
3949    701   1385
3950    647   1386
3951   1377   1386
3952   1023   1386
3978   1395   1396
3980    587   1395
3981    214   1395
3983    422   1396
3984    215   1396
3994   1400   1401
3995   1395   1400
3996    440   1400
3997   1177   1400
3998   1396   1401
3999    358   1401
4000   1176   1401
4114   1437   1439
4116   1238   1437
4118   1229   1439
4119   1174   1437
4121    738   1439
4122   1440   1441
4123   1040   1440
4124   1437   1440
4125   1000   1440
4126   1036   1441
4127   1439   1441
4128    284   1441
4154   1450   1451
4155    147   1450
4157     61   1450
4158    538   1451
4160    460   1451
4170   1455   1456
4171    862   1455
4172    134   1455
4173   1450   1455
4174   1377   1456
4175    648   1456
4176   1451   1456
4179   1458   1459
4181    907   1458
4182   1131   1459
4184   1238   1458
4185   1336   1459
4186   1460   1461
4187   1000   1460
4188   1458   1460
4189    816   1460
4190   1026   1461
4191   1459   1461
4192   1115   1461
polygons 447
0   1540   2451   2454   2655   2657
3     16     17   1540   2853   2869   2870
4     16   2454   3007   3021   3022
5   2573   2656   2657   2853   2856
7     32     33     34   2576   2655   2656
10   1584   1586   2628   2746   2868   2870
11     17   1584   3021   3023
13   1586   1660   3006   3022   3023
15   1214   1218   1658   1660   2625   2628
16   1049   2744   2856   2868   2869
17   1042   1048   1049   2573   2576
18     32   1045   1048   1218   1221
19     34   1220   1658   2451   3006   3007
21   1042   1045   2625   2744   2746
22     33   1214   1220   1221
23   3844   3852   3853   4154   4157   4160
27   3260   3267   3921   3925   4160   4174   4176
28     84     85   3259   3270   3271
29   3256   3259   3260   3844   3847
30   3104   3265   3271   3925   3928
31   2578   2584   3067   3100   3101
32     85     93   2580   3098   3101   3104
33     93     84   3847   3851   3852
34   2578   2580   2583   3851   3853
36   2583   2584   4157   4171   4173
37   2574   2659   2664   2898   2900   2902
38    101    102   2571   2573   2574
39   2001   2414   2853   3796   3799
40   2023   2413   3796   3819   3821
42    102    111   2856   3799   3819   3820
43   2413   2414   2662   2902   3182   3184
44   1172   1718   2028   3820   3821
45    111    101   1172   2900   3029   3030
47   1486   1492   2615   2619   2770   2771
48   2380   2770   2813   2837   2838
49   1491   1492   1547   1549
51   2394   2458   2459   2781   2783
54   1547   2392   2459   3946   3947   3950
56   1729   2420   2458   3947   3949
57   1549   2619   2790   3950   3952
58   1853   2602   2604   2649   2652
60   2420   2427   2780   2781   2784
61   1729   1853   1855   2427   2429
62   2429   2602   2784   2816   2836   2837
63   1486   1491   2377   2380   2392   2394
67    177   1410   2077   2579   2580
68   1307   2641   3102   3104
69     85    181   1307   3020   3021   3024
70   2638   2641   2644   3024   3026
71    177    189     17    181     93
73    189   1410   1584   2702   2704   2705
75   2638   2642   3098   3099   3102
76   2523   2524   2579   3099   3101
77   2523   2642   2644   2718   2721   2724
78   2705   2723   2724   3020   3023   3026
81   2077   2524   2704   2720   2721
82   2583   2942   3142   3158   3159
83   1716   1718   3035   3037
84    218   3035   3036   3153   3156   3159
85   3139   3141   3142   4155   4157
86   2584   2942   3028   3030   3036   3037
87    224    225   4155   4172   4173
88    229    224   3164   3167
89   3028   3167   3179   3180   4171   4172
90    218    231   1716   3164   3180   3181
91    229    231    225   3141   3155   3156
92    232   1242   3245   3254   3255
93    232   2399   2401   3162   3164   3165
94   1242   1290   3165   3168
95    246    247   1923   1925
96    224   1293   1294   1554   1923   1924
97   1924   1925   2774   2776
100   1289   1294   3162   3167   3168
101    246   1289   1290   1293   3249   3252   3255
102   2401   2740   3241   3243   3245
103    247   2775   2776   3243   3251   3252
104    229   1554   2399   2740   2774   2775
107   1856   2649   2658   2663   2664
108    272    273    947   1853   1856   1859
109    273    886   1153   1780   1781
110    886   1859   2543   2602   2603
111    284   1540   1998   2001   2004
112    292    293   1920   2002   2004
114    295    272   1153   2451   2479   2480
115    295    947   2654   2655   2658
119    303   1920   2495   2540   2603   2604
121   1779   1780   1989   2478   2480
122    292    303   1784   1988   1989
123   1779   1781   1784   2540   2543
124    284    293   1988   2454   2478   2479
125   1998   2002   2495   2652   2662   2663
126    313   1079   1086   1109   1802   1803
127   1800   1803   1806   3781   3788   3789
128   1086   2513   3846   3855   3856
129   1109   2024   2412   2413   2416
130   1806   2027   3818   3821   3824
131   2412   3794   3796   3798   3849   3854   3855
133   3786   3789   3792   3798   3822   3824
134    313   2416   3846   3849
135   1932   2108   2210   2716   4187   4189
136   2210   2843   3282   3981   3995   3997
139   3273   3280   3476   4116   4119
141   2405   2411   4181   4188   4189
143   3169   3173   3476   4181   4184
145    363   3169   3176   3280   3984   3998   4000
146   2405   2409   3173   3176
148   1932   1935   3978   3981   3984
149    363   1935   2108   2409   2411
150   4116   4124   4125   4184   4187   4188
151   2578   2579   2942   3080   3083   3084
152   1172   2298   3034   3037   3040
154   3028   3029   3067   3070
155   2192   2196   2900   3070   3099   3100
156    101   2133   2196   2232   2526   2527
159    111   2133   2297   2298
160    892   2178   2318   2424   2425
161    382   2425   3144   3147   3154   3155
162    389    390    382    892    895
163    391   1081   3781   3784
164    395    398    391    895   2178   2180
165    389    395   1079   1081   1083
166    390   1083   2513   3139   3144   3145
167   2331   2424   3146   3147   3150
169    398   2332   3150   3151   3777   3783   3784
171   2180   2318   2331   2332
173   1432   2352   2434   2435   3373   3397   3399
174   1920   2324   3372   3394   3396
176    419    303   3370   3372   3373
178    419   2352   2538   2540   2542
179   2435   2542   2839   2841
180   1432   2326   2618   2771   2772
181   2434   2772   2835   2838   2841
182   2325   2878   2880   3394   3395
183    433   2549   2874   2877   2880
184    438    433   2322   2325   2328
185    438   2440   2444   2549   2564   2565
186   2443   2565   2743   2744   2747
187   2564   2747   2760   2875   2877
188    998   2625   2680   3397   3398
191    998   1045   2326   2328   2444   2446
192   1528   1729   3050   3053   3056
193   2270   2329   2333   3150   3152
194   2456   3266   3925   3947   3948
195   1307   1308   2333   3269   3271
199   1308   2270   2641   3050   3051   3054
200   3054   3056   3102   3928   3948   3949
201   2714   2717   2748   2760   2762
202   2690   2711   2714   4122   4125   4128
203   2832   2834   2877   2908   2909
204   2208   2843   2845   2907   2909
205   2566   2829   4126   4128
207   2562   2566   2690   2747   2748
210   2196   2199   2574   2577
211    486    487   1048   1621   2445   2446
212    102   1049   2130   2133   2442   2443
213   1617   1618   2130   2232   2233
214   1615   1618   1621   2470   2473   2476
215    487    496   2474   2476
216   2233   2473   2525   2527
217    501    496    486   2571   2576   2577
219    501   2199   2470   2474   2525   2526
223   1301   2696   3375   3395   3396
224   1760   2696   2866   2878   2879
226   1301   1760   1762   3260   3263
227    292   3256   3262   3263   3372   3375
228   1762   2863   2866   3842   3844   3846
230    524   2002   2324   2325   2416   2417
231    313    524   2863   2879   2880
234    526   2004   2417   3842   3847   3849
235    293    526   3259   3262
240    537   1153   3449   3479   3480
241   1780   1782   3479   3784   3787   3788
243    544   3446   3480   3787   3789
244   1081   1692   1694   1801   1803
246    391   1693   1694   1781   1782
248    553    554   3446   3449
249    554    273    537   2044   2045   2048
250    544    553   1806   2048   2049
251    886   1692   1693   2045   2046
253   2039   2040   2054   2286   2287
254   1841   1842   2054   2307   2472   2473
255   1842   2043   2233   3106   3107
257   2472   2521   2525   2719   2721
258   1648   1649   2286   2704   2707
261   1293   1510   1843   1844
262   1289   1292   1507   1510   1513
263    438    584   1243   1290   1292
264    584   1513   1619   2444   2445
265    588   2808   3250   3252
266   1243   2549   2832   3253   3255
267   2119   2568   2808   2829   2830
268    588    246   1617   1843   1845   2118   2119
269   1507   1615   1619   1844   1845
270   2126   2873   3798   3801
271   2714   2799   2800   2871   2873
272    596   2690   2871   3801   3822   3823
273    544    597   3823   3824
274    596    597   3446   4118   4127   4128
275   1525   1528   2426   2427   2430
276    537    272   1706   1708
277   1859   2045   2426   2429   2432
279    612   1261   2950   3125   3127
280    947   1707   1708   3121   3122   3125
281   1855   1856   3056   3122   3124
284    623    612    624   2048   2050
285    625   2044   2050   2430   2432
286    623    625   1525   2950   3052   3053
287    624    554   1261   1706   1707
289   1355   2419   2425   2777   2781   2782
290    382    629   1355   1557   1558
291    632    629   3141   3144
294    636   1525   3149   3154   3156
295    231    636   2399   2430   2431
296    632    225   1553   1554   1557
297    641   2142   2173   2396   2397
298    642   2142   2679   3376   3398   3399
299    641    642   2284   2708   2722   2723
300   2679   2702   2707   2708   2763   2765
301   1301   2055   2056   2176   2395   2396
302   2051   2055   2287   2696   2764   2765
303   2173   2176   3370   3375   3376
304   2278   2283   2284   2395   2397
305   2270   2407   3173   3187   3188
306   2333   2335   2478   3185   3188   3191
307   3783   3791   4182   4185
309   1785   1989   2329   2332   2335
310   2480   3190   3191   3475   3476   3479
311   2407   3151   3152   4179   4181   4182
313    398   1779   1782   1785
314   1021   2046   2401   2431   2432
315    669   1716   2027   2028   2049   2050
316   1112   2024   3165   3183   3184
319    232   1021   1112   1801   1802
320    669    218    636    625
322   3142   3145   3850   3853   3856
323   1083   1086   2863   2911   2912
326   1761   1762   4158   4160
327   1761   1809   2866   2910   2911
328    629    390   1808   2910   2912
329    632   1808   1809   4154   4155   4158
331   1292   2621   2790   2905   3168   3182   3183
332   1512   1513   2619   2621
333   1294   1510   1552   4170   4172   4175
334    690    389   2756   2906   2909   2912
335   1557   1559   1807   1808   1811
336   1807   1813   2906   2907   2910
338    890    892   1355   3980   3995   3996
339    700   1558   1559   3980   3981
341   2558   2756   2845   3282   3284
342    690    890    895   2557   2558
343    700   1811   1813   2208   2210
345   2557   3284   3996   3997
348   1846   2433   2439   2815   2840   2841
349   2545   2839   2840   3241   3246   3248
350   2805   2815   3246   3250   3251
351   1697   2756   2834   3248   3253   3254
352   2439   3275   4114   4119   4121
353   1697   2542   2545   2556   2558
354   1846   2805   2830   4121   4126   4127
355    433    524   1109   1112   1242   1243
358    584   2328   2615   2618   2621
360   1263   1710   1846   1847   1850
361   1220   1711   1850   2437   2439
362   1260   1263   1602   1605
363     33    736    737   1260   1710   1711
364    736   1221   1431   1487   2770   2772
365    737   1487   1602   2378   2380
369   1605   1847   2378   2811   2813   2815
372   1410   1476   1649   2798   2800
373   3083   3157   3159   4182   4191   4192
376    177   1476   2126   3850   3851   3854
378    189   1476   2867   2870   2873
380   1595   2286   2759   2762   2765
382    760   1586   2705   2708
384   1595   1648   2717   2798   2799
386    760   2628   2679   2680
387    597    553    624   1333   1336   1339
388    596   1336   2117   2566   2568
389    766   1333   1337   2117   2119
390    767   1256   1261   1263   1337   1339
391    766    767   1847   2805   2808
393   1705   1706   1850   3449   4118   4121
395   2785   2811   2816   3243   3246
397   2381   2779   2782   2783
398    774   1631   1635   2773   2776   2779
399    775    767   1605   1635   1636
400    774    247    588    766    775
401    776   2644   3112   3115   3116
402    782    776   2281   2722   2724
403   2192   2199   2642   3116   3119
404    785    501   3112   3118   3119
405    782    786   3115   3118
406    786    785   2278   2281   2474   2475
407   2308   2470   2472   2475
408   1194   1760   1761   2055   2057
409   1194   1550   4158   4175   4176
411   1546   1547   1550   1980   2056   2057
412   2176   2462   3263   3266   3267
414   1980   2391   2392   2395
417   1612   2106   2110   2411   2950   2953
418    623    669   1612   3034   3035   3038
420   1591   1595   1813   2038   2039
422    921   2051   2054   2057
423    921   1194   1807   1809   2038   2040
424   1934   2041   2111   3105   3107   3110
425    774   1922   1925   1934   1937
426   1839   1843   1922   1923   2041   2043
427   1333   1614   2296   3038   3040
428   2117   2118   2130   2296   2297
429   1618   1839   1842   1845
430    775   1337   1614   1937   2110   2111
432   2638   3054   3116   3123   3124
434   2577   2658   2659   3119   3122   3123
436   1553   1559   1922   1924   1927
437   1811   1927   2037   2038   2041
439    921   1550   1552   1839   1841   1844
440   1490   1492   1512   1619   1621
441   1490   1491   1980   2283   2475   2476
444   1336   2296   2298   3818   3820   3823
445   1988   2335   3262   3269   3270
446   1308   3024   3186   3188
447    284    526     84    181     16
449    776    825   3026   3176   3186   3187
450    825   2409   2953   3115   3126   3127
454   2173   2177   2182   2318   2461   2462
456   1634   2777   2779   3978   3980   3983
458    835   1634   2381   2391   2394   2397
460   2142   2181   2182   3994   3996   3999
461    641    835   3983   3998   3999
462    839   1635   1637   1930   1935   1937
463    700   1927   1930   1932   1934
466    839    843   3983   3984
467    843   1631   1634   1637
468    844    487   1486   1487   1490
469     32    486    844    736
470    998   1218   1431   1432
473   2181   2183   2352   2556   2557
474    419   1784   1785   2177   2180   2183
475    395    690   1691   1694   1697
477   1021   1691   1692   3245   3248
478   2182   2183   3373   3376
479    786    849    850   1602   1636   1637
480    850    737    844    496    785
481    835    843    849   2281   2284
482    760    642   1660   3277   3999   4000
483   3006   3189   3190   3277   3280
484    363    839    849    782    825
485    850   1256   1260   3118   3125   3126
486     34    295   1705   1708   1711
488   1658   2437   3273   3275   3277
489    612   1339   1612   1614
491   1507   1512   1546   1549   1552
492   1528   2419   2420   3147   3149
493   1691   1693   2538   2543   2545
494    890   2177   2178   2181
495   2118   2442   2562   2565   2568
496   1591   2762   2875   2907   2908
497   1841   2037   2040   2043
501   1546   3950   3951   4174   4175
503   2322   2326   3393   3394   3397
506   1800   1801   2044   2046   2049
508   1042   2440   2443   2446
510   2798   3077   3084   4190   4192
511   2110   3038   3109   3110
512   1079   2513   3777   3780   3781
515   1800   1802   2023   2024   2027
516   1648   2037   2039   3077   3107   3108
518   1615   1617   2440   2442   2445
521   1718   3030   3179   3181
523   2001   2654   2657   2662   2664
524   1214   1431   2433   2434   2437
525   2287   2307   2707   2719   2720
527   1256   1705   1707   1710
531   1553   1558   2773   2774   2777
533   1855   2649   2788   3946   3949   3952
536   1649   2077   3077   3080
539   2126   2800   3792   4185   4190   4191
541   3051   3053   3146   3149   3152
542   2023   2028   3178   3181   3184
544   1591   2208   2711   2716   2717
545   1631   1636   2377   2378   2381
547   2051   2056   2283   2307   2308
548   2716   2843   4123   4125
552   2106   3110   3111   4186   4189   4192
553   3780   3791   3792   3854   3856
554   2329   2331   2461   3265   3266   3269
555   2322   2324   2495   2617   2618
556   1930   2106   2108   2111
558   1998   2412   2414   2417
559   3067   3927   4170   4171   4174
562   2521   2524   2527   3080   3106   3108
564   2232   2297   3040   3105   3106   3109
565   2405   2407   2953   3051   3052
566   3145   3157   3158   3780   3783
567   2391   2396   2456   2459   2462
568   2192   2521   2523   2526
571   2426   2431   2740   2784   2785
572   2278   2308   2718   2719   2722
573   2419   2424   2456   2458   2461
574   2377   2780   2783   2813   2816
575   2433   2435   2556   3275   3283   3284
576   2604   2617   2771   2836   2838
577   2479   3007   3189   3191
578   2615   2617   2652   2788   2790
580   2538   2603   2835   2836   2839
581   2562   2564   2828   2829   2832
582   2571   2654   2656   2659
583   2763   2764   3393   3395   3398
584   2680   2743   2746   2759   2760   2763
585   2663   2788   2902   2905
586   2743   2748   2867   2868   2871
587   2759   2764   2874   2875   2878
588   2702   2718   2720   2723
589   2711   2799   4186   4187   4190
590   2898   2905   3070   3927   3951   3952
591   2773   2775   2780   2782   2785
592   2828   2834   2845   4122   4123   4126
593   2828   2830   3249   3250   3253
594   2811   2835   2837   2840
595   3282   3283   4119   4123   4124
596   2867   2869   3794   3799   3801
597   2874   2879   2906   2908   2911
599   2898   3029   3178   3179   3182
600   3020   3022   3185   3186   3189
602   3034   3036   3083   3109   3111
603   3050   3052   3121   3124   3127
609   3098   3100   3921   3927   3928
610   3084   3105   3108   3111
612   3112   3121   3123   3126
613   3146   3151   3153   3154   3157
614   3139   3153   3155   3158
615   3162   3178   3180   3183
616   3169   3185   3187   3190
620   3241   3249   3251   3254
621   3256   3265   3267   3270
622   3273   3283   3994   3997   4000
628   3370   3393   3396   3399
630   3475   3786   3787   4179   4184   4185
631   3475   3480   4114   4116   4118
652   3777   3786   3788   3791
653   3794   3818   3819   3822
656   3842   3850   3852   3855
661   3921   3946   3948   3951
663   3978   3994   3995   3998
671   4114   4122   4124   4127
673   4154   4170   4173   4176
674   4179   4186   4188   4191
cells 64
0      0      3      4      5      7     10     11     13     15     16     17     18     19     21     22
1     23     27     28     29     30     31     32     33     34     36    559    609    621    673
2     37      5     38     39     40     42     43     44     45    521    523    542    582    599
3     47     48     49     51     54     56     57     58     60     61     62     63    533    574    576    578
4     32     67     68     69     70     11     71     73     75     76     77     78     81    588
5     82     83     84     85     86     36     87     88     89     90     91    521    614
6     92     93     94     95     96     97     88    100    101    102    103    104    620
7    107    108     58    109    110    111    112    114    115    119    121    122    123    124      0    125    523
8    126    127    128    129    130    131     40    133    134    512    515    553    652    653
9    135    136    139    141    143    145    146    148    149    150    548    595    622    663
10    151    152     86     45    154     76    155    156     31    159    562    564    568    602    610
11    160    161    162    163    164    165    166    167    169    171    512    566    613    614
12    173    174    176    178    179    119    180    181    503    555    576    580    628
13    182    183    184    185     21    186    187    188    191    503    508    583    584    587
14    167    192    193    194     56    195     30    199    200     68    492    541    554    573
15    201    202    203    204    205    187    207    496    544    548    581    592
16     17    210     38    211    212    213    214    215    156    216    217    219    508    518
17    182    223    174    224    226    227     29    228    230    231    112    134    234    235
18    240    241    163    243    127    244    246    109    248    249    250    251    506
19    253    254    255    216    257    258     81    497    516    525    536    562
20    261    262    263    264    185    265    266    267    268    269    101    495    518    581    593
21    270    271    243    272    202    133    273    150    274    539    589    630    631    671    674
22    275     61    276    249    108    277    279    280    281    284    285    286    192    287    603
23    289    104    290    291    275    294     91    295    296    161     60    492    531    571    591
24    297    298    299    223    300    301    302    303    304    525    547    572    583    588    628
25    121    241    305    169    193    306    307    143    309    310    311    313    616    630    652
26    314    285    315    316     93    319    320    295     90    506    515    542    615
27     85    322     23    228    128    323    326    327    328    329    166    291    656
28    331    154     57    332    333    100     89    262    491    501    559    590    599    615
29    162    334    328    290    335    336    338    339    341    342    343    204    136    345
30    348    349    350    351    179    352    353    341    354    575    592    593    595    620    671
31    129    355    125    331    230    184     43    316     94    358    263    555    558    578    585
32    360    361    362    363    364    365    348     48     22    369    181    524    594
33    322     82    372    307    373    376     34     67    151    510    536    539    553    566
34    372     73    378    380    271     10    258    382    384    201    386    300    584    586
35    387    388    389    390    391    360    267    393    274    205    354    287    248    527
36    395    103    391    369    265    350    397    398    399    400    545    574    591
37     77    401    402    403    404    405    406    257    219    407    568    572
38    408    326    409    411    412    226    414    194     27     54    301    501    567    661
39    311    417    286    373    418    141    294     84    320    511    541    552    565    602    613    674
40    224    336    380    253    302    408    420    422    423    327    496    587    597
41    424    425    426     95    427    428    213    255    429    430    389    400    268    511    564
42    155     37    432    210     75    403    107    200    281    434    533    585    590    609    661
43    436    437    335    439    261    426    423    333    409    296     87     96    329    497    673
44    429    439    269    440    422    254    411    441    214     49    407    491    547
45    428    212    388    272    444    159     42    207     16    186    495    586    596    653
46    445    195     28     69    446      4    235    124    447    306    577    600
47    401    432    199    305    446     70    449    450    146    565    603    612
48    454     51    297    289    160    456    397    458    338    460    461    494    567    573    663
49    456    398    462    148    463    339    425     97    436    466    467    531
50    468    440    211    191    358    364     47     18    469    264    470    332    180
51    353    178    473    474    246    475    123    164    342    313    493    494
52    351    334    266    355    475    231    323    126     92    244    203    183    319    477    165    597
53    445    227    122    474    309    412    171    454    478    303    176    554    621
54    270      3    378    447     71    376     33    111     39    131    234    558    596    656
55    424    384    135    437    420    343    463    510    516    544    552    556    589    610
56    441    406    479    480    468    215    365    414    304    458     63    481    467    545
57    482    483    466    299    382    449     13    402     78    461    145    484    481    600    616
58      7    280    434    363    480    485    404    469    217    486    115    527    582    612
59    477    314    102    277     62    251    349    395    110    493    571    580    594
60    139    483    393    488    352    361    276    240    114    486     19    310    577    631
61     15    482    478    473    460    488    345    470    173    298    188    386    524    575    622
62    387    489    427    130     44    418    315     83    444    273    284    152    250
63    149    484    450    390    489    279    362    485    417    479    405    462    430    399    556
