vertices 383
     0 1.13799721972225 3.73330104899589 1.21437865383072
     2 1.52528099683513 3.90879011598685 1.75399441192113
     8 1.02853330615573 3.62456405685178 1.21595395119340
    11 0.38949080847594 0.01443264881420 1.21221598282600
    14 0.99712242833621 3.42937018917429 2.30891743812406
    16 0.43549008837858 0.00514752646887 2.47395240455529
    18 1.27713126865231 0.35769899304375 2.07992473794745
    36 0.03742980932212 3.95949517482090 1.85800942642411
    37 0.63013816082819 0.47643983082984 2.17911927185480
    41 0.37811398659217 0.14512357987226 2.42284272234943
    47 1.57808362190688 3.17160529202824 0.71711770264037
    52 1.80029466578907 0.06301558113642 0.36164171120318
    58 1.99710629554169 3.59084308811781 1.02904568662146
    59 1.67142652036679 3.58358033344731 0.84842192855130
    61 2.02040147001813 2.69047049037191 0.24929584859025
    69 1.18451768746466 2.75860725111372 2.83355206528062
    72 1.08361846279126 2.96307871245514 2.83030855322179
    76 1.30887046757951 3.48672855028991 3.07115605591595
    98 3.23681707617940 0.04535078344230 3.49772661784671
   115 1.18447061952820 3.09398647053665 0.88290743746300
   119 0.92749284344428 0.29685618520674 0.24656100038953
   134 2.76406204677661 2.54170575616310 3.38390885608857
   136 2.80268731384423 2.19181336532553 3.54783738871054
   139 1.79273982874968 2.00304186195298 3.23852372627777
   140 2.55104669694159 2.03646355579155 3.26108583709506
   143 2.15055951224332 1.79022651766536 3.37156951920565
   147 2.68109298394379 2.20345072213816 0.05795782840820
   149 2.80005979637446 2.41297440506605 2.41353275339489
   152 3.56689289238107 2.53271470429682 3.17383877805848
   156 2.79070973239379 1.94924384276564 2.38774880514429
   157 3.63311819587020 1.98333852754653 3.25428131922217
   163 3.72017944769655 2.12318635553072 2.90904869985976
   169 2.05942265069055 0.98718554350932 2.36254986203656
   171 1.45420035693873 0.78069176072977 2.33251548959291
   174 2.44609164167043 0.53225052544117 1.65944808542156
   177 2.40246525521156 0.09736254050061 1.60150261765923
   180 2.20504619349825 0.07137390481981 1.47812901879934
   185 1.99630753478689 3.81873331103580 1.58598276909659
   191 1.54812136700238 0.91061378059609 2.24467456196146
   195 1.39422730756637 2.09027234223576 2.14885385752386
   198 2.57410582453664 2.72434822834866 1.43588335329099
   199 2.59333880506476 2.85301447826527 1.76926916759193
   214 3.95548318624589 1.76852355031964 0.53877282475799
   215 0.35697481577425 1.16682302486963 0.14236361460012
   220 0.66355394026328 1.09944307799967 0.18300301687953
   230 2.88854502335726 1.50177282125699 0.34577041150125
   231 2.41248384955873 1.79412673191703 1.40119841355198
   235 2.29088596970098 1.08336612219370 0.98587399548564
   236 2.70214303629804 2.04789050995244 1.09780480513519
   240 2.14885204258970 1.49033381749990 1.29098230768259
   241 2.73311059943335 1.84073406043085 1.19592799311159
   243 2.74526295358090 1.99127236215838 0.32288025897970
   254 3.14376154234776 0.57439136636258 1.35216442408773
   260 2.96390477681239 2.95111980670915 1.79219133465663
   261 3.19470534283601 2.80591024641299 2.04643362246814
   264 3.30816168206630 3.17196380290282 2.27542760111098
   277 1.71527788136904 0.72600250570035 0.53378977182962
   284 0.60158461041417 2.16690520289231 1.98960215984434
   288 0.37631002507211 0.10541194692833 3.05275698895269
   290 0.04838712571591 3.88097297051698 3.08874715839441
   291 0.21519607849804 2.99889781257458 3.35083790846806
   292 1.11892219982304 3.89215190840844 3.07542905970838
   295 0.26704778168833 0.10142285765363 2.88896788354418
   300 2.98332567823931 3.81578346513002 0.78951212436065
   310 1.21832419632192 1.23982135995746 2.34129250737672
   311 1.18503882954593 1.88587774059549 2.22174676862458
   315 1.28844115785718 1.55479475817525 2.52858287396140
   332 3.16835401505271 3.13801306139101 2.64886527400665
   336 0.09742849597412 2.00392246919752 2.72263769856636
   339 0.99526818079798 2.13885996588527 2.24917882303911
   343 2.13559906804606 1.52901430511490 3.16198273152287
   346 1.33641248151176 1.62555739210761 3.25856380926238
   347 1.74082218164331 1.74810679984713 3.13458884981158
   354 1.08708052656814 1.52348126333323 2.88706729499701
   356 2.87402207469109 2.11191292800043 0.22786305562418
   358 3.79938177603901 0.54134070486610 0.68917437369755
   364 0.24063601451200 3.98740081056377 1.05895659053898
   365 3.82990015484412 0.49251001341763 0.25674123543075
   376 3.20582856428460 1.75576398687329 1.51721009851631
   380 3.68363952268818 2.16170763311751 0.27106985927191
   394 0.37926268718855 0.81940925537608 3.04529178910927
   396 0.21360356871579 0.23813285170455 2.81942266395349
   399 0.34073745161967 1.19543870652718 2.86321132905192
   403 0.36259903842780 1.69871833831791 3.03250425113334
   405 0.16948790212894 1.69253026105967 3.37865904187378
   406 0.40823362123030 0.75097812624135 3.84653051764130
   408 0.52250741202574 0.67230656545404 3.30768531429127
   410 0.65207195794313 0.77948826882349 3.92596470113507
   413 3.31815306758852 3.21349801787253 0.08721496464046
   422 3.89854018481587 0.87983321354126 0.14274666145533
   425 0.22565586015375 0.97860375566648 3.93264102477803
   429 3.11015490863454 3.76098414140396 3.12599131992468
   432 2.34372517178508 0.87620456274581 3.29874884936733
   436 2.25704384238259 0.97011656852861 2.03069419702447
   439 2.89366789352783 1.33914576135917 0.74325357084571
   440 3.47691037030207 1.10362682207306 0.97361041114674
   447 3.66643006135361 3.05629374702536 0.06626492502975
   457 1.69244140801635 0.44352788789897 2.71485816551290
   460 2.60512358702489 3.33270416405422 0.61042133311259
   473 3.66711155324180 0.01069425263574 1.84753589192861
   481 2.48553334778942 1.78610305109771 2.09619404778932
   488 0.25519910067383 3.55510022912186 2.20496594890782
   489 0.39731884427374 3.38773521588672 2.14955475936803
   500 2.32383886280942 1.91575101060051 1.38580560408307
   502 2.43161145692712 2.12496201380867 1.21772074322039
   510 2.45417024018486 2.58100828781267 2.07263901576900
   513 0.19436669703573 2.82942243320376 0.66473095062434
   519 0.36208154037487 2.75877420953836 2.75076116395270
   524 1.64742980891505 0.86756880978765 1.72449746156430
   529 1.66199293599731 2.54997133862085 3.19297505008044
   538 2.98159986648395 3.04192185267172 0.31940984837154
   544 0.37040254250295 0.48607200245581 1.84904204231638
   545 0.08317952841331 0.17391540386866 1.98938507669048
   553 3.10242106089028 2.50148747177215 2.38013573117988
   557 0.98924885470096 1.20779743813309 2.83897236887311
   559 0.53332166696633 1.07036717298884 2.81654485444821
   568 3.08990887563968 2.73986556680901 2.70342391498888
   569 3.31961468516418 2.73501684964785 3.11627976379120
   571 3.12007128996504 3.53883213320114 0.75131381709750
   573 1.63001677708239 0.27848329679480 0.31515079855032
   581 0.70808735132200 2.23116794103492 2.69120161702158
   582 0.76107249272227 1.85494290673700 3.00768603656814
   587 3.13312450624063 1.50800516722546 0.20869251907490
   605 0.93259819343977 3.04315360711910 0.58058506300549
   611 3.69937503114229 0.25605955340603 1.99409384202273
   625 1.14895292965106 2.73373763677376 1.15502985306773
   629 3.47222994664650 0.37780838125221 2.88875944227186
   630 3.37062835385964 0.02640871176137 3.19026209447434
   635 3.35773140747261 2.83879422401696 3.15787438814759
   636 3.36151687814071 3.18725707639152 2.89189823563528
   640 2.10191477673002 1.18234266491722 3.52488241555585
   645 1.52209366587945 3.77908776037798 1.97633365139701
   647 3.00155106229266 3.77953532825759 3.37002433385267
   648 3.02875129747051 3.22469765422121 3.67578027221566
   649 3.16454071112023 2.00887781424906 3.57282454814245
   650 3.15940745481587 1.94709604915483 0.08743950963161
   658 0.73022371349204 3.90972101015513 1.06305040931813
   660 3.83061099162990 2.31884039519191 0.85136120394819
   662 0.13846145160145 2.66380476351473 0.92956671804106
   663 0.21580530544768 0.96044588919701 3.06629559741776
   667 0.94988415483559 1.98474586531068 3.37254277439901
   668 0.05123005197882 2.93191681316166 3.06071996811214
   669 3.88512597504243 3.27194498256892 2.82960552264382
   673 3.44439062380355 1.00919608710514 3.66753407235115
   674 0.05882827582800 1.14712119378904 3.49516234384826
   678 0.76883817119071 2.76023931099271 0.58883346723110
   681 0.54312972841946 0.41408223990154 1.37470734134320
   691 2.56278489487825 1.65156408086376 1.92757247748013
   692 2.99708459155508 1.62153374063133 1.94008068113366
   695 1.11429928255671 1.11028121037660 2.43314537458102
   696 0.66026178845013 0.97317170762222 2.36985801182428
   698 1.81337106681911 2.44430832387880 3.06879152208955
   701 2.15604429771631 0.57421653878552 3.25635969969424
   711 2.87263113964692 3.25184480001278 0.67145231310287
   717 2.00120232678037 0.91100829941995 1.67883640522035
   718 2.16263901086123 0.69821455924088 1.51239956905493
   723 2.26500045947824 2.08054095130950 1.91139216013014
   724 1.69655781518241 2.10146744768151 2.29477690136592
   725 3.15805500640222 2.45414780716576 0.49682233426525
   726 3.66115111204423 2.36362461299923 0.41705524282252
   735 3.90452816717908 2.79120409803320 3.60586540967223
   736 3.66466147632989 2.71374156334252 3.23085081904917
   737 0.02639403923808 1.36041435399842 2.41941494112526
   738 0.32148773008118 1.19650235901547 2.04039833892238
   739 2.11295123708271 0.47001730540149 2.79274777749257
   740 2.27502528680866 0.68191558706772 2.66018874216200
   758 2.40033401811350 3.84223339277623 1.90918704321135
   760 3.55346736726262 2.18991496211566 3.40737041688421
   761 3.93937525951520 2.26722734279388 3.84088235772023
   762 0.43448689791940 1.59536535948844 0.12566005350114
   764 0.37047064840323 1.87499820821515 3.74573140204888
   777 3.51879046214985 3.98224839129761 3.94009147238701
   780 2.03001597700328 0.59655591484542 1.44564752116870
   783 1.93803086844045 3.60911620359756 2.02266101754575
   784 2.10330317677516 3.64552947780763 1.83512923384944
   791 2.12903494398006 2.83583968244434 2.35519044279095
   792 1.72428236666813 2.49022666185572 2.51796897535490
   795 3.86503072036622 2.65838217621322 0.25018158061290
   796 0.03026491235093 2.50534527373221 3.86296149516065
   797 2.09718096485575 1.41447637797477 2.54297149520256
   798 1.70327432295951 1.67243661411243 2.61762705137592
   799 3.74316620945127 3.37562052181903 0.21309243249382
   800 3.46882757695363 3.46953303280460 0.21486100680146
   806 1.13161448826497 3.02532952965512 0.17705172955051
   816 0.77571169977136 1.65883600298798 0.17392664627187
   817 0.72007056174934 1.98523904559624 3.71996192932527
   819 0.37786002154361 2.28655731487526 2.59000403422278
   821 1.48733488313154 2.56103556392665 1.26280510554489
   822 0.80489660204804 2.76259663412169 2.96379863094653
   826 3.33696019581682 0.44932056778417 0.85470761308627
   837 3.13461073486308 0.24877860214518 0.49490331467488
   838 2.70966690372837 1.08589541157423 0.76111005229541
   839 3.21809737268353 0.74000917670325 0.99801388478433
   842 1.32333716963215 3.65780120349300 3.68580609845610
   844 1.17255378242969 3.60763190597949 3.27185221904997
   847 0.02259897245839 1.94158955020535 0.90948158451355
   854 0.63168171649586 2.90110613785239 3.37222442246407
   862 1.98061946681810 3.01545030935520 3.57686330092992
   866 1.80578173940850 1.17763361924778 0.32775769070841
   869 3.94716278365621 3.96779782896287 3.88870448686145
   870 0.10180094313346 0.27440172910641 0.11202680180217
   871 0.04675430908663 3.32847727826890 0.66880289685099
   874 0.89633355649634 2.61041823878742 2.94942996888116
   877 0.07905594700173 3.69529137362720 3.98983435015940
   881 2.55362008987627 0.99799007674339 0.50480978372261
   882 2.98256549818179 3.52392095370304 1.86903773703981
   883 3.13768015041802 3.57003722564299 2.08557207508205
   884 2.15127191279834 0.98313995516357 0.67145862330906
   885 1.98286216632686 0.68261627910306 0.71156383182516
   890 3.40122398257347 0.88337637818065 1.75828959293878
   899 3.45242181088102 0.65994577611345 2.96965521972335
   900 3.23551805355206 0.81850443123152 3.53708016876486
   903 3.13032348226929 0.43225668452588 3.72204366329065
   904 3.41452722115342 0.25983968264710 0.09370913009384
   905 2.66019712271582 1.69736158998260 2.94721013769129
   907 1.09644027562400 1.44647238617010 0.44175449341778
   908 0.94038163957461 1.49221030756931 0.16724086019748
   909 1.96024704782382 3.14030229991180 2.02463595117091
   910 2.18677701033059 3.16248342056005 1.75980710759984
   911 2.81436796589660 0.81362771400623 3.68400963968877
   912 2.60687864420949 1.20575691757311 0.19941789168891
   913 2.43792051943047 0.97418794341323 3.04339037176513
   914 2.30309494007562 1.40885578103184 2.95040132487426
   915 3.52387083586494 0.82503106177513 1.88479902060135
   916 0.15729953337898 0.96342114276190 1.79452182879272
   917 0.19629592051146 3.14613393746991 2.28833546477506
   918 0.03903070476097 3.27873144262604 2.35801779821499
   920 1.35210244295874 0.33291387258805 1.80886856943151
   922 2.85235436006365 0.49123041959806 3.78658348782643
   923 2.75152213515210 0.43060810549777 0.28201477053355
   926 0.32729770462673 3.47674794197591 3.49144382514738
   927 0.16113397026694 3.88855598045135 3.23809031579308
   928 1.61018678169401 0.72497929703425 1.63501746860981
   933 2.47780949636875 0.08615695679555 2.45831089609369
   938 2.01983303455545 2.21417786035327 0.86929346618378
   941 0.98388866273863 3.43672141706199 3.85101920719328
   942 0.79269174864227 3.35997385042826 3.50654166703145
   946 2.50036629575458 0.72987018766115 2.03231480484751
   948 3.20394454165797 1.00122434292795 1.99206700553288
   949 3.45816738347782 2.63779811482962 1.87057641174687
   952 3.56474837163617 1.23073956506196 1.28167665077567
   954 0.10561429292834 2.83504386566840 2.00833384427041
   955 0.31162646988835 2.25600202379192 2.22165504426064
   957 1.07119006084497 3.79260506449492 2.45616295932128
   958 1.25513587780908 3.79444918659910 2.85232199360535
   959 1.48346223482305 3.08770945587300 0.17917953871080
   960 1.73269947877991 2.79095258989889 0.01056656162558
   966 2.52847815621981 0.53221571007803 2.44201927589441
   970 2.85371729180697 3.91559003248410 2.55105657986504
   971 2.82114035756884 3.74560653248746 2.76576806521805
   972 0.20314411022570 3.82784723486811 1.43618047901179
   977 1.65601416476990 0.17491847471574 3.92633717508996
   978 1.37235464764464 0.10595482131863 3.79903396961638
   980 2.28098481852411 0.02571978429296 2.65331669806311
   982 1.39677394760116 3.99612135975815 2.25768297673223
   983 1.61541323473693 0.02898328298717 2.57998337281205
   984 2.04889173321602 3.83628414609498 2.56042440172022
   989 0.03292571435908 3.80516118778184 1.24371783064031
   992 0.65649080529044 2.62283819250995 1.54774643879642
   995 3.32479008040551 3.49703312188205 1.14566300086696
   997 0.43831738278492 3.63206568976065 0.58416425547776
   998 0.45937330044525 3.83742312570726 0.72197783273659
  1000 0.48981203231962 2.01121051358865 1.06986889386072
  1001 0.57460180825582 2.44614597428462 1.09945681580647
  1002 0.45614440375601 3.77090390578924 0.34366346015788
  1003 0.46945791838594 3.93413046806027 0.40679963823274
  1007 3.01432376680019 1.52860775232920 3.01256774114339
  1010 0.45732151124266 3.32942143563935 1.78335849631792
  1011 0.28330201165582 2.96213226108804 1.69903372491701
  1012 3.41874449562531 1.97473748666621 1.52591749866105
  1015 3.94394605079523 2.96737673349452 1.30155055815581
  1016 3.86357552207647 3.41705609123261 1.08924132975364
  1018 3.28521943162487 0.37154990809177 2.58464654580211
  1019 3.25993665866466 1.70871331181800 3.36123336821986
  1020 3.25928450771577 1.14579894557898 3.66603149167629
  1021 3.11432829076390 0.92514293562584 3.53560694364885
  1022 2.94491712662120 1.04403177850364 3.08091633021538
  1023 2.40693905392270 3.81849958534021 2.85246215166794
  1026 0.86324011196846 2.51191240455047 0.91553597071282
  1028 3.94749792162543 1.85574687315108 2.44168026970070
  1030 3.24178467491269 0.81746719875408 2.74646395711702
  1032 3.43405341814635 1.16882155500556 2.42589509463865
  1036 0.05827240930129 1.99972433714976 2.16844789755931
  1037 3.51135456577103 2.19818656102743 1.98993954817728
  1038 3.15432668768130 0.65860243266001 2.55042270143293
  1039 3.32222055650916 0.94723749628867 2.13618640045838
  1040 3.88382085537853 1.68783456478611 1.29191518358981
  1043 1.19794115102099 3.37542071129632 2.02214357314911
  1047 2.91384253110816 2.76728828639140 1.28863290471481
  1048 0.93197277377507 3.29849412819317 1.66678093477876
  1049 1.02372039270065 2.79967132152458 1.51250251079793
  1050 3.38416825985860 2.69015806712018 1.52262289447569
  1051 3.10347356694542 2.88116534289528 1.48530931434107
  1057 1.84475654854107 3.29303767435151 3.22599355653951
  1059 2.17144999827097 3.57813736471827 2.79453883356171
  1060 3.34515401700035 2.35747552565416 1.28179938585228
  1061 3.06012140718994 2.40169943513389 1.12859816136931
  1071 1.45981774992021 2.26350398718963 3.84664622749573
  1073 1.38537410229418 1.40772215842755 3.48163526451710
  1091 0.86320723171331 0.37834009309282 1.30112850333722
  1096 0.89474158097109 0.03025558950047 1.07300710662161
  1097 1.12441554979986 0.35842093908256 0.54372305913370
  1098 1.92049164967954 2.88355014625854 3.30371575780314
  1100 1.48928433633388 2.26958487000041 3.44181125544052
  1101 1.01993249032727 2.23050614699783 3.41437552772677
  1105 1.86795332845303 1.15783080864274 3.62026471464581
  1106 1.80413168290694 0.62967717300991 3.44137287088327
  1109 1.91582182286573 3.33562178161994 3.51014024088200
  1113 0.92022482362030 2.58626759171414 0.08168917081289
  1115 1.01343460180006 2.34427689560466 0.00890152152407
  1120 1.59680015043154 3.54837408437318 3.79873218630521
  1121 1.79915570651835 3.98915614327656 3.97786478862553
  1122 0.70548182931838 2.50571792659297 3.78618063816420
  1123 0.83364980526946 2.30267057238535 3.74383077689239
  1124 0.90214885944654 0.71729085038392 3.42761004359046
  1125 1.26096125363119 0.36397681743164 3.35954642058448
  1127 1.46834465757075 0.57481541344434 3.22448860088813
  1128 1.17292209291540 0.94238762389334 3.24970039283675
  1131 1.63971447150430 1.70526454312161 0.54667658342062
  1133 2.52065945433598 2.06242253893876 0.17024681634937
  1134 2.08619480484025 2.21264047619928 0.35227502074061
  1135 2.24691674222837 1.34010758646167 0.04360588619641
  1136 1.89341158824279 1.17201081464088 0.43875804337542
  1137 2.14205685897355 1.72642632249312 3.97353455213566
  1138 1.83723224346113 1.92145012453402 0.17571143761219
  1140 2.56369122396378 2.46516980819454 3.14364659921516
  1141 2.72346189532668 2.60791221650659 2.72367327225931
  1142 0.83236874574615 0.94845623343568 1.04585548265912
  1143 0.91833231182619 1.01026538982288 0.60996395864909
  1145 2.11590622625232 2.66539450614111 3.09202194027361
  1146 2.28521194249033 2.90242887664008 2.67451214508277
  1147 1.14707060588306 0.71330501908438 0.71572076852000
  1148 1.01944502522486 0.73969026001654 1.08967054793315
  1164 3.27994032563840 1.66944779885887 2.54737394576038
  1166 3.08870087234052 1.86413358790686 2.31470563439131
  1167 3.57710866837793 1.97126283590766 2.55574276975760
  1168 3.32701112576648 2.14656660794775 2.30532769742793
  1169 2.22093472483390 3.85360579105724 0.90766109041173
  1170 2.54661662990678 3.75944415646356 0.67987348323657
  1172 2.38696199358441 0.06050433032796 0.36944543243843
  1173 2.11190009354881 0.13784947089704 0.54486737092032
  1174 0.20948531699919 1.11486504330328 1.50170007617109
  1176 0.41975027223085 0.83962194727668 1.19651869480309
  1177 3.76083776048470 1.27262527750203 1.22564435261445
  1205 3.10086868112989 3.95552534774555 1.22766629162979
  1206 3.26325688346589 0.17998059513394 1.22690184583451
  1212 3.24797298202068 3.80285480212433 1.34087283262637
  1213 3.45405599539309 3.96738996254072 1.37607348674833
  1229 1.07821140868964 1.51921841714033 1.96966922363303
  1238 0.95026584491264 1.38991460789580 1.27677217982938
  1239 1.27852838559940 1.41146883129138 1.56774020636377
  1332 1.74787166913460 1.89822434307414 0.94175863137743
  1333 1.96315912135643 1.74324541884948 1.25084337302634
  1335 1.62484121002620 1.82557194604450 1.40210774299058
  1336 1.58192140276569 2.03629292592946 1.10354249297562
  1337 1.46605599271901 2.94291521852204 2.04283108951318
  1339 1.29959046212966 2.66288514944391 1.71239740842081
  1345 1.38571133432002 2.64774105448943 2.45849304446469
  1346 1.23070054127885 2.29960559158110 2.18329842067739
  1352 2.11944531852703 3.20019142212322 0.96744169491162
  1354 2.17571237060171 2.95013408523796 1.30322432157333
  1355 1.86213724076561 2.98138506916734 0.80720316719363
  1356 1.85782465738977 2.69446190444905 1.08842750125244
  1377 2.32713108630961 3.66753513231308 3.64156498235143
  1378 2.24432260761479 3.93603863157517 3.81878278071148
  1385 2.43503688157537 0.13091542012403 3.55320445039315
  1386 2.50860765685916 3.88732182423263 3.40336237667793
  1395 3.72074063523223 1.31464375042700 0.56360694346936
  1396 3.94334545473184 1.04918209454330 0.41529124681891
  1400 3.68368343997287 1.13655046630593 0.88763383940767
  1401 3.90017148999177 0.89174033469492 0.73962639679611
  1437 0.46140965137755 1.52497474414503 1.61495080902608
  1439 0.48833822414184 1.54232272507924 1.74539707275618
  1440 0.38880880399438 1.65955842606248 1.58553777648679
  1441 0.41726435829229 1.70420976054464 1.75968105779148
  1450 2.51171355459408 2.82168495345429 0.01558441590414
  1451 2.66928463041964 3.06294448629359 0.12659973738843
  1455 2.51282424121332 2.92306196249007 3.78207463346219
  1456 2.64088591235668 3.13497952234570 3.85328768649005
  1458 1.02224217000634 1.59454818317580 1.02676107774776
  1459 1.24422942238235 1.90449750812928 0.83404876300000
  1460 0.87019832760034 1.89614388169615 0.80292059859960
  1461 1.00794035459547 2.06185190373603 0.75289789147913
edges 766
16      2      0
17      0      8
32     16     41
33     41     37
34     37     18
84     58     59
85     59     52
93     59     47
101     76     72
102     72     14
111     72     69
177    115     47
181     59      0
189    115      8
218    143    139
224    134    136
225    136    147
229    140    136
231    143    140
232    149    156
246    152    163
247    163    157
272    171    191
273    191    169
284    185      2
292    177    180
293    180    185
295    171     18
303    174    177
313    199    198
363    220    215
382    230    243
389    241    236
390    236    243
391    231    240
395    231    241
398    235    240
419    254    174
433    260    261
438    264    261
486     16    295
487    295    290
496    295    288
501    292    288
524    260    199
526     58    185
537    310    191
544    195    311
553    311    315
554    315    310
584    264    332
588    163    336
596    339    284
597    311    339
612    354    346
623    347    346
624    354    315
625    343    347
629    243    356
632    147    356
636    343    143
641    365    358
642    358    364
669    139    347
690    376    241
700    214    380
736     41    396
737    396    394
760     11    364
766    403    336
767    399    403
774    157    405
775    405    403
776    119    410
782    406    410
785    408    288
786    406    408
825    410    220
835    365    422
839    425    215
843    425    422
844    396    295
849    406    425
850    394    408
886    169    436
890    439    440
892    230    439
895    241    439
921    413    447
947    171    457
998     36    473
1021    156    481
1042    488    489
1045     36    488
1048     16    488
1049     14    489
1079    500    502
1081    231    500
1083    236    502
1086    198    502
1109    199    510
1112    149    510
1153    191    524
1172     69    529
1194    413    538
1214    544    545
1218     36    545
1220     37    544
1221     41    545
1242    149    553
1243    261    553
1256    557    559
1260    394    559
1261    354    557
1263    399    559
1289    568    569
1290    553    568
1292    332    568
1293    152    569
1294    134    569
1301    300    571
1307     52    573
1308    277    573
1333    581    582
1336    339    581
1337    403    582
1339    354    582
1355    230    587
1410    115    605
1431    545    611
1432    473    611
1476    115    625
1486    629    630
1487    396    629
1490    290    630
1491     98    630
1492    429    630
1507    635    636
1510    569    635
1512    429    636
1513    332    636
1525    343    640
1528    432    640
1540      2    645
1546    647    648
1547     98    647
1549    429    647
1550    413    648
1552    635    648
1553    649    650
1554    136    649
1557    356    650
1558    587    650
1559    380    650
1584      8    658
1586     11    658
1591    660    662
1595    513    662
1602    394    663
1605    399    663
1612    346    667
1614    582    667
1615    668    669
1617    519    668
1618    291    668
1619    636    669
1621    290    669
1631    673    674
1634    422    673
1635    405    674
1636    663    674
1637    425    674
1648    513    678
1649    605    678
1658    544    681
1660     11    681
1691    691    692
1692    481    691
1693    436    691
1694    231    691
1697    376    692
1705    695    696
1706    310    695
1707    557    695
1708    171    695
1710    559    696
1711     37    696
1716    139    698
1718    529    698
1729    432    701
1760    571    711
1761    538    711
1762    460    711
1779    717    718
1780    524    717
1781    436    717
1782    240    717
1784    174    718
1785    235    718
1800    723    724
1801    481    723
1802    510    723
1803    500    723
1806    195    724
1807    725    726
1808    356    725
1809    538    725
1811    380    726
1813    660    726
1839    735    736
1841    447    735
1842    291    735
1843    152    736
1844    635    736
1845    668    736
1846    737    738
1847    399    737
1850    696    738
1853    739    740
1855    701    739
1856    457    739
1859    169    740
1920    177    758
1922    760    761
1923    152    760
1924    649    760
1925    157    760
1927    380    761
1930    762    764
1932    214    762
1934    761    764
1935    215    762
1937    405    764
1980     98    777
1988    180    780
1989    718    780
1998    783    784
2001    645    783
2002    758    784
2004    185    784
2023    791    792
2024    510    791
2027    724    792
2028    698    792
2037    795    796
2038    726    795
2039    513    795
2040    447    795
2041    761    796
2043    735    796
2044    797    798
2045    169    797
2046    481    797
2048    315    798
2049    724    798
2050    347    798
2051    799    800
2054    447    799
2055    571    800
2056    777    800
2057    413    800
2077    605    806
2106    816    817
2108    762    816
2110    667    817
2111    764    817
2117    581    819
2118    519    819
2119    336    819
2126    625    821
2130    519    822
2133     72    822
2142    358    826
2173    826    837
2176    300    837
2177    838    839
2178    439    838
2180    235    838
2181    440    839
2182    826    839
2183    254    839
2192    842    844
2196     76    844
2199    292    844
2208    660    847
2210    214    847
2232    822    854
2233    291    854
2270    277    866
2278    869    870
2281    406    870
2283    777    869
2284    365    870
2286    513    871
2287    799    871
2296    581    874
2297    822    874
2298     69    874
2307    799    877
2308    869    877
2318    838    881
2322    882    883
2324    758    882
2325    260    882
2326    473    883
2328    264    883
2329    884    885
2331    881    884
2332    235    884
2333    277    885
2335    780    885
2352    254    890
2377    899    900
2378    663    899
2380    629    899
2381    673    900
2391    903    904
2392     98    903
2394    900    903
2395    777    904
2396    837    904
2397    365    904
2399    140    905
2401    156    905
2405    907    908
2407    866    907
2409    220    908
2411    816    908
2412    909    910
2413    791    909
2414    783    909
2416    199    910
2417    784    910
2419    911    912
2420    432    911
2424    881    912
2425    230    912
2426    913    914
2427    432    913
2429    740    913
2430    343    914
2431    905    914
2432    797    914
2433    915    916
2434    611    915
2435    890    915
2437    544    916
2439    738    916
2440    917    918
2442    519    917
2443    489    917
2444    264    918
2445    669    918
2446    488    918
2451     18    920
2454      2    920
2456    922    923
2458    911    922
2459    903    922
2461    881    923
2462    837    923
2470    926    927
2472    877    926
2473    291    926
2474    288    927
2475    869    927
2476    290    927
2478    780    928
2479    920    928
2480    524    928
2495    758    933
2513    502    938
2521    941    942
2523    842    941
2524    806    941
2525    926    942
2526    844    942
2527    854    942
2538    946    948
2540    174    946
2542    890    948
2543    436    946
2545    692    948
2549    261    949
2556    890    952
2557    440    952
2558    376    952
2562    954    955
2564    949    954
2565    917    954
2566    284    955
2568    819    955
2571    957    958
2573     14    957
2574     76    958
2576     16    957
2577    292    958
2578    959    960
2579    806    959
2580     47    959
2583     61    960
2584    862    960
2602    740    966
2603    946    966
2604    933    966
2615    970    971
2617    933    970
2618    883    970
2619    429    971
2621    332    971
2625     36    972
2628     11    972
2638    977    978
2641    573    977
2642    842    978
2644    119    978
2649    739    980
2652    933    980
2654    982    983
2655     18    982
2656    957    982
2657    645    982
2658    457    983
2659    958    983
2662    783    984
2663    980    984
2664    983    984
2679    364    989
2680    972    989
2690    284    992
2696    571    995
2702    997    998
2704    605    997
2705    658    998
2707    871    997
2708    364    998
2711   1000   1001
2714    992   1001
2716    847   1000
2717    662   1001
2718   1002   1003
2719    877   1002
2720    997   1002
2721    941   1002
2722    870   1003
2723    998   1003
2724    119   1003
2740    905   1007
2743   1010   1011
2744    489   1010
2746    972   1010
2747    954   1011
2748    992   1011
2756    376   1012
2759   1015   1016
2760   1011   1015
2762    662   1015
2763    989   1016
2764    995   1016
2765    871   1016
2770    629   1018
2771    970   1018
2772    611   1018
2773   1019   1020
2774    649   1019
2775   1007   1019
2776    157   1019
2777    587   1020
2779    673   1020
2780   1021   1022
2781    911   1021
2782   1020   1021
2783    900   1021
2784    913   1022
2785   1007   1022
2788    980   1023
2790    971   1023
2798    678   1026
2799   1001   1026
2800    625   1026
2805    737   1028
2808    336   1028
2811   1030   1032
2813    899   1030
2815    737   1032
2816   1022   1030
2828   1036   1037
2829    955   1036
2830   1028   1036
2832    949   1037
2834   1012   1037
2835   1038   1039
2836    966   1038
2837   1030   1038
2838   1018   1038
2839    948   1039
2840   1032   1039
2841    915   1039
2843    847   1040
2845   1012   1040
2853    645   1043
2856     14   1043
2863    198   1047
2866    711   1047
2867   1048   1049
2868   1010   1048
2869   1043   1048
2870      8   1048
2871    992   1049
2873    625   1049
2874   1050   1051
2875   1015   1050
2877    949   1050
2878    995   1051
2879   1047   1051
2880    260   1051
2898   1057   1059
2900     76   1057
2902    984   1059
2905   1023   1059
2906   1060   1061
2907    660   1060
2908   1050   1060
2909   1012   1060
2910    725   1061
2911   1047   1061
2912    236   1061
2942    960   1071
2950    346   1073
2953    908   1073
3006    681   1091
3007    920   1091
3020   1096   1097
3021      0   1096
3022   1091   1096
3023    658   1096
3024    573   1097
3026    119   1097
3028    862   1098
3029   1057   1098
3030    529   1098
3034   1100   1101
3035    139   1100
3036   1071   1100
3037    529   1100
3038    667   1101
3040    874   1101
3050   1105   1106
3051    866   1105
3052   1073   1105
3053    640   1105
3054    977   1106
3056    701   1106
3067    862   1109
3070   1057   1109
3077    678   1113
3080    806   1113
3083   1071   1115
3084   1113   1115
3098   1120   1121
3099    842   1120
3100   1109   1120
3101    959   1120
3102    977   1121
3104     52   1121
3105   1122   1123
3106    854   1122
3107    796   1122
3108   1113   1122
3109   1101   1123
3110    817   1123
3111   1115   1123
3112   1124   1125
3115    410   1124
3116    978   1125
3118    408   1124
3119    292   1125
3121   1127   1128
3122    457   1127
3123   1125   1127
3124   1106   1127
3125    557   1128
3126   1124   1128
3127   1073   1128
3139   1133   1134
3141    147   1133
3142     61   1134
3144    243   1133
3145    938   1134
3146   1135   1136
3147    912   1135
3149    640   1135
3150    884   1136
3151   1131   1136
3152    866   1136
3153   1137   1138
3154   1135   1137
3155   1133   1137
3156    143   1137
3157   1131   1138
3158   1134   1138
3159   1071   1138
3162   1140   1141
3164    140   1140
3165    149   1141
3167    134   1140
3168    568   1141
3169   1142   1143
3173    907   1143
3176    220   1143
3178   1145   1146
3179   1098   1145
3180   1140   1145
3181    698   1145
3182   1059   1146
3183   1141   1146
3184    791   1146
3185   1147   1148
3186   1097   1147
3187   1143   1147
3188    277   1147
3189   1091   1148
3190   1142   1148
3191    928   1148
3241   1164   1166
3243   1007   1164
3245    156   1166
3246   1032   1164
3248    692   1166
3249   1167   1168
3250   1028   1167
3251   1164   1167
3252    163   1167
3253   1037   1168
3254   1166   1168
3255    553   1168
3256   1169   1170
3259     58   1169
3260    460   1170
3262    180   1169
3263    300   1170
3265   1172   1173
3266    923   1172
3267   1170   1172
3269    885   1173
3270   1169   1173
3271     52   1173
3273   1174   1176
3275    916   1174
3277    681   1176
3280   1142   1176
3282   1040   1177
3283   1174   1177
3284    952   1177
3370   1205   1206
3372    177   1205
3373    254   1206
3375    300   1205
3376    826   1206
3393   1212   1213
3394    882   1212
3395    995   1212
3396   1205   1212
3397    473   1213
3398    989   1213
3399   1206   1213
3446    311   1229
3449    310   1229
3475   1238   1239
3476   1142   1238
3479    524   1239
3480   1229   1239
3777   1332   1333
3780    938   1332
3781    500   1333
3783   1131   1332
3784    240   1333
3786   1335   1336
3787   1239   1335
3788   1333   1335
3789    195   1335
3791   1332   1336
3792    821   1336
3794   1337   1339
3796    909   1337
3798    821   1339
3799   1043   1337
3801   1049   1339
3818   1345   1346
3819   1337   1345
3820     69   1345
3821    792   1345
3822   1339   1346
3823    339   1346
3824    195   1346
3842   1352   1354
3844    460   1352
3846    198   1354
3847     58   1352
3849    910   1354
3850   1355   1356
3851     47   1355
3852   1352   1355
3853     61   1355
3854    821   1356
3855   1354   1356
3856    938   1356
3921   1377   1378
3925   1172   1378
3927   1109   1377
3928   1121   1378
3946   1385   1386
3947    922   1385
3948   1378   1385
3949    701   1385
3950    647   1386
3951   1377   1386
3952   1023   1386
3978   1395   1396
3980    587   1395
3981    214   1395
3983    422   1396
3984    215   1396
3994   1400   1401
3995   1395   1400
3996    440   1400
3997   1177   1400
3998   1396   1401
3999    358   1401
4000   1176   1401
4114   1437   1439
4116   1238   1437
4118   1229   1439
4119   1174   1437
4121    738   1439
4122   1440   1441
4123   1040   1440
4124   1437   1440
4125   1000   1440
4126   1036   1441
4127   1439   1441
4128    284   1441
4154   1450   1451
4155    147   1450
4157     61   1450
4158    538   1451
4160    460   1451
4170   1455   1456
4171    862   1455
4172    134   1455
4173   1450   1455
4174   1377   1456
4175    648   1456
4176   1451   1456
4179   1458   1459
4181    907   1458
4182   1131   1459
4184   1238   1458
4185   1336   1459
4186   1460   1461
4187   1000   1460
4188   1458   1460
4189    816   1460
4190   1026   1461
4191   1459   1461
4192   1115   1461
polygons 447
0   1540   2451   2454   2655   2657
3     16     17   1540   2853   2869   2870
4     16   2454   3007   3021   3022
5   2573   2656   2657   2853   2856
7     32     33     34   2576   2655   2656
10   1584   1586   2628   2746   2868   2870
11     17   1584   3021   3023
13   1586   1660   3006   3022   3023
15   1214   1218   1658   1660   2625   2628
16   1049   2744   2856   2868   2869
17   1042   1048   1049   2573   2576
18     32   1045   1048   1218   1221
19     34   1220   1658   2451   3006   3007
21   1042   1045   2625   2744   2746
22     33   1214   1220   1221
23   3844   3852   3853   4154   4157   4160
27   3260   3267   3921   3925   4160   4174   4176
28     84     85   3259   3270   3271
29   3256   3259   3260   3844   3847
30   3104   3265   3271   3925   3928
31   2578   2584   3067   3100   3101
32     85     93   2580   3098   3101   3104
33     93     84   3847   3851   3852
34   2578   2580   2583   3851   3853
36   2583   2584   4157   4171   4173
37   2574   2659   2664   2898   2900   2902
38    101    102   2571   2573   2574
39   2001   2414   2853   3796   3799
40   2023   2413   3796   3819   3821
42    102    111   2856   3799   3819   3820
43   2413   2414   2662   2902   3182   3184
44   1172   1718   2028   3820   3821
45    111    101   1172   2900   3029   3030
47   1486   1492   2615   2619   2770   2771
48   2380   2770   2813   2837   2838
49   1491   1492   1547   1549
51   2394   2458   2459   2781   2783
54   1547   2392   2459   3946   3947   3950
56   1729   2420   2458   3947   3949
57   1549   2619   2790   3950   3952
58   1853   2602   2604   2649   2652
60   2420   2427   2780   2781   2784
61   1729   1853   1855   2427   2429
62   2429   2602   2784   2816   2836   2837
63   1486   1491   2377   2380   2392   2394
67    177   1410   2077   2579   2580
68   1307   2641   3102   3104
69     85    181   1307   3020   3021   3024
70   2638   2641   2644   3024   3026
71    177    189     17    181     93
73    189   1410   1584   2702   2704   2705
75   2638   2642   3098   3099   3102
76   2523   2524   2579   3099   3101
77   2523   2642   2644   2718   2721   2724
78   2705   2723   2724   3020   3023   3026
81   2077   2524   2704   2720   2721
82   2583   2942   3142   3158   3159
83   1716   1718   3035   3037
84    218   3035   3036   3153   3156   3159
85   3139   3141   3142   4155   4157
86   2584   2942   3028   3030   3036   3037
87    224    225   4155   4172   4173
88    229    224   3164   3167
89   3028   3167   3179   3180   4171   4172
90    218    231   1716   3164   3180   3181
91    229    231    225   3141   3155   3156
92    232   1242   3245   3254   3255
93    232   2399   2401   3162   3164   3165
94   1242   1290   3165   3168
95    246    247   1923   1925
96    224   1293   1294   1554   1923   1924
97   1924   1925   2774   2776
100   1289   1294   3162   3167   3168
101    246   1289   1290   1293   3249   3252   3255
102   2401   2740   3241   3243   3245
103    247   2775   2776   3243   3251   3252
104    229   1554   2399   2740   2774   2775
107   1856   2649   2658   2663   2664
108    272    273    947   1853   1856   1859
109    273    886   1153   1780   1781
110    886   1859   2543   2602   2603
111    284   1540   1998   2001   2004
112    292    293   1920   2002   2004
114    295    272   1153   2451   2479   2480
115    295    947   2654   2655   2658
119    303   1920   2495   2540   2603   2604
121   1779   1780   1989   2478   2480
122    292    303   1784   1988   1989
123   1779   1781   1784   2540   2543
124    284    293   1988   2454   2478   2479
125   1998   2002   2495   2652   2662   2663
126    313   1079   1086   1109   1802   1803
127   1800   1803   1806   3781   3788   3789
128   1086   2513   3846   3855   3856
129   1109   2024   2412   2413   2416
130   1806   2027   3818   3821   3824
131   2412   3794   3796   3798   3849   3854   3855
133   3786   3789   3792   3798   3822   3824
134    313   2416   3846   3849
135   1932   2108   2210   2716   4187   4189
136   2210   2843   3282   3981   3995   3997
139   3273   3280   3476   4116   4119
141   2405   2411   4181   4188   4189
143   3169   3173   3476   4181   4184
145    363   3169   3176   3280   3984   3998   4000
146   2405   2409   3173   3176
148   1932   1935   3978   3981   3984
149    363   1935   2108   2409   2411
150   4116   4124   4125   4184   4187   4188
151   2578   2579   2942   3080   3083   3084
152   1172   2298   3034   3037   3040
154   3028   3029   3067   3070
155   2192   2196   2900   3070   3099   3100
156    101   2133   2196   2232   2526   2527
159    111   2133   2297   2298
160    892   2178   2318   2424   2425
161    382   2425   3144   3147   3154   3155
162    389    390    382    892    895
163    391   1081   3781   3784
164    395    398    391    895   2178   2180
165    389    395   1079   1081   1083
166    390   1083   2513   3139   3144   3145
167   2331   2424   3146   3147   3150
169    398   2332   3150   3151   3777   3783   3784
171   2180   2318   2331   2332
173   1432   2352   2434   2435   3373   3397   3399
174   1920   2324   3372   3394   3396
176    419    303   3370   3372   3373
178    419   2352   2538   2540   2542
179   2435   2542   2839   2841
180   1432   2326   2618   2771   2772
181   2434   2772   2835   2838   2841
182   2325   2878   2880   3394   3395
183    433   2549   2874   2877   2880
184    438    433   2322   2325   2328
185    438   2440   2444   2549   2564   2565
186   2443   2565   2743   2744   2747
187   2564   2747   2760   2875   2877
188    998   2625   2680   3397   3398
191    998   1045   2326   2328   2444   2446
192   1528   1729   3050   3053   3056
193   2270   2329   2333   3150   3152
194   2456   3266   3925   3947   3948
195   1307   1308   2333   3269   3271
199   1308   2270   2641   3050   3051   3054
200   3054   3056   3102   3928   3948   3949
201   2714   2717   2748   2760   2762
202   2690   2711   2714   4122   4125   4128
203   2832   2834   2877   2908   2909
204   2208   2843   2845   2907   2909
205   2566   2829   4126   4128
207   2562   2566   2690   2747   2748
210   2196   2199   2574   2577
211    486    487   1048   1621   2445   2446
212    102   1049   2130   2133   2442   2443
213   1617   1618   2130   2232   2233
214   1615   1618   1621   2470   2473   2476
215    487    496   2474   2476
216   2233   2473   2525   2527
217    501    496    486   2571   2576   2577
219    501   2199   2470   2474   2525   2526
223   1301   2696   3375   3395   3396
224   1760   2696   2866   2878   2879
226   1301   1760   1762   3260   3263
227    292   3256   3262   3263   3372   3375
228   1762   2863   2866   3842   3844   3846
230    524   2002   2324   2325   2416   2417
231    313    524   2863   2879   2880
234    526   2004   2417   3842   3847   3849
235    293    526   3259   3262
240    537   1153   3449   3479   3480
241   1780   1782   3479   3784   3787   3788
243    544   3446   3480   3787   3789
244   1081   1692   1694   1801   1803
246    391   1693   1694   1781   1782
248    553    554   3446   3449
249    554    273    537   2044   2045   2048
250    544    553   1806   2048   2049
251    886   1692   1693   2045   2046
253   2039   2040   2054   2286   2287
254   1841   1842   2054   2307   2472   2473
255   1842   2043   2233   3106   3107
257   2472   2521   2525   2719   2721
258   1648   1649   2286   2704   2707
261   1293   1510   1843   1844
262   1289   1292   1507   1510   1513
263    438    584   1243   1290   1292
264    584   1513   1619   2444   2445
265    588   2808   3250   3252
266   1243   2549   2832   3253   3255
267   2119   2568   2808   2829   2830
268    588    246   1617   1843   1845   2118   2119
269   1507   1615   1619   1844   1845
270   2126   2873   3798   3801
271   2714   2799   2800   2871   2873
272    596   2690   2871   3801   3822   3823
273    544    597   3823   3824
274    596    597   3446   4118   4127   4128
275   1525   1528   2426   2427   2430
276    537    272   1706   1708
277   1859   2045   2426   2429   2432
279    612   1261   2950   3125   3127
280    947   1707   1708   3121   3122   3125
281   1855   1856   3056   3122   3124
284    623    612    624   2048   2050
285    625   2044   2050   2430   2432
286    623    625   1525   2950   3052   3053
287    624    554   1261   1706   1707
289   1355   2419   2425   2777   2781   2782
290    382    629   1355   1557   1558
291    632    629   3141   3144
294    636   1525   3149   3154   3156
295    231    636   2399   2430   2431
296    632    225   1553   1554   1557
297    641   2142   2173   2396   2397
298    642   2142   2679   3376   3398   3399
299    641    642   2284   2708   2722   2723
300   2679   2702   2707   2708   2763   2765
301   1301   2055   2056   2176   2395   2396
302   2051   2055   2287   2696   2764   2765
303   2173   2176   3370   3375   3376
304   2278   2283   2284   2395   2397
305   2270   2407   3173   3187   3188
306   2333   2335   2478   3185   3188   3191
307   3783   3791   4182   4185
309   1785   1989   2329   2332   2335
310   2480   3190   3191   3475   3476   3479
311   2407   3151   3152   4179   4181   4182
313    398   1779   1782   1785
314   1021   2046   2401   2431   2432
315    669   1716   2027   2028   2049   2050
316   1112   2024   3165   3183   3184
319    232   1021   1112   1801   1802
320    669    218    636    625
322   3142   3145   3850   3853   3856
323   1083   1086   2863   2911   2912
326   1761   1762   4158   4160
327   1761   1809   2866   2910   2911
328    629    390   1808   2910   2912
329    632   1808   1809   4154   4155   4158
331   1292   2621   2790   2905   3168   3182   3183
332   1512   1513   2619   2621
333   1294   1510   1552   4170   4172   4175
334    690    389   2756   2906   2909   2912
335   1557   1559   1807   1808   1811
336   1807   1813   2906   2907   2910
338    890    892   1355   3980   3995   3996
339    700   1558   1559   3980   3981
341   2558   2756   2845   3282   3284
342    690    890    895   2557   2558
343    700   1811   1813   2208   2210
345   2557   3284   3996   3997
348   1846   2433   2439   2815   2840   2841
349   2545   2839   2840   3241   3246   3248
350   2805   2815   3246   3250   3251
351   1697   2756   2834   3248   3253   3254
352   2439   3275   4114   4119   4121
353   1697   2542   2545   2556   2558
354   1846   2805   2830   4121   4126   4127
355    433    524   1109   1112   1242   1243
358    584   2328   2615   2618   2621
360   1263   1710   1846   1847   1850
361   1220   1711   1850   2437   2439
362   1260   1263   1602   1605
363     33    736    737   1260   1710   1711
364    736   1221   1431   1487   2770   2772
365    737   1487   1602   2378   2380
369   1605   1847   2378   2811   2813   2815
372   1410   1476   1649   2798   2800
373   3083   3157   3159   4182   4191   4192
376    177   1476   2126   3850   3851   3854
378    189   1476   2867   2870   2873
380   1595   2286   2759   2762   2765
382    760   1586   2705   2708
384   1595   1648   2717   2798   2799
386    760   2628   2679   2680
387    597    553    624   1333   1336   1339
388    596   1336   2117   2566   2568
389    766   1333   1337   2117   2119
390    767   1256   1261   1263   1337   1339
391    766    767   1847   2805   2808
393   1705   1706   1850   3449   4118   4121
395   2785   2811   2816   3243   3246
397   2381   2779   2782   2783
398    774   1631   1635   2773   2776   2779
399    775    767   1605   1635   1636
400    774    247    588    766    775
401    776   2644   3112   3115   3116
402    782    776   2281   2722   2724
403   2192   2199   2642   3116   3119
404    785    501   3112   3118   3119
405    782    786   3115   3118
406    786    785   2278   2281   2474   2475
407   2308   2470   2472   2475
408   1194   1760   1761   2055   2057
409   1194   1550   4158   4175   4176
411   1546   1547   1550   1980   2056   2057
412   2176   2462   3263   3266   3267
414   1980   2391   2392   2395
417   1612   2106   2110   2411   2950   2953
418    623    669   1612   3034   3035   3038
420   1591   1595   1813   2038   2039
422    921   2051   2054   2057
423    921   1194   1807   1809   2038   2040
424   1934   2041   2111   3105   3107   3110
425    774   1922   1925   1934   1937
426   1839   1843   1922   1923   2041   2043
427   1333   1614   2296   3038   3040
428   2117   2118   2130   2296   2297
429   1618   1839   1842   1845
430    775   1337   1614   1937   2110   2111
432   2638   3054   3116   3123   3124
434   2577   2658   2659   3119   3122   3123
436   1553   1559   1922   1924   1927
437   1811   1927   2037   2038   2041
439    921   1550   1552   1839   1841   1844
440   1490   1492   1512   1619   1621
441   1490   1491   1980   2283   2475   2476
444   1336   2296   2298   3818   3820   3823
445   1988   2335   3262   3269   3270
446   1308   3024   3186   3188
447    284    526     84    181     16
449    776    825   3026   3176   3186   3187
450    825   2409   2953   3115   3126   3127
454   2173   2177   2182   2318   2461   2462
456   1634   2777   2779   3978   3980   3983
458    835   1634   2381   2391   2394   2397
460   2142   2181   2182   3994   3996   3999
461    641    835   3983   3998   3999
462    839   1635   1637   1930   1935   1937
463    700   1927   1930   1932   1934
466    839    843   3983   3984
467    843   1631   1634   1637
468    844    487   1486   1487   1490
469     32    486    844    736
470    998   1218   1431   1432
473   2181   2183   2352   2556   2557
474    419   1784   1785   2177   2180   2183
475    395    690   1691   1694   1697
477   1021   1691   1692   3245   3248
478   2182   2183   3373   3376
479    786    849    850   1602   1636   1637
480    850    737    844    496    785
481    835    843    849   2281   2284
482    760    642   1660   3277   3999   4000
483   3006   3189   3190   3277   3280
484    363    839    849    782    825
485    850   1256   1260   3118   3125   3126
486     34    295   1705   1708   1711
488   1658   2437   3273   3275   3277
489    612   1339   1612   1614
491   1507   1512   1546   1549   1552
492   1528   2419   2420   3147   3149
493   1691   1693   2538   2543   2545
494    890   2177   2178   2181
495   2118   2442   2562   2565   2568
496   1591   2762   2875   2907   2908
497   1841   2037   2040   2043
501   1546   3950   3951   4174   4175
503   2322   2326   3393   3394   3397
506   1800   1801   2044   2046   2049
508   1042   2440   2443   2446
510   2798   3077   3084   4190   4192
511   2110   3038   3109   3110
512   1079   2513   3777   3780   3781
515   1800   1802   2023   2024   2027
516   1648   2037   2039   3077   3107   3108
518   1615   1617   2440   2442   2445
521   1718   3030   3179   3181
523   2001   2654   2657   2662   2664
524   1214   1431   2433   2434   2437
525   2287   2307   2707   2719   2720
527   1256   1705   1707   1710
531   1553   1558   2773   2774   2777
533   1855   2649   2788   3946   3949   3952
536   1649   2077   3077   3080
539   2126   2800   3792   4185   4190   4191
541   3051   3053   3146   3149   3152
542   2023   2028   3178   3181   3184
544   1591   2208   2711   2716   2717
545   1631   1636   2377   2378   2381
547   2051   2056   2283   2307   2308
548   2716   2843   4123   4125
552   2106   3110   3111   4186   4189   4192
553   3780   3791   3792   3854   3856
554   2329   2331   2461   3265   3266   3269
555   2322   2324   2495   2617   2618
556   1930   2106   2108   2111
558   1998   2412   2414   2417
559   3067   3927   4170   4171   4174
562   2521   2524   2527   3080   3106   3108
564   2232   2297   3040   3105   3106   3109
565   2405   2407   2953   3051   3052
566   3145   3157   3158   3780   3783
567   2391   2396   2456   2459   2462
568   2192   2521   2523   2526
571   2426   2431   2740   2784   2785
572   2278   2308   2718   2719   2722
573   2419   2424   2456   2458   2461
574   2377   2780   2783   2813   2816
575   2433   2435   2556   3275   3283   3284
576   2604   2617   2771   2836   2838
577   2479   3007   3189   3191
578   2615   2617   2652   2788   2790
580   2538   2603   2835   2836   2839
581   2562   2564   2828   2829   2832
582   2571   2654   2656   2659
583   2763   2764   3393   3395   3398
584   2680   2743   2746   2759   2760   2763
585   2663   2788   2902   2905
586   2743   2748   2867   2868   2871
587   2759   2764   2874   2875   2878
588   2702   2718   2720   2723
589   2711   2799   4186   4187   4190
590   2898   2905   3070   3927   3951   3952
591   2773   2775   2780   2782   2785
592   2828   2834   2845   4122   4123   4126
593   2828   2830   3249   3250   3253
594   2811   2835   2837   2840
595   3282   3283   4119   4123   4124
596   2867   2869   3794   3799   3801
597   2874   2879   2906   2908   2911
599   2898   3029   3178   3179   3182
600   3020   3022   3185   3186   3189
602   3034   3036   3083   3109   3111
603   3050   3052   3121   3124   3127
609   3098   3100   3921   3927   3928
610   3084   3105   3108   3111
612   3112   3121   3123   3126
613   3146   3151   3153   3154   3157
614   3139   3153   3155   3158
615   3162   3178   3180   3183
616   3169   3185   3187   3190
620   3241   3249   3251   3254
621   3256   3265   3267   3270
622   3273   3283   3994   3997   4000
628   3370   3393   3396   3399
630   3475   3786   3787   4179   4184   4185
631   3475   3480   4114   4116   4118
652   3777   3786   3788   3791
653   3794   3818   3819   3822
656   3842   3850   3852   3855
661   3921   3946   3948   3951
663   3978   3994   3995   3998
671   4114   4122   4124   4127
673   4154   4170   4173   4176
674   4179   4186   4188   4191
cells 64
0      0      3      4      5      7     10     11     13     15     16     17     18     19     21     22
1     23     27     28     29     30     31     32     33     34     36    559    609    621    673
2     37      5     38     39     40     42     43     44     45    521    523    542    582    599
3     47     48     49     51     54     56     57     58     60     61     62     63    533    574    576    578
4     32     67     68     69     70     11     71     73     75     76     77     78     81    588
5     82     83     84     85     86     36     87     88     89     90     91    521    614
6     92     93     94     95     96     97     88    100    101    102    103    104    620
7    107    108     58    109    110    111    112    114    115    119    121    122    123    124      0    125    523
8    126    127    128    129    130    131     40    133    134    512    515    553    652    653
9    135    136    139    141    143    145    146    148    149    150    548    595    622    663
10    151    152     86     45    154     76    155    156     31    159    562    564    568    602    610
11    160    161    162    163    164    165    166    167    169    171    512    566    613    614
12    173    174    176    178    179    119    180    181    503    555    576    580    628
13    182    183    184    185     21    186    187    188    191    503    508    583    584    587
14    167    192    193    194     56    195     30    199    200     68    492    541    554    573
15    201    202    203    204    205    187    207    496    544    548    581    592
16     17    210     38    211    212    213    214    215    156    216    217    219    508    518
17    182    223    174    224    226    227     29    228    230    231    112    134    234    235
18    240    241    163    243    127    244    246    109    248    249    250    251    506
19    253    254    255    216    257    258     81    497    516    525    536    562
20    261    262    263    264    185    265    266    267    268    269    101    495    518    581    593
21    270    271    243    272    202    133    273    150    274    539    589    630    631    671    674
22    275     61    276    249    108    277    279    280    281    284    285    286    192    287    603
23    289    104    290    291    275    294     91    295    296    161     60    492    531    571    591
24    297    298    299    223    300    301    302    303    304    525    547    572    583    588    628
25    121    241    305    169    193    306    307    143    309    310    311    313    616    630    652
26    314    285    315    316     93    319    320    295     90    506    515    542    615
27     85    322     23    228    128    323    326    327    328    329    166    291    656
28    331    154     57    332    333    100     89    262    491    501    559    590    599    615
29    162    334    328    290    335    336    338    339    341    342    343    204    136    345
30    348    349    350    351    179    352    353    341    354    575    592    593    595    620    671
31    129    355    125    331    230    184     43    316     94    358    263    555    558    578    585
32    360    361    362    363    364    365    348     48     22    369    181    524    594
33    322     82    372    307    373    376     34     67    151    510    536    539    553    566
34    372     73    378    380    271     10    258    382    384    201    386    300    584    586
35    387    388    389    390    391    360    267    393    274    205    354    287    248    527
36    395    103    391    369    265    350    397    398    399    400    545    574    591
37     77    401    402    403    404    405    406    257    219    407    568    572
38    408    326    409    411    412    226    414    194     27     54    301    501    567    661
39    311    417    286    373    418    141    294     84    320    511    541    552    565    602    613    674
40    224    336    380    253    302    408    420    422    423    327    496    587    597
41    424    425    426     95    427    428    213    255    429    430    389    400    268    511    564
42    155     37    432    210     75    403    107    200    281    434    533    585    590    609    661
43    436    437    335    439    261    426    423    333    409    296     87     96    329    497    673
44    429    439    269    440    422    254    411    441    214     49    407    491    547
45    428    212    388    272    444    159     42    207     16    186    495    586    596    653
46    445    195     28     69    446      4    235    124    447    306    577    600
47    401    432    199    305    446     70    449    450    146    565    603    612
48    454     51    297    289    160    456    397    458    338    460    461    494    567    573    663
49    456    398    462    148    463    339    425     97    436    466    467    531
50    468    440    211    191    358    364     47     18    469    264    470    332    180
51    353    178    473    474    246    475    123    164    342    313    493    494
52    351    334    266    355    475    231    323    126     92    244    203    183    319    477    165    597
53    445    227    122    474    309    412    171    454    478    303    176    554    621
54    270      3    378    447     71    376     33    111     39    131    234    558    596    656
55    424    384    135    437    420    343    463    510    516    544    552    556    589    610
56    441    406    479    480    468    215    365    414    304    458     63    481    467    545
57    482    483    466    299    382    449     13    402     78    461    145    484    481    600    616
58      7    280    434    363    480    485    404    469    217    486    115    527    582    612
59    477    314    102    277     62    251    349    395    110    493    571    580    594
60    139    483    393    488    352    361    276    240    114    486     19    310    577    631
61     15    482    478    473    460    488    345    470    173    298    188    386    524    575    622
62    387    489    427    130     44    418    315     83    444    273    284    152    250
63    149    484    450    390    489    279    362    485    417    479    405    462    430    399    556
