vertices 383
     0 1.09587692263202 3.73421233133597 1.21078045796281
     2 1.48316089698871 3.90970152769372 1.75039585702644
     8 0.98641274706471 3.62547490350543 1.21235563241022
    11 0.34737036575770 0.01534285097512 1.20861982653278
    14 0.95500093426518 3.43027907132866 2.30531877934716
    16 0.39337131827620 0.00605647336868 2.47035373746169
    18 1.23501055789994 0.35860972418238 2.07632807102435
    36 3.99531060952309 3.96040640176235 1.85441237985168
    37 0.58801654493775 0.47735074359723 2.17552035965483
    41 0.33599326594313 0.14603771274875 2.41924123711706
    47 1.53596332592701 3.17251687913682 0.71351880620758
    52 1.75817320023682 0.06392711231426 0.35804153268419
    58 1.95498594029059 3.59175411162316 1.02544574658353
    59 1.62930614909044 3.58449142899948 0.84482261037777
    61 1.97828030320651 2.69138280942673 0.24569778189828
    69 1.14239494478497 2.75951756832977 2.82995253696430
    72 1.04149610707474 2.96398672274600 2.82670998049432
    76 1.26674881384254 3.48763985777825 3.06755923147271
    98 3.19469535360256 0.04626301187574 3.49412590763909
   115 1.14234986534923 3.09489781758117 0.87930927094445
   119 0.88537070742068 0.29776598234851 0.24296302950381
   134 2.72194006579743 2.54261844747324 3.38031082175548
   136 2.76056493120030 2.19272602808982 3.54423784784078
   139 1.75061871029356 2.00395495107212 3.23492465393799
   140 2.50892502970748 2.03737739576736 3.25748703794616
   143 2.10843734058109 1.79114020917797 3.36797050069781
   147 2.63897142255695 2.20436171141566 0.05435913421792
   149 2.75793863687979 2.41389119526983 2.40993247898467
   152 3.52477212101448 2.53362515819331 3.17024100710706
   156 2.74858863168013 1.95015703519647 2.38414852207494
   157 3.59099674178690 1.98425235806326 3.25068347242907
   163 3.67805725942469 2.12410026186644 2.90545239382528
   169 2.01730250021355 0.98809540797769 2.35895170888779
   171 1.41208029604893 0.78160101017827 2.32891823497979
   174 2.40397106857560 0.53316205891660 1.65584957782257
   177 2.36034519074650 0.09827481896826 1.59790433648418
   180 2.16292609134321 0.07228624649936 1.47453091154213
   185 1.95418770548012 3.81964537960598 1.58238446866142
   191 1.50600189146709 0.91152353317248 2.24107683821187
   195 1.35210525184838 2.09118194621165 2.14525345571456
   198 2.53198527240900 2.72526115457471 1.43228447343081
   199 2.55121814777124 2.85392724486782 1.76566796528292
   214 3.91336250541045 1.76943441430928 0.53517342985788
   215 0.31485321943002 1.16773157128317 0.13876489046713
   220 0.62143138838997 1.10035186632825 0.17940412740311
   230 2.84642383076695 1.50268365143591 0.34217101786927
   231 2.37036355460084 1.79503976012480 1.39760086569326
   235 2.24876614050795 1.08427690061913 0.98227450827087
   236 2.66002246595176 2.04880147352382 1.09420725515575
   240 2.10673193502713 1.49124610602239 1.28738429776174
   241 2.69098989573348 1.84164656332514 1.19233000352405
   243 2.70314162970817 1.99218283236727 0.31928117346059
   254 3.10164198435753 0.57530333276421 1.34856534644057
   260 2.92178562314732 2.95203406864533 1.78859016923466
   261 3.15258543345930 2.80682429365738 2.04283518775718
   264 3.26604316262007 3.17287865125305 2.27183038663683
   277 1.67315708458290 0.72691357951601 0.53019080766798
   284 0.55946274928853 2.16781516937150 1.98600279961184
   288 0.33418642249842 0.10632084382629 3.04915941349251
   290 0.00626850981767 3.88188512000993 3.08515023174883
   291 0.17307398704492 2.99980877226579 3.34723918619432
   292 1.07680074691561 3.89306156631871 3.07183219580615
   295 0.22492704361173 0.10233205910100 2.88537466180670
   300 2.94120568595043 3.81669582855234 0.78591237066654
   310 1.17620469673039 1.24073158726266 2.33769522960459
   311 1.14291819372432 1.88678834995660 2.21814688140020
   315 1.24632144213387 1.55570479821615 2.52498490625084
   332 3.12623358659506 3.13892825188478 2.64526810988214
   336 0.05530787906059 2.00483528816978 2.71903830695415
   339 0.95314857581299 2.13976922083440 2.24557850414522
   343 2.09347551989806 1.52992844155527 3.15838736816496
   346 1.29429052285273 1.62646759893888 3.25496471401679
   347 1.69870141818586 1.74901794249967 3.13098926170539
   354 1.04496053099942 1.52439144846815 2.88346935569672
   356 2.83190024711674 2.11282304434377 0.22426366978594
   358 3.75726176203703 0.54225291607104 0.68557702402554
   364 0.19851510874578 3.98831144900875 1.05535992631572
   365 3.78777965751752 0.49342232340995 0.25314346206767
   376 3.16370805423829 1.75667617833748 1.51361149528348
   380 3.64151815115682 2.16261864788969 0.26747040347371
   394 0.33714100325006 0.82031863103728 3.04169373902761
   396 0.17148100853693 0.23904803934697 2.81582581672351
   399 0.29861504547112 1.19635209699366 2.85961249708134
   403 0.32047780528660 1.69962971837720 3.02890524406763
   405 0.12736667392044 1.69344178011484 3.37505986701064
   406 0.36611147390163 0.75188822369585 3.84293351545756
   408 0.48038544479303 0.67321572327264 3.30408729408783
   410 0.60994896677161 0.78039816699341 3.92236711636191
   413 3.27603179626736 3.21440988753045 0.08361662976961
   422 3.85641988648794 0.88074363984757 0.13914918468720
   425 0.18353469496415 0.97951322525330 3.92904371895799
   429 3.06803380663319 3.76189641255497 3.12239186395448
   432 2.30160565693776 0.87711804417271 3.29515171657978
   436 2.21492402689218 0.97102702099053 2.02709571149096
   439 2.85154728540881 1.34005696627592 0.73965492178499
   440 3.43478795979411 1.10453918619902 0.97001405049202
   447 3.62430759346853 3.05720552890935 0.06266652763342
   457 1.65032032734848 0.44443880079956 2.71125997581612
   460 2.56300421589517 3.33361488535633 0.60682130764304
   473 3.62499178801111 0.01160621956013 1.84393851533958
   481 2.44341371874544 1.78701648116192 2.09259512915758
   488 0.21307820828178 3.55601225098235 2.20136759901546
   489 0.35519855178604 3.38864545385840 2.14595541847183
   500 2.28172006415115 1.91666179810084 1.38220856541365
   502 2.38949183731081 2.12587272138287 1.21412347055458
   510 2.41205099501950 2.58192096928398 2.06904038058283
   513 0.15224579359557 2.83033246959376 0.66113231499340
   519 0.31995988140166 2.75968431860146 2.74716120681802
   524 1.60531054352277 0.86847893855736 1.72089962497243
   529 1.61987298234447 2.55088519906954 3.18937266866004
   538 2.93947792408234 3.04283396949746 0.31581127495707
   544 0.32828307857762 0.48698291593229 1.84544498194401
   545 0.04106158249954 0.17482836944060 1.98578809561539
   553 3.06029702504510 2.50240387540480 2.37653653007019
   557 0.94712895238571 1.20870685920110 2.83537425897721
   559 0.49120216814659 1.07127779553466 2.81294553222072
   568 3.04778445557895 2.74077995071043 2.69982360510754
   569 3.27749145528832 2.73592966567201 3.11268216097319
   571 3.07795101326597 3.53974413684598 0.74771392470954
   573 1.58789656255701 0.27939290706962 0.31155131333302
   581 0.66596723248172 2.23207866101574 2.68760284086502
   582 0.71895191490873 1.85585361641851 3.00408772460011
   587 3.09100368244539 1.50891678501799 0.20509256911002
   605 0.89047656115113 3.04406403420601 0.57698591742056
   611 3.65725517730787 0.25697284044061 1.99049661409993
   625 1.10683221305401 2.73464758166733 1.15143329081066
   629 3.43010788357253 0.37872187510825 2.88516111201697
   630 3.32850634793199 0.02732096559388 3.18666347783444
   635 3.31560903379692 2.83970684157408 3.15427676233329
   636 3.31939462332482 3.18817045286385 2.88830016955257
   640 2.05979297456618 1.18325506126489 3.52128448805685
   645 1.47997368638450 3.77999796549481 1.97273641833979
   647 2.95943023972622 3.78044845137665 3.36642492675874
   648 2.98663090882016 3.22560997229127 3.67218305173929
   649 3.12242104035586 2.00978904801076 3.56922475371582
   650 3.11728628457123 1.94800654697723 0.08383991928764
   658 0.68810524527177 3.91063057607364 1.05945382712352
   660 3.78849002729843 2.31975145353124 0.84776177490561
   662 0.09634084096317 2.66471537464693 0.92596707970854
   663 0.17368085325154 0.96135845252778 3.06269798031373
   667 0.90776239871063 1.98565541531631 3.36894254994162
   668 0.00910783650441 2.93282777594350 3.05712163375397
   669 3.84300450864621 3.27285597876064 2.82600755618940
   673 3.40226672379904 1.01010843816719 3.66393416145571
   674 0.01670570247509 1.14803277255252 3.49156185248909
   678 0.72671691851455 2.76114968725709 0.58523432292578
   681 0.50100994576357 0.41499307043646 1.37111118401257
   691 2.52066525758783 1.65247762121922 1.92397412030470
   692 2.95496498031498 1.62244725891797 1.93648251559729
   695 1.07217914556581 1.11119060062322 2.42954891485535
   696 0.61814165108129 0.97408255506076 2.36626056004940
   698 1.77124889655293 2.44522374027121 3.06519121538500
   701 2.11392358422930 0.57512729414333 3.25276178504641
   711 2.83050987293398 3.25275610292252 0.66785207522471
   717 1.95908524879618 0.91191914638765 1.67523885255694
   718 2.12051871809504 0.69912582540527 1.50880144949850
   723 2.22288235613718 2.08145126551021 1.90779419854343
   724 1.65443739747579 2.10237798663010 2.29117781564012
   725 3.11593367108756 2.45505883564725 0.49322361915441
   726 3.61902965244145 2.36453563613660 0.41345606299574
   735 3.86240591461381 2.79211527387784 3.60226608929525
   736 3.62254054700410 2.71465323380743 3.22725300368192
   737 3.98427360499636 1.36132739251710 2.41581646546801
   738 0.27936806175535 1.19741442311300 2.03680005077265
   739 2.07083045525120 0.47092782382519 2.78914938321893
   740 2.23290472251211 0.68282719606465 2.65658921553650
   758 2.35821500193818 3.84314602122159 1.90558716112731
   760 3.51134699517738 2.19082622878405 3.40377128502019
   761 3.89725370257952 2.26813882802358 3.83728355640056
   762 0.39236604195017 1.59627621358023 0.12206066030419
   764 0.32834992450776 1.87590887877930 3.74213229107797
   777 3.47667016767590 3.98316011958764 3.93649331755501
   780 1.98789584954128 0.59746732047698 1.44204970496364
   783 1.89591154709121 3.61002722841213 2.01906387011798
   784 2.06118430525020 3.64644163026391 1.83153045553073
   791 2.08691314222852 2.83675150380200 2.35158821516371
   792 1.68216030332305 2.49113818946001 2.51436768163263
   795 3.82290861472603 2.65929219036385 0.24658273740951
   796 3.98814258718371 2.50625559068174 3.85936276571167
   797 2.05506057941174 1.41538869277288 2.53937420209492
   798 1.66115441257085 1.67334746249324 2.61402923303865
   799 3.70104436288237 3.37653209046785 0.20949437427782
   800 3.42670645678101 3.47044464792486 0.21126291661131
   806 1.08949217421289 3.02623993098653 0.17345305377647
   816 0.73358723190685 1.65974563815625 0.17032650481446
   817 0.67794833245091 1.98614844288648 3.71636275267417
   819 0.33573800794705 2.28746861662977 2.58640483339528
   821 1.44520937912591 2.56194787484796 1.25920745361371
   822 0.76277678600737 2.76350665780979 2.96019865929747
   826 3.29484078174721 0.45023325880757 0.85111014213308
   837 3.09249066133621 0.24969110697493 0.49130428868093
   838 2.66754640996685 1.08680611924356 0.75751100380895
   839 3.17597748755810 0.74092089565920 0.99441624688110
   842 1.28121532224812 3.65871148252861 3.68220731989746
   844 1.13043259194641 3.60854229495852 3.26825441461584
   847 3.98047830426192 1.94250044204214 0.90588217153331
   854 0.58956044491091 2.90201705808023 3.36862611136651
   862 1.93849876485521 3.01636290154482 3.57326502507465
   866 1.76365729861488 1.17854131517513 0.32415969589289
   869 3.90504049176855 3.96870952764879 3.88510692095107
   870 0.05967925712404 0.27531392756401 0.10842947819947
   871 0.00463341760729 3.32938842692368 0.66520468239930
   874 0.85421317422068 2.61132926103829 2.94583009118207
   877 0.03693375091710 3.69620199299905 3.98623708853087
   881 2.51149986481850 0.99890074202457 0.50121072899066
   882 2.94044658664267 3.52483445847831 1.86543647312350
   883 3.09556291718138 3.57095160176332 2.08197431039758
   884 2.10915234727474 0.98405094410814 0.66785969359066
   885 1.94074215506040 0.68352775136492 0.70796485562344
   890 3.35910368220374 0.88428888614764 1.75469116452891
   899 3.41029903863017 0.66085990349624 2.96605709426920
   900 3.19339529191086 0.81941834609674 3.53348096461028
   903 3.08820120784248 0.43317065449991 3.71844401997640
   904 3.37240663334254 0.26075252305489 0.09011143390586
   905 2.61807596055059 1.69827473889082 2.94361104640702
   907 1.05431996081979 1.44737682269297 0.43815995541167
   908 0.89825839111174 1.49311667299847 0.16364112319061
   909 1.91812780398468 3.14121313429613 2.02103651169205
   910 2.14465791403881 3.16339460602512 1.75620723718281
   911 2.77224652386170 0.81454052250829 3.68041060918435
   912 2.56475799331409 1.20666789902693 0.19581921389459
   913 2.39580116933753 0.97510214180219 3.03979327832474
   914 2.26097461533108 1.40976849872196 2.94680390192198
   915 3.48175050998608 0.82594376618813 1.88120072032018
   916 0.11518007540162 0.96433316070789 1.79092381845069
   917 0.15417443851196 3.14704287997567 2.28473703394474
   918 3.99690795090643 3.27964210517512 2.35442048862177
   920 1.30998268887271 0.33382445897072 1.80526961620437
   922 2.81023325645281 0.49214381305450 3.78298390128960
   923 2.70940145395405 0.43152088633786 0.27841581990242
   926 0.28517617592798 3.47765801107322 3.48784505210880
   927 0.11901264598839 3.88946787853654 3.23448999796201
   928 1.56806728485019 0.72588940700150 1.63141910233446
   933 2.43569044670591 0.08706816454759 2.45471117251085
   938 1.97771209578517 2.21508855216052 0.86569696291776
   941 0.94176635744966 3.43763119383716 3.84742087352341
   942 0.75056983950485 3.36088376674414 3.50294339490117
   946 2.45824554240626 0.73078218789662 2.02871652375981
   948 3.16182484748088 1.00213676633955 1.98846889205107
   949 3.41604775010460 2.63871121961402 1.86697849784296
   952 3.52262643925981 1.23165182514621 1.27807733786095
   954 0.06349285310505 2.83595451307634 2.00473609660454
   955 0.26950418955679 2.25691314080965 2.21805684303542
   957 1.02906955886191 3.79351528697488 2.45256616226296
   958 1.21301475258011 3.79535934446126 2.84872460333366
   959 1.44134148659276 3.08862071573998 0.17558052499001
   960 1.69057821413145 2.79186501827100 0.00696827981047
   966 2.48635752327444 0.53312784889823 2.43842025568457
   970 2.81159926691343 3.91650231621665 2.54745722741475
   971 2.77902267557330 3.74651758139305 2.76216985575399
   972 0.16102426062406 3.82875824524141 1.43258264755043
   977 1.61389359873328 0.17582845717007 3.92273953332086
   978 1.33023218909388 0.10686420601742 3.79543504154381
   980 2.23886467696139 0.02662922022595 2.64971800931804
   982 1.35465267422274 3.99703176431419 2.25408734178628
   983 1.57329060597172 0.02989385148320 2.57638570787574
   984 2.00677227542632 3.83719375510965 2.55682639491690
   989 3.99080599744515 3.80607274756879 1.24012019245057
   992 0.61437016931782 2.62374791716925 1.54414671333964
   995 3.28267031346959 3.49794456054990 1.14206442978578
   997 0.39619609371858 3.63297619658847 0.58056569086437
   998 0.41725258926127 3.83833318002840 0.71837916481038
  1000 0.44768985197733 2.01212051923134 1.06626899928640
  1001 0.53248078427029 2.44705604938625 1.09585722767952
  1002 0.41402267586955 3.77181385568183 0.34006602443654
  1003 0.42733657873685 3.93504083221641 0.40320245010203
  1007 2.97220147872271 1.52952187580903 3.00896848120003
  1010 0.41520102171858 3.33033159900092 1.77975921398883
  1011 0.24118168722868 2.96304313545078 1.69543432057124
  1012 3.37662385260538 1.97564908339160 1.52231848117947
  1015 3.90182556973321 2.96828810294327 1.29795146677910
  1016 3.82145529922363 3.41796695597334 1.08564270079793
  1018 3.24309830396550 0.37246295531372 2.58104850625651
  1019 3.21781566748750 1.70962773969504 3.35763516179369
  1020 3.21716297581793 1.14671043687061 3.66243197870606
  1021 3.07220673810554 0.92605577781401 3.53200802649586
  1022 2.90279521117177 1.04494557167358 3.07731832106503
  1023 2.36481825364592 3.81941043206576 2.84886282212850
  1026 0.82111836978135 2.51282193382351 0.91193745941644
  1028 3.90537762040702 1.85666012094626 2.43808091466164
  1030 3.19966318467393 0.81838052497493 2.74286633487399
  1032 3.39193293367290 1.16973524780404 2.42229587302074
  1036 0.01615161033239 2.00063696551107 2.16485014405294
  1037 3.46923422705809 2.19909822361665 1.98634159430243
  1038 3.11220525436421 0.65951480979441 2.54682436239769
  1039 3.28010010773458 0.94815029518428 2.13258715288967
  1040 3.84170012536224 1.68874598702988 1.28831500863749
  1043 1.15582023037545 3.37632951203983 2.01854409908946
  1047 2.87172187315767 2.76820124568023 1.28503314591863
  1048 0.88985252968804 3.29940401429108 1.66318162117339
  1049 0.98160071032586 2.80058049078385 1.50890242319589
  1050 3.34204878931802 2.69107134508199 1.51902367170328
  1051 3.06135395520815 2.88207934810568 1.48170991948242
  1057 1.80263613620554 3.29394897082139 3.22239561583250
  1059 2.12932979761237 3.57904896906135 2.79093986763374
  1060 3.30303374523058 2.35838745329018 1.27819980088942
  1061 3.01800083097193 2.40261142215841 1.12499864528889
  1071 1.41769716454082 2.26441732557992 3.84304908020537
  1073 1.34325149231557 1.40863031999941 3.47803619431551
  1091 0.82108890687845 0.37925050891112 1.29753197033318
  1096 0.85262281328162 0.03116500925317 1.06941045575425
  1097 1.08229514509369 0.35933096814842 0.54012554364139
  1098 1.87836985480101 2.88446151807159 3.30011316747373
  1100 1.44716384215113 2.27049683759386 3.43821138569270
  1101 0.97781128857007 2.23141816980411 3.41077524090825
  1105 1.82582948602734 1.15874018767373 3.61666627265426
  1106 1.76201071640516 0.63058795587145 3.43777428227170
  1109 1.87370127532163 3.33653281531748 3.50654126841977
  1113 0.87810402525157 2.58717944254875 0.07809108986951
  1115 0.97131507445748 2.34518761864062 0.00530268834362
  1120 1.55467845603492 3.54928479598947 3.79513352806883
  1121 1.75703380114587 3.99006826281421 3.97426655203642
  1122 0.66336045649120 2.50662933280527 3.78258168269587
  1123 0.79152918958938 2.30358110963517 3.74023151089008
  1124 0.86002535523797 0.71820004290598 3.42401110822446
  1125 1.21883861344530 0.36488517264867 3.35594776771727
  1127 1.42622414898073 0.57572614803187 3.22088871147496
  1128 1.13080072811679 0.94329881905253 3.24610037613538
  1131 1.59759455335167 1.70617963083548 0.54307925944423
  1133 2.47853763706233 2.06333343293425 0.16664818628403
  1134 2.04407347428619 2.21355153037646 0.34867694460331
  1135 2.20479306505662 1.34102044071522 0.04000703427554
  1136 1.85128912489330 1.17292519982539 0.43515629316192
  1137 2.09993622759607 1.72733973366213 3.96993686097367
  1138 1.79511174135594 1.92236372195068 0.17211465375105
  1140 2.52156945600562 2.46608308038247 3.14004858047992
  1141 2.68134130172745 2.60882799300694 2.72007209652695
  1142 0.79024970986680 0.94936714521751 1.04225774783570
  1143 0.87621234962054 1.01117497132298 0.60636746765246
  1145 2.07378118095591 2.66630982918690 3.08842236460263
  1146 2.24308986843772 2.90334366341940 2.67091332520402
  1147 1.10495071019591 0.71421559115659 0.71212328007378
  1148 0.97732626589903 0.74060087797028 1.08607331861306
  1164 3.23781930359029 1.67036207259090 2.54377272794199
  1166 3.04658120166773 1.86504629233502 2.31110528179241
  1167 3.53498493731706 1.97217481399415 2.55214150127324
  1168 3.28489042808642 2.14747724068895 2.30172786852841
  1169 2.17881487774937 3.85451744212929 0.90406032429151
  1170 2.50449615379037 3.76035631745746 0.67627343256568
  1172 2.34484134134616 0.06141618916130 0.36584618141710
  1173 2.06978022751317 0.13876071886655 0.54126774586298
  1174 0.16736610647500 1.11577626346561 1.49810156917006
  1176 0.37763059361139 0.84053284243059 1.19292132716221
  1177 3.71871565087929 1.27353727260892 1.22204462539477
  1205 3.05874897142121 3.95643767360174 1.22406750251120
  1206 3.22113771444108 0.18089368677208 1.22330321791192
  1212 3.20585346607338 3.80376639989781 1.33727445672726
  1213 3.41193722790070 3.96830189645291 1.37247569060847
  1229 1.03609104922185 1.52012869890081 1.96607123192041
  1238 0.90814409625672 1.39082361840174 1.27317271291781
  1239 1.23640874415177 1.41237861774710 1.56414165004151
  1332 1.70575250097359 1.89913775433795 0.93816168559371
  1333 1.92103984278320 1.74415666900229 1.24724607855618
  1335 1.58271986766724 1.82648195414477 1.39851010682245
  1336 1.53979855433004 2.03720305350833 1.09994415572864
  1337 1.42393401740255 2.94382570179335 2.03923009072856
  1339 1.25746732649861 2.66379575537544 1.70879421739364
  1345 1.34359112778858 2.64864908980553 2.45488941569921
  1346 1.18857982098010 2.30051368085498 2.17969719740392
  1352 2.07732513567866 3.20110251800256 0.96384223991893
  1354 2.13359222781880 2.95104634452512 1.29962472945152
  1355 1.82001738643908 2.98229647216088 0.80360423213567
  1356 1.81570440140978 2.69537499799271 1.08482784409460
  1377 2.28501049253694 3.66844761401381 3.63796598089306
  1378 2.20220183095255 3.93695108731085 3.81518349759144
  1385 2.39291539316610 0.13182796521696 3.54960530709219
  1386 2.46648641874851 3.88823387135518 3.39976325318086
  1395 3.67861993378659 1.31555576499976 0.56000792511420
  1396 3.90122573800428 1.05009195864016 0.41169187561821
  1400 3.64156174237045 1.13746283420723 0.88403708332112
  1401 3.85805157856795 0.89265020882765 0.73602851893884
  1437 0.41928896571408 1.52588200119370 1.61134902606825
  1439 0.44621869670647 1.54323126806038 1.74180168196815
  1440 0.34668489264181 1.66047145737953 1.58193411879629
  1441 0.37514189028575 1.70512539551012 1.75608615139175
  1450 2.46959292728438 2.82259723000536 0.01198634401213
  1451 2.62716508336417 3.06385696650996 0.12300286949039
  1455 2.47070390304138 2.92397402464000 3.77847781689323
  1456 2.59876645793252 3.13589211659032 3.84969056098720
  1458 0.98012336017541 1.59547063242823 1.02314492861737
  1459 1.20210533777372 1.90540800668182 0.83044781498313
  1460 0.82807897024355 1.89705273550600 0.79931886593162
  1461 0.96581975561689 2.06275974234291 0.74929777966383
edges 766
16      2      0
17      0      8
32     16     41
33     41     37
34     37     18
84     58     59
85     59     52
93     59     47
101     76     72
102     72     14
111     72     69
177    115     47
181     59      0
189    115      8
218    143    139
224    134    136
225    136    147
229    140    136
231    143    140
232    149    156
246    152    163
247    163    157
272    171    191
273    191    169
284    185      2
292    177    180
293    180    185
295    171     18
303    174    177
313    199    198
363    220    215
382    230    243
389    241    236
390    236    243
391    231    240
395    231    241
398    235    240
419    254    174
433    260    261
438    264    261
486     16    295
487    295    290
496    295    288
501    292    288
524    260    199
526     58    185
537    310    191
544    195    311
553    311    315
554    315    310
584    264    332
588    163    336
596    339    284
597    311    339
612    354    346
623    347    346
624    354    315
625    343    347
629    243    356
632    147    356
636    343    143
641    365    358
642    358    364
669    139    347
690    376    241
700    214    380
736     41    396
737    396    394
760     11    364
766    403    336
767    399    403
774    157    405
775    405    403
776    119    410
782    406    410
785    408    288
786    406    408
825    410    220
835    365    422
839    425    215
843    425    422
844    396    295
849    406    425
850    394    408
886    169    436
890    439    440
892    230    439
895    241    439
921    413    447
947    171    457
998     36    473
1021    156    481
1042    488    489
1045     36    488
1048     16    488
1049     14    489
1079    500    502
1081    231    500
1083    236    502
1086    198    502
1109    199    510
1112    149    510
1153    191    524
1172     69    529
1194    413    538
1214    544    545
1218     36    545
1220     37    544
1221     41    545
1242    149    553
1243    261    553
1256    557    559
1260    394    559
1261    354    557
1263    399    559
1289    568    569
1290    553    568
1292    332    568
1293    152    569
1294    134    569
1301    300    571
1307     52    573
1308    277    573
1333    581    582
1336    339    581
1337    403    582
1339    354    582
1355    230    587
1410    115    605
1431    545    611
1432    473    611
1476    115    625
1486    629    630
1487    396    629
1490    290    630
1491     98    630
1492    429    630
1507    635    636
1510    569    635
1512    429    636
1513    332    636
1525    343    640
1528    432    640
1540      2    645
1546    647    648
1547     98    647
1549    429    647
1550    413    648
1552    635    648
1553    649    650
1554    136    649
1557    356    650
1558    587    650
1559    380    650
1584      8    658
1586     11    658
1591    660    662
1595    513    662
1602    394    663
1605    399    663
1612    346    667
1614    582    667
1615    668    669
1617    519    668
1618    291    668
1619    636    669
1621    290    669
1631    673    674
1634    422    673
1635    405    674
1636    663    674
1637    425    674
1648    513    678
1649    605    678
1658    544    681
1660     11    681
1691    691    692
1692    481    691
1693    436    691
1694    231    691
1697    376    692
1705    695    696
1706    310    695
1707    557    695
1708    171    695
1710    559    696
1711     37    696
1716    139    698
1718    529    698
1729    432    701
1760    571    711
1761    538    711
1762    460    711
1779    717    718
1780    524    717
1781    436    717
1782    240    717
1784    174    718
1785    235    718
1800    723    724
1801    481    723
1802    510    723
1803    500    723
1806    195    724
1807    725    726
1808    356    725
1809    538    725
1811    380    726
1813    660    726
1839    735    736
1841    447    735
1842    291    735
1843    152    736
1844    635    736
1845    668    736
1846    737    738
1847    399    737
1850    696    738
1853    739    740
1855    701    739
1856    457    739
1859    169    740
1920    177    758
1922    760    761
1923    152    760
1924    649    760
1925    157    760
1927    380    761
1930    762    764
1932    214    762
1934    761    764
1935    215    762
1937    405    764
1980     98    777
1988    180    780
1989    718    780
1998    783    784
2001    645    783
2002    758    784
2004    185    784
2023    791    792
2024    510    791
2027    724    792
2028    698    792
2037    795    796
2038    726    795
2039    513    795
2040    447    795
2041    761    796
2043    735    796
2044    797    798
2045    169    797
2046    481    797
2048    315    798
2049    724    798
2050    347    798
2051    799    800
2054    447    799
2055    571    800
2056    777    800
2057    413    800
2077    605    806
2106    816    817
2108    762    816
2110    667    817
2111    764    817
2117    581    819
2118    519    819
2119    336    819
2126    625    821
2130    519    822
2133     72    822
2142    358    826
2173    826    837
2176    300    837
2177    838    839
2178    439    838
2180    235    838
2181    440    839
2182    826    839
2183    254    839
2192    842    844
2196     76    844
2199    292    844
2208    660    847
2210    214    847
2232    822    854
2233    291    854
2270    277    866
2278    869    870
2281    406    870
2283    777    869
2284    365    870
2286    513    871
2287    799    871
2296    581    874
2297    822    874
2298     69    874
2307    799    877
2308    869    877
2318    838    881
2322    882    883
2324    758    882
2325    260    882
2326    473    883
2328    264    883
2329    884    885
2331    881    884
2332    235    884
2333    277    885
2335    780    885
2352    254    890
2377    899    900
2378    663    899
2380    629    899
2381    673    900
2391    903    904
2392     98    903
2394    900    903
2395    777    904
2396    837    904
2397    365    904
2399    140    905
2401    156    905
2405    907    908
2407    866    907
2409    220    908
2411    816    908
2412    909    910
2413    791    909
2414    783    909
2416    199    910
2417    784    910
2419    911    912
2420    432    911
2424    881    912
2425    230    912
2426    913    914
2427    432    913
2429    740    913
2430    343    914
2431    905    914
2432    797    914
2433    915    916
2434    611    915
2435    890    915
2437    544    916
2439    738    916
2440    917    918
2442    519    917
2443    489    917
2444    264    918
2445    669    918
2446    488    918
2451     18    920
2454      2    920
2456    922    923
2458    911    922
2459    903    922
2461    881    923
2462    837    923
2470    926    927
2472    877    926
2473    291    926
2474    288    927
2475    869    927
2476    290    927
2478    780    928
2479    920    928
2480    524    928
2495    758    933
2513    502    938
2521    941    942
2523    842    941
2524    806    941
2525    926    942
2526    844    942
2527    854    942
2538    946    948
2540    174    946
2542    890    948
2543    436    946
2545    692    948
2549    261    949
2556    890    952
2557    440    952
2558    376    952
2562    954    955
2564    949    954
2565    917    954
2566    284    955
2568    819    955
2571    957    958
2573     14    957
2574     76    958
2576     16    957
2577    292    958
2578    959    960
2579    806    959
2580     47    959
2583     61    960
2584    862    960
2602    740    966
2603    946    966
2604    933    966
2615    970    971
2617    933    970
2618    883    970
2619    429    971
2621    332    971
2625     36    972
2628     11    972
2638    977    978
2641    573    977
2642    842    978
2644    119    978
2649    739    980
2652    933    980
2654    982    983
2655     18    982
2656    957    982
2657    645    982
2658    457    983
2659    958    983
2662    783    984
2663    980    984
2664    983    984
2679    364    989
2680    972    989
2690    284    992
2696    571    995
2702    997    998
2704    605    997
2705    658    998
2707    871    997
2708    364    998
2711   1000   1001
2714    992   1001
2716    847   1000
2717    662   1001
2718   1002   1003
2719    877   1002
2720    997   1002
2721    941   1002
2722    870   1003
2723    998   1003
2724    119   1003
2740    905   1007
2743   1010   1011
2744    489   1010
2746    972   1010
2747    954   1011
2748    992   1011
2756    376   1012
2759   1015   1016
2760   1011   1015
2762    662   1015
2763    989   1016
2764    995   1016
2765    871   1016
2770    629   1018
2771    970   1018
2772    611   1018
2773   1019   1020
2774    649   1019
2775   1007   1019
2776    157   1019
2777    587   1020
2779    673   1020
2780   1021   1022
2781    911   1021
2782   1020   1021
2783    900   1021
2784    913   1022
2785   1007   1022
2788    980   1023
2790    971   1023
2798    678   1026
2799   1001   1026
2800    625   1026
2805    737   1028
2808    336   1028
2811   1030   1032
2813    899   1030
2815    737   1032
2816   1022   1030
2828   1036   1037
2829    955   1036
2830   1028   1036
2832    949   1037
2834   1012   1037
2835   1038   1039
2836    966   1038
2837   1030   1038
2838   1018   1038
2839    948   1039
2840   1032   1039
2841    915   1039
2843    847   1040
2845   1012   1040
2853    645   1043
2856     14   1043
2863    198   1047
2866    711   1047
2867   1048   1049
2868   1010   1048
2869   1043   1048
2870      8   1048
2871    992   1049
2873    625   1049
2874   1050   1051
2875   1015   1050
2877    949   1050
2878    995   1051
2879   1047   1051
2880    260   1051
2898   1057   1059
2900     76   1057
2902    984   1059
2905   1023   1059
2906   1060   1061
2907    660   1060
2908   1050   1060
2909   1012   1060
2910    725   1061
2911   1047   1061
2912    236   1061
2942    960   1071
2950    346   1073
2953    908   1073
3006    681   1091
3007    920   1091
3020   1096   1097
3021      0   1096
3022   1091   1096
3023    658   1096
3024    573   1097
3026    119   1097
3028    862   1098
3029   1057   1098
3030    529   1098
3034   1100   1101
3035    139   1100
3036   1071   1100
3037    529   1100
3038    667   1101
3040    874   1101
3050   1105   1106
3051    866   1105
3052   1073   1105
3053    640   1105
3054    977   1106
3056    701   1106
3067    862   1109
3070   1057   1109
3077    678   1113
3080    806   1113
3083   1071   1115
3084   1113   1115
3098   1120   1121
3099    842   1120
3100   1109   1120
3101    959   1120
3102    977   1121
3104     52   1121
3105   1122   1123
3106    854   1122
3107    796   1122
3108   1113   1122
3109   1101   1123
3110    817   1123
3111   1115   1123
3112   1124   1125
3115    410   1124
3116    978   1125
3118    408   1124
3119    292   1125
3121   1127   1128
3122    457   1127
3123   1125   1127
3124   1106   1127
3125    557   1128
3126   1124   1128
3127   1073   1128
3139   1133   1134
3141    147   1133
3142     61   1134
3144    243   1133
3145    938   1134
3146   1135   1136
3147    912   1135
3149    640   1135
3150    884   1136
3151   1131   1136
3152    866   1136
3153   1137   1138
3154   1135   1137
3155   1133   1137
3156    143   1137
3157   1131   1138
3158   1134   1138
3159   1071   1138
3162   1140   1141
3164    140   1140
3165    149   1141
3167    134   1140
3168    568   1141
3169   1142   1143
3173    907   1143
3176    220   1143
3178   1145   1146
3179   1098   1145
3180   1140   1145
3181    698   1145
3182   1059   1146
3183   1141   1146
3184    791   1146
3185   1147   1148
3186   1097   1147
3187   1143   1147
3188    277   1147
3189   1091   1148
3190   1142   1148
3191    928   1148
3241   1164   1166
3243   1007   1164
3245    156   1166
3246   1032   1164
3248    692   1166
3249   1167   1168
3250   1028   1167
3251   1164   1167
3252    163   1167
3253   1037   1168
3254   1166   1168
3255    553   1168
3256   1169   1170
3259     58   1169
3260    460   1170
3262    180   1169
3263    300   1170
3265   1172   1173
3266    923   1172
3267   1170   1172
3269    885   1173
3270   1169   1173
3271     52   1173
3273   1174   1176
3275    916   1174
3277    681   1176
3280   1142   1176
3282   1040   1177
3283   1174   1177
3284    952   1177
3370   1205   1206
3372    177   1205
3373    254   1206
3375    300   1205
3376    826   1206
3393   1212   1213
3394    882   1212
3395    995   1212
3396   1205   1212
3397    473   1213
3398    989   1213
3399   1206   1213
3446    311   1229
3449    310   1229
3475   1238   1239
3476   1142   1238
3479    524   1239
3480   1229   1239
3777   1332   1333
3780    938   1332
3781    500   1333
3783   1131   1332
3784    240   1333
3786   1335   1336
3787   1239   1335
3788   1333   1335
3789    195   1335
3791   1332   1336
3792    821   1336
3794   1337   1339
3796    909   1337
3798    821   1339
3799   1043   1337
3801   1049   1339
3818   1345   1346
3819   1337   1345
3820     69   1345
3821    792   1345
3822   1339   1346
3823    339   1346
3824    195   1346
3842   1352   1354
3844    460   1352
3846    198   1354
3847     58   1352
3849    910   1354
3850   1355   1356
3851     47   1355
3852   1352   1355
3853     61   1355
3854    821   1356
3855   1354   1356
3856    938   1356
3921   1377   1378
3925   1172   1378
3927   1109   1377
3928   1121   1378
3946   1385   1386
3947    922   1385
3948   1378   1385
3949    701   1385
3950    647   1386
3951   1377   1386
3952   1023   1386
3978   1395   1396
3980    587   1395
3981    214   1395
3983    422   1396
3984    215   1396
3994   1400   1401
3995   1395   1400
3996    440   1400
3997   1177   1400
3998   1396   1401
3999    358   1401
4000   1176   1401
4114   1437   1439
4116   1238   1437
4118   1229   1439
4119   1174   1437
4121    738   1439
4122   1440   1441
4123   1040   1440
4124   1437   1440
4125   1000   1440
4126   1036   1441
4127   1439   1441
4128    284   1441
4154   1450   1451
4155    147   1450
4157     61   1450
4158    538   1451
4160    460   1451
4170   1455   1456
4171    862   1455
4172    134   1455
4173   1450   1455
4174   1377   1456
4175    648   1456
4176   1451   1456
4179   1458   1459
4181    907   1458
4182   1131   1459
4184   1238   1458
4185   1336   1459
4186   1460   1461
4187   1000   1460
4188   1458   1460
4189    816   1460
4190   1026   1461
4191   1459   1461
4192   1115   1461
polygons 447
0   1540   2451   2454   2655   2657
3     16     17   1540   2853   2869   2870
4     16   2454   3007   3021   3022
5   2573   2656   2657   2853   2856
7     32     33     34   2576   2655   2656
10   1584   1586   2628   2746   2868   2870
11     17   1584   3021   3023
13   1586   1660   3006   3022   3023
15   1214   1218   1658   1660   2625   2628
16   1049   2744   2856   2868   2869
17   1042   1048   1049   2573   2576
18     32   1045   1048   1218   1221
19     34   1220   1658   2451   3006   3007
21   1042   1045   2625   2744   2746
22     33   1214   1220   1221
23   3844   3852   3853   4154   4157   4160
27   3260   3267   3921   3925   4160   4174   4176
28     84     85   3259   3270   3271
29   3256   3259   3260   3844   3847
30   3104   3265   3271   3925   3928
31   2578   2584   3067   3100   3101
32     85     93   2580   3098   3101   3104
33     93     84   3847   3851   3852
34   2578   2580   2583   3851   3853
36   2583   2584   4157   4171   4173
37   2574   2659   2664   2898   2900   2902
38    101    102   2571   2573   2574
39   2001   2414   2853   3796   3799
40   2023   2413   3796   3819   3821
42    102    111   2856   3799   3819   3820
43   2413   2414   2662   2902   3182   3184
44   1172   1718   2028   3820   3821
45    111    101   1172   2900   3029   3030
47   1486   1492   2615   2619   2770   2771
48   2380   2770   2813   2837   2838
49   1491   1492   1547   1549
51   2394   2458   2459   2781   2783
54   1547   2392   2459   3946   3947   3950
56   1729   2420   2458   3947   3949
57   1549   2619   2790   3950   3952
58   1853   2602   2604   2649   2652
60   2420   2427   2780   2781   2784
61   1729   1853   1855   2427   2429
62   2429   2602   2784   2816   2836   2837
63   1486   1491   2377   2380   2392   2394
67    177   1410   2077   2579   2580
68   1307   2641   3102   3104
69     85    181   1307   3020   3021   3024
70   2638   2641   2644   3024   3026
71    177    189     17    181     93
73    189   1410   1584   2702   2704   2705
75   2638   2642   3098   3099   3102
76   2523   2524   2579   3099   3101
77   2523   2642   2644   2718   2721   2724
78   2705   2723   2724   3020   3023   3026
81   2077   2524   2704   2720   2721
82   2583   2942   3142   3158   3159
83   1716   1718   3035   3037
84    218   3035   3036   3153   3156   3159
85   3139   3141   3142   4155   4157
86   2584   2942   3028   3030   3036   3037
87    224    225   4155   4172   4173
88    229    224   3164   3167
89   3028   3167   3179   3180   4171   4172
90    218    231   1716   3164   3180   3181
91    229    231    225   3141   3155   3156
92    232   1242   3245   3254   3255
93    232   2399   2401   3162   3164   3165
94   1242   1290   3165   3168
95    246    247   1923   1925
96    224   1293   1294   1554   1923   1924
97   1924   1925   2774   2776
100   1289   1294   3162   3167   3168
101    246   1289   1290   1293   3249   3252   3255
102   2401   2740   3241   3243   3245
103    247   2775   2776   3243   3251   3252
104    229   1554   2399   2740   2774   2775
107   1856   2649   2658   2663   2664
108    272    273    947   1853   1856   1859
109    273    886   1153   1780   1781
110    886   1859   2543   2602   2603
111    284   1540   1998   2001   2004
112    292    293   1920   2002   2004
114    295    272   1153   2451   2479   2480
115    295    947   2654   2655   2658
119    303   1920   2495   2540   2603   2604
121   1779   1780   1989   2478   2480
122    292    303   1784   1988   1989
123   1779   1781   1784   2540   2543
124    284    293   1988   2454   2478   2479
125   1998   2002   2495   2652   2662   2663
126    313   1079   1086   1109   1802   1803
127   1800   1803   1806   3781   3788   3789
128   1086   2513   3846   3855   3856
129   1109   2024   2412   2413   2416
130   1806   2027   3818   3821   3824
131   2412   3794   3796   3798   3849   3854   3855
133   3786   3789   3792   3798   3822   3824
134    313   2416   3846   3849
135   1932   2108   2210   2716   4187   4189
136   2210   2843   3282   3981   3995   3997
139   3273   3280   3476   4116   4119
141   2405   2411   4181   4188   4189
143   3169   3173   3476   4181   4184
145    363   3169   3176   3280   3984   3998   4000
146   2405   2409   3173   3176
148   1932   1935   3978   3981   3984
149    363   1935   2108   2409   2411
150   4116   4124   4125   4184   4187   4188
151   2578   2579   2942   3080   3083   3084
152   1172   2298   3034   3037   3040
154   3028   3029   3067   3070
155   2192   2196   2900   3070   3099   3100
156    101   2133   2196   2232   2526   2527
159    111   2133   2297   2298
160    892   2178   2318   2424   2425
161    382   2425   3144   3147   3154   3155
162    389    390    382    892    895
163    391   1081   3781   3784
164    395    398    391    895   2178   2180
165    389    395   1079   1081   1083
166    390   1083   2513   3139   3144   3145
167   2331   2424   3146   3147   3150
169    398   2332   3150   3151   3777   3783   3784
171   2180   2318   2331   2332
173   1432   2352   2434   2435   3373   3397   3399
174   1920   2324   3372   3394   3396
176    419    303   3370   3372   3373
178    419   2352   2538   2540   2542
179   2435   2542   2839   2841
180   1432   2326   2618   2771   2772
181   2434   2772   2835   2838   2841
182   2325   2878   2880   3394   3395
183    433   2549   2874   2877   2880
184    438    433   2322   2325   2328
185    438   2440   2444   2549   2564   2565
186   2443   2565   2743   2744   2747
187   2564   2747   2760   2875   2877
188    998   2625   2680   3397   3398
191    998   1045   2326   2328   2444   2446
192   1528   1729   3050   3053   3056
193   2270   2329   2333   3150   3152
194   2456   3266   3925   3947   3948
195   1307   1308   2333   3269   3271
199   1308   2270   2641   3050   3051   3054
200   3054   3056   3102   3928   3948   3949
201   2714   2717   2748   2760   2762
202   2690   2711   2714   4122   4125   4128
203   2832   2834   2877   2908   2909
204   2208   2843   2845   2907   2909
205   2566   2829   4126   4128
207   2562   2566   2690   2747   2748
210   2196   2199   2574   2577
211    486    487   1048   1621   2445   2446
212    102   1049   2130   2133   2442   2443
213   1617   1618   2130   2232   2233
214   1615   1618   1621   2470   2473   2476
215    487    496   2474   2476
216   2233   2473   2525   2527
217    501    496    486   2571   2576   2577
219    501   2199   2470   2474   2525   2526
223   1301   2696   3375   3395   3396
224   1760   2696   2866   2878   2879
226   1301   1760   1762   3260   3263
227    292   3256   3262   3263   3372   3375
228   1762   2863   2866   3842   3844   3846
230    524   2002   2324   2325   2416   2417
231    313    524   2863   2879   2880
234    526   2004   2417   3842   3847   3849
235    293    526   3259   3262
240    537   1153   3449   3479   3480
241   1780   1782   3479   3784   3787   3788
243    544   3446   3480   3787   3789
244   1081   1692   1694   1801   1803
246    391   1693   1694   1781   1782
248    553    554   3446   3449
249    554    273    537   2044   2045   2048
250    544    553   1806   2048   2049
251    886   1692   1693   2045   2046
253   2039   2040   2054   2286   2287
254   1841   1842   2054   2307   2472   2473
255   1842   2043   2233   3106   3107
257   2472   2521   2525   2719   2721
258   1648   1649   2286   2704   2707
261   1293   1510   1843   1844
262   1289   1292   1507   1510   1513
263    438    584   1243   1290   1292
264    584   1513   1619   2444   2445
265    588   2808   3250   3252
266   1243   2549   2832   3253   3255
267   2119   2568   2808   2829   2830
268    588    246   1617   1843   1845   2118   2119
269   1507   1615   1619   1844   1845
270   2126   2873   3798   3801
271   2714   2799   2800   2871   2873
272    596   2690   2871   3801   3822   3823
273    544    597   3823   3824
274    596    597   3446   4118   4127   4128
275   1525   1528   2426   2427   2430
276    537    272   1706   1708
277   1859   2045   2426   2429   2432
279    612   1261   2950   3125   3127
280    947   1707   1708   3121   3122   3125
281   1855   1856   3056   3122   3124
284    623    612    624   2048   2050
285    625   2044   2050   2430   2432
286    623    625   1525   2950   3052   3053
287    624    554   1261   1706   1707
289   1355   2419   2425   2777   2781   2782
290    382    629   1355   1557   1558
291    632    629   3141   3144
294    636   1525   3149   3154   3156
295    231    636   2399   2430   2431
296    632    225   1553   1554   1557
297    641   2142   2173   2396   2397
298    642   2142   2679   3376   3398   3399
299    641    642   2284   2708   2722   2723
300   2679   2702   2707   2708   2763   2765
301   1301   2055   2056   2176   2395   2396
302   2051   2055   2287   2696   2764   2765
303   2173   2176   3370   3375   3376
304   2278   2283   2284   2395   2397
305   2270   2407   3173   3187   3188
306   2333   2335   2478   3185   3188   3191
307   3783   3791   4182   4185
309   1785   1989   2329   2332   2335
310   2480   3190   3191   3475   3476   3479
311   2407   3151   3152   4179   4181   4182
313    398   1779   1782   1785
314   1021   2046   2401   2431   2432
315    669   1716   2027   2028   2049   2050
316   1112   2024   3165   3183   3184
319    232   1021   1112   1801   1802
320    669    218    636    625
322   3142   3145   3850   3853   3856
323   1083   1086   2863   2911   2912
326   1761   1762   4158   4160
327   1761   1809   2866   2910   2911
328    629    390   1808   2910   2912
329    632   1808   1809   4154   4155   4158
331   1292   2621   2790   2905   3168   3182   3183
332   1512   1513   2619   2621
333   1294   1510   1552   4170   4172   4175
334    690    389   2756   2906   2909   2912
335   1557   1559   1807   1808   1811
336   1807   1813   2906   2907   2910
338    890    892   1355   3980   3995   3996
339    700   1558   1559   3980   3981
341   2558   2756   2845   3282   3284
342    690    890    895   2557   2558
343    700   1811   1813   2208   2210
345   2557   3284   3996   3997
348   1846   2433   2439   2815   2840   2841
349   2545   2839   2840   3241   3246   3248
350   2805   2815   3246   3250   3251
351   1697   2756   2834   3248   3253   3254
352   2439   3275   4114   4119   4121
353   1697   2542   2545   2556   2558
354   1846   2805   2830   4121   4126   4127
355    433    524   1109   1112   1242   1243
358    584   2328   2615   2618   2621
360   1263   1710   1846   1847   1850
361   1220   1711   1850   2437   2439
362   1260   1263   1602   1605
363     33    736    737   1260   1710   1711
364    736   1221   1431   1487   2770   2772
365    737   1487   1602   2378   2380
369   1605   1847   2378   2811   2813   2815
372   1410   1476   1649   2798   2800
373   3083   3157   3159   4182   4191   4192
376    177   1476   2126   3850   3851   3854
378    189   1476   2867   2870   2873
380   1595   2286   2759   2762   2765
382    760   1586   2705   2708
384   1595   1648   2717   2798   2799
386    760   2628   2679   2680
387    597    553    624   1333   1336   1339
388    596   1336   2117   2566   2568
389    766   1333   1337   2117   2119
390    767   1256   1261   1263   1337   1339
391    766    767   1847   2805   2808
393   1705   1706   1850   3449   4118   4121
395   2785   2811   2816   3243   3246
397   2381   2779   2782   2783
398    774   1631   1635   2773   2776   2779
399    775    767   1605   1635   1636
400    774    247    588    766    775
401    776   2644   3112   3115   3116
402    782    776   2281   2722   2724
403   2192   2199   2642   3116   3119
404    785    501   3112   3118   3119
405    782    786   3115   3118
406    786    785   2278   2281   2474   2475
407   2308   2470   2472   2475
408   1194   1760   1761   2055   2057
409   1194   1550   4158   4175   4176
411   1546   1547   1550   1980   2056   2057
412   2176   2462   3263   3266   3267
414   1980   2391   2392   2395
417   1612   2106   2110   2411   2950   2953
418    623    669   1612   3034   3035   3038
420   1591   1595   1813   2038   2039
422    921   2051   2054   2057
423    921   1194   1807   1809   2038   2040
424   1934   2041   2111   3105   3107   3110
425    774   1922   1925   1934   1937
426   1839   1843   1922   1923   2041   2043
427   1333   1614   2296   3038   3040
428   2117   2118   2130   2296   2297
429   1618   1839   1842   1845
430    775   1337   1614   1937   2110   2111
432   2638   3054   3116   3123   3124
434   2577   2658   2659   3119   3122   3123
436   1553   1559   1922   1924   1927
437   1811   1927   2037   2038   2041
439    921   1550   1552   1839   1841   1844
440   1490   1492   1512   1619   1621
441   1490   1491   1980   2283   2475   2476
444   1336   2296   2298   3818   3820   3823
445   1988   2335   3262   3269   3270
446   1308   3024   3186   3188
447    284    526     84    181     16
449    776    825   3026   3176   3186   3187
450    825   2409   2953   3115   3126   3127
454   2173   2177   2182   2318   2461   2462
456   1634   2777   2779   3978   3980   3983
458    835   1634   2381   2391   2394   2397
460   2142   2181   2182   3994   3996   3999
461    641    835   3983   3998   3999
462    839   1635   1637   1930   1935   1937
463    700   1927   1930   1932   1934
466    839    843   3983   3984
467    843   1631   1634   1637
468    844    487   1486   1487   1490
469     32    486    844    736
470    998   1218   1431   1432
473   2181   2183   2352   2556   2557
474    419   1784   1785   2177   2180   2183
475    395    690   1691   1694   1697
477   1021   1691   1692   3245   3248
478   2182   2183   3373   3376
479    786    849    850   1602   1636   1637
480    850    737    844    496    785
481    835    843    849   2281   2284
482    760    642   1660   3277   3999   4000
483   3006   3189   3190   3277   3280
484    363    839    849    782    825
485    850   1256   1260   3118   3125   3126
486     34    295   1705   1708   1711
488   1658   2437   3273   3275   3277
489    612   1339   1612   1614
491   1507   1512   1546   1549   1552
492   1528   2419   2420   3147   3149
493   1691   1693   2538   2543   2545
494    890   2177   2178   2181
495   2118   2442   2562   2565   2568
496   1591   2762   2875   2907   2908
497   1841   2037   2040   2043
501   1546   3950   3951   4174   4175
503   2322   2326   3393   3394   3397
506   1800   1801   2044   2046   2049
508   1042   2440   2443   2446
510   2798   3077   3084   4190   4192
511   2110   3038   3109   3110
512   1079   2513   3777   3780   3781
515   1800   1802   2023   2024   2027
516   1648   2037   2039   3077   3107   3108
518   1615   1617   2440   2442   2445
521   1718   3030   3179   3181
523   2001   2654   2657   2662   2664
524   1214   1431   2433   2434   2437
525   2287   2307   2707   2719   2720
527   1256   1705   1707   1710
531   1553   1558   2773   2774   2777
533   1855   2649   2788   3946   3949   3952
536   1649   2077   3077   3080
539   2126   2800   3792   4185   4190   4191
541   3051   3053   3146   3149   3152
542   2023   2028   3178   3181   3184
544   1591   2208   2711   2716   2717
545   1631   1636   2377   2378   2381
547   2051   2056   2283   2307   2308
548   2716   2843   4123   4125
552   2106   3110   3111   4186   4189   4192
553   3780   3791   3792   3854   3856
554   2329   2331   2461   3265   3266   3269
555   2322   2324   2495   2617   2618
556   1930   2106   2108   2111
558   1998   2412   2414   2417
559   3067   3927   4170   4171   4174
562   2521   2524   2527   3080   3106   3108
564   2232   2297   3040   3105   3106   3109
565   2405   2407   2953   3051   3052
566   3145   3157   3158   3780   3783
567   2391   2396   2456   2459   2462
568   2192   2521   2523   2526
571   2426   2431   2740   2784   2785
572   2278   2308   2718   2719   2722
573   2419   2424   2456   2458   2461
574   2377   2780   2783   2813   2816
575   2433   2435   2556   3275   3283   3284
576   2604   2617   2771   2836   2838
577   2479   3007   3189   3191
578   2615   2617   2652   2788   2790
580   2538   2603   2835   2836   2839
581   2562   2564   2828   2829   2832
582   2571   2654   2656   2659
583   2763   2764   3393   3395   3398
584   2680   2743   2746   2759   2760   2763
585   2663   2788   2902   2905
586   2743   2748   2867   2868   2871
587   2759   2764   2874   2875   2878
588   2702   2718   2720   2723
589   2711   2799   4186   4187   4190
590   2898   2905   3070   3927   3951   3952
591   2773   2775   2780   2782   2785
592   2828   2834   2845   4122   4123   4126
593   2828   2830   3249   3250   3253
594   2811   2835   2837   2840
595   3282   3283   4119   4123   4124
596   2867   2869   3794   3799   3801
597   2874   2879   2906   2908   2911
599   2898   3029   3178   3179   3182
600   3020   3022   3185   3186   3189
602   3034   3036   3083   3109   3111
603   3050   3052   3121   3124   3127
609   3098   3100   3921   3927   3928
610   3084   3105   3108   3111
612   3112   3121   3123   3126
613   3146   3151   3153   3154   3157
614   3139   3153   3155   3158
615   3162   3178   3180   3183
616   3169   3185   3187   3190
620   3241   3249   3251   3254
621   3256   3265   3267   3270
622   3273   3283   3994   3997   4000
628   3370   3393   3396   3399
630   3475   3786   3787   4179   4184   4185
631   3475   3480   4114   4116   4118
652   3777   3786   3788   3791
653   3794   3818   3819   3822
656   3842   3850   3852   3855
661   3921   3946   3948   3951
663   3978   3994   3995   3998
671   4114   4122   4124   4127
673   4154   4170   4173   4176
674   4179   4186   4188   4191
cells 64
0      0      3      4      5      7     10     11     13     15     16     17     18     19     21     22
1     23     27     28     29     30     31     32     33     34     36    559    609    621    673
2     37      5     38     39     40     42     43     44     45    521    523    542    582    599
3     47     48     49     51     54     56     57     58     60     61     62     63    533    574    576    578
4     32     67     68     69     70     11     71     73     75     76     77     78     81    588
5     82     83     84     85     86     36     87     88     89     90     91    521    614
6     92     93     94     95     96     97     88    100    101    102    103    104    620
7    107    108     58    109    110    111    112    114    115    119    121    122    123    124      0    125    523
8    126    127    128    129    130    131     40    133    134    512    515    553    652    653
9    135    136    139    141    143    145    146    148    149    150    548    595    622    663
10    151    152     86     45    154     76    155    156     31    159    562    564    568    602    610
11    160    161    162    163    164    165    166    167    169    171    512    566    613    614
12    173    174    176    178    179    119    180    181    503    555    576    580    628
13    182    183    184    185     21    186    187    188    191    503    508    583    584    587
14    167    192    193    194     56    195     30    199    200     68    492    541    554    573
15    201    202    203    204    205    187    207    496    544    548    581    592
16     17    210     38    211    212    213    214    215    156    216    217    219    508    518
17    182    223    174    224    226    227     29    228    230    231    112    134    234    235
18    240    241    163    243    127    244    246    109    248    249    250    251    506
19    253    254    255    216    257    258     81    497    516    525    536    562
20    261    262    263    264    185    265    266    267    268    269    101    495    518    581    593
21    270    271    243    272    202    133    273    150    274    539    589    630    631    671    674
22    275     61    276    249    108    277    279    280    281    284    285    286    192    287    603
23    289    104    290    291    275    294     91    295    296    161     60    492    531    571    591
24    297    298    299    223    300    301    302    303    304    525    547    572    583    588    628
25    121    241    305    169    193    306    307    143    309    310    311    313    616    630    652
26    314    285    315    316     93    319    320    295     90    506    515    542    615
27     85    322     23    228    128    323    326    327    328    329    166    291    656
28    331    154     57    332    333    100     89    262    491    501    559    590    599    615
29    162    334    328    290    335    336    338    339    341    342    343    204    136    345
30    348    349    350    351    179    352    353    341    354    575    592    593    595    620    671
31    129    355    125    331    230    184     43    316     94    358    263    555    558    578    585
32    360    361    362    363    364    365    348     48     22    369    181    524    594
33    322     82    372    307    373    376     34     67    151    510    536    539    553    566
34    372     73    378    380    271     10    258    382    384    201    386    300    584    586
35    387    388    389    390    391    360    267    393    274    205    354    287    248    527
36    395    103    391    369    265    350    397    398    399    400    545    574    591
37     77    401    402    403    404    405    406    257    219    407    568    572
38    408    326    409    411    412    226    414    194     27     54    301    501    567    661
39    311    417    286    373    418    141    294     84    320    511    541    552    565    602    613    674
40    224    336    380    253    302    408    420    422    423    327    496    587    597
41    424    425    426     95    427    428    213    255    429    430    389    400    268    511    564
42    155     37    432    210     75    403    107    200    281    434    533    585    590    609    661
43    436    437    335    439    261    426    423    333    409    296     87     96    329    497    673
44    429    439    269    440    422    254    411    441    214     49    407    491    547
45    428    212    388    272    444    159     42    207     16    186    495    586    596    653
46    445    195     28     69    446      4    235    124    447    306    577    600
47    401    432    199    305    446     70    449    450    146    565    603    612
48    454     51    297    289    160    456    397    458    338    460    461    494    567    573    663
49    456    398    462    148    463    339    425     97    436    466    467    531
50    468    440    211    191    358    364     47     18    469    264    470    332    180
51    353    178    473    474    246    475    123    164    342    313    493    494
52    351    334    266    355    475    231    323    126     92    244    203    183    319    477    165    597
53    445    227    122    474    309    412    171    454    478    303    176    554    621
54    270      3    378    447     71    376     33    111     39    131    234    558    596    656
55    424    384    135    437    420    343    463    510    516    544    552    556    589    610
56    441    406    479    480    468    215    365    414    304    458     63    481    467    545
57    482    483    466    299    382    449     13    402     78    461    145    484    481    600    616
58      7    280    434    363    480    485    404    469    217    486    115    527    582    612
59    477    314    102    277     62    251    349    395    110    493    571    580    594
60    139    483    393    488    352    361    276    240    114    486     19    310    577    631
61     15    482    478    473    460    488    345    470    173    298    188    386    524    575    622
62    387    489    427    130     44    418    315     83    444    273    284    152    250
63    149    484    450    390    489    279    362    485    417    479    405    462    430    399    556
