vertices 383
     0 1.08452489845295 3.73728513034766 1.13790933523713
     2 1.47156267618599 3.91247322608431 1.67577095194212
     8 0.97427007148935 3.62791705212230 1.13967230406594
    11 0.33557484922939 0.02020308432962 1.13396724150235
    14 0.94091962649419 3.43524114899245 2.23212440587924
    16 0.38015030521184 0.01134569925761 2.39559969655140
    18 1.22334406357113 0.36295770104071 2.00223020992914
    36 3.98300622730873 3.96382939479785 1.78005584282802
    37 0.57423863387175 0.48286168898847 2.10090401693456
    41 0.32289644477806 0.15112450233573 2.34474232650593
    47 1.52257012271511 3.17699617372060 0.64116793648239
    52 1.74441182512269 0.07003732045100 0.28247005177305
    58 1.94062019198785 3.59515113139275 0.95225172763050
    59 1.61555420829945 3.58779295350205 0.77253737740045
    61 1.96507190543357 2.69518973801611 0.16888623839521
    69 1.12781269248782 2.76349947405400 2.75860649124582
    72 1.02641135400109 2.96890300781380 2.75484518142217
    76 1.25130210744432 3.49333191545039 2.99503656253564
    98 3.17974921268150 0.05137457331097 3.41988513722529
   115 1.12934349310649 3.09911748576243 0.80669003042303
   119 0.87180083996980 0.30305650811099 0.16899109614198
   134 2.70710669077073 2.54667758385832 3.30391645403198
   136 2.74587171670168 2.19842752494079 3.46738042133186
   139 1.73729487288614 2.00896315344403 3.16043266097386
   140 2.49448554455409 2.04283187086406 3.18109180603553
   143 2.09474709129663 1.79700234977397 3.29207582278071
   147 2.62394320803199 2.21072454930375 3.97774015015681
   149 2.74353526957555 2.41680218440198 2.33484296964082
   152 3.50889076270509 2.53710775332707 3.09440656882979
   156 2.73368126215198 1.95687840356593 2.30891066355591
   157 3.57427785188123 1.99045726691167 3.17449016543284
   163 3.66153751763425 2.12965674959221 2.83151082775959
   169 2.00236950394000 0.99607553843804 2.28203460020970
   171 1.40078728521684 0.78424116574057 2.25803066420479
   174 2.38988083306136 0.53856508178820 1.58197439460574
   177 2.34725673562822 0.10395653930864 1.52300057537908
   180 2.14932474155318 0.07757625783311 1.39957476513260
   185 1.93992629160480 3.82277691376319 1.50836510718140
   191 1.49848855334471 0.91963963888683 2.16641861143829
   195 1.33478625057993 2.09718905922740 2.07536990890587
   198 2.52361966696013 2.73085422040469 1.35594707873242
   199 2.54265201897376 2.86129006698320 1.69117678196088
   214 3.89853624230864 1.77544575547632 0.46046133070075
   215 0.29946222052865 1.17536130066117 0.06467344737458
   220 0.60706101746551 1.10811811662651 0.10603660419698
   230 2.83164741373227 1.51018228546767 0.26662806395523
   231 2.35867163889010 1.80050492628207 1.31755602648563
   235 2.23347724835293 1.09170481602259 0.90945448451393
   236 2.64306200865908 2.05267031355784 1.01973433042525
   240 2.09232861172212 1.49432373454348 1.20911672500184
   241 2.67381415971736 1.84737597321854 1.11684793350365
   243 2.68780416073950 1.99743243851788 0.24414251073574
   254 3.08785008311138 0.58054900588366 1.27279703115109
   260 2.90675415580277 2.95472436091528 1.71386836400239
   261 3.13821186515265 2.80886355776416 1.96780296257498
   264 3.25213969696904 3.17681019288975 2.19787508876009
   277 1.65918013348573 0.73264668909112 0.45503974101876
   284 0.54596213002481 2.17270104236935 1.91262203035576
   288 0.32021486758800 0.11203762773603 2.97483862051471
   290 3.99106988557143 3.88735056776636 3.01058557053906
   291 0.15810897362918 3.00480709735736 3.27341620900107
   292 1.06195456277636 3.89806081730714 2.99794849939469
   295 0.21115457475471 0.10820659752316 2.81053042234649
   300 2.92515508555509 3.82372901524812 0.71189692741910
   310 1.16415678237957 1.25116084261312 2.26373830824640
   311 1.12950158164874 1.89428942043383 2.14634123565984
   315 1.23295420309991 1.56350578600157 2.44968320516810
   332 3.11252868600211 3.14214467649976 2.57112903892866
   336 0.04237288133508 2.00965006696957 2.64460097726802
   339 0.94062933192011 2.14505512958618 2.17400627309719
   343 2.07613308919905 1.53850319030249 3.08420839129781
   346 1.28131584469182 1.63123742672371 3.18015126270715
   347 1.68543342960631 1.75505237018477 3.05650319074699
   354 1.03140501050160 1.53042870089886 2.80853787050150
   356 2.81765513719834 2.11951143499531 0.14853788644460
   358 3.74180190198732 0.54771637840603 0.61053328808297
   364 0.18501384777973 3.99278164966493 0.97948045492377
   365 3.77207445139016 0.49849298256201 0.17827666311854
   376 3.14991388684699 1.76285852034469 1.44001007084263
   380 3.62757880843019 2.16950424646234 0.19218551665347
   394 0.32319364503730 0.82606592460933 2.96745752852452
   396 0.15824961424607 0.24391431518382 2.74156453019264
   399 0.28481439414004 1.20285308042876 2.78478647036248
   403 0.30665238200111 1.70508639948558 2.95409390705152
   405 0.11281856874284 1.69883978732107 3.30077027940873
   406 0.35174412250061 0.75788809104345 3.76716774909475
   408 0.46607933177310 0.67927124433613 3.22968332584813
   410 0.59598013940282 0.78652545215186 3.84687769205978
   413 3.26124122801170 3.21977552377529 0.00998854302538
   422 3.84087052005449 0.88779214424023 0.06359014051769
   425 0.16800964051662 0.98684973221312 3.85372611177208
   429 3.05363790762606 3.76786353058466 3.04915759999597
   432 2.28340385047038 0.88281856114220 3.21663651923584
   436 2.19859304544557 0.97749963358045 1.95314854526382
   439 2.83634549632374 1.34640585162010 0.66442407472468
   440 3.42909121558318 1.10999737110181 0.89235503651216
   447 3.60912420393470 3.06305822344901 3.98906898964325
   457 1.63500278426763 0.45121310086886 2.63606362655054
   460 2.54798068691819 3.33899441698534 0.53254776952066
   473 3.61066652777130 0.01562050790624 1.76933416831876
   481 2.42865385940044 1.79383628144419 2.01651993744800
   488 0.19945007388882 3.56134124531853 2.12698484096770
   489 0.34135369181232 3.39387686076630 2.07191289596198
   500 2.26804653216220 1.92469874924905 1.30059276484525
   502 2.37610251536138 2.12781947295838 1.13657175272393
   510 2.39553740526228 2.58854653155176 1.99059682747387
   513 0.13745135380073 2.83609393225236 0.58738733014807
   519 0.30512902402555 2.76462537855259 2.67405156418382
   524 1.59353417622746 0.87435390686858 1.64868716947974
   529 1.60438269337489 2.55413865822133 3.11815411376003
   538 2.92527542221958 3.04793674793351 0.24116079975668
   544 0.31547844156506 0.49223128252520 1.77205601633874
   545 0.02877308946469 0.17985862585309 1.91227032216804
   553 3.04710571979956 2.50484201569116 2.30117509039257
   557 0.93310879380210 1.21507286877408 2.76021903076446
   559 0.47743465391844 1.07811829666450 2.73796097981762
   568 3.03506241292641 2.74445427651876 2.62648355786943
   569 3.26281819294612 2.73922622168430 3.03648869549054
   571 3.06332849527775 3.54442559824353 0.67348745027032
   573 1.57433522732679 0.28448099150244 0.23623595027854
   581 0.65230806685834 2.23596055493634 2.61520370937754
   582 0.70489961427547 1.86146366196941 2.92955957130116
   587 3.07538558208329 1.51561368540739 0.13022120201094
   605 0.87611788501859 3.04926074626376 0.50314344013516
   611 3.64325735930162 0.26217371499357 1.91663184646720
   625 1.09383663713719 2.74056861767475 1.07577362047476
   629 3.41554923640327 0.38377692248320 2.81041332902431
   630 3.31334595549520 0.03241718958851 3.11274726855825
   635 3.30158851430434 2.84506035970593 3.07891089511539
   636 3.30587788373863 3.19219409073748 2.81365683929872
   640 2.04167655374438 1.19123299531989 3.44473522246933
   645 1.46823845163500 3.78319559562708 1.89802860431038
   647 2.94515979791871 3.78617104550655 3.29237033111029
   648 2.97155491452571 3.23132635781707 3.59765920818623
   649 3.10646156820973 2.01627317578696 3.49200926016317
   650 3.10199163768481 1.95505216910240 0.00840254224568
   658 0.67305239203235 3.91601079512363 0.98512989352576
   660 3.77495281227568 2.32596526756634 0.77389889486710
   662 0.08169877181186 2.67024521532499 0.85200865386078
   663 0.15974255791827 0.96700259990747 2.98839547477004
   667 0.89440379721339 1.99156981681598 3.29651624926127
   668 3.99425208550972 2.93778904038879 2.98301347386314
   669 3.82787419465726 3.27809511741972 2.75125970378401
   673 3.38742817459460 1.01615173624245 3.58943437443594
   674 0.00230909546527 1.15421968846764 3.41747776724087
   678 0.71220960005368 2.76690664808143 0.51104420294349
   681 0.48873658519218 0.41976307017330 1.29601183992268
   691 2.50661210000445 1.65844310653055 1.84699152564909
   692 2.94016458611199 1.62801559469707 1.86017026376711
   695 1.05760790626657 1.11844012173702 2.35772915933578
   696 0.60427138250960 0.98110411702371 2.29196615681562
   698 1.75733297147968 2.44832178877801 2.99178992075256
   701 2.09738748953180 0.58384406157620 3.17542699057607
   711 2.81620631789262 3.25767970664105 0.59367774815762
   717 1.93980417369615 0.91638276181196 1.60271117774207
   718 2.10763849590448 0.70301947338894 1.43679982739698
   723 2.20461415212951 2.09340478136631 1.82724927646432
   724 1.63580897744734 2.10979686337799 2.21765526100214
   725 3.10132247551332 2.46147707071751 0.41755373648812
   726 3.60541756726503 2.37106580314605 0.33782997767430
   735 3.84800782643660 2.79771014868518 3.52788286221048
   736 3.60825022004462 2.72003444400794 3.15224321796164
   737 3.97097696217365 1.36684352231107 2.34157954178520
   738 0.26595703573129 1.20299035753359 1.96259469907575
   739 2.05435495031580 0.47921900877632 2.71365016040676
   740 2.21692765956252 0.69085803196734 2.58123465981300
   758 2.34544992506804 3.84827875227938 1.83128388928164
   760 3.49459656126820 2.19661168627314 3.32683374879075
   761 3.88283966167749 2.27406997042968 3.76319811527613
   762 0.37664415536958 1.60180378225064 0.04899127541422
   764 0.31345344480428 1.88174292783722 3.66847246759295
   777 3.46147980544991 3.98885757500662 3.86221312998958
   780 1.97363238554944 0.60036970843299 1.36861770898395
   783 1.88153839453151 3.61422339178191 1.94439120710687
   784 2.04690032913762 3.65037170288598 1.75687437192819
   791 2.07343394740441 2.84691855037807 2.28278964653326
   792 1.66613825000615 2.49781858025634 2.44880001057635
   795 3.80825859324811 2.66500597245392 0.17252645022235
   796 3.97375410192997 2.51213139449973 3.78523837763839
   797 2.04029618574440 1.42287647902035 2.46204112939892
   798 1.64612571711260 1.68113103528352 2.53781460298132
   799 3.68545275172355 3.38205919520337 0.13580986182865
   800 3.41156651807250 3.47553988556736 0.13755264011697
   806 1.07467807909598 3.03167910332055 0.10015269808703
   816 0.71909852719987 1.66492872426669 0.09874417998233
   817 0.66380151213251 1.99211587440676 3.64283930459491
   819 0.32158321450741 2.29111137729235 2.51292153091550
   821 1.44148443308347 2.56242684351153 1.18514057646242
   822 0.74756320980509 2.76846906163975 2.88828746219062
   826 3.27897078390548 0.45611551797730 0.77682983364905
   837 3.07691454417976 0.25573495767676 0.41765471199619
   838 2.65356492773138 1.09456697599214 0.68355493249567
   839 3.16288689424397 0.74485601970655 0.91906373456231
   842 1.26699415190441 3.66432783491991 3.60871815205093
   844 1.11553683186596 3.61394991648472 3.19450935257678
   847 3.96615319928148 1.94892343204215 0.83194440227174
   854 0.57439721570679 2.90695752136726 3.29512393002665
   862 1.92360019215804 3.02025361170193 3.49825579544851
   866 1.75068513719847 1.18708889439165 0.24671502966261
   869 3.89008162413942 3.97446039773586 3.81069691447518
   870 0.04431497212574 0.28028816320350 0.03343725672030
   871 3.98959558243439 3.33506807150514 0.59204348105475
   874 0.83988245977146 2.61492306814389 2.87419594743047
   877 0.02201010578750 3.70218593319718 3.91187715796467
   881 2.49610268670920 1.00599614431005 0.42569949954968
   882 2.92634739468245 3.53005182244183 1.79112017109999
   883 3.08097530230607 3.57597321116323 2.00744801445962
   884 2.09302257304745 0.99079064626189 0.59213685964118
   885 1.92554640828622 0.68920826942778 0.63226155278994
   890 3.34667381042964 0.88947884464381 1.67986220913924
   899 3.39610711952309 0.66625905609334 2.89121860809476
   900 3.17877818177206 0.82562456662335 3.45957802580148
   903 3.07318304719634 0.43946146933534 3.64440105760950
   904 3.35741011678368 0.26644218705526 0.01592265465119
   905 2.60302828122066 1.70484593808141 2.86728783968028
   907 1.03473396720938 1.45651437569464 0.36068449797486
   908 0.88170900356168 1.50007724243679 0.09231320647393
   909 1.90439975021501 3.14795197220957 1.94911569130226
   910 2.13256385115836 3.17263869557740 1.68326021680986
   911 2.75819684433123 0.82066318083835 3.60590533169356
   912 2.54986563404877 1.21403812379199 0.11965612438798
   913 2.37797176509984 0.98020638207907 2.96123621819634
   914 2.24502964560687 1.41635480950305 2.86865254309421
   915 3.46914278931242 0.83100364082303 1.80671009214851
   916 0.10128548508061 0.96969586304147 1.71685691414714
   917 0.13985524188078 3.15210644582610 2.21071651072495
   918 3.98211678234521 3.28486926462090 2.28047600967457
   920 1.29792197907217 0.33852711818495 1.73138936843583
   922 2.79581404444085 0.49844847732272 3.70854611465267
   923 2.69405819968379 0.43782831296191 0.20394925366148
   926 0.27028678402042 3.48356980090447 3.41410113117113
   927 0.10426822851802 3.89491521647722 3.16065781040330
   928 1.55538039254049 0.72985528980758 1.55827080225450
   933 2.42179713319764 0.09182658556528 2.37906829191234
   938 1.96456137099500 2.21762411408191 0.77896618052695
   941 0.92739849574880 3.44356953073512 3.77414905698624
   942 0.73586184607681 3.36672122766538 3.42935173930468
   946 2.44426267898018 0.73553581455755 1.95472967751447
   948 3.14728102605205 1.00815156241262 1.91398118658196
   949 3.40046380722407 2.64172845585866 1.79202028779766
   952 3.51439545653477 1.23631857008213 1.20281225197342
   954 0.04937219509030 2.84062274691075 1.93038760333002
   955 0.25606457419366 2.26079222916263 2.14391114808021
   957 1.01530805463557 3.79746231482554 2.37872052993225
   958 1.19821502855079 3.79989519318492 2.77548279361687
   959 1.42765668081300 3.09373922988954 0.10201873745015
   960 1.67775198628202 2.79548205222150 3.93164210213991
   966 2.47246501340683 0.53984507079483 2.36237992914017
   970 2.79628055008558 3.92211146632334 2.47282716155172
   971 2.76286730644008 3.75255766964861 2.68776245361727
   972 0.14795850321007 3.83206723054936 1.36066655830188
   977 1.60007396929355 0.18113811397141 3.84854306080605
   978 1.31652748747215 0.11179520245229 3.72161536288931
   980 2.22419573537498 0.03138837423860 2.57423529419376
   982 1.34269264530220 0.00082097871724 2.18000793114156
   983 1.55985495872468 0.03466208295870 2.50153842814526
   984 1.99316653949746 3.84270792077869 2.48243830605796
   989 3.97545250333779 3.80920510346835 1.16582538287108
   992 0.60036306115165 2.62942125986824 1.47095039005411
   995 3.26850225041595 3.50255123864956 1.06835877085548
   997 0.38187132808677 3.63932058333637 0.50738819554226
   998 0.40270246974131 3.84337611704746 0.64421702359681
  1000 0.43437957694866 2.01862072595166 0.99250498048342
  1001 0.51851826454152 2.45237048373394 1.02162018671482
  1002 0.39984628475197 3.77818771379979 0.26693044685256
  1003 0.41291528505635 3.93962788143144 0.32940810297957
  1007 2.95792432524333 1.53567066552405 2.93287615803629
  1010 0.40130392344583 3.33574232885056 1.70640110577949
  1011 0.22705623597016 2.96798433068397 1.62175086096548
  1012 3.36210698889517 1.98152146701332 1.44884799959692
  1015 3.88746446447415 2.97304432084880 1.22367465880561
  1016 3.80686688368026 3.42319021846920 1.01186277815343
  1018 3.22925760322890 0.37764892270340 2.50669844066537
  1019 3.20242542112915 1.71614149046524 3.28090074567031
  1020 3.20229428875921 1.15242527608226 3.58770578654793
  1021 3.05811160493342 0.93192554601478 3.45791957836674
  1022 2.88845195159872 1.05024714971550 3.00056844933921
  1023 2.35002255795480 3.82537681562467 2.77371055662162
  1026 0.80724979129716 2.51849826569209 0.83704595211945
  1028 3.89237812841587 1.86108163059593 2.36327259296303
  1030 3.18485794981200 0.82420450583162 2.66709135122833
  1032 3.37682174843980 1.17429419054376 2.34799577631311
  1036 0.00340851626015 2.00500498931416 2.09035426410651
  1037 3.45380124582886 2.20484554490893 1.91070563645694
  1038 3.09802251307843 0.66644996466493 2.47209001153847
  1039 3.26600281818756 0.95398383069648 2.05959367402171
  1040 3.82744009389213 1.69458494267087 1.21577075301443
  1043 1.14312173468000 3.38069634037937 1.94439985252496
  1047 2.85752791647554 2.77187075338217 1.21170240981800
  1048 0.87750627698804 3.30388086136146 1.58948260281091
  1049 0.96781471524045 2.80688348199375 1.43634551897604
  1050 3.32640767546632 2.69409696818276 1.44493868765952
  1051 3.04621766306037 2.88470493505037 1.40767498852325
  1057 1.78758177075696 3.29953090349801 3.15096134740113
  1059 2.11587708349224 3.58619016025231 2.71668489577056
  1060 3.28815609642760 2.36377966085286 1.20527618532156
  1061 3.00321140690005 2.40780837845135 1.05228778318405
  1071 1.40605522906552 2.26895941917867 3.76659645754628
  1073 1.32929025276645 1.41340939421911 3.40144440413749
  1091 0.80634774019539 0.38453599455818 1.22258334865982
  1096 0.83819182230793 0.03711797148810 0.99499401579566
  1097 1.06784730160130 0.36446344723119 0.46565090152415
  1098 1.86387602429023 2.89017717151859 3.22901303902436
  1100 1.43389771758227 2.27501281267721 3.36513969597507
  1101 0.96364630700480 2.23446237355168 3.33851176249877
  1105 1.81032468394143 1.16506352337015 3.53881522650870
  1106 1.74711735672914 0.63802810437183 3.36037659965608
  1109 1.85835981215254 3.34183864324908 3.43254237177035
  1113 0.86272142326076 2.59341207477350 0.00498774743707
  1115 0.95655455538035 2.34925999104061 3.93148891936974
  1120 1.54071586563504 3.55459595879217 3.72127932335900
  1121 1.74333692690663 3.99600224617033 3.90013531011745
  1122 0.64722759608424 2.51248824047535 3.70879459303953
  1123 0.77690967480662 2.30661045638631 3.66621625044231
  1124 0.84502923844256 0.72397100766763 3.34916294771898
  1125 1.20414829449884 0.36996670652290 3.28063250140020
  1127 1.41149301809638 0.58191825596021 3.14417420077887
  1128 1.11627745769267 0.94910414264588 3.17008540734754
  1131 1.58438933273618 1.70668839651113 0.46708653730134
  1133 2.46240859074909 2.06833615160612 0.09099140470333
  1134 2.03153137009851 2.21659175798013 0.27136434911435
  1135 2.19169841451915 1.34786497610802 3.96444003600458
  1136 1.83792412553313 1.17733744500013 0.36137515900399
  1137 2.08688854648317 1.73366792987350 3.89540381112104
  1138 1.78552131912043 1.92596757505783 0.09522795766940
  1140 2.50715961389015 2.47039473438803 3.06429418643288
  1141 2.66655228746803 2.61227134567966 2.64663256700913
  1142 0.77296031894308 0.95342797818937 0.96881381505533
  1143 0.85897624989930 1.01804833915790 0.52941633227833
  1145 2.06089256867375 2.66969917474817 3.01418740243348
  1146 2.22873546545608 2.90944402305651 2.59697756378371
  1147 1.09007126982361 0.71910230271370 0.63741979364605
  1148 0.96152891552302 0.74512254496482 1.01196557002412
  1164 3.22266385618602 1.67619032301802 2.47000506729677
  1166 3.03125242270089 1.87167786134242 2.23645529800367
  1167 3.51940919530373 1.97799241488875 2.47846970433958
  1168 3.26897059075071 2.15366860564523 2.22715415952703
  1169 2.16566111978750 3.86061874182692 0.82970463584036
  1170 2.48961143501429 3.76750391094050 0.60260465282041
  1172 2.32978793084584 0.06843610245941 0.29167668407538
  1173 2.05565530180526 0.14545403242471 0.46608800896956
  1174 0.15279678873191 1.12095710601386 1.42518477503766
  1176 0.36434496659688 0.84480859908256 1.11841550897513
  1177 3.70480895495625 1.27734387054226 1.14885255285088
  1205 3.04202754568587 3.96319525269282 1.14890803928649
  1206 3.20524574903272 0.18866484454142 1.14778031110196
  1212 3.19179336350729 3.80778029737776 1.26396181151793
  1213 3.39866661634127 3.97251646836375 1.29896285957584
  1229 1.02365591856658 1.52693422350982 1.89318175128483
  1238 0.89474829259819 1.39739255101640 1.20046481615015
  1239 1.22243323754332 1.41852610737640 1.49042355945252
  1332 1.68514948877020 1.89269158757445 0.84556667256868
  1333 1.90818223048192 1.74238201936487 1.16692133909391
  1335 1.56568608684948 1.82793085907767 1.32344415781562
  1336 1.52500698337096 2.04571247170569 1.02302731139849
  1337 1.41068160368924 2.94830972447706 1.96776553247377
  1339 1.24861901299293 2.66667675051920 1.64121735149007
  1345 1.32268329209242 2.65835371887872 2.39530106560749
  1346 1.17023949169149 2.30278959260410 2.11111253251642
  1352 2.06260312577113 3.20700075784490 0.89050775105401
  1354 2.12151576507537 2.95521768470067 1.22797925753654
  1355 1.80441934148763 2.98790581595726 0.72993700619378
  1356 1.80101126223066 2.69463171873404 1.01454858692782
  1377 2.27009684410867 3.67410027704157 3.56390432400953
  1378 2.18708770666488 3.94298949127720 3.74148941405769
  1385 2.37867220541864 0.13821227553996 3.47470702212683
  1386 2.45215970760220 3.89474473616136 3.32506713314631
  1395 3.66354123013770 1.32157572964828 0.48493373153197
  1396 3.88559001747189 1.05677973436185 0.33644605488896
  1400 3.62708284105216 1.14184713534409 0.81009137408928
  1401 3.84251557568896 0.89799352925907 0.66122616383414
  1437 0.40573705645951 1.53355547434256 1.54004793196618
  1439 0.43235296010858 1.54998213971379 1.66683771405647
  1440 0.33463560228485 1.66555851075421 1.51136192822843
  1441 0.36253506300702 1.70891840212535 1.68115276249610
  1450 2.45459360888541 2.82577969721856 3.93658881262082
  1451 2.61277355583071 3.06910837556041 0.04827273259241
  1455 2.45549351822915 2.92788446609058 3.70173531724257
  1456 2.58427516803239 3.14157943860660 3.77430310939080
  1458 0.96320658942199 1.58881728509930 0.96631107126808
  1459 1.18265599029042 1.91260982830549 0.75252653397834
  1460 0.81254761757012 1.90283275528920 0.72656210532823
  1461 0.95145184624137 2.06777494752513 0.67450226100554
edges 766
16      2      0
17      0      8
32     16     41
33     41     37
34     37     18
84     58     59
85     59     52
93     59     47
101     76     72
102     72     14
111     72     69
177    115     47
181     59      0
189    115      8
218    143    139
224    134    136
225    136    147
229    140    136
231    143    140
232    149    156
246    152    163
247    163    157
272    171    191
273    191    169
284    185      2
292    177    180
293    180    185
295    171     18
303    174    177
313    199    198
363    220    215
382    230    243
389    241    236
390    236    243
391    231    240
395    231    241
398    235    240
419    254    174
433    260    261
438    264    261
486     16    295
487    295    290
496    295    288
501    292    288
524    260    199
526     58    185
537    310    191
544    195    311
553    311    315
554    315    310
584    264    332
588    163    336
596    339    284
597    311    339
612    354    346
623    347    346
624    354    315
625    343    347
629    243    356
632    147    356
636    343    143
641    365    358
642    358    364
669    139    347
690    376    241
700    214    380
736     41    396
737    396    394
760     11    364
766    403    336
767    399    403
774    157    405
775    405    403
776    119    410
782    406    410
785    408    288
786    406    408
825    410    220
835    365    422
839    425    215
843    425    422
844    396    295
849    406    425
850    394    408
886    169    436
890    439    440
892    230    439
895    241    439
921    413    447
947    171    457
998     36    473
1021    156    481
1042    488    489
1045     36    488
1048     16    488
1049     14    489
1079    500    502
1081    231    500
1083    236    502
1086    198    502
1109    199    510
1112    149    510
1153    191    524
1172     69    529
1194    413    538
1214    544    545
1218     36    545
1220     37    544
1221     41    545
1242    149    553
1243    261    553
1256    557    559
1260    394    559
1261    354    557
1263    399    559
1289    568    569
1290    553    568
1292    332    568
1293    152    569
1294    134    569
1301    300    571
1307     52    573
1308    277    573
1333    581    582
1336    339    581
1337    403    582
1339    354    582
1355    230    587
1410    115    605
1431    545    611
1432    473    611
1476    115    625
1486    629    630
1487    396    629
1490    290    630
1491     98    630
1492    429    630
1507    635    636
1510    569    635
1512    429    636
1513    332    636
1525    343    640
1528    432    640
1540      2    645
1546    647    648
1547     98    647
1549    429    647
1550    413    648
1552    635    648
1553    649    650
1554    136    649
1557    356    650
1558    587    650
1559    380    650
1584      8    658
1586     11    658
1591    660    662
1595    513    662
1602    394    663
1605    399    663
1612    346    667
1614    582    667
1615    668    669
1617    519    668
1618    291    668
1619    636    669
1621    290    669
1631    673    674
1634    422    673
1635    405    674
1636    663    674
1637    425    674
1648    513    678
1649    605    678
1658    544    681
1660     11    681
1691    691    692
1692    481    691
1693    436    691
1694    231    691
1697    376    692
1705    695    696
1706    310    695
1707    557    695
1708    171    695
1710    559    696
1711     37    696
1716    139    698
1718    529    698
1729    432    701
1760    571    711
1761    538    711
1762    460    711
1779    717    718
1780    524    717
1781    436    717
1782    240    717
1784    174    718
1785    235    718
1800    723    724
1801    481    723
1802    510    723
1803    500    723
1806    195    724
1807    725    726
1808    356    725
1809    538    725
1811    380    726
1813    660    726
1839    735    736
1841    447    735
1842    291    735
1843    152    736
1844    635    736
1845    668    736
1846    737    738
1847    399    737
1850    696    738
1853    739    740
1855    701    739
1856    457    739
1859    169    740
1920    177    758
1922    760    761
1923    152    760
1924    649    760
1925    157    760
1927    380    761
1930    762    764
1932    214    762
1934    761    764
1935    215    762
1937    405    764
1980     98    777
1988    180    780
1989    718    780
1998    783    784
2001    645    783
2002    758    784
2004    185    784
2023    791    792
2024    510    791
2027    724    792
2028    698    792
2037    795    796
2038    726    795
2039    513    795
2040    447    795
2041    761    796
2043    735    796
2044    797    798
2045    169    797
2046    481    797
2048    315    798
2049    724    798
2050    347    798
2051    799    800
2054    447    799
2055    571    800
2056    777    800
2057    413    800
2077    605    806
2106    816    817
2108    762    816
2110    667    817
2111    764    817
2117    581    819
2118    519    819
2119    336    819
2126    625    821
2130    519    822
2133     72    822
2142    358    826
2173    826    837
2176    300    837
2177    838    839
2178    439    838
2180    235    838
2181    440    839
2182    826    839
2183    254    839
2192    842    844
2196     76    844
2199    292    844
2208    660    847
2210    214    847
2232    822    854
2233    291    854
2270    277    866
2278    869    870
2281    406    870
2283    777    869
2284    365    870
2286    513    871
2287    799    871
2296    581    874
2297    822    874
2298     69    874
2307    799    877
2308    869    877
2318    838    881
2322    882    883
2324    758    882
2325    260    882
2326    473    883
2328    264    883
2329    884    885
2331    881    884
2332    235    884
2333    277    885
2335    780    885
2352    254    890
2377    899    900
2378    663    899
2380    629    899
2381    673    900
2391    903    904
2392     98    903
2394    900    903
2395    777    904
2396    837    904
2397    365    904
2399    140    905
2401    156    905
2405    907    908
2407    866    907
2409    220    908
2411    816    908
2412    909    910
2413    791    909
2414    783    909
2416    199    910
2417    784    910
2419    911    912
2420    432    911
2424    881    912
2425    230    912
2426    913    914
2427    432    913
2429    740    913
2430    343    914
2431    905    914
2432    797    914
2433    915    916
2434    611    915
2435    890    915
2437    544    916
2439    738    916
2440    917    918
2442    519    917
2443    489    917
2444    264    918
2445    669    918
2446    488    918
2451     18    920
2454      2    920
2456    922    923
2458    911    922
2459    903    922
2461    881    923
2462    837    923
2470    926    927
2472    877    926
2473    291    926
2474    288    927
2475    869    927
2476    290    927
2478    780    928
2479    920    928
2480    524    928
2495    758    933
2513    502    938
2521    941    942
2523    842    941
2524    806    941
2525    926    942
2526    844    942
2527    854    942
2538    946    948
2540    174    946
2542    890    948
2543    436    946
2545    692    948
2549    261    949
2556    890    952
2557    440    952
2558    376    952
2562    954    955
2564    949    954
2565    917    954
2566    284    955
2568    819    955
2571    957    958
2573     14    957
2574     76    958
2576     16    957
2577    292    958
2578    959    960
2579    806    959
2580     47    959
2583     61    960
2584    862    960
2602    740    966
2603    946    966
2604    933    966
2615    970    971
2617    933    970
2618    883    970
2619    429    971
2621    332    971
2625     36    972
2628     11    972
2638    977    978
2641    573    977
2642    842    978
2644    119    978
2649    739    980
2652    933    980
2654    982    983
2655     18    982
2656    957    982
2657    645    982
2658    457    983
2659    958    983
2662    783    984
2663    980    984
2664    983    984
2679    364    989
2680    972    989
2690    284    992
2696    571    995
2702    997    998
2704    605    997
2705    658    998
2707    871    997
2708    364    998
2711   1000   1001
2714    992   1001
2716    847   1000
2717    662   1001
2718   1002   1003
2719    877   1002
2720    997   1002
2721    941   1002
2722    870   1003
2723    998   1003
2724    119   1003
2740    905   1007
2743   1010   1011
2744    489   1010
2746    972   1010
2747    954   1011
2748    992   1011
2756    376   1012
2759   1015   1016
2760   1011   1015
2762    662   1015
2763    989   1016
2764    995   1016
2765    871   1016
2770    629   1018
2771    970   1018
2772    611   1018
2773   1019   1020
2774    649   1019
2775   1007   1019
2776    157   1019
2777    587   1020
2779    673   1020
2780   1021   1022
2781    911   1021
2782   1020   1021
2783    900   1021
2784    913   1022
2785   1007   1022
2788    980   1023
2790    971   1023
2798    678   1026
2799   1001   1026
2800    625   1026
2805    737   1028
2808    336   1028
2811   1030   1032
2813    899   1030
2815    737   1032
2816   1022   1030
2828   1036   1037
2829    955   1036
2830   1028   1036
2832    949   1037
2834   1012   1037
2835   1038   1039
2836    966   1038
2837   1030   1038
2838   1018   1038
2839    948   1039
2840   1032   1039
2841    915   1039
2843    847   1040
2845   1012   1040
2853    645   1043
2856     14   1043
2863    198   1047
2866    711   1047
2867   1048   1049
2868   1010   1048
2869   1043   1048
2870      8   1048
2871    992   1049
2873    625   1049
2874   1050   1051
2875   1015   1050
2877    949   1050
2878    995   1051
2879   1047   1051
2880    260   1051
2898   1057   1059
2900     76   1057
2902    984   1059
2905   1023   1059
2906   1060   1061
2907    660   1060
2908   1050   1060
2909   1012   1060
2910    725   1061
2911   1047   1061
2912    236   1061
2942    960   1071
2950    346   1073
2953    908   1073
3006    681   1091
3007    920   1091
3020   1096   1097
3021      0   1096
3022   1091   1096
3023    658   1096
3024    573   1097
3026    119   1097
3028    862   1098
3029   1057   1098
3030    529   1098
3034   1100   1101
3035    139   1100
3036   1071   1100
3037    529   1100
3038    667   1101
3040    874   1101
3050   1105   1106
3051    866   1105
3052   1073   1105
3053    640   1105
3054    977   1106
3056    701   1106
3067    862   1109
3070   1057   1109
3077    678   1113
3080    806   1113
3083   1071   1115
3084   1113   1115
3098   1120   1121
3099    842   1120
3100   1109   1120
3101    959   1120
3102    977   1121
3104     52   1121
3105   1122   1123
3106    854   1122
3107    796   1122
3108   1113   1122
3109   1101   1123
3110    817   1123
3111   1115   1123
3112   1124   1125
3115    410   1124
3116    978   1125
3118    408   1124
3119    292   1125
3121   1127   1128
3122    457   1127
3123   1125   1127
3124   1106   1127
3125    557   1128
3126   1124   1128
3127   1073   1128
3139   1133   1134
3141    147   1133
3142     61   1134
3144    243   1133
3145    938   1134
3146   1135   1136
3147    912   1135
3149    640   1135
3150    884   1136
3151   1131   1136
3152    866   1136
3153   1137   1138
3154   1135   1137
3155   1133   1137
3156    143   1137
3157   1131   1138
3158   1134   1138
3159   1071   1138
3162   1140   1141
3164    140   1140
3165    149   1141
3167    134   1140
3168    568   1141
3169   1142   1143
3173    907   1143
3176    220   1143
3178   1145   1146
3179   1098   1145
3180   1140   1145
3181    698   1145
3182   1059   1146
3183   1141   1146
3184    791   1146
3185   1147   1148
3186   1097   1147
3187   1143   1147
3188    277   1147
3189   1091   1148
3190   1142   1148
3191    928   1148
3241   1164   1166
3243   1007   1164
3245    156   1166
3246   1032   1164
3248    692   1166
3249   1167   1168
3250   1028   1167
3251   1164   1167
3252    163   1167
3253   1037   1168
3254   1166   1168
3255    553   1168
3256   1169   1170
3259     58   1169
3260    460   1170
3262    180   1169
3263    300   1170
3265   1172   1173
3266    923   1172
3267   1170   1172
3269    885   1173
3270   1169   1173
3271     52   1173
3273   1174   1176
3275    916   1174
3277    681   1176
3280   1142   1176
3282   1040   1177
3283   1174   1177
3284    952   1177
3370   1205   1206
3372    177   1205
3373    254   1206
3375    300   1205
3376    826   1206
3393   1212   1213
3394    882   1212
3395    995   1212
3396   1205   1212
3397    473   1213
3398    989   1213
3399   1206   1213
3446    311   1229
3449    310   1229
3475   1238   1239
3476   1142   1238
3479    524   1239
3480   1229   1239
3777   1332   1333
3780    938   1332
3781    500   1333
3783   1131   1332
3784    240   1333
3786   1335   1336
3787   1239   1335
3788   1333   1335
3789    195   1335
3791   1332   1336
3792    821   1336
3794   1337   1339
3796    909   1337
3798    821   1339
3799   1043   1337
3801   1049   1339
3818   1345   1346
3819   1337   1345
3820     69   1345
3821    792   1345
3822   1339   1346
3823    339   1346
3824    195   1346
3842   1352   1354
3844    460   1352
3846    198   1354
3847     58   1352
3849    910   1354
3850   1355   1356
3851     47   1355
3852   1352   1355
3853     61   1355
3854    821   1356
3855   1354   1356
3856    938   1356
3921   1377   1378
3925   1172   1378
3927   1109   1377
3928   1121   1378
3946   1385   1386
3947    922   1385
3948   1378   1385
3949    701   1385
3950    647   1386
3951   1377   1386
3952   1023   1386
3978   1395   1396
3980    587   1395
3981    214   1395
3983    422   1396
3984    215   1396
3994   1400   1401
3995   1395   1400
3996    440   1400
3997   1177   1400
3998   1396   1401
3999    358   1401
4000   1176   1401
4114   1437   1439
4116   1238   1437
4118   1229   1439
4119   1174   1437
4121    738   1439
4122   1440   1441
4123   1040   1440
4124   1437   1440
4125   1000   1440
4126   1036   1441
4127   1439   1441
4128    284   1441
4154   1450   1451
4155    147   1450
4157     61   1450
4158    538   1451
4160    460   1451
4170   1455   1456
4171    862   1455
4172    134   1455
4173   1450   1455
4174   1377   1456
4175    648   1456
4176   1451   1456
4179   1458   1459
4181    907   1458
4182   1131   1459
4184   1238   1458
4185   1336   1459
4186   1460   1461
4187   1000   1460
4188   1458   1460
4189    816   1460
4190   1026   1461
4191   1459   1461
4192   1115   1461
polygons 447
0   1540   2451   2454   2655   2657
3     16     17   1540   2853   2869   2870
4     16   2454   3007   3021   3022
5   2573   2656   2657   2853   2856
7     32     33     34   2576   2655   2656
10   1584   1586   2628   2746   2868   2870
11     17   1584   3021   3023
13   1586   1660   3006   3022   3023
15   1214   1218   1658   1660   2625   2628
16   1049   2744   2856   2868   2869
17   1042   1048   1049   2573   2576
18     32   1045   1048   1218   1221
19     34   1220   1658   2451   3006   3007
21   1042   1045   2625   2744   2746
22     33   1214   1220   1221
23   3844   3852   3853   4154   4157   4160
27   3260   3267   3921   3925   4160   4174   4176
28     84     85   3259   3270   3271
29   3256   3259   3260   3844   3847
30   3104   3265   3271   3925   3928
31   2578   2584   3067   3100   3101
32     85     93   2580   3098   3101   3104
33     93     84   3847   3851   3852
34   2578   2580   2583   3851   3853
36   2583   2584   4157   4171   4173
37   2574   2659   2664   2898   2900   2902
38    101    102   2571   2573   2574
39   2001   2414   2853   3796   3799
40   2023   2413   3796   3819   3821
42    102    111   2856   3799   3819   3820
43   2413   2414   2662   2902   3182   3184
44   1172   1718   2028   3820   3821
45    111    101   1172   2900   3029   3030
47   1486   1492   2615   2619   2770   2771
48   2380   2770   2813   2837   2838
49   1491   1492   1547   1549
51   2394   2458   2459   2781   2783
54   1547   2392   2459   3946   3947   3950
56   1729   2420   2458   3947   3949
57   1549   2619   2790   3950   3952
58   1853   2602   2604   2649   2652
60   2420   2427   2780   2781   2784
61   1729   1853   1855   2427   2429
62   2429   2602   2784   2816   2836   2837
63   1486   1491   2377   2380   2392   2394
67    177   1410   2077   2579   2580
68   1307   2641   3102   3104
69     85    181   1307   3020   3021   3024
70   2638   2641   2644   3024   3026
71    177    189     17    181     93
73    189   1410   1584   2702   2704   2705
75   2638   2642   3098   3099   3102
76   2523   2524   2579   3099   3101
77   2523   2642   2644   2718   2721   2724
78   2705   2723   2724   3020   3023   3026
81   2077   2524   2704   2720   2721
82   2583   2942   3142   3158   3159
83   1716   1718   3035   3037
84    218   3035   3036   3153   3156   3159
85   3139   3141   3142   4155   4157
86   2584   2942   3028   3030   3036   3037
87    224    225   4155   4172   4173
88    229    224   3164   3167
89   3028   3167   3179   3180   4171   4172
90    218    231   1716   3164   3180   3181
91    229    231    225   3141   3155   3156
92    232   1242   3245   3254   3255
93    232   2399   2401   3162   3164   3165
94   1242   1290   3165   3168
95    246    247   1923   1925
96    224   1293   1294   1554   1923   1924
97   1924   1925   2774   2776
100   1289   1294   3162   3167   3168
101    246   1289   1290   1293   3249   3252   3255
102   2401   2740   3241   3243   3245
103    247   2775   2776   3243   3251   3252
104    229   1554   2399   2740   2774   2775
107   1856   2649   2658   2663   2664
108    272    273    947   1853   1856   1859
109    273    886   1153   1780   1781
110    886   1859   2543   2602   2603
111    284   1540   1998   2001   2004
112    292    293   1920   2002   2004
114    295    272   1153   2451   2479   2480
115    295    947   2654   2655   2658
119    303   1920   2495   2540   2603   2604
121   1779   1780   1989   2478   2480
122    292    303   1784   1988   1989
123   1779   1781   1784   2540   2543
124    284    293   1988   2454   2478   2479
125   1998   2002   2495   2652   2662   2663
126    313   1079   1086   1109   1802   1803
127   1800   1803   1806   3781   3788   3789
128   1086   2513   3846   3855   3856
129   1109   2024   2412   2413   2416
130   1806   2027   3818   3821   3824
131   2412   3794   3796   3798   3849   3854   3855
133   3786   3789   3792   3798   3822   3824
134    313   2416   3846   3849
135   1932   2108   2210   2716   4187   4189
136   2210   2843   3282   3981   3995   3997
139   3273   3280   3476   4116   4119
141   2405   2411   4181   4188   4189
143   3169   3173   3476   4181   4184
145    363   3169   3176   3280   3984   3998   4000
146   2405   2409   3173   3176
148   1932   1935   3978   3981   3984
149    363   1935   2108   2409   2411
150   4116   4124   4125   4184   4187   4188
151   2578   2579   2942   3080   3083   3084
152   1172   2298   3034   3037   3040
154   3028   3029   3067   3070
155   2192   2196   2900   3070   3099   3100
156    101   2133   2196   2232   2526   2527
159    111   2133   2297   2298
160    892   2178   2318   2424   2425
161    382   2425   3144   3147   3154   3155
162    389    390    382    892    895
163    391   1081   3781   3784
164    395    398    391    895   2178   2180
165    389    395   1079   1081   1083
166    390   1083   2513   3139   3144   3145
167   2331   2424   3146   3147   3150
169    398   2332   3150   3151   3777   3783   3784
171   2180   2318   2331   2332
173   1432   2352   2434   2435   3373   3397   3399
174   1920   2324   3372   3394   3396
176    419    303   3370   3372   3373
178    419   2352   2538   2540   2542
179   2435   2542   2839   2841
180   1432   2326   2618   2771   2772
181   2434   2772   2835   2838   2841
182   2325   2878   2880   3394   3395
183    433   2549   2874   2877   2880
184    438    433   2322   2325   2328
185    438   2440   2444   2549   2564   2565
186   2443   2565   2743   2744   2747
187   2564   2747   2760   2875   2877
188    998   2625   2680   3397   3398
191    998   1045   2326   2328   2444   2446
192   1528   1729   3050   3053   3056
193   2270   2329   2333   3150   3152
194   2456   3266   3925   3947   3948
195   1307   1308   2333   3269   3271
199   1308   2270   2641   3050   3051   3054
200   3054   3056   3102   3928   3948   3949
201   2714   2717   2748   2760   2762
202   2690   2711   2714   4122   4125   4128
203   2832   2834   2877   2908   2909
204   2208   2843   2845   2907   2909
205   2566   2829   4126   4128
207   2562   2566   2690   2747   2748
210   2196   2199   2574   2577
211    486    487   1048   1621   2445   2446
212    102   1049   2130   2133   2442   2443
213   1617   1618   2130   2232   2233
214   1615   1618   1621   2470   2473   2476
215    487    496   2474   2476
216   2233   2473   2525   2527
217    501    496    486   2571   2576   2577
219    501   2199   2470   2474   2525   2526
223   1301   2696   3375   3395   3396
224   1760   2696   2866   2878   2879
226   1301   1760   1762   3260   3263
227    292   3256   3262   3263   3372   3375
228   1762   2863   2866   3842   3844   3846
230    524   2002   2324   2325   2416   2417
231    313    524   2863   2879   2880
234    526   2004   2417   3842   3847   3849
235    293    526   3259   3262
240    537   1153   3449   3479   3480
241   1780   1782   3479   3784   3787   3788
243    544   3446   3480   3787   3789
244   1081   1692   1694   1801   1803
246    391   1693   1694   1781   1782
248    553    554   3446   3449
249    554    273    537   2044   2045   2048
250    544    553   1806   2048   2049
251    886   1692   1693   2045   2046
253   2039   2040   2054   2286   2287
254   1841   1842   2054   2307   2472   2473
255   1842   2043   2233   3106   3107
257   2472   2521   2525   2719   2721
258   1648   1649   2286   2704   2707
261   1293   1510   1843   1844
262   1289   1292   1507   1510   1513
263    438    584   1243   1290   1292
264    584   1513   1619   2444   2445
265    588   2808   3250   3252
266   1243   2549   2832   3253   3255
267   2119   2568   2808   2829   2830
268    588    246   1617   1843   1845   2118   2119
269   1507   1615   1619   1844   1845
270   2126   2873   3798   3801
271   2714   2799   2800   2871   2873
272    596   2690   2871   3801   3822   3823
273    544    597   3823   3824
274    596    597   3446   4118   4127   4128
275   1525   1528   2426   2427   2430
276    537    272   1706   1708
277   1859   2045   2426   2429   2432
279    612   1261   2950   3125   3127
280    947   1707   1708   3121   3122   3125
281   1855   1856   3056   3122   3124
284    623    612    624   2048   2050
285    625   2044   2050   2430   2432
286    623    625   1525   2950   3052   3053
287    624    554   1261   1706   1707
289   1355   2419   2425   2777   2781   2782
290    382    629   1355   1557   1558
291    632    629   3141   3144
294    636   1525   3149   3154   3156
295    231    636   2399   2430   2431
296    632    225   1553   1554   1557
297    641   2142   2173   2396   2397
298    642   2142   2679   3376   3398   3399
299    641    642   2284   2708   2722   2723
300   2679   2702   2707   2708   2763   2765
301   1301   2055   2056   2176   2395   2396
302   2051   2055   2287   2696   2764   2765
303   2173   2176   3370   3375   3376
304   2278   2283   2284   2395   2397
305   2270   2407   3173   3187   3188
306   2333   2335   2478   3185   3188   3191
307   3783   3791   4182   4185
309   1785   1989   2329   2332   2335
310   2480   3190   3191   3475   3476   3479
311   2407   3151   3152   4179   4181   4182
313    398   1779   1782   1785
314   1021   2046   2401   2431   2432
315    669   1716   2027   2028   2049   2050
316   1112   2024   3165   3183   3184
319    232   1021   1112   1801   1802
320    669    218    636    625
322   3142   3145   3850   3853   3856
323   1083   1086   2863   2911   2912
326   1761   1762   4158   4160
327   1761   1809   2866   2910   2911
328    629    390   1808   2910   2912
329    632   1808   1809   4154   4155   4158
331   1292   2621   2790   2905   3168   3182   3183
332   1512   1513   2619   2621
333   1294   1510   1552   4170   4172   4175
334    690    389   2756   2906   2909   2912
335   1557   1559   1807   1808   1811
336   1807   1813   2906   2907   2910
338    890    892   1355   3980   3995   3996
339    700   1558   1559   3980   3981
341   2558   2756   2845   3282   3284
342    690    890    895   2557   2558
343    700   1811   1813   2208   2210
345   2557   3284   3996   3997
348   1846   2433   2439   2815   2840   2841
349   2545   2839   2840   3241   3246   3248
350   2805   2815   3246   3250   3251
351   1697   2756   2834   3248   3253   3254
352   2439   3275   4114   4119   4121
353   1697   2542   2545   2556   2558
354   1846   2805   2830   4121   4126   4127
355    433    524   1109   1112   1242   1243
358    584   2328   2615   2618   2621
360   1263   1710   1846   1847   1850
361   1220   1711   1850   2437   2439
362   1260   1263   1602   1605
363     33    736    737   1260   1710   1711
364    736   1221   1431   1487   2770   2772
365    737   1487   1602   2378   2380
369   1605   1847   2378   2811   2813   2815
372   1410   1476   1649   2798   2800
373   3083   3157   3159   4182   4191   4192
376    177   1476   2126   3850   3851   3854
378    189   1476   2867   2870   2873
380   1595   2286   2759   2762   2765
382    760   1586   2705   2708
384   1595   1648   2717   2798   2799
386    760   2628   2679   2680
387    597    553    624   1333   1336   1339
388    596   1336   2117   2566   2568
389    766   1333   1337   2117   2119
390    767   1256   1261   1263   1337   1339
391    766    767   1847   2805   2808
393   1705   1706   1850   3449   4118   4121
395   2785   2811   2816   3243   3246
397   2381   2779   2782   2783
398    774   1631   1635   2773   2776   2779
399    775    767   1605   1635   1636
400    774    247    588    766    775
401    776   2644   3112   3115   3116
402    782    776   2281   2722   2724
403   2192   2199   2642   3116   3119
404    785    501   3112   3118   3119
405    782    786   3115   3118
406    786    785   2278   2281   2474   2475
407   2308   2470   2472   2475
408   1194   1760   1761   2055   2057
409   1194   1550   4158   4175   4176
411   1546   1547   1550   1980   2056   2057
412   2176   2462   3263   3266   3267
414   1980   2391   2392   2395
417   1612   2106   2110   2411   2950   2953
418    623    669   1612   3034   3035   3038
420   1591   1595   1813   2038   2039
422    921   2051   2054   2057
423    921   1194   1807   1809   2038   2040
424   1934   2041   2111   3105   3107   3110
425    774   1922   1925   1934   1937
426   1839   1843   1922   1923   2041   2043
427   1333   1614   2296   3038   3040
428   2117   2118   2130   2296   2297
429   1618   1839   1842   1845
430    775   1337   1614   1937   2110   2111
432   2638   3054   3116   3123   3124
434   2577   2658   2659   3119   3122   3123
436   1553   1559   1922   1924   1927
437   1811   1927   2037   2038   2041
439    921   1550   1552   1839   1841   1844
440   1490   1492   1512   1619   1621
441   1490   1491   1980   2283   2475   2476
444   1336   2296   2298   3818   3820   3823
445   1988   2335   3262   3269   3270
446   1308   3024   3186   3188
447    284    526     84    181     16
449    776    825   3026   3176   3186   3187
450    825   2409   2953   3115   3126   3127
454   2173   2177   2182   2318   2461   2462
456   1634   2777   2779   3978   3980   3983
458    835   1634   2381   2391   2394   2397
460   2142   2181   2182   3994   3996   3999
461    641    835   3983   3998   3999
462    839   1635   1637   1930   1935   1937
463    700   1927   1930   1932   1934
466    839    843   3983   3984
467    843   1631   1634   1637
468    844    487   1486   1487   1490
469     32    486    844    736
470    998   1218   1431   1432
473   2181   2183   2352   2556   2557
474    419   1784   1785   2177   2180   2183
475    395    690   1691   1694   1697
477   1021   1691   1692   3245   3248
478   2182   2183   3373   3376
479    786    849    850   1602   1636   1637
480    850    737    844    496    785
481    835    843    849   2281   2284
482    760    642   1660   3277   3999   4000
483   3006   3189   3190   3277   3280
484    363    839    849    782    825
485    850   1256   1260   3118   3125   3126
486     34    295   1705   1708   1711
488   1658   2437   3273   3275   3277
489    612   1339   1612   1614
491   1507   1512   1546   1549   1552
492   1528   2419   2420   3147   3149
493   1691   1693   2538   2543   2545
494    890   2177   2178   2181
495   2118   2442   2562   2565   2568
496   1591   2762   2875   2907   2908
497   1841   2037   2040   2043
501   1546   3950   3951   4174   4175
503   2322   2326   3393   3394   3397
506   1800   1801   2044   2046   2049
508   1042   2440   2443   2446
510   2798   3077   3084   4190   4192
511   2110   3038   3109   3110
512   1079   2513   3777   3780   3781
515   1800   1802   2023   2024   2027
516   1648   2037   2039   3077   3107   3108
518   1615   1617   2440   2442   2445
521   1718   3030   3179   3181
523   2001   2654   2657   2662   2664
524   1214   1431   2433   2434   2437
525   2287   2307   2707   2719   2720
527   1256   1705   1707   1710
531   1553   1558   2773   2774   2777
533   1855   2649   2788   3946   3949   3952
536   1649   2077   3077   3080
539   2126   2800   3792   4185   4190   4191
541   3051   3053   3146   3149   3152
542   2023   2028   3178   3181   3184
544   1591   2208   2711   2716   2717
545   1631   1636   2377   2378   2381
547   2051   2056   2283   2307   2308
548   2716   2843   4123   4125
552   2106   3110   3111   4186   4189   4192
553   3780   3791   3792   3854   3856
554   2329   2331   2461   3265   3266   3269
555   2322   2324   2495   2617   2618
556   1930   2106   2108   2111
558   1998   2412   2414   2417
559   3067   3927   4170   4171   4174
562   2521   2524   2527   3080   3106   3108
564   2232   2297   3040   3105   3106   3109
565   2405   2407   2953   3051   3052
566   3145   3157   3158   3780   3783
567   2391   2396   2456   2459   2462
568   2192   2521   2523   2526
571   2426   2431   2740   2784   2785
572   2278   2308   2718   2719   2722
573   2419   2424   2456   2458   2461
574   2377   2780   2783   2813   2816
575   2433   2435   2556   3275   3283   3284
576   2604   2617   2771   2836   2838
577   2479   3007   3189   3191
578   2615   2617   2652   2788   2790
580   2538   2603   2835   2836   2839
581   2562   2564   2828   2829   2832
582   2571   2654   2656   2659
583   2763   2764   3393   3395   3398
584   2680   2743   2746   2759   2760   2763
585   2663   2788   2902   2905
586   2743   2748   2867   2868   2871
587   2759   2764   2874   2875   2878
588   2702   2718   2720   2723
589   2711   2799   4186   4187   4190
590   2898   2905   3070   3927   3951   3952
591   2773   2775   2780   2782   2785
592   2828   2834   2845   4122   4123   4126
593   2828   2830   3249   3250   3253
594   2811   2835   2837   2840
595   3282   3283   4119   4123   4124
596   2867   2869   3794   3799   3801
597   2874   2879   2906   2908   2911
599   2898   3029   3178   3179   3182
600   3020   3022   3185   3186   3189
602   3034   3036   3083   3109   3111
603   3050   3052   3121   3124   3127
609   3098   3100   3921   3927   3928
610   3084   3105   3108   3111
612   3112   3121   3123   3126
613   3146   3151   3153   3154   3157
614   3139   3153   3155   3158
615   3162   3178   3180   3183
616   3169   3185   3187   3190
620   3241   3249   3251   3254
621   3256   3265   3267   3270
622   3273   3283   3994   3997   4000
628   3370   3393   3396   3399
630   3475   3786   3787   4179   4184   4185
631   3475   3480   4114   4116   4118
652   3777   3786   3788   3791
653   3794   3818   3819   3822
656   3842   3850   3852   3855
661   3921   3946   3948   3951
663   3978   3994   3995   3998
671   4114   4122   4124   4127
673   4154   4170   4173   4176
674   4179   4186   4188   4191
cells 64
0      0      3      4      5      7     10     11     13     15     16     17     18     19     21     22
1     23     27     28     29     30     31     32     33     34     36    559    609    621    673
2     37      5     38     39     40     42     43     44     45    521    523    542    582    599
3     47     48     49     51     54     56     57     58     60     61     62     63    533    574    576    578
4     32     67     68     69     70     11     71     73     75     76     77     78     81    588
5     82     83     84     85     86     36     87     88     89     90     91    521    614
6     92     93     94     95     96     97     88    100    101    102    103    104    620
7    107    108     58    109    110    111    112    114    115    119    121    122    123    124      0    125    523
8    126    127    128    129    130    131     40    133    134    512    515    553    652    653
9    135    136    139    141    143    145    146    148    149    150    548    595    622    663
10    151    152     86     45    154     76    155    156     31    159    562    564    568    602    610
11    160    161    162    163    164    165    166    167    169    171    512    566    613    614
12    173    174    176    178    179    119    180    181    503    555    576    580    628
13    182    183    184    185     21    186    187    188    191    503    508    583    584    587
14    167    192    193    194     56    195     30    199    200     68    492    541    554    573
15    201    202    203    204    205    187    207    496    544    548    581    592
16     17    210     38    211    212    213    214    215    156    216    217    219    508    518
17    182    223    174    224    226    227     29    228    230    231    112    134    234    235
18    240    241    163    243    127    244    246    109    248    249    250    251    506
19    253    254    255    216    257    258     81    497    516    525    536    562
20    261    262    263    264    185    265    266    267    268    269    101    495    518    581    593
21    270    271    243    272    202    133    273    150    274    539    589    630    631    671    674
22    275     61    276    249    108    277    279    280    281    284    285    286    192    287    603
23    289    104    290    291    275    294     91    295    296    161     60    492    531    571    591
24    297    298    299    223    300    301    302    303    304    525    547    572    583    588    628
25    121    241    305    169    193    306    307    143    309    310    311    313    616    630    652
26    314    285    315    316     93    319    320    295     90    506    515    542    615
27     85    322     23    228    128    323    326    327    328    329    166    291    656
28    331    154     57    332    333    100     89    262    491    501    559    590    599    615
29    162    334    328    290    335    336    338    339    341    342    343    204    136    345
30    348    349    350    351    179    352    353    341    354    575    592    593    595    620    671
31    129    355    125    331    230    184     43    316     94    358    263    555    558    578    585
32    360    361    362    363    364    365    348     48     22    369    181    524    594
33    322     82    372    307    373    376     34     67    151    510    536    539    553    566
34    372     73    378    380    271     10    258    382    384    201    386    300    584    586
35    387    388    389    390    391    360    267    393    274    205    354    287    248    527
36    395    103    391    369    265    350    397    398    399    400    545    574    591
37     77    401    402    403    404    405    406    257    219    407    568    572
38    408    326    409    411    412    226    414    194     27     54    301    501    567    661
39    311    417    286    373    418    141    294     84    320    511    541    552    565    602    613    674
40    224    336    380    253    302    408    420    422    423    327    496    587    597
41    424    425    426     95    427    428    213    255    429    430    389    400    268    511    564
42    155     37    432    210     75    403    107    200    281    434    533    585    590    609    661
43    436    437    335    439    261    426    423    333    409    296     87     96    329    497    673
44    429    439    269    440    422    254    411    441    214     49    407    491    547
45    428    212    388    272    444    159     42    207     16    186    495    586    596    653
46    445    195     28     69    446      4    235    124    447    306    577    600
47    401    432    199    305    446     70    449    450    146    565    603    612
48    454     51    297    289    160    456    397    458    338    460    461    494    567    573    663
49    456    398    462    148    463    339    425     97    436    466    467    531
50    468    440    211    191    358    364     47     18    469    264    470    332    180
51    353    178    473    474    246    475    123    164    342    313    493    494
52    351    334    266    355    475    231    323    126     92    244    203    183    319    477    165    597
53    445    227    122    474    309    412    171    454    478    303    176    554    621
54    270      3    378    447     71    376     33    111     39    131    234    558    596    656
55    424    384    135    437    420    343    463    510    516    544    552    556    589    610
56    441    406    479    480    468    215    365    414    304    458     63    481    467    545
57    482    483    466    299    382    449     13    402     78    461    145    484    481    600    616
58      7    280    434    363    480    485    404    469    217    486    115    527    582    612
59    477    314    102    277     62    251    349    395    110    493    571    580    594
60    139    483    393    488    352    361    276    240    114    486     19    310    577    631
61     15    482    478    473    460    488    345    470    173    298    188    386    524    575    622
62    387    489    427    130     44    418    315     83    444    273    284    152    250
63    149    484    450    390    489    279    362    485    417    479    405    462    430    399    556
