vertices 383
     0 1.10851694411333 3.78382658936063 1.21599433500429
     2 1.49556659341521 3.95875662752080 1.75252213729195
     8 0.99794528150432 3.67423553602062 1.21781217004223
    11 0.35944689115327 0.06799548080820 1.21126510284277
    14 0.96282142917340 3.48287085672304 2.30984303705395
    16 0.40368985764646 0.06008605715422 2.47259602719300
    18 1.24723207176858 0.41100956975576 2.07947589853145
    36 0.00698751769177 0.01100261880701 1.85716440546327
    37 0.59699166415582 0.53137896092277 2.17807208558495
    41 0.34654177157988 0.19999617739073 2.42167979814242
    47 1.54505533030939 3.22460477920732 0.71959908436780
    52 1.76704759319862 0.11804544435013 0.35899047128628
    58 1.96286605231455 3.64154318492309 1.02988659783429
    59 1.63798398353820 3.63427714625460 0.85080406591224
    61 1.98781219788408 2.74190953165457 0.24437817146491
    69 1.14898117658794 2.81084848273187 2.83725968903637
    72 1.04733429345331 3.01630327444735 2.83353301356662
    76 1.27259160253723 3.54202766166129 3.07373313996856
    98 3.20193930026449 0.09960691916836 3.49737956178665
   115 1.15240250283388 3.14666601667125 0.88484908190258
   119 0.89471966261538 0.35148414529378 0.24615177624634
   134 2.72806676003244 2.59354112700868 3.37975809604945
   136 2.76685191229878 2.24716244362165 3.54185329990172
   139 1.75917088897507 2.05761007534090 3.23691454679845
   140 2.51620307599646 2.09189293762105 3.25667146490307
   143 2.11708161367905 1.84597404483197 3.36766189074069
   147 2.64525274937114 2.25915157484619 0.05269539910604
   149 2.76487703270080 2.46485850803726 2.41086097192999
   152 3.52980225925049 2.58267548161833 3.17053165692086
   156 2.75484409852061 2.00613543855380 2.38485457921962
   157 3.59420052830992 2.04021271605207 3.25043431729314
   163 3.68122266889845 2.17887869075355 2.90982608939447
   169 2.02450932584755 1.04436704053522 2.35781698649457
   171 1.42496318547486 0.83106197316541 2.33506164104296
   174 2.41238383756145 0.58663672642501 1.65961529205495
   177 2.37070613370278 0.15212131389953 1.59996178874383
   180 2.17214904992295 0.12544520540794 1.47633103866469
   185 1.96245247578998 3.86925755881952 1.58557358425318
   191 1.52376145034227 0.96818198566476 2.24231748007549
   195 1.35371411733765 2.14536003107909 2.15475547032477
   198 2.54973202729236 2.77930522693897 1.43122553709849
   199 2.56844406036114 2.91097696449256 1.76712956290558
   214 3.92028809027968 1.82368833927427 0.53705293813164
   215 0.32132220087283 1.22448686223488 0.14176754191132
   220 0.62900558847806 1.15759522664706 0.18344990771800
   230 2.85366766882225 1.55883969697339 0.34277005541096
   231 2.38166443904387 1.84940018509027 1.39089416519582
   235 2.25576995252997 1.14084765357301 0.98685858164535
   236 2.66320478719450 2.09922916249229 1.09698574192572
   240 2.11476085526762 1.54327819173154 1.28418287285553
   241 2.69359418650233 1.89613632376296 1.19309549005816
   243 2.70933837005558 2.04467956612814 0.32039304767885
   254 3.11064984787567 0.62914268130024 1.34913548759228
   260 2.92873673280015 3.00186518491627 1.78978833193546
   261 3.16023202478425 2.85558037121388 2.04440279244761
   264 3.27492793816389 3.22471812992524 2.27546707778815
   277 1.68116779006392 0.78064295492216 0.53160981585051
   284 0.56807252203877 2.22098954294405 1.98967295858187
   288 0.34336356358226 0.16096916685890 3.05178522638442
   290 0.01291030987372 3.93564183152616 3.08775631209331
   291 0.17991784454467 3.05317830391991 3.35066523710441
   292 1.08431587686220 3.94617736431592 3.07519643019554
   295 0.23440035715335 0.15729821175243 2.88717731221241
   300 2.94670784119050 3.87293785817714 0.78920603543599
   310 1.18525961596284 1.30316291350523 2.34010223938030
   311 1.15127624474297 1.94429082845931 2.22453765561155
   315 1.25392087385267 1.61377180061118 2.52610872542377
   332 3.13478191762256 3.18959725410776 2.64881554116118
   336 0.06463979132719 2.05839866508382 2.72155805291054
   339 0.96387477918362 2.19317656895522 2.25204266902846
   343 2.09942382109903 1.58674389659238 3.15793910938681
   346 1.30266631293100 1.68027023996770 3.25706549738776
   347 1.70710338206536 1.80419111679718 3.13291173391108
   354 1.05219914575423 1.58005449151574 2.88504241994101
   356 2.83988990676225 2.16772451903737 0.22420947337286
   358 3.76378320182634 0.59601883448158 0.68726736351944
   364 0.20785784247163 0.04045535095973 1.05596277774608
   365 3.79391636180665 0.54652510189435 0.25501776146849
   376 3.17185640745511 1.81178321384873 1.51745752301750
   380 3.64933653798127 2.21830569227738 0.26814222831944
   394 0.34602615261484 0.87445375814170 3.04462539126707
   396 0.18177481046557 0.29257469286007 2.81856125294851
   399 0.30678050351020 1.25326483402763 2.86117366231860
   403 0.32852574657055 1.75387931365872 3.03054867058793
   405 0.13446945027441 1.74745191705191 3.37753875559319
   406 0.37409444176074 0.80660996744820 3.84349828170482
   408 0.48862605787074 0.72807237622327 3.30638945434210
   410 0.61847962775464 0.83547308443539 3.92334403539771
   413 3.28339861542090 3.26750113953067 0.08729849718955
   422 3.86268678612891 0.93644712288865 0.14005933321336
   425 0.18988705979191 1.03579091878514 3.93021602615252
   429 3.07583074050774 3.81602686461558 3.12673537754305
   432 2.30618353004148 0.93050103270013 3.29380579685993
   436 2.21929978052906 1.02570129339306 2.03114497893598
   439 2.85805645780451 1.39459987099889 0.74076353901231
   440 3.45621347155185 1.15826999538117 0.96745489417223
   447 3.63065311158853 3.11123459338425 0.06634920585498
   457 1.65865979733477 0.49903016800654 2.71244398514872
   460 2.57002714402664 3.38633058414220 0.60942656257313
   473 3.63325892709828 0.06325177352702 1.84632091502845
   481 2.45034215483160 1.84327689638804 2.09260403946886
   488 0.22227217198737 3.60989533775933 2.20402618699570
   489 0.36393774165735 3.44219073599672 2.14906415737517
   500 2.29096613025455 1.97356377154293 1.37310428125656
   502 2.39908417706612 2.17289765576698 1.21159696350410
   510 2.41607627248854 2.63725453451943 2.06517825846339
   513 0.15920880767732 2.88475954200329 0.66465393888079
   519 0.32624768943948 2.81295403683311 2.75149082645515
   524 1.61701797287707 0.92258396145709 1.72760445929650
   529 1.62599238638507 2.60135115068494 3.19609889482090
   538 2.94745335475136 3.09527154799983 0.31784204705371
   544 0.33867921051675 0.54028502680341 1.85002355951490
   545 0.05314151404515 0.22860680296064 1.99004228884524
   553 3.06839177042458 2.55261872617569 2.37731036209940
   557 0.95397512281283 1.26532739462756 2.83614290963013
   559 0.50068730840028 1.12824626893798 2.81390359841868
   568 3.05649866885254 2.79210312601699 2.70350422058226
   569 3.28326262885470 2.78590625879707 3.11239983112435
   571 3.08575036269788 3.59206317455862 0.75065181115271
   573 1.59640159982954 0.33283334780891 0.31280644594853
   581 0.67461148571746 2.28380033394967 2.69335479354821
   582 0.72664422766581 1.91025551916441 3.00629329925480
   587 3.09715063749130 1.56408210685186 0.20657096808384
   605 0.89827432145009 3.09733353480630 0.58042423439582
   611 3.66614327654750 0.31110146205692 1.99432368319241
   625 1.11685355120975 2.78917703588412 1.15215893584615
   629 3.43805963751092 0.43232729384547 2.88716077249060
   630 3.33556484671366 0.08061748049002 3.19005603607061
   635 3.32328673124555 2.89399888327452 3.15572715715579
   636 3.32803312501285 3.23980828759123 2.89099905290285
   640 2.06452355786259 1.23895334392395 3.52149280173678
   645 1.49216996622568 3.82954370957753 1.97495409218912
   647 2.96748434228787 3.83442025571798 3.36989842737046
   648 2.99385516070659 3.27947738618961 3.67497600527353
   649 3.12833819762891 2.06483203076974 3.56600593965456
   650 3.12373195551489 2.00376768467118 0.08433623106235
   658 0.69541384589512 3.96396617476287 1.06263873081288
   660 3.79714647427993 2.37454223155591 0.85137329681784
   662 0.10346703398514 2.71856770714122 0.92940787233852
   663 0.18133220454511 1.01625735374195 3.06567026331625
   667 0.91620328702973 2.04015739380559 3.37367295992836
   668 0.01584074077879 2.98606181331116 3.05997584925925
   669 3.84943140925146 3.32599269138908 2.82822305769654
   673 3.40874015452514 1.06463367487311 3.66588986136807
   674 0.02415318329090 1.20316469933787 3.49384112001514
   678 0.73412035230399 2.81527014906249 0.58806984856694
   681 0.51224145981416 0.46735170842458 1.37288445469085
   691 2.52861180361635 1.70754116590298 1.92282597558217
   692 2.96159796409165 1.67681934917024 1.93622413459474
   695 1.07757619843344 1.16921809134165 2.43492935964224
   696 0.62677403567931 1.03161501281581 2.36936918156500
   698 1.77890153282852 2.49595552419904 3.06913735562020
   701 2.12049248747143 0.63168357946339 3.25243142682726
   711 2.83828165511631 3.30485370844945 0.67060773855829
   717 1.95876296680130 0.96389529345839 1.68162178776318
   718 2.13006310953339 0.75032494095340 1.51518830113243
   723 2.22446366029942 2.14526215732018 1.90072914174824
   724 1.65453883024499 2.15902975059636 2.29513451869877
   725 3.12330629406239 2.50991247506548 0.49346107392600
   726 3.62722646219727 2.41982456621425 0.41376267096879
   735 3.86981588031966 2.84612964927210 3.60498637166558
   736 3.63074843766116 2.76850822359292 3.22925255144316
   737 3.99341797424002 1.41580825132588 2.41867760062020
   738 0.28824080354748 1.25218155338867 2.04001801450243
   739 2.07717971999637 0.52691610311122 2.78980326338961
   740 2.23981630054563 0.73885032977619 2.65727716918456
   758 2.36951819601979 3.89631326193471 1.90794692184042
   760 3.51503503626784 2.24463051276836 3.40140351381750
   761 3.90446388310268 2.32250764628451 3.84008451861331
   762 0.39799279330707 1.65037260843090 0.12652919908581
   764 0.33503612505977 1.93041179410808 3.74583200643957
   777 3.48346330485964 0.03726540876267 3.93932917098117
   780 1.99572119822180 0.64701283708825 1.44630065101123
   783 1.90432514144844 3.66104291437361 2.02145136792162
   784 2.06968928632201 3.69727289127518 1.83364346034149
   791 2.09571959862899 2.89740332843441 2.36285055702991
   792 1.68645686552628 2.54680057269675 2.53085408516224
   795 3.82968651237306 2.71361058392560 0.24911734445245
   796 3.99531024245554 2.56093426036672 3.86222188373155
   797 2.06206913094039 1.47207337642103 2.53832341343972
   798 1.66687172136426 1.73075606691514 2.61430056762347
   799 3.70683662877417 3.43029078247506 0.21330602043851
   800 3.43364504029017 3.52335640182607 0.21506525170225
   806 1.09644167822959 3.07989819430193 0.17780635606748
   816 0.73995845401775 1.71348296050160 0.17692274613642
   817 0.68457898498803 2.04058595710028 3.72050815672646
   819 0.34289288429349 2.33912222156918 2.59034311359971
   821 1.47010433962467 2.60758181090136 1.26260683357799
   822 0.76927381789769 2.81675160814974 2.96648253553472
   826 3.30069046310216 0.50461794647622 0.85409005855976
   837 3.09864538966035 0.30415327000282 0.49526584654742
   838 2.67630020337184 1.14368112030130 0.76076547820036
   839 3.18603340261710 0.79244730331299 0.99568211069606
   842 1.28920932432970 3.71246001781527 3.68621988235000
   844 1.13761739234530 3.66216423020889 3.27189067448958
   847 3.98812990671865 1.99761791285125 0.90933222711141
   854 0.59595362750833 2.95537227324603 3.37251769250028
   862 1.94546770386462 3.06698232432736 3.57536688606538
   866 1.77339603556913 1.23548924569020 0.32340452350566
   869 3.91228322021899 0.02282179866801 3.88773381268626
   870 0.06630969004979 0.32828626016196 0.11017869678164
   871 0.01136208159170 3.38331611056284 0.66978165491086
   874 0.86200080451501 2.66249796372550 2.95256091963605
   877 0.04403956435723 3.75095260166691 3.98883005764509
   881 2.51824109208741 1.05448127523791 0.50233103101655
   882 2.94908552316596 3.57869982871748 1.86736662294987
   883 3.10381499898316 3.62460275124340 2.08454210251153
   884 2.11520708372778 1.03929521728593 0.66867084260554
   885 1.94775552453299 0.73706424697152 0.70909502947210
   890 3.36986021812031 0.93789245094064 1.75613429800490
   899 3.41858512510180 0.71512320480716 2.96799320979579
   900 3.20102741821039 0.87476167664241 3.53679898248980
   903 3.09544984818464 0.48781604977530 3.72180304145827
   904 3.37956915405012 0.31467058514921 0.09298223551374
   905 2.62446760556213 1.75431547443558 2.94279937197645
   907 1.05474236257900 1.50565237142916 0.43879729702738
   908 0.90217768608429 1.54937660411193 0.17078856624261
   909 1.92732493595178 3.19671739059221 2.02732565797830
   910 2.15640807206792 3.22334794124287 1.76092464196759
   911 2.78059502696593 0.86897817330936 3.68317216062312
   912 2.57205938141559 1.26248439461457 0.19569710320918
   913 2.40083835669348 1.02821766522733 3.03727091898704
   914 2.26671112939063 1.46594989765765 2.94425302498487
   915 3.49295647609800 0.87910314020058 1.88392755312636
   916 0.12332910407079 1.01825181598210 1.79426328139366
   917 0.16143374856029 3.19962641744101 2.28840927410323
   918 0.00341440284663 3.33261401921049 2.35829730315585
   920 1.32149659248464 0.38654248511869 1.80843204018690
   922 2.81825481718220 0.54676345879416 3.78582405852134
   923 2.71624134359913 0.48609925482917 0.28149004278550
   926 0.29219931914960 3.53240085932644 3.49146442086134
   927 0.12646909589400 3.94315750879825 3.23838069883970
   928 1.57816608996628 0.77646482728442 1.63598682954447
   933 2.44529937955370 0.13915122598160 2.45515854987447
   938 1.98745806015444 2.26322515226801 0.84770645748776
   941 0.94945974135640 3.49215852455381 3.85173617900745
   942 0.75772211934807 3.41536406055372 3.50673171274576
   946 2.46668214781366 0.78308766277416 2.03241780003816
   948 3.16886126177612 1.05713171106710 1.99112716614751
   949 3.42177563750700 2.68878718528226 1.86892533880502
   952 3.53983542603600 1.28424757647902 1.27917262430922
   954 0.07105032088185 2.88804845229803 2.00784836503024
   955 0.27761075768578 2.30895678032887 2.22109030077263
   957 1.03815152260731 3.84493080618184 2.45649796612552
   958 1.22042811150384 3.84769990160887 2.85353762581212
   959 1.44996011382880 3.14172866468143 0.17954911436152
   960 1.70073700426458 2.84227369985998 0.00805550231648
   966 2.49529522360756 0.58847742008982 2.43865108313285
   970 2.81869951647763 3.97040383746277 2.54936992551268
   971 2.78472028719902 3.80045198722305 2.76516230766064
   972 0.17115729635376 3.87911026323898 1.43927805161675
   977 1.62203562841445 0.22953748305965 3.92551122577512
   978 1.33924837140886 0.16010464180238 3.79902357276980
   980 2.24718106148697 0.07824214842390 2.65049603978999
   982 1.36659871262133 0.04764543513518 2.25776771243251
   983 1.58316850392447 0.08197270450445 2.57851654967369
   984 2.01658364475379 3.88998452166902 2.55950613973223
   989 3.99735364892717 3.85623112128766 1.24312863933516
   992 0.62227655502146 2.67769602191540 1.54851829311018
   995 3.29106866764117 3.55010540065174 1.14574691452878
   997 0.40423233713051 3.68805996119977 0.58510062150388
   998 0.42503358290140 3.89130046785453 0.72138887947984
  1000 0.45645741108259 2.06746178814593 1.06969682652236
  1001 0.54032471662388 2.50053989802684 1.09860815124801
  1002 0.42226681653605 3.82707592472465 0.34449463695926
  1003 0.43525146019716 3.98748595991166 0.40660542168973
  1007 2.97970448308078 1.58525562565506 3.00833525845039
  1010 0.42378712333411 3.38396136280829 1.78378722835439
  1011 0.24922167661493 3.01577688046159 1.69890468886349
  1012 3.38378648186096 2.03025374635484 1.52632851828231
  1015 3.90959825441808 3.02082139798649 1.30065257225213
  1016 3.82899009456941 3.47107507914264 1.08925182624443
  1018 3.25232419063713 0.42622160525705 2.58379728151643
  1019 3.22408028054177 1.76649711397568 3.35630585645087
  1020 3.22451738673954 1.20025226227410 3.66423536299927
  1021 3.08099686377500 0.98042104656676 3.53515198848205
  1022 2.91064857700621 1.09874721073128 3.07626694512319
  1023 2.37273872726677 3.87310899467046 2.85029163611034
  1026 0.82930195720139 2.56682192822296 0.91347126548329
  1028 3.91445816388856 1.90961749532497 2.43977524807736
  1030 3.20695241194859 0.87318493453086 2.74311848083602
  1032 3.39830911745014 1.22208522179597 2.42497039825489
  1036 0.02526839604710 2.05331684870248 2.16747214879893
  1037 3.47489079952835 2.25340806131591 1.98713014302932
  1038 3.12069143182684 0.71606424769574 2.54894528947584
  1039 3.28840212846977 1.00270709828970 2.13819712705603
  1040 3.84960587490509 1.74309892963399 1.29361834485848
  1043 1.16614977730086 3.42770537041456 2.02109460239755
  1047 2.87973063330690 2.81908524997563 1.28886624091590
  1048 0.90105241607847 3.35128760006439 1.66664809665976
  1049 0.99044214672230 2.85565096353866 1.51425811137414
  1050 3.34780702670371 2.74121701448105 1.52196100590499
  1051 3.06812420505425 2.93165291765412 1.48459727367583
  1057 1.80950630706901 3.34746496689449 3.22994832009679
  1059 2.13907765222292 3.63462387886750 2.79387317307140
  1060 3.30985966759709 2.41201237020071 1.28301068935613
  1061 3.02509442536578 2.45586185404758 1.13019895062377
  1071 1.42946598252349 2.31653280654061 3.84250753354001
  1073 1.35131519279862 1.46379695262895 3.47789638830189
  1091 0.82857083851679 0.43238101545601 1.29958171994845
  1096 0.86053278173031 0.08515558728185 1.07243730216769
  1097 1.09025878445271 0.41264054597887 0.54245974069715
  1098 1.88551875345328 2.93753440135270 3.30684544350141
  1100 1.45662901058356 2.32284306944767 3.44216581076623
  1101 0.98531790805667 2.28235066891729 3.41570090041374
  1105 1.83315657067199 1.21392981211957 3.61557879270354
  1106 1.76939010345880 0.68619704087843 3.43699550625497
  1109 1.88015155315418 3.38949730240288 3.51004633956398
  1113 0.88391034118481 2.64195460619346 0.08249887940388
  1115 0.97758537732022 2.39716991018536 0.00874539898000
  1120 1.56309203138093 3.60240441817754 3.79878094487976
  1121 1.76597873743199 0.04397105559127 3.97743270107506
  1122 0.66828266528349 2.56112750433965 3.78629278280051
  1123 0.79805312044059 2.35468237852932 3.74377889190314
  1124 0.86711068356139 0.77289632807148 3.42585822107829
  1125 1.22677208246018 0.41802689698688 3.35717878333324
  1127 1.43471819549317 0.63025579681007 3.22044221506396
  1128 1.13847821494662 0.99858657531717 3.24657620264879
  1131 1.60750332195263 1.75229018167888 0.54378164328632
  1133 2.48293254499362 2.11565610335660 0.16674334337173
  1134 2.05450102226137 2.26275320751288 0.34646354493852
  1135 2.21455700600233 1.39586297572906 0.04083138354531
  1136 1.86073903927146 1.22504426552538 0.43823691970496
  1137 2.10942620088562 1.78216616796350 3.97207920456918
  1138 1.81016334693581 1.97267849395948 0.17078901884651
  1140 2.52861562635665 2.51765299614316 3.14083442057868
  1141 2.68794051263477 2.66005421112633 2.72330973720277
  1142 0.79406123757082 1.00109020987217 1.04613264806569
  1143 0.88013388542607 1.06693179933267 0.60609968849047
  1145 2.08227694398131 2.71704629592808 3.09126709042961
  1146 2.25023353225063 2.95805519683277 2.67436642515381
  1147 1.11229097200855 0.76698865572326 0.71438489582780
  1148 0.98337641185386 0.79275322102202 1.08914394552236
  1164 3.24373963540891 1.72531054768390 2.54666087256799
  1166 3.05240347308607 1.92082678391126 2.31268656097317
  1167 3.53933141138323 2.02662288506581 2.55508258796544
  1168 3.28959372223756 2.20212932747234 2.30356273416919
  1169 2.18902709785013 3.90897480426071 0.90624416036841
  1170 2.51145044442557 3.81673947774362 0.67996302609324
  1172 2.35199188439802 0.11686154901124 0.36954498945290
  1173 2.07869035918266 0.19359557198461 0.54307785904432
  1174 0.17445718742802 1.16952626203408 1.50278191420504
  1176 0.38704649932911 0.89250527663753 1.19510989761484
  1177 3.72721322778492 1.32486693848742 1.22635765952223
  1205 3.06320180965185 0.01218089007469 1.22563587424128
  1206 3.22705153817286 0.23838238377608 1.22429571477934
  1212 3.21441438261953 3.85516178811474 1.34175014323552
  1213 3.42197587319587 0.02016612470665 1.37669339000459
  1229 1.04597245222111 1.57647532071114 1.97133120018902
  1238 0.91689762943778 1.44638443032791 1.27815125616378
  1239 1.24462719293378 1.46744565596381 1.56830833821602
  1332 1.70361814417462 1.93291523508966 0.90958259608839
  1333 1.93386608953306 1.78517726615712 1.24127706592783
  1335 1.58540302728448 1.87286586262221 1.40167825634155
  1336 1.54647289447795 2.09551772652214 1.09863776282921
  1337 1.43318039996758 2.99536472839965 2.04580702641329
  1339 1.27407212517440 2.71324280975393 1.72198516539365
  1345 1.34016733921581 2.70876687155091 2.48072147842423
  1346 1.18917214884597 2.34817842100696 2.19101751252460
  1352 2.08452897405366 3.25472304856881 0.96824186426742
  1354 2.14500204613482 3.00248412560215 1.30629184924645
  1355 1.82603412119036 3.03579106292877 0.80777045470840
  1356 1.82306661378140 2.73900529703853 1.09425064113715
  1377 2.29227981998385 3.72194385472557 3.64145722450087
  1378 2.20918057547905 3.99101396975956 3.81918952491552
  1385 2.40131702426330 0.18665884722768 3.55174556642667
  1386 2.47481463446111 3.94307980379961 3.40216190179468
  1395 3.68552313378723 1.36993846873926 0.56146376252773
  1396 3.90740880619163 1.10534066738892 0.41305980653207
  1400 3.64931672460464 1.18953956030604 0.88727254728458
  1401 3.86437217329398 0.94598601242763 0.73793900208434
  1437 0.42754018770328 1.58337741105108 1.61833941355944
  1439 0.45401578704385 1.59951293396892 1.74363667135629
  1440 0.35733343263175 1.71379499765853 1.59000276485413
  1441 0.38495646272884 1.75659348492999 1.75773362787263
  1450 2.47631586530008 2.87204200092900 0.01269877031830
  1451 2.63515577619622 3.11659556274322 0.12505393185732
  1455 2.47705586993107 2.97431265549810 3.77795771299570
  1456 2.60671461192123 3.18931656815992 3.85141020476726
  1458 0.98437685261323 1.63376117921511 1.04845636941181
  1459 1.20380651875647 1.96124926793860 0.82872802204078
  1460 0.83351558695415 1.95152626438130 0.80401071982469
  1461 0.97284059270030 2.11636805155598 0.75109398610272
edges 766
16      2      0
17      0      8
32     16     41
33     41     37
34     37     18
84     58     59
85     59     52
93     59     47
101     76     72
102     72     14
111     72     69
177    115     47
181     59      0
189    115      8
218    143    139
224    134    136
225    136    147
229    140    136
231    143    140
232    149    156
246    152    163
247    163    157
272    171    191
273    191    169
284    185      2
292    177    180
293    180    185
295    171     18
303    174    177
313    199    198
363    220    215
382    230    243
389    241    236
390    236    243
391    231    240
395    231    241
398    235    240
419    254    174
433    260    261
438    264    261
486     16    295
487    295    290
496    295    288
501    292    288
524    260    199
526     58    185
537    310    191
544    195    311
553    311    315
554    315    310
584    264    332
588    163    336
596    339    284
597    311    339
612    354    346
623    347    346
624    354    315
625    343    347
629    243    356
632    147    356
636    343    143
641    365    358
642    358    364
669    139    347
690    376    241
700    214    380
736     41    396
737    396    394
760     11    364
766    403    336
767    399    403
774    157    405
775    405    403
776    119    410
782    406    410
785    408    288
786    406    408
825    410    220
835    365    422
839    425    215
843    425    422
844    396    295
849    406    425
850    394    408
886    169    436
890    439    440
892    230    439
895    241    439
921    413    447
947    171    457
998     36    473
1021    156    481
1042    488    489
1045     36    488
1048     16    488
1049     14    489
1079    500    502
1081    231    500
1083    236    502
1086    198    502
1109    199    510
1112    149    510
1153    191    524
1172     69    529
1194    413    538
1214    544    545
1218     36    545
1220     37    544
1221     41    545
1242    149    553
1243    261    553
1256    557    559
1260    394    559
1261    354    557
1263    399    559
1289    568    569
1290    553    568
1292    332    568
1293    152    569
1294    134    569
1301    300    571
1307     52    573
1308    277    573
1333    581    582
1336    339    581
1337    403    582
1339    354    582
1355    230    587
1410    115    605
1431    545    611
1432    473    611
1476    115    625
1486    629    630
1487    396    629
1490    290    630
1491     98    630
1492    429    630
1507    635    636
1510    569    635
1512    429    636
1513    332    636
1525    343    640
1528    432    640
1540      2    645
1546    647    648
1547     98    647
1549    429    647
1550    413    648
1552    635    648
1553    649    650
1554    136    649
1557    356    650
1558    587    650
1559    380    650
1584      8    658
1586     11    658
1591    660    662
1595    513    662
1602    394    663
1605    399    663
1612    346    667
1614    582    667
1615    668    669
1617    519    668
1618    291    668
1619    636    669
1621    290    669
1631    673    674
1634    422    673
1635    405    674
1636    663    674
1637    425    674
1648    513    678
1649    605    678
1658    544    681
1660     11    681
1691    691    692
1692    481    691
1693    436    691
1694    231    691
1697    376    692
1705    695    696
1706    310    695
1707    557    695
1708    171    695
1710    559    696
1711     37    696
1716    139    698
1718    529    698
1729    432    701
1760    571    711
1761    538    711
1762    460    711
1779    717    718
1780    524    717
1781    436    717
1782    240    717
1784    174    718
1785    235    718
1800    723    724
1801    481    723
1802    510    723
1803    500    723
1806    195    724
1807    725    726
1808    356    725
1809    538    725
1811    380    726
1813    660    726
1839    735    736
1841    447    735
1842    291    735
1843    152    736
1844    635    736
1845    668    736
1846    737    738
1847    399    737
1850    696    738
1853    739    740
1855    701    739
1856    457    739
1859    169    740
1920    177    758
1922    760    761
1923    152    760
1924    649    760
1925    157    760
1927    380    761
1930    762    764
1932    214    762
1934    761    764
1935    215    762
1937    405    764
1980     98    777
1988    180    780
1989    718    780
1998    783    784
2001    645    783
2002    758    784
2004    185    784
2023    791    792
2024    510    791
2027    724    792
2028    698    792
2037    795    796
2038    726    795
2039    513    795
2040    447    795
2041    761    796
2043    735    796
2044    797    798
2045    169    797
2046    481    797
2048    315    798
2049    724    798
2050    347    798
2051    799    800
2054    447    799
2055    571    800
2056    777    800
2057    413    800
2077    605    806
2106    816    817
2108    762    816
2110    667    817
2111    764    817
2117    581    819
2118    519    819
2119    336    819
2126    625    821
2130    519    822
2133     72    822
2142    358    826
2173    826    837
2176    300    837
2177    838    839
2178    439    838
2180    235    838
2181    440    839
2182    826    839
2183    254    839
2192    842    844
2196     76    844
2199    292    844
2208    660    847
2210    214    847
2232    822    854
2233    291    854
2270    277    866
2278    869    870
2281    406    870
2283    777    869
2284    365    870
2286    513    871
2287    799    871
2296    581    874
2297    822    874
2298     69    874
2307    799    877
2308    869    877
2318    838    881
2322    882    883
2324    758    882
2325    260    882
2326    473    883
2328    264    883
2329    884    885
2331    881    884
2332    235    884
2333    277    885
2335    780    885
2352    254    890
2377    899    900
2378    663    899
2380    629    899
2381    673    900
2391    903    904
2392     98    903
2394    900    903
2395    777    904
2396    837    904
2397    365    904
2399    140    905
2401    156    905
2405    907    908
2407    866    907
2409    220    908
2411    816    908
2412    909    910
2413    791    909
2414    783    909
2416    199    910
2417    784    910
2419    911    912
2420    432    911
2424    881    912
2425    230    912
2426    913    914
2427    432    913
2429    740    913
2430    343    914
2431    905    914
2432    797    914
2433    915    916
2434    611    915
2435    890    915
2437    544    916
2439    738    916
2440    917    918
2442    519    917
2443    489    917
2444    264    918
2445    669    918
2446    488    918
2451     18    920
2454      2    920
2456    922    923
2458    911    922
2459    903    922
2461    881    923
2462    837    923
2470    926    927
2472    877    926
2473    291    926
2474    288    927
2475    869    927
2476    290    927
2478    780    928
2479    920    928
2480    524    928
2495    758    933
2513    502    938
2521    941    942
2523    842    941
2524    806    941
2525    926    942
2526    844    942
2527    854    942
2538    946    948
2540    174    946
2542    890    948
2543    436    946
2545    692    948
2549    261    949
2556    890    952
2557    440    952
2558    376    952
2562    954    955
2564    949    954
2565    917    954
2566    284    955
2568    819    955
2571    957    958
2573     14    957
2574     76    958
2576     16    957
2577    292    958
2578    959    960
2579    806    959
2580     47    959
2583     61    960
2584    862    960
2602    740    966
2603    946    966
2604    933    966
2615    970    971
2617    933    970
2618    883    970
2619    429    971
2621    332    971
2625     36    972
2628     11    972
2638    977    978
2641    573    977
2642    842    978
2644    119    978
2649    739    980
2652    933    980
2654    982    983
2655     18    982
2656    957    982
2657    645    982
2658    457    983
2659    958    983
2662    783    984
2663    980    984
2664    983    984
2679    364    989
2680    972    989
2690    284    992
2696    571    995
2702    997    998
2704    605    997
2705    658    998
2707    871    997
2708    364    998
2711   1000   1001
2714    992   1001
2716    847   1000
2717    662   1001
2718   1002   1003
2719    877   1002
2720    997   1002
2721    941   1002
2722    870   1003
2723    998   1003
2724    119   1003
2740    905   1007
2743   1010   1011
2744    489   1010
2746    972   1010
2747    954   1011
2748    992   1011
2756    376   1012
2759   1015   1016
2760   1011   1015
2762    662   1015
2763    989   1016
2764    995   1016
2765    871   1016
2770    629   1018
2771    970   1018
2772    611   1018
2773   1019   1020
2774    649   1019
2775   1007   1019
2776    157   1019
2777    587   1020
2779    673   1020
2780   1021   1022
2781    911   1021
2782   1020   1021
2783    900   1021
2784    913   1022
2785   1007   1022
2788    980   1023
2790    971   1023
2798    678   1026
2799   1001   1026
2800    625   1026
2805    737   1028
2808    336   1028
2811   1030   1032
2813    899   1030
2815    737   1032
2816   1022   1030
2828   1036   1037
2829    955   1036
2830   1028   1036
2832    949   1037
2834   1012   1037
2835   1038   1039
2836    966   1038
2837   1030   1038
2838   1018   1038
2839    948   1039
2840   1032   1039
2841    915   1039
2843    847   1040
2845   1012   1040
2853    645   1043
2856     14   1043
2863    198   1047
2866    711   1047
2867   1048   1049
2868   1010   1048
2869   1043   1048
2870      8   1048
2871    992   1049
2873    625   1049
2874   1050   1051
2875   1015   1050
2877    949   1050
2878    995   1051
2879   1047   1051
2880    260   1051
2898   1057   1059
2900     76   1057
2902    984   1059
2905   1023   1059
2906   1060   1061
2907    660   1060
2908   1050   1060
2909   1012   1060
2910    725   1061
2911   1047   1061
2912    236   1061
2942    960   1071
2950    346   1073
2953    908   1073
3006    681   1091
3007    920   1091
3020   1096   1097
3021      0   1096
3022   1091   1096
3023    658   1096
3024    573   1097
3026    119   1097
3028    862   1098
3029   1057   1098
3030    529   1098
3034   1100   1101
3035    139   1100
3036   1071   1100
3037    529   1100
3038    667   1101
3040    874   1101
3050   1105   1106
3051    866   1105
3052   1073   1105
3053    640   1105
3054    977   1106
3056    701   1106
3067    862   1109
3070   1057   1109
3077    678   1113
3080    806   1113
3083   1071   1115
3084   1113   1115
3098   1120   1121
3099    842   1120
3100   1109   1120
3101    959   1120
3102    977   1121
3104     52   1121
3105   1122   1123
3106    854   1122
3107    796   1122
3108   1113   1122
3109   1101   1123
3110    817   1123
3111   1115   1123
3112   1124   1125
3115    410   1124
3116    978   1125
3118    408   1124
3119    292   1125
3121   1127   1128
3122    457   1127
3123   1125   1127
3124   1106   1127
3125    557   1128
3126   1124   1128
3127   1073   1128
3139   1133   1134
3141    147   1133
3142     61   1134
3144    243   1133
3145    938   1134
3146   1135   1136
3147    912   1135
3149    640   1135
3150    884   1136
3151   1131   1136
3152    866   1136
3153   1137   1138
3154   1135   1137
3155   1133   1137
3156    143   1137
3157   1131   1138
3158   1134   1138
3159   1071   1138
3162   1140   1141
3164    140   1140
3165    149   1141
3167    134   1140
3168    568   1141
3169   1142   1143
3173    907   1143
3176    220   1143
3178   1145   1146
3179   1098   1145
3180   1140   1145
3181    698   1145
3182   1059   1146
3183   1141   1146
3184    791   1146
3185   1147   1148
3186   1097   1147
3187   1143   1147
3188    277   1147
3189   1091   1148
3190   1142   1148
3191    928   1148
3241   1164   1166
3243   1007   1164
3245    156   1166
3246   1032   1164
3248    692   1166
3249   1167   1168
3250   1028   1167
3251   1164   1167
3252    163   1167
3253   1037   1168
3254   1166   1168
3255    553   1168
3256   1169   1170
3259     58   1169
3260    460   1170
3262    180   1169
3263    300   1170
3265   1172   1173
3266    923   1172
3267   1170   1172
3269    885   1173
3270   1169   1173
3271     52   1173
3273   1174   1176
3275    916   1174
3277    681   1176
3280   1142   1176
3282   1040   1177
3283   1174   1177
3284    952   1177
3370   1205   1206
3372    177   1205
3373    254   1206
3375    300   1205
3376    826   1206
3393   1212   1213
3394    882   1212
3395    995   1212
3396   1205   1212
3397    473   1213
3398    989   1213
3399   1206   1213
3446    311   1229
3449    310   1229
3475   1238   1239
3476   1142   1238
3479    524   1239
3480   1229   1239
3777   1332   1333
3780    938   1332
3781    500   1333
3783   1131   1332
3784    240   1333
3786   1335   1336
3787   1239   1335
3788   1333   1335
3789    195   1335
3791   1332   1336
3792    821   1336
3794   1337   1339
3796    909   1337
3798    821   1339
3799   1043   1337
3801   1049   1339
3818   1345   1346
3819   1337   1345
3820     69   1345
3821    792   1345
3822   1339   1346
3823    339   1346
3824    195   1346
3842   1352   1354
3844    460   1352
3846    198   1354
3847     58   1352
3849    910   1354
3850   1355   1356
3851     47   1355
3852   1352   1355
3853     61   1355
3854    821   1356
3855   1354   1356
3856    938   1356
3921   1377   1378
3925   1172   1378
3927   1109   1377
3928   1121   1378
3946   1385   1386
3947    922   1385
3948   1378   1385
3949    701   1385
3950    647   1386
3951   1377   1386
3952   1023   1386
3978   1395   1396
3980    587   1395
3981    214   1395
3983    422   1396
3984    215   1396
3994   1400   1401
3995   1395   1400
3996    440   1400
3997   1177   1400
3998   1396   1401
3999    358   1401
4000   1176   1401
4114   1437   1439
4116   1238   1437
4118   1229   1439
4119   1174   1437
4121    738   1439
4122   1440   1441
4123   1040   1440
4124   1437   1440
4125   1000   1440
4126   1036   1441
4127   1439   1441
4128    284   1441
4154   1450   1451
4155    147   1450
4157     61   1450
4158    538   1451
4160    460   1451
4170   1455   1456
4171    862   1455
4172    134   1455
4173   1450   1455
4174   1377   1456
4175    648   1456
4176   1451   1456
4179   1458   1459
4181    907   1458
4182   1131   1459
4184   1238   1458
4185   1336   1459
4186   1460   1461
4187   1000   1460
4188   1458   1460
4189    816   1460
4190   1026   1461
4191   1459   1461
4192   1115   1461
polygons 447
0   1540   2451   2454   2655   2657
3     16     17   1540   2853   2869   2870
4     16   2454   3007   3021   3022
5   2573   2656   2657   2853   2856
7     32     33     34   2576   2655   2656
10   1584   1586   2628   2746   2868   2870
11     17   1584   3021   3023
13   1586   1660   3006   3022   3023
15   1214   1218   1658   1660   2625   2628
16   1049   2744   2856   2868   2869
17   1042   1048   1049   2573   2576
18     32   1045   1048   1218   1221
19     34   1220   1658   2451   3006   3007
21   1042   1045   2625   2744   2746
22     33   1214   1220   1221
23   3844   3852   3853   4154   4157   4160
27   3260   3267   3921   3925   4160   4174   4176
28     84     85   3259   3270   3271
29   3256   3259   3260   3844   3847
30   3104   3265   3271   3925   3928
31   2578   2584   3067   3100   3101
32     85     93   2580   3098   3101   3104
33     93     84   3847   3851   3852
34   2578   2580   2583   3851   3853
36   2583   2584   4157   4171   4173
37   2574   2659   2664   2898   2900   2902
38    101    102   2571   2573   2574
39   2001   2414   2853   3796   3799
40   2023   2413   3796   3819   3821
42    102    111   2856   3799   3819   3820
43   2413   2414   2662   2902   3182   3184
44   1172   1718   2028   3820   3821
45    111    101   1172   2900   3029   3030
47   1486   1492   2615   2619   2770   2771
48   2380   2770   2813   2837   2838
49   1491   1492   1547   1549
51   2394   2458   2459   2781   2783
54   1547   2392   2459   3946   3947   3950
56   1729   2420   2458   3947   3949
57   1549   2619   2790   3950   3952
58   1853   2602   2604   2649   2652
60   2420   2427   2780   2781   2784
61   1729   1853   1855   2427   2429
62   2429   2602   2784   2816   2836   2837
63   1486   1491   2377   2380   2392   2394
67    177   1410   2077   2579   2580
68   1307   2641   3102   3104
69     85    181   1307   3020   3021   3024
70   2638   2641   2644   3024   3026
71    177    189     17    181     93
73    189   1410   1584   2702   2704   2705
75   2638   2642   3098   3099   3102
76   2523   2524   2579   3099   3101
77   2523   2642   2644   2718   2721   2724
78   2705   2723   2724   3020   3023   3026
81   2077   2524   2704   2720   2721
82   2583   2942   3142   3158   3159
83   1716   1718   3035   3037
84    218   3035   3036   3153   3156   3159
85   3139   3141   3142   4155   4157
86   2584   2942   3028   3030   3036   3037
87    224    225   4155   4172   4173
88    229    224   3164   3167
89   3028   3167   3179   3180   4171   4172
90    218    231   1716   3164   3180   3181
91    229    231    225   3141   3155   3156
92    232   1242   3245   3254   3255
93    232   2399   2401   3162   3164   3165
94   1242   1290   3165   3168
95    246    247   1923   1925
96    224   1293   1294   1554   1923   1924
97   1924   1925   2774   2776
100   1289   1294   3162   3167   3168
101    246   1289   1290   1293   3249   3252   3255
102   2401   2740   3241   3243   3245
103    247   2775   2776   3243   3251   3252
104    229   1554   2399   2740   2774   2775
107   1856   2649   2658   2663   2664
108    272    273    947   1853   1856   1859
109    273    886   1153   1780   1781
110    886   1859   2543   2602   2603
111    284   1540   1998   2001   2004
112    292    293   1920   2002   2004
114    295    272   1153   2451   2479   2480
115    295    947   2654   2655   2658
119    303   1920   2495   2540   2603   2604
121   1779   1780   1989   2478   2480
122    292    303   1784   1988   1989
123   1779   1781   1784   2540   2543
124    284    293   1988   2454   2478   2479
125   1998   2002   2495   2652   2662   2663
126    313   1079   1086   1109   1802   1803
127   1800   1803   1806   3781   3788   3789
128   1086   2513   3846   3855   3856
129   1109   2024   2412   2413   2416
130   1806   2027   3818   3821   3824
131   2412   3794   3796   3798   3849   3854   3855
133   3786   3789   3792   3798   3822   3824
134    313   2416   3846   3849
135   1932   2108   2210   2716   4187   4189
136   2210   2843   3282   3981   3995   3997
139   3273   3280   3476   4116   4119
141   2405   2411   4181   4188   4189
143   3169   3173   3476   4181   4184
145    363   3169   3176   3280   3984   3998   4000
146   2405   2409   3173   3176
148   1932   1935   3978   3981   3984
149    363   1935   2108   2409   2411
150   4116   4124   4125   4184   4187   4188
151   2578   2579   2942   3080   3083   3084
152   1172   2298   3034   3037   3040
154   3028   3029   3067   3070
155   2192   2196   2900   3070   3099   3100
156    101   2133   2196   2232   2526   2527
159    111   2133   2297   2298
160    892   2178   2318   2424   2425
161    382   2425   3144   3147   3154   3155
162    389    390    382    892    895
163    391   1081   3781   3784
164    395    398    391    895   2178   2180
165    389    395   1079   1081   1083
166    390   1083   2513   3139   3144   3145
167   2331   2424   3146   3147   3150
169    398   2332   3150   3151   3777   3783   3784
171   2180   2318   2331   2332
173   1432   2352   2434   2435   3373   3397   3399
174   1920   2324   3372   3394   3396
176    419    303   3370   3372   3373
178    419   2352   2538   2540   2542
179   2435   2542   2839   2841
180   1432   2326   2618   2771   2772
181   2434   2772   2835   2838   2841
182   2325   2878   2880   3394   3395
183    433   2549   2874   2877   2880
184    438    433   2322   2325   2328
185    438   2440   2444   2549   2564   2565
186   2443   2565   2743   2744   2747
187   2564   2747   2760   2875   2877
188    998   2625   2680   3397   3398
191    998   1045   2326   2328   2444   2446
192   1528   1729   3050   3053   3056
193   2270   2329   2333   3150   3152
194   2456   3266   3925   3947   3948
195   1307   1308   2333   3269   3271
199   1308   2270   2641   3050   3051   3054
200   3054   3056   3102   3928   3948   3949
201   2714   2717   2748   2760   2762
202   2690   2711   2714   4122   4125   4128
203   2832   2834   2877   2908   2909
204   2208   2843   2845   2907   2909
205   2566   2829   4126   4128
207   2562   2566   2690   2747   2748
210   2196   2199   2574   2577
211    486    487   1048   1621   2445   2446
212    102   1049   2130   2133   2442   2443
213   1617   1618   2130   2232   2233
214   1615   1618   1621   2470   2473   2476
215    487    496   2474   2476
216   2233   2473   2525   2527
217    501    496    486   2571   2576   2577
219    501   2199   2470   2474   2525   2526
223   1301   2696   3375   3395   3396
224   1760   2696   2866   2878   2879
226   1301   1760   1762   3260   3263
227    292   3256   3262   3263   3372   3375
228   1762   2863   2866   3842   3844   3846
230    524   2002   2324   2325   2416   2417
231    313    524   2863   2879   2880
234    526   2004   2417   3842   3847   3849
235    293    526   3259   3262
240    537   1153   3449   3479   3480
241   1780   1782   3479   3784   3787   3788
243    544   3446   3480   3787   3789
244   1081   1692   1694   1801   1803
246    391   1693   1694   1781   1782
248    553    554   3446   3449
249    554    273    537   2044   2045   2048
250    544    553   1806   2048   2049
251    886   1692   1693   2045   2046
253   2039   2040   2054   2286   2287
254   1841   1842   2054   2307   2472   2473
255   1842   2043   2233   3106   3107
257   2472   2521   2525   2719   2721
258   1648   1649   2286   2704   2707
261   1293   1510   1843   1844
262   1289   1292   1507   1510   1513
263    438    584   1243   1290   1292
264    584   1513   1619   2444   2445
265    588   2808   3250   3252
266   1243   2549   2832   3253   3255
267   2119   2568   2808   2829   2830
268    588    246   1617   1843   1845   2118   2119
269   1507   1615   1619   1844   1845
270   2126   2873   3798   3801
271   2714   2799   2800   2871   2873
272    596   2690   2871   3801   3822   3823
273    544    597   3823   3824
274    596    597   3446   4118   4127   4128
275   1525   1528   2426   2427   2430
276    537    272   1706   1708
277   1859   2045   2426   2429   2432
279    612   1261   2950   3125   3127
280    947   1707   1708   3121   3122   3125
281   1855   1856   3056   3122   3124
284    623    612    624   2048   2050
285    625   2044   2050   2430   2432
286    623    625   1525   2950   3052   3053
287    624    554   1261   1706   1707
289   1355   2419   2425   2777   2781   2782
290    382    629   1355   1557   1558
291    632    629   3141   3144
294    636   1525   3149   3154   3156
295    231    636   2399   2430   2431
296    632    225   1553   1554   1557
297    641   2142   2173   2396   2397
298    642   2142   2679   3376   3398   3399
299    641    642   2284   2708   2722   2723
300   2679   2702   2707   2708   2763   2765
301   1301   2055   2056   2176   2395   2396
302   2051   2055   2287   2696   2764   2765
303   2173   2176   3370   3375   3376
304   2278   2283   2284   2395   2397
305   2270   2407   3173   3187   3188
306   2333   2335   2478   3185   3188   3191
307   3783   3791   4182   4185
309   1785   1989   2329   2332   2335
310   2480   3190   3191   3475   3476   3479
311   2407   3151   3152   4179   4181   4182
313    398   1779   1782   1785
314   1021   2046   2401   2431   2432
315    669   1716   2027   2028   2049   2050
316   1112   2024   3165   3183   3184
319    232   1021   1112   1801   1802
320    669    218    636    625
322   3142   3145   3850   3853   3856
323   1083   1086   2863   2911   2912
326   1761   1762   4158   4160
327   1761   1809   2866   2910   2911
328    629    390   1808   2910   2912
329    632   1808   1809   4154   4155   4158
331   1292   2621   2790   2905   3168   3182   3183
332   1512   1513   2619   2621
333   1294   1510   1552   4170   4172   4175
334    690    389   2756   2906   2909   2912
335   1557   1559   1807   1808   1811
336   1807   1813   2906   2907   2910
338    890    892   1355   3980   3995   3996
339    700   1558   1559   3980   3981
341   2558   2756   2845   3282   3284
342    690    890    895   2557   2558
343    700   1811   1813   2208   2210
345   2557   3284   3996   3997
348   1846   2433   2439   2815   2840   2841
349   2545   2839   2840   3241   3246   3248
350   2805   2815   3246   3250   3251
351   1697   2756   2834   3248   3253   3254
352   2439   3275   4114   4119   4121
353   1697   2542   2545   2556   2558
354   1846   2805   2830   4121   4126   4127
355    433    524   1109   1112   1242   1243
358    584   2328   2615   2618   2621
360   1263   1710   1846   1847   1850
361   1220   1711   1850   2437   2439
362   1260   1263   1602   1605
363     33    736    737   1260   1710   1711
364    736   1221   1431   1487   2770   2772
365    737   1487   1602   2378   2380
369   1605   1847   2378   2811   2813   2815
372   1410   1476   1649   2798   2800
373   3083   3157   3159   4182   4191   4192
376    177   1476   2126   3850   3851   3854
378    189   1476   2867   2870   2873
380   1595   2286   2759   2762   2765
382    760   1586   2705   2708
384   1595   1648   2717   2798   2799
386    760   2628   2679   2680
387    597    553    624   1333   1336   1339
388    596   1336   2117   2566   2568
389    766   1333   1337   2117   2119
390    767   1256   1261   1263   1337   1339
391    766    767   1847   2805   2808
393   1705   1706   1850   3449   4118   4121
395   2785   2811   2816   3243   3246
397   2381   2779   2782   2783
398    774   1631   1635   2773   2776   2779
399    775    767   1605   1635   1636
400    774    247    588    766    775
401    776   2644   3112   3115   3116
402    782    776   2281   2722   2724
403   2192   2199   2642   3116   3119
404    785    501   3112   3118   3119
405    782    786   3115   3118
406    786    785   2278   2281   2474   2475
407   2308   2470   2472   2475
408   1194   1760   1761   2055   2057
409   1194   1550   4158   4175   4176
411   1546   1547   1550   1980   2056   2057
412   2176   2462   3263   3266   3267
414   1980   2391   2392   2395
417   1612   2106   2110   2411   2950   2953
418    623    669   1612   3034   3035   3038
420   1591   1595   1813   2038   2039
422    921   2051   2054   2057
423    921   1194   1807   1809   2038   2040
424   1934   2041   2111   3105   3107   3110
425    774   1922   1925   1934   1937
426   1839   1843   1922   1923   2041   2043
427   1333   1614   2296   3038   3040
428   2117   2118   2130   2296   2297
429   1618   1839   1842   1845
430    775   1337   1614   1937   2110   2111
432   2638   3054   3116   3123   3124
434   2577   2658   2659   3119   3122   3123
436   1553   1559   1922   1924   1927
437   1811   1927   2037   2038   2041
439    921   1550   1552   1839   1841   1844
440   1490   1492   1512   1619   1621
441   1490   1491   1980   2283   2475   2476
444   1336   2296   2298   3818   3820   3823
445   1988   2335   3262   3269   3270
446   1308   3024   3186   3188
447    284    526     84    181     16
449    776    825   3026   3176   3186   3187
450    825   2409   2953   3115   3126   3127
454   2173   2177   2182   2318   2461   2462
456   1634   2777   2779   3978   3980   3983
458    835   1634   2381   2391   2394   2397
460   2142   2181   2182   3994   3996   3999
461    641    835   3983   3998   3999
462    839   1635   1637   1930   1935   1937
463    700   1927   1930   1932   1934
466    839    843   3983   3984
467    843   1631   1634   1637
468    844    487   1486   1487   1490
469     32    486    844    736
470    998   1218   1431   1432
473   2181   2183   2352   2556   2557
474    419   1784   1785   2177   2180   2183
475    395    690   1691   1694   1697
477   1021   1691   1692   3245   3248
478   2182   2183   3373   3376
479    786    849    850   1602   1636   1637
480    850    737    844    496    785
481    835    843    849   2281   2284
482    760    642   1660   3277   3999   4000
483   3006   3189   3190   3277   3280
484    363    839    849    782    825
485    850   1256   1260   3118   3125   3126
486     34    295   1705   1708   1711
488   1658   2437   3273   3275   3277
489    612   1339   1612   1614
491   1507   1512   1546   1549   1552
492   1528   2419   2420   3147   3149
493   1691   1693   2538   2543   2545
494    890   2177   2178   2181
495   2118   2442   2562   2565   2568
496   1591   2762   2875   2907   2908
497   1841   2037   2040   2043
501   1546   3950   3951   4174   4175
503   2322   2326   3393   3394   3397
506   1800   1801   2044   2046   2049
508   1042   2440   2443   2446
510   2798   3077   3084   4190   4192
511   2110   3038   3109   3110
512   1079   2513   3777   3780   3781
515   1800   1802   2023   2024   2027
516   1648   2037   2039   3077   3107   3108
518   1615   1617   2440   2442   2445
521   1718   3030   3179   3181
523   2001   2654   2657   2662   2664
524   1214   1431   2433   2434   2437
525   2287   2307   2707   2719   2720
527   1256   1705   1707   1710
531   1553   1558   2773   2774   2777
533   1855   2649   2788   3946   3949   3952
536   1649   2077   3077   3080
539   2126   2800   3792   4185   4190   4191
541   3051   3053   3146   3149   3152
542   2023   2028   3178   3181   3184
544   1591   2208   2711   2716   2717
545   1631   1636   2377   2378   2381
547   2051   2056   2283   2307   2308
548   2716   2843   4123   4125
552   2106   3110   3111   4186   4189   4192
553   3780   3791   3792   3854   3856
554   2329   2331   2461   3265   3266   3269
555   2322   2324   2495   2617   2618
556   1930   2106   2108   2111
558   1998   2412   2414   2417
559   3067   3927   4170   4171   4174
562   2521   2524   2527   3080   3106   3108
564   2232   2297   3040   3105   3106   3109
565   2405   2407   2953   3051   3052
566   3145   3157   3158   3780   3783
567   2391   2396   2456   2459   2462
568   2192   2521   2523   2526
571   2426   2431   2740   2784   2785
572   2278   2308   2718   2719   2722
573   2419   2424   2456   2458   2461
574   2377   2780   2783   2813   2816
575   2433   2435   2556   3275   3283   3284
576   2604   2617   2771   2836   2838
577   2479   3007   3189   3191
578   2615   2617   2652   2788   2790
580   2538   2603   2835   2836   2839
581   2562   2564   2828   2829   2832
582   2571   2654   2656   2659
583   2763   2764   3393   3395   3398
584   2680   2743   2746   2759   2760   2763
585   2663   2788   2902   2905
586   2743   2748   2867   2868   2871
587   2759   2764   2874   2875   2878
588   2702   2718   2720   2723
589   2711   2799   4186   4187   4190
590   2898   2905   3070   3927   3951   3952
591   2773   2775   2780   2782   2785
592   2828   2834   2845   4122   4123   4126
593   2828   2830   3249   3250   3253
594   2811   2835   2837   2840
595   3282   3283   4119   4123   4124
596   2867   2869   3794   3799   3801
597   2874   2879   2906   2908   2911
599   2898   3029   3178   3179   3182
600   3020   3022   3185   3186   3189
602   3034   3036   3083   3109   3111
603   3050   3052   3121   3124   3127
609   3098   3100   3921   3927   3928
610   3084   3105   3108   3111
612   3112   3121   3123   3126
613   3146   3151   3153   3154   3157
614   3139   3153   3155   3158
615   3162   3178   3180   3183
616   3169   3185   3187   3190
620   3241   3249   3251   3254
621   3256   3265   3267   3270
622   3273   3283   3994   3997   4000
628   3370   3393   3396   3399
630   3475   3786   3787   4179   4184   4185
631   3475   3480   4114   4116   4118
652   3777   3786   3788   3791
653   3794   3818   3819   3822
656   3842   3850   3852   3855
661   3921   3946   3948   3951
663   3978   3994   3995   3998
671   4114   4122   4124   4127
673   4154   4170   4173   4176
674   4179   4186   4188   4191
cells 64
0      0      3      4      5      7     10     11     13     15     16     17     18     19     21     22
1     23     27     28     29     30     31     32     33     34     36    559    609    621    673
2     37      5     38     39     40     42     43     44     45    521    523    542    582    599
3     47     48     49     51     54     56     57     58     60     61     62     63    533    574    576    578
4     32     67     68     69     70     11     71     73     75     76     77     78     81    588
5     82     83     84     85     86     36     87     88     89     90     91    521    614
6     92     93     94     95     96     97     88    100    101    102    103    104    620
7    107    108     58    109    110    111    112    114    115    119    121    122    123    124      0    125    523
8    126    127    128    129    130    131     40    133    134    512    515    553    652    653
9    135    136    139    141    143    145    146    148    149    150    548    595    622    663
10    151    152     86     45    154     76    155    156     31    159    562    564    568    602    610
11    160    161    162    163    164    165    166    167    169    171    512    566    613    614
12    173    174    176    178    179    119    180    181    503    555    576    580    628
13    182    183    184    185     21    186    187    188    191    503    508    583    584    587
14    167    192    193    194     56    195     30    199    200     68    492    541    554    573
15    201    202    203    204    205    187    207    496    544    548    581    592
16     17    210     38    211    212    213    214    215    156    216    217    219    508    518
17    182    223    174    224    226    227     29    228    230    231    112    134    234    235
18    240    241    163    243    127    244    246    109    248    249    250    251    506
19    253    254    255    216    257    258     81    497    516    525    536    562
20    261    262    263    264    185    265    266    267    268    269    101    495    518    581    593
21    270    271    243    272    202    133    273    150    274    539    589    630    631    671    674
22    275     61    276    249    108    277    279    280    281    284    285    286    192    287    603
23    289    104    290    291    275    294     91    295    296    161     60    492    531    571    591
24    297    298    299    223    300    301    302    303    304    525    547    572    583    588    628
25    121    241    305    169    193    306    307    143    309    310    311    313    616    630    652
26    314    285    315    316     93    319    320    295     90    506    515    542    615
27     85    322     23    228    128    323    326    327    328    329    166    291    656
28    331    154     57    332    333    100     89    262    491    501    559    590    599    615
29    162    334    328    290    335    336    338    339    341    342    343    204    136    345
30    348    349    350    351    179    352    353    341    354    575    592    593    595    620    671
31    129    355    125    331    230    184     43    316     94    358    263    555    558    578    585
32    360    361    362    363    364    365    348     48     22    369    181    524    594
33    322     82    372    307    373    376     34     67    151    510    536    539    553    566
34    372     73    378    380    271     10    258    382    384    201    386    300    584    586
35    387    388    389    390    391    360    267    393    274    205    354    287    248    527
36    395    103    391    369    265    350    397    398    399    400    545    574    591
37     77    401    402    403    404    405    406    257    219    407    568    572
38    408    326    409    411    412    226    414    194     27     54    301    501    567    661
39    311    417    286    373    418    141    294     84    320    511    541    552    565    602    613    674
40    224    336    380    253    302    408    420    422    423    327    496    587    597
41    424    425    426     95    427    428    213    255    429    430    389    400    268    511    564
42    155     37    432    210     75    403    107    200    281    434    533    585    590    609    661
43    436    437    335    439    261    426    423    333    409    296     87     96    329    497    673
44    429    439    269    440    422    254    411    441    214     49    407    491    547
45    428    212    388    272    444    159     42    207     16    186    495    586    596    653
46    445    195     28     69    446      4    235    124    447    306    577    600
47    401    432    199    305    446     70    449    450    146    565    603    612
48    454     51    297    289    160    456    397    458    338    460    461    494    567    573    663
49    456    398    462    148    463    339    425     97    436    466    467    531
50    468    440    211    191    358    364     47     18    469    264    470    332    180
51    353    178    473    474    246    475    123    164    342    313    493    494
52    351    334    266    355    475    231    323    126     92    244    203    183    319    477    165    597
53    445    227    122    474    309    412    171    454    478    303    176    554    621
54    270      3    378    447     71    376     33    111     39    131    234    558    596    656
55    424    384    135    437    420    343    463    510    516    544    552    556    589    610
56    441    406    479    480    468    215    365    414    304    458     63    481    467    545
57    482    483    466    299    382    449     13    402     78    461    145    484    481    600    616
58      7    280    434    363    480    485    404    469    217    486    115    527    582    612
59    477    314    102    277     62    251    349    395    110    493    571    580    594
60    139    483    393    488    352    361    276    240    114    486     19    310    577    631
61     15    482    478    473    460    488    345    470    173    298    188    386    524    575    622
62    387    489    427    130     44    418    315     83    444    273    284    152    250
63    149    484    450    390    489    279    362    485    417    479    405    462    430    399    556
