vertices 383
     0 1.11138965257614 3.78388525473714 1.22769579765418
     2 1.49882667417538 3.95977487318432 1.76948508352290
     8 1.00276657485493 3.67583265288081 1.22909831335723
    11 0.36329390812518 0.06312374849901 1.22731572862973
    14 0.97393717466905 3.47792411929297 2.32269707569776
    16 0.41040306475920 0.05284088777888 2.48921703165699
    18 1.25078119855494 0.40643301046117 2.09450664866353
    36 0.01151303669775 0.00956815811515 1.87303334366144
    37 0.60619266293549 0.52403920842558 2.19422739399218
    41 0.35295948577396 0.19271155698360 2.43807049576606
    47 1.55390890256104 3.22068664282773 0.72991018260276
    52 1.77628183942331 0.11070170245723 0.37779767840202
    58 1.97372497109192 3.64128428998120 1.04281060873489
    59 1.64751730954627 3.63403775267573 0.86120634033946
    61 1.99584761948365 2.74063823848753 0.26712881415292
    69 1.16183634650182 2.80843587270870 2.84532740279373
    72 1.06156884514247 3.01182247997023 2.84250562255896
    76 1.28687402396968 3.53440047172624 3.08393510885054
    98 3.21386451624757 0.09352673555632 3.51231782369433
   115 1.15968088901514 3.14326442610710 0.89607134307342
   119 0.90303240651974 0.34468435855052 0.26127080122985
   134 2.74195538385615 2.59190178344594 3.40131269087039
   136 2.78045011960865 2.23914332052331 3.56662895424547
   139 1.76909193614972 2.05078776818106 3.25384830549009
   140 2.52785817489550 2.08366050033640 3.27842552674184
   143 2.12661563893412 1.83741049520766 3.38834405205195
   147 2.65886743039706 2.25041877802027 0.07596526337182
   149 2.77723308724749 2.46331288714310 2.42966430161158
   152 3.54562758967036 2.58414676767588 3.19062588820211
   156 2.76835069984909 1.99551445947463 2.40411240593694
   157 3.61319040660422 2.02958024501859 3.27141293212496
   163 3.70030782357567 2.17030893508925 2.92273121571413
   169 2.03641277183147 1.03304714625939 2.38034486969747
   171 1.42734933851875 0.83162696434977 2.34510118361706
   174 2.42234512412633 0.58059120444347 1.67368536166737
   177 2.37734835053617 0.14517927103827 1.61692860705162
   180 2.18082727104599 0.11966550674897 1.49378475423495
   185 1.97276146892091 3.86936636057248 1.60073146238481
   191 1.51764226917485 0.95627616068440 2.26086173181549
   195 1.37480941832742 2.13748286822318 2.15874693033196
   198 2.54417654820350 2.77202205992010 1.45313994625484
   199 2.56358313384801 2.89864641457859 1.78483799948893
   214 3.93287910934613 1.81597927628173 0.55445586511571
   215 0.33465474438315 1.21251205491825 0.15721168559410
   220 0.64026931295530 1.14475042800910 0.19711760079055
   230 2.86586324283386 1.54789155505095 0.36203673195747
   231 2.38651123993176 1.84149244629832 1.42292945742840
   235 2.26824181524392 1.12923063817950 0.99985062782475
   236 2.68202622407363 2.09797882948826 1.11270005941757
   240 2.12521066991234 1.53935565998451 1.31024955881832
   241 2.71341534704331 1.88808831932790 1.21224134123597
   243 2.72313484995473 2.03994182775718 0.33876982422469
   254 3.11954377217179 0.62250779872071 1.36872537778235
   260 2.94125536131999 3.00206572148363 1.80796410882494
   261 3.17152120271606 2.85761292418410 2.06221404302852
   264 3.28415816097615 3.22133452472750 2.28970193179542
   277 1.69184047179675 0.77371215975880 0.54986954222336
   284 0.57768289853882 2.21523183747136 2.00381173032441
   288 0.35205123315154 0.15269413238389 3.06772595467972
   290 0.02588534885536 3.92885552617802 3.10375106595345
   291 0.19261594000443 3.04707253341010 3.36533183983173
   292 1.09593329204765 3.94043187589179 3.08992129198450
   295 0.24255775809998 0.14846954668196 2.90451006447204
   300 2.96164142133896 3.86202201057385 0.80412223529851
   310 1.19416955171750 1.28112667952267 2.35660949590395
   311 1.16124206050422 1.93125967061996 2.23393741117005
   315 1.26532766348048 1.59946127337103 2.54489030383175
   332 3.14446243130345 3.18813032925895 2.66343483484603
   336 0.07294584392596 2.05195420345338 2.73775573870338
   339 0.97001411063533 2.18687908431021 2.26128034081462
   343 2.11350113846523 1.57504849324174 3.17911158663679
   346 1.31280758400568 1.67332188575542 3.27411629580397
   347 1.71737927470094 1.79502687064936 3.15010537230420
   354 1.06427173194856 1.56984732586538 2.90289159782696
   356 2.85048294222839 2.15884583992821 0.24467397456184
   358 3.77703897436180 0.58915331012958 0.70493264369065
   364 0.21626419501008 0.03643338428959 1.07541598083600
   365 3.80785332843411 0.54080168467480 0.27234190877851
   376 3.18222509393684 1.80270941276572 1.53142536602769
   380 3.66038558703087 2.20821916423616 0.28750268343202
   394 0.35529892790695 0.86686236797294 3.06020194796279
   396 0.18859979249743 0.28603131656079 2.83441949708645
   399 0.31718682966946 1.24102900328937 2.87905627392044
   403 0.33910321716647 1.74618576139855 3.04828637159903
   405 0.14669872047170 1.74016407104005 3.39379518880357
   406 0.38479318306947 0.79814918173279 3.86314002977327
   408 0.49888134479916 0.71936200405579 3.32285591317827
   410 0.62820713015698 0.82639730139587 3.94228410713362
   413 3.29517471507764 3.26186568703774 0.10156945967236
   422 3.87641235312576 0.92630875210522 0.15905373073979
   425 0.20341787938822 1.02464960952334 3.94881215271602
   429 3.08681195992522 3.80859188444653 3.13989641900458
   432 2.32260991678319 0.92424280339728 3.31678336701309
   436 2.23604111406601 1.01719263513232 2.04469199229639
   439 2.87150854239856 1.38630991453256 0.75948647629817
   440 3.44507729957526 1.15163063253019 0.99198776589070
   447 3.64414971369463 3.10399532918710 0.08060666769624
   457 1.66884285547313 0.49077074863860 2.73089480296815
   460 2.58241600780769 3.38112294518501 0.62544376603396
   473 3.64341153195905 0.06009233707281 1.86280086960157
   481 2.46270272715071 1.83220956442730 2.11316214788105
   488 0.23095023643849 3.60297094553987 2.21998464765273
   489 0.37348928498174 3.43569039408261 2.16422594975338
   500 2.29912643966144 1.96161580399185 1.40921815374870
   502 2.40654951763678 2.17756603062121 1.23657920146128
   510 2.43325293448411 2.62799941697314 2.09178019698055
   513 0.17170318018283 2.87677162827601 0.67923513452271
   519 0.33989180719740 2.80698120527634 2.76456595515857
   524 1.62131452788259 0.91525338281670 1.73663817509796
   529 1.63982440941305 2.60070139465529 3.20482261533799
   538 2.95809332067656 3.09066197180876 0.33498767184887
   544 0.34539372733528 0.53416346772065 1.86270764924361
   545 0.05696895080504 0.22169121798502 2.00330306948101
   553 3.07874800829170 2.55239040996115 2.39643156793604
   557 0.96675055715140 1.25353583744134 2.85537579481735
   559 0.50895121157116 1.11585777328584 2.83280422134693
   568 3.06581674905505 2.78988551933852 2.71765729227452
   569 3.29775369273802 2.78588256023747 3.13352488925977
   571 3.09682533146813 3.58771737009794 0.76615920514914
   573 1.60627723907707 0.32656366343755 0.33119976747237
   581 0.68412232087122 2.28049557350331 2.70404631842629
   582 0.73778884352803 1.90230518118221 3.02308449730997
   587 3.11094807762226 1.55483320499547 0.22449427332451
   605 0.90929567590629 3.09141457200650 0.59515344392951
   611 3.67528172639799 0.30365484665316 2.00832422713062
   625 1.12420131018851 2.78100821273831 1.17165038910893
   629 3.44874325633536 0.42578857673378 2.90424085322178
   630 3.34777095951612 0.07460378713173 3.20479294984066
   635 3.33448514518361 2.88637373603989 3.17382515490059
   636 3.33752298085940 3.23669633817431 2.90699009302683
   640 2.08064210938734 1.22873006188582 3.54177105251230
   645 1.49579480125585 3.82961676716463 1.99191567885070
   647 2.97807922976399 3.82729276925562 3.38453138002924
   648 3.00591595033550 3.27252984288931 3.69084509438112
   649 3.14253516261606 2.05576837361443 3.59220250247308
   650 3.13698433241673 1.99350206557527 0.10390372932263
   658 0.70738788483609 3.95789105407065 1.07776082317345
   660 3.80672955547794 2.36594872276141 0.86571470108100
   662 0.11568049299313 2.71159924006307 0.94406272320184
   663 0.19260975204658 1.00746341873676 3.08115901338417
   667 0.92613963937160 2.03207750384521 3.38629265811632
   668 0.02869944364370 2.98019270588266 3.07561989156979
   669 3.86278425034518 3.32032147623596 2.84494158757669
   673 3.42206011360510 1.05652138950965 3.68304386780225
   674 0.03579308830305 1.19400616161033 3.51044871827621
   678 0.74581493648785 2.80785400224045 0.60381729582602
   681 0.51749408314894 0.46280036366713 1.39038141545265
   691 2.53927059478907 1.69836034137353 1.94515291258765
   692 2.97454356263633 1.66887698886186 1.95698979340315
   695 1.09298879029828 1.15503176429981 2.44608097726868
   696 0.63651055885172 1.01825582183253 2.38447083918193
   698 1.79019685781996 2.49489721531392 3.08248999379829
   701 2.13361220729201 0.62013698748331 3.27364029174411
   711 2.84928256840576 3.30072987100508 0.68637988191673
   717 1.98277673132611 0.96017917497103 1.69083105751499
   718 2.13748245655058 0.74851989986872 1.52438592886968
   723 2.24576885268447 2.12164196637890 1.93299262591760
   724 1.67854013992296 2.14730520827347 2.30858033696314
   725 3.13501571412763 2.50122913270364 0.51359882985463
   726 3.63763393491687 2.41040237215177 0.43374689527242
   735 3.88149744058620 2.83890491396431 3.62087151414533
   736 3.64105501453665 2.76159806988534 3.24638424047557
   737 0.00212264103843 1.40771350687451 2.43430019918243
   738 0.29745987536717 1.24360453921328 2.05494789556019
   739 2.09066894680960 0.51629894821427 2.80918859625050
   740 2.25221263225027 0.72804213771732 2.67664823320135
   758 2.37464559721357 3.89046693935078 1.92434825087527
   760 3.53319938370767 2.23775356536549 3.42609983966156
   761 3.91651278368483 2.31465964004541 3.85585654218553
   762 0.41280581242962 1.64296666191176 0.13941483704630
   764 0.34801742658821 1.92229938085165 3.76003071962292
   777 3.49620494425111 0.02991272409003 3.95501419508867
   780 2.00639157173132 0.64783641939669 1.45929379517282
   783 1.91451840916558 3.65866822808743 2.03806552576028
   784 2.07970209817719 3.69529723675970 1.85060802724944
   791 2.10510043512602 2.87892285411116 2.36443362668336
   792 1.70350949278367 2.53703520575170 2.52322179584024
   795 3.84246836459926 2.70579207530135 0.26533990794178
   796 0.00741415734728 2.55252343406104 3.87788946163784
   797 2.07438278978930 1.46045545644863 2.56081345197144
   798 1.68155558431530 1.71770206375415 2.63445878076421
   799 3.72128212334350 3.42349433533524 0.22734623164291
   800 3.44613652382097 3.51800753171683 0.22911824383592
   806 1.10890336417755 3.07333573935763 0.19097176979229
   816 0.75326919943801 1.70667619789881 0.18604801404962
   817 0.69761423981684 2.03257192026021 3.73391129341576
   819 0.35500865250359 2.33599669689756 2.60411779324184
   821 1.45310060189206 2.61402830680131 1.27792539570435
   822 0.78257106382262 2.81083394285778 2.97624079026180
   826 3.31505079028049 0.49673871826231 0.86956244959069
   837 3.11246692964881 0.29615017920242 0.50912248409061
   838 2.68610235594026 1.13147590911808 0.77594448854808
   839 3.19319893029785 0.78958059722634 1.01412919727545
   842 1.29992646131265 3.70577857689363 3.69995731316210
   844 1.14974336724614 3.65569064646881 3.28611678929791
   847 3.99947081773967 1.98837356567347 0.92398840130545
   854 0.60934868263474 2.94931226001149 3.38639053167161
   862 1.95791467985043 3.06577572767869 3.59234363211560
   866 1.78067902677194 1.22262406037914 0.34597938929303
   869 3.92428934233880 0.01545506454787 3.90376953138749
   870 0.07936214032360 0.32284013847473 0.12771748325513
   871 0.02422717384627 3.37623963668791 0.68257197090485
   874 0.87299873572124 2.66029103298607 2.96160481525685
   877 0.05628880749599 3.74248921042078 0.00492906363662
   881 2.53125244075689 1.04415013974839 0.52076057429671
   882 2.95872402488770 3.57192878080470 1.88438166988670
   883 3.11414305305453 3.61816597607085 2.10059832520662
   884 2.12956408025300 1.02970121948794 0.68770406779568
   885 1.96007478049747 0.73048481032212 0.72776714439004
   890 3.37576357953190 0.93141983836521 1.77399175805761
   899 3.42872055484453 0.70738084480965 2.98516244198317
   900 3.21230290854196 0.86519780379146 3.55158325720587
   903 3.10739514532251 0.47950883091956 3.73650816177711
   904 3.39173156868075 0.30756840446906 0.10858702302863
   905 2.63764169766492 1.74363790444268 2.96469076927432
   907 1.07901520306870 1.49028345703662 0.45993604089438
   908 0.91977091667837 1.53813085967599 0.17902705324044
   909 1.93607688111131 3.18679197178866 2.03714223208542
   910 2.16072040733298 3.20629679064169 1.77358065152998
   911 2.79050613661106 0.86096788785740 3.69899413089844
   912 2.58403907332182 1.25186363836840 0.21608953513681
   913 2.41648911906819 1.02244022790485 3.06214809982460
   914 2.28111274781004 1.45527073622715 2.96907111593045
   915 3.49822988813434 0.87328124872739 1.89978300303862
   916 0.13378969297126 1.01116373289081 1.80906298003382
   917 0.17346102841583 3.19476781471281 2.30261349262145
   918 0.01659474701263 3.32720173633461 2.37220379628649
   920 1.32622082842225 0.38139789196494 1.82356216027036
   922 2.82876287789283 0.53853085552611 3.80146653001878
   923 2.72885410005051 0.47791415990108 0.29685233078678
   926 0.30459995032173 3.52391497264775 3.50578548464473
   927 0.13809306444389 3.93649810165846 3.25221195242484
   928 1.58518098218622 0.77490140238966 1.64847397537537
   933 2.45325098230937 0.13497651587855 2.47482876571101
   938 1.99510865388994 2.26600601367855 0.89819502734878
   941 0.96062921180472 3.48411829602554 3.86496214379690
   942 0.76977200250407 3.40736519502849 3.52075943664633
   946 2.47644806479732 0.77874796402319 2.04644409408662
   948 3.18103489765257 1.04824464594692 2.00688666071603
   949 3.43639583588934 2.68847117989696 1.88613476466904
   952 3.53534339706685 1.27937201910203 1.29777343435621
   954 0.08256350078205 2.88413451549655 2.02306618883697
   955 0.28807499021539 2.30518887305593 2.23640371789838
   957 1.04726596592760 3.84186060870341 2.47030781842437
   958 1.23226252953030 3.84319991162450 2.86596201742490
   959 1.45963209066575 3.13612203981419 0.19338230441504
   960 1.70772682909330 2.84127104619048 0.02676990711149
   966 2.50423722838328 0.57882167775883 2.45876366323779
   970 2.83088028898691 3.96333963216923 2.56651541531402
   971 2.79922026081159 3.79326856525872 2.78060091871032
   972 0.17829638473295 3.87811989729747 1.44846591963549
   977 1.63247800333390 0.22291312300164 3.94141227009251
   978 1.34816963063068 0.15421383361344 3.81349367417261
   980 2.25746613352459 0.07471637901576 2.66955767067205
   982 1.37082882561380 0.04568104442008 2.27204460703618
   983 1.59093473702108 0.07771723755299 2.59538165361328
   984 2.02459060612813 3.88462047077129 2.57551217893017
   989 0.01051932471365 3.85557686883154 1.25850301203570
   992 0.63307768379162 2.67052386014657 1.56161196838857
   995 3.30108427396519 3.54604496848236 1.15994221483640
   997 0.41488456470558 3.67903136795182 0.59793680539529
   998 0.43612329816055 3.88585112642180 0.73675605550867
  1000 0.46570337533964 2.05782313469711 1.08436908594161
  1001 0.55120753721319 2.49419428697352 1.11447572918209
  1002 0.43256093700891 3.81776309037019 0.35744099838663
  1003 0.44611104029920 3.98293526986738 0.42127878618818
  1007 2.99114684996626 1.57500221641816 3.02996233506015
  1010 0.43356277176298 3.37732165219272 1.79749456975138
  1011 0.25989904981466 3.01072355362666 1.71355507274482
  1012 3.39582947664338 2.02200485759572 1.54001672877122
  1015 3.92068992591952 3.01614663526907 1.31655937618421
  1016 3.84050173425700 3.46538428670525 1.10360966050234
  1018 3.26087384276687 0.41942608542077 2.59962465013196
  1019 3.23767470214670 1.75426616799650 3.37917153886153
  1020 3.23628777274873 1.19384281767630 3.68165418338037
  1021 3.09026504986497 0.97255595029178 3.55024273350065
  1022 2.92150659811500 1.09180045471047 3.09861961906605
  1023 2.38357775432260 3.86628309084449 2.86817223585540
  1026 0.83970434909659 2.55957509295477 0.93143466975102
  1028 3.92321549150865 1.90425794190228 2.45743678392331
  1030 3.21883860238031 0.86447833438430 2.76317166405481
  1032 3.41176677077959 1.21758446188633 2.44087552457726
  1036 0.03392807206040 2.04841845713401 2.18352749985052
  1037 3.48957057248091 2.24568395617733 2.00639251332886
  1038 3.13056069541722 0.70440734474081 2.56584813110665
  1039 3.29858561440316 0.99447646512195 2.14915703972280
  1040 3.86061569891508 1.73517949174256 1.30512852404504
  1043 1.17303880789784 3.42479162466113 2.03730103317854
  1047 2.89038110382294 2.81727813428786 1.30267407534145
  1048 0.90646255650490 3.34757104424605 1.68127521526698
  1049 0.99987343218017 2.84653902691663 1.52564105659961
  1050 3.36239907668839 2.74076911068176 1.53741057190027
  1051 3.08096128961635 2.93223179770143 1.50007664436255
  1057 1.82220384208073 3.34123151235565 3.23784423509642
  1059 2.14705503195759 3.62488631235643 2.80935809075656
  1060 3.32253981198777 2.40542651330709 1.29522372510329
  1061 3.03738341647883 2.44989149749270 1.14175152082011
  1071 1.43351476291247 2.31255910493519 3.86394946860904
  1073 1.36200206057260 1.45453129037872 3.49891441095506
  1091 0.84020763346603 0.42648226317235 1.31660108926870
  1096 0.87140244691339 0.07787868258864 1.08783098617082
  1097 1.10101436310458 0.40649848957897 0.55921092709933
  1098 1.89754452761816 2.93218870281869 3.31559606709272
  1100 1.46456496796440 2.31856561827431 3.45606556323745
  1101 0.99684262329733 2.28041309290454 3.42799739633484
  1105 1.84464651372192 1.20440353607868 3.63808976718798
  1106 1.78093458255694 0.67625339521019 3.45901548693367
  1109 1.89353781749581 3.38415259661418 3.52472203269809
  1113 0.89836610711988 2.63346458799875 0.09552416628154
  1115 0.99129489330531 2.39339471330454 0.02337816137931
  1120 1.57312525173996 3.59677537813471 3.81318903065698
  1121 1.77509770683502 0.03704556807884 3.99268092088190
  1122 0.68423310050645 2.55309563506719 3.80047262912142
  1123 0.81128426477356 2.35248121832042 3.75822465444947
  1124 0.87952905865983 0.76446487437335 3.44321519818702
  1125 1.23759346214191 0.41238465490911 3.37562591654350
  1127 1.44441980679498 0.62212630063394 3.24187492888665
  1128 1.14976135055961 0.98896288133131 3.26642169709259
  1131 1.61480942649053 1.75873422664236 0.56365926212954
  1133 2.49982218195708 2.11119087109583 0.18688690042628
  1134 2.06092670267071 2.26368916762917 0.37057742051423
  1135 2.22191270135531 1.38713928058013 0.05954575152819
  1136 1.86832544685131 1.22185171267624 0.45219778155452
  1137 2.11747466968411 1.77354518689612 3.98858634361831
  1138 1.80874836864474 1.97182841362988 0.19335396663635
  1140 2.54071969048054 2.51491321438707 3.15979078113972
  1141 2.70080313795512 2.65799438853068 2.73819436026532
  1142 0.81246310361160 0.99782215345208 1.06001167084361
  1143 0.89838342612811 1.05650865715365 0.62832636981107
  1145 2.09186326366935 2.71583226159030 3.10659555204675
  1146 2.26226569773818 2.94980890657690 2.68908566974717
  1147 1.12416891435670 0.76199414862406 0.73159521908520
  1148 0.99768650602072 0.78872539920625 1.10434854945489
  1164 3.25795662759631 1.71639979263233 2.56217460844782
  1166 3.06676765782574 1.91051112179684 2.33039518055070
  1167 3.55642477234430 2.01866629767453 2.57052875028531
  1168 3.30602628769326 2.19388256306629 2.32083709689336
  1169 2.19603618821784 3.90101276223294 0.92287449701558
  1170 2.52389929551955 3.80559090769473 0.69417286285225
  1172 2.36415883323360 0.10727023381707 0.38384240082423
  1173 2.08791821740825 0.18497975743413 0.56050866865420
  1174 0.18670011593879 1.16275833120459 1.51523940073316
  1176 0.39533002237191 0.88878968425464 1.21186658864928
  1177 3.73730051301702 1.32205937807217 1.23957306957388
  1205 3.07995888671136 0.00211474089702 1.24356512929568
  1206 3.24125823538814 0.22520681378491 1.24319515768257
  1212 3.22410563260464 3.85256350164364 1.35467491079857
  1213 3.42902389620273 0.01665712943374 1.39001408868133
  1229 1.05333390984829 1.56520874937386 1.98268687442256
  1238 0.92629703623863 1.43651334906208 1.29023923479856
  1239 1.25476569614728 1.45847047372997 1.58203947147552
  1332 1.73032850715855 1.95891818892384 0.97643509882225
  1333 1.93657946972255 1.79969787390512 1.27235866596953
  1335 1.60451781738229 1.87813289143221 1.41752196193192
  1336 1.55994630930931 2.08171411932894 1.12256929367603
  1337 1.44233194564052 2.99180752358424 2.05491518486997
  1339 1.27091737970539 2.71336512214420 1.72030757018366
  1345 1.36993414200919 2.69141395592643 2.45743519251549
  1346 1.21224800428250 2.35123033792103 2.19181518464947
  1352 2.09651275511870 3.24801452521758 0.98128873032629
  1354 2.14988403051971 2.99926722217254 1.31581553661321
  1355 1.84010227516674 3.02947977705858 0.82135047136221
  1356 1.83486885433200 2.74870098797258 1.09980345710675
  1377 2.30419931100862 3.71559884243772 3.65613618035110
  1378 2.22158462586737 3.98382387168631 3.83305032558261
  1385 2.41129936259491 0.17821864067676 3.56868237485993
  1386 2.48495740707360 3.93448037411933 3.41859683704064
  1395 3.69820867599143 1.36198233064304 0.57954915361658
  1396 3.92127420176061 1.09601578902543 0.43132968616894
  1400 3.66062889459804 1.18549605955906 0.90230111466073
  1401 3.87800527897447 0.93996148331494 0.75525987183310
  1437 0.43776416574065 1.57014362694117 1.62682723645854
  1439 0.46500638697702 1.58837089624059 1.76093105311384
  1440 0.36343072054174 1.70767598822519 1.59661857772012
  1441 0.39247679129196 1.75367349024023 1.77532875871204
  1450 2.48920185745439 2.87265699808322 0.03203312401429
  1451 2.64586773466810 3.11149533824130 0.14217041989477
  1455 2.49061325418264 2.97346304765402 3.79949881614577
  1456 2.61751286220470 3.18307854472285 3.86913975438193
  1458 1.00206090990832 1.65602961744506 1.02244291214556
  1459 1.22619653967850 1.95063480839388 0.85297388521135
  1460 0.84899935206256 1.94334657683534 0.81619602985547
  1461 0.98531030458998 2.10990050773767 0.76860628849902
edges 766
16      2      0
17      0      8
32     16     41
33     41     37
34     37     18
84     58     59
85     59     52
93     59     47
101     76     72
102     72     14
111     72     69
177    115     47
181     59      0
189    115      8
218    143    139
224    134    136
225    136    147
229    140    136
231    143    140
232    149    156
246    152    163
247    163    157
272    171    191
273    191    169
284    185      2
292    177    180
293    180    185
295    171     18
303    174    177
313    199    198
363    220    215
382    230    243
389    241    236
390    236    243
391    231    240
395    231    241
398    235    240
419    254    174
433    260    261
438    264    261
486     16    295
487    295    290
496    295    288
501    292    288
524    260    199
526     58    185
537    310    191
544    195    311
553    311    315
554    315    310
584    264    332
588    163    336
596    339    284
597    311    339
612    354    346
623    347    346
624    354    315
625    343    347
629    243    356
632    147    356
636    343    143
641    365    358
642    358    364
669    139    347
690    376    241
700    214    380
736     41    396
737    396    394
760     11    364
766    403    336
767    399    403
774    157    405
775    405    403
776    119    410
782    406    410
785    408    288
786    406    408
825    410    220
835    365    422
839    425    215
843    425    422
844    396    295
849    406    425
850    394    408
886    169    436
890    439    440
892    230    439
895    241    439
921    413    447
947    171    457
998     36    473
1021    156    481
1042    488    489
1045     36    488
1048     16    488
1049     14    489
1079    500    502
1081    231    500
1083    236    502
1086    198    502
1109    199    510
1112    149    510
1153    191    524
1172     69    529
1194    413    538
1214    544    545
1218     36    545
1220     37    544
1221     41    545
1242    149    553
1243    261    553
1256    557    559
1260    394    559
1261    354    557
1263    399    559
1289    568    569
1290    553    568
1292    332    568
1293    152    569
1294    134    569
1301    300    571
1307     52    573
1308    277    573
1333    581    582
1336    339    581
1337    403    582
1339    354    582
1355    230    587
1410    115    605
1431    545    611
1432    473    611
1476    115    625
1486    629    630
1487    396    629
1490    290    630
1491     98    630
1492    429    630
1507    635    636
1510    569    635
1512    429    636
1513    332    636
1525    343    640
1528    432    640
1540      2    645
1546    647    648
1547     98    647
1549    429    647
1550    413    648
1552    635    648
1553    649    650
1554    136    649
1557    356    650
1558    587    650
1559    380    650
1584      8    658
1586     11    658
1591    660    662
1595    513    662
1602    394    663
1605    399    663
1612    346    667
1614    582    667
1615    668    669
1617    519    668
1618    291    668
1619    636    669
1621    290    669
1631    673    674
1634    422    673
1635    405    674
1636    663    674
1637    425    674
1648    513    678
1649    605    678
1658    544    681
1660     11    681
1691    691    692
1692    481    691
1693    436    691
1694    231    691
1697    376    692
1705    695    696
1706    310    695
1707    557    695
1708    171    695
1710    559    696
1711     37    696
1716    139    698
1718    529    698
1729    432    701
1760    571    711
1761    538    711
1762    460    711
1779    717    718
1780    524    717
1781    436    717
1782    240    717
1784    174    718
1785    235    718
1800    723    724
1801    481    723
1802    510    723
1803    500    723
1806    195    724
1807    725    726
1808    356    725
1809    538    725
1811    380    726
1813    660    726
1839    735    736
1841    447    735
1842    291    735
1843    152    736
1844    635    736
1845    668    736
1846    737    738
1847    399    737
1850    696    738
1853    739    740
1855    701    739
1856    457    739
1859    169    740
1920    177    758
1922    760    761
1923    152    760
1924    649    760
1925    157    760
1927    380    761
1930    762    764
1932    214    762
1934    761    764
1935    215    762
1937    405    764
1980     98    777
1988    180    780
1989    718    780
1998    783    784
2001    645    783
2002    758    784
2004    185    784
2023    791    792
2024    510    791
2027    724    792
2028    698    792
2037    795    796
2038    726    795
2039    513    795
2040    447    795
2041    761    796
2043    735    796
2044    797    798
2045    169    797
2046    481    797
2048    315    798
2049    724    798
2050    347    798
2051    799    800
2054    447    799
2055    571    800
2056    777    800
2057    413    800
2077    605    806
2106    816    817
2108    762    816
2110    667    817
2111    764    817
2117    581    819
2118    519    819
2119    336    819
2126    625    821
2130    519    822
2133     72    822
2142    358    826
2173    826    837
2176    300    837
2177    838    839
2178    439    838
2180    235    838
2181    440    839
2182    826    839
2183    254    839
2192    842    844
2196     76    844
2199    292    844
2208    660    847
2210    214    847
2232    822    854
2233    291    854
2270    277    866
2278    869    870
2281    406    870
2283    777    869
2284    365    870
2286    513    871
2287    799    871
2296    581    874
2297    822    874
2298     69    874
2307    799    877
2308    869    877
2318    838    881
2322    882    883
2324    758    882
2325    260    882
2326    473    883
2328    264    883
2329    884    885
2331    881    884
2332    235    884
2333    277    885
2335    780    885
2352    254    890
2377    899    900
2378    663    899
2380    629    899
2381    673    900
2391    903    904
2392     98    903
2394    900    903
2395    777    904
2396    837    904
2397    365    904
2399    140    905
2401    156    905
2405    907    908
2407    866    907
2409    220    908
2411    816    908
2412    909    910
2413    791    909
2414    783    909
2416    199    910
2417    784    910
2419    911    912
2420    432    911
2424    881    912
2425    230    912
2426    913    914
2427    432    913
2429    740    913
2430    343    914
2431    905    914
2432    797    914
2433    915    916
2434    611    915
2435    890    915
2437    544    916
2439    738    916
2440    917    918
2442    519    917
2443    489    917
2444    264    918
2445    669    918
2446    488    918
2451     18    920
2454      2    920
2456    922    923
2458    911    922
2459    903    922
2461    881    923
2462    837    923
2470    926    927
2472    877    926
2473    291    926
2474    288    927
2475    869    927
2476    290    927
2478    780    928
2479    920    928
2480    524    928
2495    758    933
2513    502    938
2521    941    942
2523    842    941
2524    806    941
2525    926    942
2526    844    942
2527    854    942
2538    946    948
2540    174    946
2542    890    948
2543    436    946
2545    692    948
2549    261    949
2556    890    952
2557    440    952
2558    376    952
2562    954    955
2564    949    954
2565    917    954
2566    284    955
2568    819    955
2571    957    958
2573     14    957
2574     76    958
2576     16    957
2577    292    958
2578    959    960
2579    806    959
2580     47    959
2583     61    960
2584    862    960
2602    740    966
2603    946    966
2604    933    966
2615    970    971
2617    933    970
2618    883    970
2619    429    971
2621    332    971
2625     36    972
2628     11    972
2638    977    978
2641    573    977
2642    842    978
2644    119    978
2649    739    980
2652    933    980
2654    982    983
2655     18    982
2656    957    982
2657    645    982
2658    457    983
2659    958    983
2662    783    984
2663    980    984
2664    983    984
2679    364    989
2680    972    989
2690    284    992
2696    571    995
2702    997    998
2704    605    997
2705    658    998
2707    871    997
2708    364    998
2711   1000   1001
2714    992   1001
2716    847   1000
2717    662   1001
2718   1002   1003
2719    877   1002
2720    997   1002
2721    941   1002
2722    870   1003
2723    998   1003
2724    119   1003
2740    905   1007
2743   1010   1011
2744    489   1010
2746    972   1010
2747    954   1011
2748    992   1011
2756    376   1012
2759   1015   1016
2760   1011   1015
2762    662   1015
2763    989   1016
2764    995   1016
2765    871   1016
2770    629   1018
2771    970   1018
2772    611   1018
2773   1019   1020
2774    649   1019
2775   1007   1019
2776    157   1019
2777    587   1020
2779    673   1020
2780   1021   1022
2781    911   1021
2782   1020   1021
2783    900   1021
2784    913   1022
2785   1007   1022
2788    980   1023
2790    971   1023
2798    678   1026
2799   1001   1026
2800    625   1026
2805    737   1028
2808    336   1028
2811   1030   1032
2813    899   1030
2815    737   1032
2816   1022   1030
2828   1036   1037
2829    955   1036
2830   1028   1036
2832    949   1037
2834   1012   1037
2835   1038   1039
2836    966   1038
2837   1030   1038
2838   1018   1038
2839    948   1039
2840   1032   1039
2841    915   1039
2843    847   1040
2845   1012   1040
2853    645   1043
2856     14   1043
2863    198   1047
2866    711   1047
2867   1048   1049
2868   1010   1048
2869   1043   1048
2870      8   1048
2871    992   1049
2873    625   1049
2874   1050   1051
2875   1015   1050
2877    949   1050
2878    995   1051
2879   1047   1051
2880    260   1051
2898   1057   1059
2900     76   1057
2902    984   1059
2905   1023   1059
2906   1060   1061
2907    660   1060
2908   1050   1060
2909   1012   1060
2910    725   1061
2911   1047   1061
2912    236   1061
2942    960   1071
2950    346   1073
2953    908   1073
3006    681   1091
3007    920   1091
3020   1096   1097
3021      0   1096
3022   1091   1096
3023    658   1096
3024    573   1097
3026    119   1097
3028    862   1098
3029   1057   1098
3030    529   1098
3034   1100   1101
3035    139   1100
3036   1071   1100
3037    529   1100
3038    667   1101
3040    874   1101
3050   1105   1106
3051    866   1105
3052   1073   1105
3053    640   1105
3054    977   1106
3056    701   1106
3067    862   1109
3070   1057   1109
3077    678   1113
3080    806   1113
3083   1071   1115
3084   1113   1115
3098   1120   1121
3099    842   1120
3100   1109   1120
3101    959   1120
3102    977   1121
3104     52   1121
3105   1122   1123
3106    854   1122
3107    796   1122
3108   1113   1122
3109   1101   1123
3110    817   1123
3111   1115   1123
3112   1124   1125
3115    410   1124
3116    978   1125
3118    408   1124
3119    292   1125
3121   1127   1128
3122    457   1127
3123   1125   1127
3124   1106   1127
3125    557   1128
3126   1124   1128
3127   1073   1128
3139   1133   1134
3141    147   1133
3142     61   1134
3144    243   1133
3145    938   1134
3146   1135   1136
3147    912   1135
3149    640   1135
3150    884   1136
3151   1131   1136
3152    866   1136
3153   1137   1138
3154   1135   1137
3155   1133   1137
3156    143   1137
3157   1131   1138
3158   1134   1138
3159   1071   1138
3162   1140   1141
3164    140   1140
3165    149   1141
3167    134   1140
3168    568   1141
3169   1142   1143
3173    907   1143
3176    220   1143
3178   1145   1146
3179   1098   1145
3180   1140   1145
3181    698   1145
3182   1059   1146
3183   1141   1146
3184    791   1146
3185   1147   1148
3186   1097   1147
3187   1143   1147
3188    277   1147
3189   1091   1148
3190   1142   1148
3191    928   1148
3241   1164   1166
3243   1007   1164
3245    156   1166
3246   1032   1164
3248    692   1166
3249   1167   1168
3250   1028   1167
3251   1164   1167
3252    163   1167
3253   1037   1168
3254   1166   1168
3255    553   1168
3256   1169   1170
3259     58   1169
3260    460   1170
3262    180   1169
3263    300   1170
3265   1172   1173
3266    923   1172
3267   1170   1172
3269    885   1173
3270   1169   1173
3271     52   1173
3273   1174   1176
3275    916   1174
3277    681   1176
3280   1142   1176
3282   1040   1177
3283   1174   1177
3284    952   1177
3370   1205   1206
3372    177   1205
3373    254   1206
3375    300   1205
3376    826   1206
3393   1212   1213
3394    882   1212
3395    995   1212
3396   1205   1212
3397    473   1213
3398    989   1213
3399   1206   1213
3446    311   1229
3449    310   1229
3475   1238   1239
3476   1142   1238
3479    524   1239
3480   1229   1239
3777   1332   1333
3780    938   1332
3781    500   1333
3783   1131   1332
3784    240   1333
3786   1335   1336
3787   1239   1335
3788   1333   1335
3789    195   1335
3791   1332   1336
3792    821   1336
3794   1337   1339
3796    909   1337
3798    821   1339
3799   1043   1337
3801   1049   1339
3818   1345   1346
3819   1337   1345
3820     69   1345
3821    792   1345
3822   1339   1346
3823    339   1346
3824    195   1346
3842   1352   1354
3844    460   1352
3846    198   1354
3847     58   1352
3849    910   1354
3850   1355   1356
3851     47   1355
3852   1352   1355
3853     61   1355
3854    821   1356
3855   1354   1356
3856    938   1356
3921   1377   1378
3925   1172   1378
3927   1109   1377
3928   1121   1378
3946   1385   1386
3947    922   1385
3948   1378   1385
3949    701   1385
3950    647   1386
3951   1377   1386
3952   1023   1386
3978   1395   1396
3980    587   1395
3981    214   1395
3983    422   1396
3984    215   1396
3994   1400   1401
3995   1395   1400
3996    440   1400
3997   1177   1400
3998   1396   1401
3999    358   1401
4000   1176   1401
4114   1437   1439
4116   1238   1437
4118   1229   1439
4119   1174   1437
4121    738   1439
4122   1440   1441
4123   1040   1440
4124   1437   1440
4125   1000   1440
4126   1036   1441
4127   1439   1441
4128    284   1441
4154   1450   1451
4155    147   1450
4157     61   1450
4158    538   1451
4160    460   1451
4170   1455   1456
4171    862   1455
4172    134   1455
4173   1450   1455
4174   1377   1456
4175    648   1456
4176   1451   1456
4179   1458   1459
4181    907   1458
4182   1131   1459
4184   1238   1458
4185   1336   1459
4186   1460   1461
4187   1000   1460
4188   1458   1460
4189    816   1460
4190   1026   1461
4191   1459   1461
4192   1115   1461
polygons 447
0   1540   2451   2454   2655   2657
3     16     17   1540   2853   2869   2870
4     16   2454   3007   3021   3022
5   2573   2656   2657   2853   2856
7     32     33     34   2576   2655   2656
10   1584   1586   2628   2746   2868   2870
11     17   1584   3021   3023
13   1586   1660   3006   3022   3023
15   1214   1218   1658   1660   2625   2628
16   1049   2744   2856   2868   2869
17   1042   1048   1049   2573   2576
18     32   1045   1048   1218   1221
19     34   1220   1658   2451   3006   3007
21   1042   1045   2625   2744   2746
22     33   1214   1220   1221
23   3844   3852   3853   4154   4157   4160
27   3260   3267   3921   3925   4160   4174   4176
28     84     85   3259   3270   3271
29   3256   3259   3260   3844   3847
30   3104   3265   3271   3925   3928
31   2578   2584   3067   3100   3101
32     85     93   2580   3098   3101   3104
33     93     84   3847   3851   3852
34   2578   2580   2583   3851   3853
36   2583   2584   4157   4171   4173
37   2574   2659   2664   2898   2900   2902
38    101    102   2571   2573   2574
39   2001   2414   2853   3796   3799
40   2023   2413   3796   3819   3821
42    102    111   2856   3799   3819   3820
43   2413   2414   2662   2902   3182   3184
44   1172   1718   2028   3820   3821
45    111    101   1172   2900   3029   3030
47   1486   1492   2615   2619   2770   2771
48   2380   2770   2813   2837   2838
49   1491   1492   1547   1549
51   2394   2458   2459   2781   2783
54   1547   2392   2459   3946   3947   3950
56   1729   2420   2458   3947   3949
57   1549   2619   2790   3950   3952
58   1853   2602   2604   2649   2652
60   2420   2427   2780   2781   2784
61   1729   1853   1855   2427   2429
62   2429   2602   2784   2816   2836   2837
63   1486   1491   2377   2380   2392   2394
67    177   1410   2077   2579   2580
68   1307   2641   3102   3104
69     85    181   1307   3020   3021   3024
70   2638   2641   2644   3024   3026
71    177    189     17    181     93
73    189   1410   1584   2702   2704   2705
75   2638   2642   3098   3099   3102
76   2523   2524   2579   3099   3101
77   2523   2642   2644   2718   2721   2724
78   2705   2723   2724   3020   3023   3026
81   2077   2524   2704   2720   2721
82   2583   2942   3142   3158   3159
83   1716   1718   3035   3037
84    218   3035   3036   3153   3156   3159
85   3139   3141   3142   4155   4157
86   2584   2942   3028   3030   3036   3037
87    224    225   4155   4172   4173
88    229    224   3164   3167
89   3028   3167   3179   3180   4171   4172
90    218    231   1716   3164   3180   3181
91    229    231    225   3141   3155   3156
92    232   1242   3245   3254   3255
93    232   2399   2401   3162   3164   3165
94   1242   1290   3165   3168
95    246    247   1923   1925
96    224   1293   1294   1554   1923   1924
97   1924   1925   2774   2776
100   1289   1294   3162   3167   3168
101    246   1289   1290   1293   3249   3252   3255
102   2401   2740   3241   3243   3245
103    247   2775   2776   3243   3251   3252
104    229   1554   2399   2740   2774   2775
107   1856   2649   2658   2663   2664
108    272    273    947   1853   1856   1859
109    273    886   1153   1780   1781
110    886   1859   2543   2602   2603
111    284   1540   1998   2001   2004
112    292    293   1920   2002   2004
114    295    272   1153   2451   2479   2480
115    295    947   2654   2655   2658
119    303   1920   2495   2540   2603   2604
121   1779   1780   1989   2478   2480
122    292    303   1784   1988   1989
123   1779   1781   1784   2540   2543
124    284    293   1988   2454   2478   2479
125   1998   2002   2495   2652   2662   2663
126    313   1079   1086   1109   1802   1803
127   1800   1803   1806   3781   3788   3789
128   1086   2513   3846   3855   3856
129   1109   2024   2412   2413   2416
130   1806   2027   3818   3821   3824
131   2412   3794   3796   3798   3849   3854   3855
133   3786   3789   3792   3798   3822   3824
134    313   2416   3846   3849
135   1932   2108   2210   2716   4187   4189
136   2210   2843   3282   3981   3995   3997
139   3273   3280   3476   4116   4119
141   2405   2411   4181   4188   4189
143   3169   3173   3476   4181   4184
145    363   3169   3176   3280   3984   3998   4000
146   2405   2409   3173   3176
148   1932   1935   3978   3981   3984
149    363   1935   2108   2409   2411
150   4116   4124   4125   4184   4187   4188
151   2578   2579   2942   3080   3083   3084
152   1172   2298   3034   3037   3040
154   3028   3029   3067   3070
155   2192   2196   2900   3070   3099   3100
156    101   2133   2196   2232   2526   2527
159    111   2133   2297   2298
160    892   2178   2318   2424   2425
161    382   2425   3144   3147   3154   3155
162    389    390    382    892    895
163    391   1081   3781   3784
164    395    398    391    895   2178   2180
165    389    395   1079   1081   1083
166    390   1083   2513   3139   3144   3145
167   2331   2424   3146   3147   3150
169    398   2332   3150   3151   3777   3783   3784
171   2180   2318   2331   2332
173   1432   2352   2434   2435   3373   3397   3399
174   1920   2324   3372   3394   3396
176    419    303   3370   3372   3373
178    419   2352   2538   2540   2542
179   2435   2542   2839   2841
180   1432   2326   2618   2771   2772
181   2434   2772   2835   2838   2841
182   2325   2878   2880   3394   3395
183    433   2549   2874   2877   2880
184    438    433   2322   2325   2328
185    438   2440   2444   2549   2564   2565
186   2443   2565   2743   2744   2747
187   2564   2747   2760   2875   2877
188    998   2625   2680   3397   3398
191    998   1045   2326   2328   2444   2446
192   1528   1729   3050   3053   3056
193   2270   2329   2333   3150   3152
194   2456   3266   3925   3947   3948
195   1307   1308   2333   3269   3271
199   1308   2270   2641   3050   3051   3054
200   3054   3056   3102   3928   3948   3949
201   2714   2717   2748   2760   2762
202   2690   2711   2714   4122   4125   4128
203   2832   2834   2877   2908   2909
204   2208   2843   2845   2907   2909
205   2566   2829   4126   4128
207   2562   2566   2690   2747   2748
210   2196   2199   2574   2577
211    486    487   1048   1621   2445   2446
212    102   1049   2130   2133   2442   2443
213   1617   1618   2130   2232   2233
214   1615   1618   1621   2470   2473   2476
215    487    496   2474   2476
216   2233   2473   2525   2527
217    501    496    486   2571   2576   2577
219    501   2199   2470   2474   2525   2526
223   1301   2696   3375   3395   3396
224   1760   2696   2866   2878   2879
226   1301   1760   1762   3260   3263
227    292   3256   3262   3263   3372   3375
228   1762   2863   2866   3842   3844   3846
230    524   2002   2324   2325   2416   2417
231    313    524   2863   2879   2880
234    526   2004   2417   3842   3847   3849
235    293    526   3259   3262
240    537   1153   3449   3479   3480
241   1780   1782   3479   3784   3787   3788
243    544   3446   3480   3787   3789
244   1081   1692   1694   1801   1803
246    391   1693   1694   1781   1782
248    553    554   3446   3449
249    554    273    537   2044   2045   2048
250    544    553   1806   2048   2049
251    886   1692   1693   2045   2046
253   2039   2040   2054   2286   2287
254   1841   1842   2054   2307   2472   2473
255   1842   2043   2233   3106   3107
257   2472   2521   2525   2719   2721
258   1648   1649   2286   2704   2707
261   1293   1510   1843   1844
262   1289   1292   1507   1510   1513
263    438    584   1243   1290   1292
264    584   1513   1619   2444   2445
265    588   2808   3250   3252
266   1243   2549   2832   3253   3255
267   2119   2568   2808   2829   2830
268    588    246   1617   1843   1845   2118   2119
269   1507   1615   1619   1844   1845
270   2126   2873   3798   3801
271   2714   2799   2800   2871   2873
272    596   2690   2871   3801   3822   3823
273    544    597   3823   3824
274    596    597   3446   4118   4127   4128
275   1525   1528   2426   2427   2430
276    537    272   1706   1708
277   1859   2045   2426   2429   2432
279    612   1261   2950   3125   3127
280    947   1707   1708   3121   3122   3125
281   1855   1856   3056   3122   3124
284    623    612    624   2048   2050
285    625   2044   2050   2430   2432
286    623    625   1525   2950   3052   3053
287    624    554   1261   1706   1707
289   1355   2419   2425   2777   2781   2782
290    382    629   1355   1557   1558
291    632    629   3141   3144
294    636   1525   3149   3154   3156
295    231    636   2399   2430   2431
296    632    225   1553   1554   1557
297    641   2142   2173   2396   2397
298    642   2142   2679   3376   3398   3399
299    641    642   2284   2708   2722   2723
300   2679   2702   2707   2708   2763   2765
301   1301   2055   2056   2176   2395   2396
302   2051   2055   2287   2696   2764   2765
303   2173   2176   3370   3375   3376
304   2278   2283   2284   2395   2397
305   2270   2407   3173   3187   3188
306   2333   2335   2478   3185   3188   3191
307   3783   3791   4182   4185
309   1785   1989   2329   2332   2335
310   2480   3190   3191   3475   3476   3479
311   2407   3151   3152   4179   4181   4182
313    398   1779   1782   1785
314   1021   2046   2401   2431   2432
315    669   1716   2027   2028   2049   2050
316   1112   2024   3165   3183   3184
319    232   1021   1112   1801   1802
320    669    218    636    625
322   3142   3145   3850   3853   3856
323   1083   1086   2863   2911   2912
326   1761   1762   4158   4160
327   1761   1809   2866   2910   2911
328    629    390   1808   2910   2912
329    632   1808   1809   4154   4155   4158
331   1292   2621   2790   2905   3168   3182   3183
332   1512   1513   2619   2621
333   1294   1510   1552   4170   4172   4175
334    690    389   2756   2906   2909   2912
335   1557   1559   1807   1808   1811
336   1807   1813   2906   2907   2910
338    890    892   1355   3980   3995   3996
339    700   1558   1559   3980   3981
341   2558   2756   2845   3282   3284
342    690    890    895   2557   2558
343    700   1811   1813   2208   2210
345   2557   3284   3996   3997
348   1846   2433   2439   2815   2840   2841
349   2545   2839   2840   3241   3246   3248
350   2805   2815   3246   3250   3251
351   1697   2756   2834   3248   3253   3254
352   2439   3275   4114   4119   4121
353   1697   2542   2545   2556   2558
354   1846   2805   2830   4121   4126   4127
355    433    524   1109   1112   1242   1243
358    584   2328   2615   2618   2621
360   1263   1710   1846   1847   1850
361   1220   1711   1850   2437   2439
362   1260   1263   1602   1605
363     33    736    737   1260   1710   1711
364    736   1221   1431   1487   2770   2772
365    737   1487   1602   2378   2380
369   1605   1847   2378   2811   2813   2815
372   1410   1476   1649   2798   2800
373   3083   3157   3159   4182   4191   4192
376    177   1476   2126   3850   3851   3854
378    189   1476   2867   2870   2873
380   1595   2286   2759   2762   2765
382    760   1586   2705   2708
384   1595   1648   2717   2798   2799
386    760   2628   2679   2680
387    597    553    624   1333   1336   1339
388    596   1336   2117   2566   2568
389    766   1333   1337   2117   2119
390    767   1256   1261   1263   1337   1339
391    766    767   1847   2805   2808
393   1705   1706   1850   3449   4118   4121
395   2785   2811   2816   3243   3246
397   2381   2779   2782   2783
398    774   1631   1635   2773   2776   2779
399    775    767   1605   1635   1636
400    774    247    588    766    775
401    776   2644   3112   3115   3116
402    782    776   2281   2722   2724
403   2192   2199   2642   3116   3119
404    785    501   3112   3118   3119
405    782    786   3115   3118
406    786    785   2278   2281   2474   2475
407   2308   2470   2472   2475
408   1194   1760   1761   2055   2057
409   1194   1550   4158   4175   4176
411   1546   1547   1550   1980   2056   2057
412   2176   2462   3263   3266   3267
414   1980   2391   2392   2395
417   1612   2106   2110   2411   2950   2953
418    623    669   1612   3034   3035   3038
420   1591   1595   1813   2038   2039
422    921   2051   2054   2057
423    921   1194   1807   1809   2038   2040
424   1934   2041   2111   3105   3107   3110
425    774   1922   1925   1934   1937
426   1839   1843   1922   1923   2041   2043
427   1333   1614   2296   3038   3040
428   2117   2118   2130   2296   2297
429   1618   1839   1842   1845
430    775   1337   1614   1937   2110   2111
432   2638   3054   3116   3123   3124
434   2577   2658   2659   3119   3122   3123
436   1553   1559   1922   1924   1927
437   1811   1927   2037   2038   2041
439    921   1550   1552   1839   1841   1844
440   1490   1492   1512   1619   1621
441   1490   1491   1980   2283   2475   2476
444   1336   2296   2298   3818   3820   3823
445   1988   2335   3262   3269   3270
446   1308   3024   3186   3188
447    284    526     84    181     16
449    776    825   3026   3176   3186   3187
450    825   2409   2953   3115   3126   3127
454   2173   2177   2182   2318   2461   2462
456   1634   2777   2779   3978   3980   3983
458    835   1634   2381   2391   2394   2397
460   2142   2181   2182   3994   3996   3999
461    641    835   3983   3998   3999
462    839   1635   1637   1930   1935   1937
463    700   1927   1930   1932   1934
466    839    843   3983   3984
467    843   1631   1634   1637
468    844    487   1486   1487   1490
469     32    486    844    736
470    998   1218   1431   1432
473   2181   2183   2352   2556   2557
474    419   1784   1785   2177   2180   2183
475    395    690   1691   1694   1697
477   1021   1691   1692   3245   3248
478   2182   2183   3373   3376
479    786    849    850   1602   1636   1637
480    850    737    844    496    785
481    835    843    849   2281   2284
482    760    642   1660   3277   3999   4000
483   3006   3189   3190   3277   3280
484    363    839    849    782    825
485    850   1256   1260   3118   3125   3126
486     34    295   1705   1708   1711
488   1658   2437   3273   3275   3277
489    612   1339   1612   1614
491   1507   1512   1546   1549   1552
492   1528   2419   2420   3147   3149
493   1691   1693   2538   2543   2545
494    890   2177   2178   2181
495   2118   2442   2562   2565   2568
496   1591   2762   2875   2907   2908
497   1841   2037   2040   2043
501   1546   3950   3951   4174   4175
503   2322   2326   3393   3394   3397
506   1800   1801   2044   2046   2049
508   1042   2440   2443   2446
510   2798   3077   3084   4190   4192
511   2110   3038   3109   3110
512   1079   2513   3777   3780   3781
515   1800   1802   2023   2024   2027
516   1648   2037   2039   3077   3107   3108
518   1615   1617   2440   2442   2445
521   1718   3030   3179   3181
523   2001   2654   2657   2662   2664
524   1214   1431   2433   2434   2437
525   2287   2307   2707   2719   2720
527   1256   1705   1707   1710
531   1553   1558   2773   2774   2777
533   1855   2649   2788   3946   3949   3952
536   1649   2077   3077   3080
539   2126   2800   3792   4185   4190   4191
541   3051   3053   3146   3149   3152
542   2023   2028   3178   3181   3184
544   1591   2208   2711   2716   2717
545   1631   1636   2377   2378   2381
547   2051   2056   2283   2307   2308
548   2716   2843   4123   4125
552   2106   3110   3111   4186   4189   4192
553   3780   3791   3792   3854   3856
554   2329   2331   2461   3265   3266   3269
555   2322   2324   2495   2617   2618
556   1930   2106   2108   2111
558   1998   2412   2414   2417
559   3067   3927   4170   4171   4174
562   2521   2524   2527   3080   3106   3108
564   2232   2297   3040   3105   3106   3109
565   2405   2407   2953   3051   3052
566   3145   3157   3158   3780   3783
567   2391   2396   2456   2459   2462
568   2192   2521   2523   2526
571   2426   2431   2740   2784   2785
572   2278   2308   2718   2719   2722
573   2419   2424   2456   2458   2461
574   2377   2780   2783   2813   2816
575   2433   2435   2556   3275   3283   3284
576   2604   2617   2771   2836   2838
577   2479   3007   3189   3191
578   2615   2617   2652   2788   2790
580   2538   2603   2835   2836   2839
581   2562   2564   2828   2829   2832
582   2571   2654   2656   2659
583   2763   2764   3393   3395   3398
584   2680   2743   2746   2759   2760   2763
585   2663   2788   2902   2905
586   2743   2748   2867   2868   2871
587   2759   2764   2874   2875   2878
588   2702   2718   2720   2723
589   2711   2799   4186   4187   4190
590   2898   2905   3070   3927   3951   3952
591   2773   2775   2780   2782   2785
592   2828   2834   2845   4122   4123   4126
593   2828   2830   3249   3250   3253
594   2811   2835   2837   2840
595   3282   3283   4119   4123   4124
596   2867   2869   3794   3799   3801
597   2874   2879   2906   2908   2911
599   2898   3029   3178   3179   3182
600   3020   3022   3185   3186   3189
602   3034   3036   3083   3109   3111
603   3050   3052   3121   3124   3127
609   3098   3100   3921   3927   3928
610   3084   3105   3108   3111
612   3112   3121   3123   3126
613   3146   3151   3153   3154   3157
614   3139   3153   3155   3158
615   3162   3178   3180   3183
616   3169   3185   3187   3190
620   3241   3249   3251   3254
621   3256   3265   3267   3270
622   3273   3283   3994   3997   4000
628   3370   3393   3396   3399
630   3475   3786   3787   4179   4184   4185
631   3475   3480   4114   4116   4118
652   3777   3786   3788   3791
653   3794   3818   3819   3822
656   3842   3850   3852   3855
661   3921   3946   3948   3951
663   3978   3994   3995   3998
671   4114   4122   4124   4127
673   4154   4170   4173   4176
674   4179   4186   4188   4191
cells 64
0      0      3      4      5      7     10     11     13     15     16     17     18     19     21     22
1     23     27     28     29     30     31     32     33     34     36    559    609    621    673
2     37      5     38     39     40     42     43     44     45    521    523    542    582    599
3     47     48     49     51     54     56     57     58     60     61     62     63    533    574    576    578
4     32     67     68     69     70     11     71     73     75     76     77     78     81    588
5     82     83     84     85     86     36     87     88     89     90     91    521    614
6     92     93     94     95     96     97     88    100    101    102    103    104    620
7    107    108     58    109    110    111    112    114    115    119    121    122    123    124      0    125    523
8    126    127    128    129    130    131     40    133    134    512    515    553    652    653
9    135    136    139    141    143    145    146    148    149    150    548    595    622    663
10    151    152     86     45    154     76    155    156     31    159    562    564    568    602    610
11    160    161    162    163    164    165    166    167    169    171    512    566    613    614
12    173    174    176    178    179    119    180    181    503    555    576    580    628
13    182    183    184    185     21    186    187    188    191    503    508    583    584    587
14    167    192    193    194     56    195     30    199    200     68    492    541    554    573
15    201    202    203    204    205    187    207    496    544    548    581    592
16     17    210     38    211    212    213    214    215    156    216    217    219    508    518
17    182    223    174    224    226    227     29    228    230    231    112    134    234    235
18    240    241    163    243    127    244    246    109    248    249    250    251    506
19    253    254    255    216    257    258     81    497    516    525    536    562
20    261    262    263    264    185    265    266    267    268    269    101    495    518    581    593
21    270    271    243    272    202    133    273    150    274    539    589    630    631    671    674
22    275     61    276    249    108    277    279    280    281    284    285    286    192    287    603
23    289    104    290    291    275    294     91    295    296    161     60    492    531    571    591
24    297    298    299    223    300    301    302    303    304    525    547    572    583    588    628
25    121    241    305    169    193    306    307    143    309    310    311    313    616    630    652
26    314    285    315    316     93    319    320    295     90    506    515    542    615
27     85    322     23    228    128    323    326    327    328    329    166    291    656
28    331    154     57    332    333    100     89    262    491    501    559    590    599    615
29    162    334    328    290    335    336    338    339    341    342    343    204    136    345
30    348    349    350    351    179    352    353    341    354    575    592    593    595    620    671
31    129    355    125    331    230    184     43    316     94    358    263    555    558    578    585
32    360    361    362    363    364    365    348     48     22    369    181    524    594
33    322     82    372    307    373    376     34     67    151    510    536    539    553    566
34    372     73    378    380    271     10    258    382    384    201    386    300    584    586
35    387    388    389    390    391    360    267    393    274    205    354    287    248    527
36    395    103    391    369    265    350    397    398    399    400    545    574    591
37     77    401    402    403    404    405    406    257    219    407    568    572
38    408    326    409    411    412    226    414    194     27     54    301    501    567    661
39    311    417    286    373    418    141    294     84    320    511    541    552    565    602    613    674
40    224    336    380    253    302    408    420    422    423    327    496    587    597
41    424    425    426     95    427    428    213    255    429    430    389    400    268    511    564
42    155     37    432    210     75    403    107    200    281    434    533    585    590    609    661
43    436    437    335    439    261    426    423    333    409    296     87     96    329    497    673
44    429    439    269    440    422    254    411    441    214     49    407    491    547
45    428    212    388    272    444    159     42    207     16    186    495    586    596    653
46    445    195     28     69    446      4    235    124    447    306    577    600
47    401    432    199    305    446     70    449    450    146    565    603    612
48    454     51    297    289    160    456    397    458    338    460    461    494    567    573    663
49    456    398    462    148    463    339    425     97    436    466    467    531
50    468    440    211    191    358    364     47     18    469    264    470    332    180
51    353    178    473    474    246    475    123    164    342    313    493    494
52    351    334    266    355    475    231    323    126     92    244    203    183    319    477    165    597
53    445    227    122    474    309    412    171    454    478    303    176    554    621
54    270      3    378    447     71    376     33    111     39    131    234    558    596    656
55    424    384    135    437    420    343    463    510    516    544    552    556    589    610
56    441    406    479    480    468    215    365    414    304    458     63    481    467    545
57    482    483    466    299    382    449     13    402     78    461    145    484    481    600    616
58      7    280    434    363    480    485    404    469    217    486    115    527    582    612
59    477    314    102    277     62    251    349    395    110    493    571    580    594
60    139    483    393    488    352    361    276    240    114    486     19    310    577    631
61     15    482    478    473    460    488    345    470    173    298    188    386    524    575    622
62    387    489    427    130     44    418    315     83    444    273    284    152    250
63    149    484    450    390    489    279    362    485    417    479    405    462    430    399    556
