vertices 383
     0 0.95490440690991 3.85899761912034 1.20720400206275
     2 1.34224121209033 0.03543626588542 1.75165373134430
     8 0.84700521406990 3.75152732943873 1.20848172649342
    11 0.20685532116456 0.13635954897406 1.20839885772926
    14 0.82143325910445 3.55099532945268 2.30276051453359
    16 0.25435856537997 0.12401569899081 2.47038723190273
    18 1.09435488847514 0.47875398685512 2.07526930776661
    36 3.85493527481454 0.08401931278551 1.85443702667662
    37 0.45218014480139 0.59550517986173 2.17526076147862
    41 0.19686979899863 0.26350228750441 2.41947094790291
    47 1.40015246064727 3.29439536291064 0.70896574129646
    52 1.62219335916940 0.18369275344398 0.35983916234198
    58 1.82026259819195 3.71665056641310 1.02289586849575
    59 1.49378562134509 3.70925627237963 0.84035773990120
    61 1.84143094504620 2.81606165369561 0.25147200144560
    69 1.00990736512014 2.88301382705234 2.82352466933012
    72 0.91036301071896 3.08527442665436 2.82085373021378
    76 1.13508296432966 3.60649033098655 3.06259035221687
    98 3.06031226661272 0.16584838138253 3.49236217681855
   115 1.00494147276744 3.21699899359180 0.87565964585735
   119 0.74794921582572 0.41629755224398 0.24251242268867
   134 2.59113611120830 2.66783021216856 3.38527006680348
   136 2.62947640735352 2.31038144362187 3.55341345756998
   139 1.61703945739302 2.12189781454332 3.23579373297685
   140 2.37481612696080 2.15420909859449 3.26216584309182
   143 1.97273205119499 1.90873198376899 3.37145252607875
   147 2.50731487473969 2.32179449906682 0.06116985434369
   149 2.62532624184290 2.53762402978202 2.41256954585599
   152 3.39516001234627 2.66218490366501 3.17402533971617
   156 2.61674374811164 2.06588323620682 2.38732757529607
   157 3.46470585085215 2.09883416041342 3.25502651250058
   163 3.55234023232025 2.24073547359403 2.90133966744853
   169 1.88281050676043 1.10476804855862 2.36425495097856
   171 1.27037778079955 0.90695044438676 2.32684616789179
   174 2.26826575658954 0.65391776105274 1.65370535498096
   177 2.22143524255806 0.21776522291645 1.59830730456941
   180 2.02657568792915 0.19283932796091 1.47580336846517
   185 1.81903862873501 3.94480073762963 1.58205371554128
   191 1.35807043166673 1.02768765746424 2.24519607686756
   195 1.22638599594456 2.20907664789383 2.13476728198270
   198 2.38430133055925 2.84417113534249 1.43691709351468
   199 2.40391229561124 2.96863382351157 1.76736039609153
   214 3.78070310615225 1.88804982017611 0.53685533234027
   215 0.18213707241577 1.28270202141862 0.13854650882923
   220 0.48692345040142 1.21415894860399 0.17778441353860
   230 2.71359375301233 1.61915498323297 0.34425065516162
   231 2.23116535180207 1.91266914338669 1.41137869001204
   235 2.11516589171728 1.19959961054761 0.98080665391982
   236 2.53246495047445 2.17303980359761 1.09357876703409
   240 1.97115942563202 1.61057336004694 1.29543525566800
   241 2.56451096325515 1.95967500985786 1.19483914776267
   243 2.57131742612770 2.11395104431295 0.32077581927442
   254 2.96493865881307 0.69489175723314 1.35152412835070
   260 2.78861974355599 3.07762177300430 1.79060393106852
   261 3.01866379711416 2.93396930702897 2.04438439978480
   264 3.12993658635292 3.29481680725394 2.26978067371842
   277 1.53900600137115 0.84593020220227 0.53244515140654
   284 0.42441385219502 2.28741217629445 1.98482337923339
   288 0.19664159757459 0.22353971653603 3.04904975263122
   290 3.87327245765272 0.00108392485595 3.08469326703106
   291 0.04014359064658 3.11911223956032 3.34624419579656
   292 0.94253898359781 0.01268166696484 3.07077623623923
   295 0.08701283353521 0.21898353623158 2.88660861872795
   300 2.80968042890856 3.93273683427317 0.78483543130663
   310 1.04360037993222 1.34468635952401 2.33988881317561
   311 1.00854586740758 2.00068126066814 2.21244331399973
   315 1.11487949797694 1.66720939754749 2.52805620868770
   332 2.99086232026071 3.26230905026706 2.64394720592391
   336 3.91938106981389 2.12334572662185 2.71911356229697
   339 0.81512820337063 2.25899590521761 2.24000729427660
   343 1.95725577112349 1.64878881216404 3.16705870659989
   346 1.16167339638118 1.74354107321101 3.25599815586168
   347 1.56605855738135 1.86563277297620 3.13253169047143
   354 0.91432117568222 1.63871343388716 2.88533073110811
   356 2.69673604895593 2.23066877152703 0.22820137270545
   358 3.62431956657940 0.66126160324413 0.68699811763949
   364 0.06166661433925 0.10990798496517 1.05794999558624
   365 3.65547292677020 0.61344639343077 0.25428268209724
   376 3.02929060396211 1.87389776106516 1.51198824894228
   380 3.50811017971347 2.27931172307326 0.27091929298952
   394 0.20089052302587 0.93833464344712 3.04142968089671
   396 0.03255866606987 0.35734090402533 2.81590368055371
   399 0.16432092201471 1.30896631112947 2.86168702388459
   403 0.18643640794107 1.81720704840764 3.03076608910203
   405 3.99454829777354 1.81152893646567 3.37552081505456
   406 0.23102216698968 0.86933519480030 3.84619373185894
   408 0.34471083623302 0.79026279164489 3.30453756114749
   410 0.47396570211010 0.89707909023336 3.92502908167001
   413 3.14194909254836 3.33519808807924 0.08246060275676
   422 3.72411073231596 0.99759870182853 0.14162413415622
   425 0.05083995256242 1.09524129917620 3.93146954752603
   429 2.93332140552614 3.88116426603415 3.12036218555808
   432 2.16763191296913 0.99758153041412 3.29817755825481
   436 2.08530724266501 1.08918406884685 2.02393516302981
   439 2.71982031739090 1.45826859556059 0.74218663848760
   440 3.28415249895999 1.22410926808287 0.97642352009748
   447 3.49212511716262 3.17639645065740 0.06152891779687
   457 1.51265287161596 0.56386925436438 2.71354755166152
   460 2.42966620399744 3.45469614755608 0.60685456476530
   473 3.48917834719562 0.13380448328095 1.84436162244900
   481 2.31011434463869 1.90235705640924 2.09641516437563
   488 0.07640830701950 3.67501682049092 2.20124870049838
   489 0.21978796901764 3.50764268954243 2.14510941933325
   500 2.14378597375990 2.03314733970324 1.39932728902664
   502 2.25080967674702 2.25562963821541 1.22218440154972
   510 2.28259049165117 2.70008717261885 2.07667668059011
   513 0.01939455780734 2.94798953454828 0.66031338672761
   519 0.18878347988411 2.87897178743712 2.74494547193002
   524 1.46553781293348 0.98772368993912 1.71419135095145
   529 1.48759810202667 2.67656503687580 3.18337155454499
   538 2.80462596230938 3.16459846549470 0.31721548723193
   544 0.19048726208061 0.60660901859183 1.84215508402056
   545 3.89966305995004 0.29286748105670 1.98320736547760
   553 2.92672549198186 2.62732041733335 2.37932808797504
   557 0.81675905938598 1.32135065308861 2.83903551048508
   559 0.35394321697728 1.18405540572849 2.81627647702739
   568 2.91347466386934 2.86464374627176 2.69865932061330
   569 3.14781508477534 2.86218706132087 3.11748456107694
   571 2.94326657881532 3.66121139154916 0.74711631376258
   573 1.45342402741244 0.39851382214342 0.31346674301981
   581 0.53048950416960 2.35349885923252 2.68317996669937
   582 0.58523950852679 1.97327068681947 3.00512877089282
   587 2.95834916514678 1.62654656625662 0.20681181279835
   605 0.75600398966453 3.16417681444202 0.57619584680411
   611 3.52055464989217 0.37467145471315 1.98841418950461
   625 0.96960501615445 2.85239094395449 1.15489980533718
   629 3.29441400194077 0.49768536883828 2.88603335161681
   630 3.19394472445048 0.14696315778038 3.18566378038282
   635 3.18202777662900 2.95753656367668 3.15581101517643
   636 3.18393891539295 3.31047380450846 2.88800498580318
   640 1.92528457326125 1.30203288996125 3.52400726753477
   645 1.33934775521546 3.90489552625007 1.97405639218621
   647 2.82457589596874 3.89983081442021 3.36485220156945
   648 2.85261526778806 3.34506187185062 3.67203220536021
   649 2.98992240821712 2.12719442034419 3.57988590995184
   650 2.98435510273607 2.06457754177884 0.08704822557131
   658 0.55413718006284 0.03065300855761 1.05836158512194
   660 3.65348951984872 2.43745843901103 0.84610773970169
   662 3.96335473115341 2.78365080257810 0.92465083929291
   663 0.04030249233714 1.07764407035443 3.06213753945973
   667 0.77367708033739 2.10352034469417 3.36795410875265
   668 3.87657754939227 3.05243151055933 3.05715490602477
   669 3.71063016672795 3.39343125139655 2.82642069062977
   673 3.27042420751533 1.12835950358566 3.66527320916103
   674 3.88314024600367 1.26481486635649 3.49288709688458
   678 0.59301497680506 2.87983505552584 0.58535527599757
   681 0.36181861890188 0.53612980845174 1.37227168327390
   691 2.38611414076027 1.76888187927317 1.92848726719684
   692 2.82267669095175 1.74008229770927 1.93979786975182
   695 0.94536167507531 1.22189792975652 2.42699216770616
   696 0.48301370074210 1.08571374389628 2.36494857232622
   698 1.63815767199585 2.57010371553619 3.06204447424218
   701 1.97824632609501 0.69346835295808 3.25530410016303
   711 2.69607701953317 3.37474609535587 0.66769798224792
   717 1.83401786413787 1.03408176257971 1.66748929356353
   718 1.98202338054279 0.82421251535978 1.50187616218521
   723 2.09636957588346 2.18783658052778 1.92045579366401
   724 1.53155656308050 2.21780308247488 2.28830108338815
   725 2.98206968846851 2.57305344278714 0.49725038202110
   726 3.48524693519138 2.48157145250808 0.41725591788441
   735 3.72892177530561 2.91080832942642 3.60206658189519
   736 3.48718791263606 2.83354522896236 3.22792217313783
   737 3.84841282552955 1.47854958145351 2.41544283416717
   738 0.14417156136936 1.31400067585689 2.03531796049658
   739 1.93585775432094 0.58979512179324 2.79226939802543
   740 2.09695083061573 0.80068293266269 2.65993552025216
   758 2.21778737009752 3.96316583762141 1.90610097404929
   760 3.38379253156257 2.31042271157575 3.41259413014918
   761 3.76441911001372 2.38648574900223 3.83758081772717
   762 0.26146525290628 1.71448699821904 0.11966342543554
   764 0.19616468317969 1.99353653502751 3.74071863790929
   777 3.34336686960351 0.10195595000067 3.93622151189254
   780 1.85264206367026 0.72448925709794 1.43871429036032
   783 1.76066905197881 3.73321532444648 2.01984270536580
   784 1.92577461110552 3.76996379265374 1.83260271399646
   791 1.95173562820511 2.94707820654893 2.34036823598798
   792 1.55386761759953 2.60871848490171 2.49487883308049
   795 3.69069560310871 2.77707521596708 0.24764420389448
   796 3.85536081041332 2.62346787872869 3.85941754463448
   797 1.92178573546101 1.53159569976201 2.54396779306539
   798 1.53156208498849 1.78727018206274 2.61710947577462
   799 3.56959106863845 3.49577912371872 0.20789042342594
   800 3.29305124902754 3.59114081057543 0.20960989468362
   806 0.95638962376141 3.14587863753528 0.17121152232998
   816 0.60207248116708 1.77813610485890 0.16459470729510
   817 0.54719536438838 2.10409479322634 3.71391560509340
   819 0.20340884131043 2.40883453372594 2.58462125234596
   821 1.28978827210444 2.69095416170467 1.25997524067843
   822 0.63041572137778 2.88298562972886 2.95518629709690
   826 3.16284333258812 0.56858432668941 0.85052840247918
   837 2.96014560787830 0.36812833403680 0.48945557164549
   838 2.53281274155573 1.20166324204489 0.75723047164963
   839 3.03807726828707 0.86353925920493 0.99643787048444
   842 1.14661081693110 3.77854988544203 3.68053857071598
   844 0.99678710375231 3.72825970726193 3.26648820645664
   847 3.84679701170410 2.05942208607010 0.90467471977755
   854 0.45726079160650 3.02134939589218 3.36701883413119
   862 1.80537822370309 3.14180037608173 3.57371462980533
   866 1.62503387766395 1.29269170989883 0.32992386320581
   869 3.77095019790826 0.08761582705186 3.88517083297379
   870 3.92646443159362 0.39570866641895 0.10972362992565
   871 3.87182062585855 3.44850591757386 0.66272807105474
   874 0.71977239946483 2.73430579147164 2.94034907404063
   877 3.90336115619276 3.81371986388823 3.98655403504538
   881 2.37859638665392 1.11469802442950 0.50223094155333
   882 2.80456760094406 3.64410767218922 1.86658678676922
   883 2.95992368570677 3.69033579851281 2.08160432139593
   884 1.97737592965888 1.10070313585285 0.66960835592055
   885 1.80675878352264 0.80306408951223 0.70958630296183
   890 3.22030701178859 1.00365326919253 1.75645463395994
   899 3.27450065328088 0.77839493186549 2.96683449710728
   900 3.05863839501898 0.93566486217024 3.53214314604616
   903 2.95374207503093 0.55168570885681 3.71668736275760
   904 3.23864871608373 0.37984902732671 0.08984513468986
   905 2.48518054387139 1.81371333680871 2.94885313589241
   907 0.93202114296101 1.55831452436647 0.44379612454590
   908 0.76962884321171 1.60755745075400 0.15714532884900
   909 1.78172758110258 3.25786500547223 2.01626242007344
   910 2.00437518939176 3.27476368005021 1.75411848141363
   911 2.63617739368312 0.93302719343379 3.67975171509893
   912 2.43104113929942 1.32280023141683 0.19822255237441
   913 2.26138394961895 1.09524461758656 3.04547082152331
   914 2.12839809074464 1.52573943280299 2.95296115382103
   915 3.34175892609143 0.94593734659990 1.88073368825699
   916 3.98102290259809 1.08293106823336 1.78961927744367
   917 0.02151583466554 3.26815985316716 2.28252630358293
   918 3.86473738099032 3.40055743689499 2.35207756908659
   920 1.17040333037173 0.45375723600519 1.80496160682305
   922 2.67449488740564 0.61083509153441 3.78206417254609
   923 2.57543576320750 0.55023038840489 0.27730539082633
   926 0.15196286276345 3.59489230303312 3.48641322733068
   927 3.98474144362514 0.00885439137717 3.23195363449644
   928 1.43070779640423 0.84992805471826 1.62787568427210
   933 2.29732566618552 0.20853719949655 2.45769939366429
   938 1.84039322283278 2.34320549979372 0.89397647425396
   941 0.80743393464420 3.55582482720069 3.84541816529340
   942 0.61685867016941 3.47884019658320 3.50134092707084
   946 2.32212840221804 0.85242068372727 2.02602310936367
   948 3.02874237614717 1.11916951965094 1.98744345428343
   949 3.28515291424024 2.76381772152001 1.86782809052492
   952 3.37667910174013 1.35227987763689 1.28037332732485
   954 3.93042955703279 2.95814230908036 2.00363873133730
   955 0.13593038582419 2.37778264459528 2.21742675231569
   957 0.89327740303417 3.91490887268480 2.45019858855001
   958 1.07923132439492 3.91593775505495 2.84572288022625
   959 1.30626527168028 3.20921698305433 0.17393321360844
   960 1.55289637980835 2.91675988666799 0.00947307594360
   966 2.34916497653269 0.65010704376043 2.44148102145516
   970 2.67712153312468 0.03556205533238 2.54847219951740
   971 2.64641779572943 3.86603019414582 2.76130401535888
   972 0.02324219088729 3.95287381947847 1.42683192833961
   977 1.47964542206290 0.29503047180609 3.92320902773975
   978 1.19361658450417 0.22626829021985 3.79423507353232
   980 2.10289547059076 0.14872938637853 2.65201866566102
   982 1.21480742510825 0.11945699077844 2.25209395003416
   983 1.43604034111244 0.15104968536596 2.57681882039221
   984 1.86994869079387 3.95825907534068 2.55689888062138
   989 3.85793108165473 3.93041350495399 1.23933992575561
   992 0.48024679564383 2.74253074120466 1.54193307145051
   995 3.14716776364198 3.61973518849917 1.14043296835676
   997 0.26131022671774 3.75035042093172 0.57806442883965
   998 0.28263942410793 3.95870534930192 0.71778789987640
  1000 0.31226358909108 2.12850983028140 1.06536844862688
  1001 0.39851479981294 2.56652315615487 1.09599771587957
  1002 0.27882506211509 3.88879349036021 0.33775469480919
  1003 0.29257103327040 0.05596071485250 0.40228561767907
  1007 2.83838724743726 1.64460093821691 3.01433828715336
  1010 0.27992681170888 3.44946182666136 1.77825768815907
  1011 0.10682242571720 3.08389519983936 1.69477106542392
  1012 3.24339241649040 2.09339707129631 1.52048251721325
  1015 3.76756377719407 3.08946655891877 1.29799767278216
  1016 3.68746302496720 3.53833909942158 1.08422680625051
  1018 3.10563202429856 0.49125767552683 2.58083516790391
  1019 3.08535561923876 1.82226899478619 3.36391109886640
  1020 3.08285824439301 1.26702009658250 3.66376476365888
  1021 2.93533341051910 1.04432478306157 3.53081800990918
  1022 2.76793889056203 1.16357782204870 3.08261283937348
  1023 2.22928474671676 3.93919191503598 2.84985579897816
  1026 0.68676993620923 2.63154481098358 0.91415301212555
  1028 3.77012777290097 1.97626056964394 2.43986745271885
  1030 3.06564457653356 0.93511502003206 2.74640528755157
  1032 3.25992105501336 1.29068075129758 2.42209189062061
  1036 3.88115606364046 2.12079799851798 2.16480096368790
  1037 3.33854222836140 2.31746443959873 1.98922571714392
  1038 2.97628446154930 0.77381102537437 2.54751535139551
  1039 3.14493391775769 1.06575124794269 2.12720898742248
  1040 3.70780981393327 1.80670517380130 1.28485179337552
  1043 1.01850032612311 3.49897686834144 2.01932900739551
  1047 2.73710453277072 2.89205596252169 1.28325868187819
  1048 0.75101872802306 3.42116505295589 1.66236990997795
  1049 0.84626824516766 2.91749851692971 1.50518608958547
  1050 3.21105106914622 2.81598060498605 1.51856617107981
  1051 2.92849687108036 3.00798772492092 1.48126142740043
  1057 1.66977385317174 3.41454791536289 3.21595881294403
  1059 1.99249180046794 3.69715761365679 2.79030171744527
  1060 3.17027449850987 2.47779549489326 1.27485439211752
  1061 2.88495187418552 2.52256143912612 1.12109209799059
  1071 1.27740971115797 2.38643501607044 3.84753335221052
  1073 1.20930234513304 1.52200255831320 3.48183369271087
  1091 0.68722132080201 0.49915331112266 1.29818164793896
  1096 0.71806182949154 0.15031444830530 1.06858125106477
  1097 0.94731471101808 0.47856008941552 0.54169391844670
  1098 1.74507642302272 3.00699235624045 3.29439104761407
  1100 1.30964379247344 2.39206288886594 3.43780024108298
  1101 0.84465075165597 2.35351421866753 3.40964819290557
  1105 1.68893649302648 1.27444036332926 3.62011749084876
  1106 1.62690684273140 0.74873480847432 3.44153224869129
  1109 1.74131935990373 3.45788825148188 3.50546530687839
  1113 0.74715268571687 2.70518368851181 0.07585947730948
  1115 0.84053182457578 2.46640047787729 0.00414429756784
  1120 1.41959287495376 3.67017384707221 3.79392265353438
  1121 1.62096905161788 0.11024444767627 3.97385356046388
  1122 0.53336004613456 2.62460376722653 3.78090639765951
  1123 0.66026571473216 2.42528872396711 3.73850427046903
  1124 0.72670378757632 0.83511063244279 3.42513552183148
  1125 1.08332978582072 0.48508015467681 3.35794842292660
  1127 1.28860411009018 0.69407488265616 3.22496978363509
  1128 0.99654374365831 1.05811471194577 3.24901768756998
  1131 1.45963143367721 1.83689328086239 0.54700571924973
  1133 2.35013389799573 2.18503390362344 0.17005533505245
  1134 1.90583947002260 2.33997639650275 0.35521881485105
  1135 2.06622394451485 1.45976022193987 0.04080718660939
  1136 1.71209536424189 1.29743183560595 0.43019047401009
  1137 1.96331446208762 1.84550554640831 3.96953165765640
  1138 1.65050306901288 2.04752116365475 0.17700671487262
  1140 2.38837202985451 2.59011568351268 3.14156184013379
  1141 2.54865911598994 2.73255837993943 2.71976679994642
  1142 0.66299950324285 1.07145704527786 1.04078100677628
  1143 0.74878836141833 1.12683157837224 0.61381748007249
  1145 1.93936864335461 2.79126859795776 3.08696077038694
  1146 2.11001571703302 3.02198072628141 2.66993592528060
  1147 0.97104437588125 0.83526812644235 0.71460186418501
  1148 0.84601003229302 0.86232773666122 1.08532378264315
  1164 3.10686241874716 1.78694404229701 2.54386855643948
  1166 2.91554772078947 1.98098139611659 2.31289960904559
  1167 3.40798008380171 2.09029678309427 2.55239041875319
  1168 3.15624236257738 2.26597552833757 2.30304477525667
  1169 2.04074208825126 3.97319544329414 0.90467516854382
  1170 2.37135076428378 3.87626455888379 0.67471613596346
  1172 2.21097494865008 0.17945682565939 0.36365764229888
  1173 1.93325654466206 0.25755215786248 0.54185032614209
  1174 0.03466929337273 1.23451067896043 1.49531644037066
  1176 0.24117544735713 0.96232638198669 1.19396011623692
  1177 3.58420510122062 1.39558279938993 1.22006961443301
  1205 2.92887288796861 0.07330352554229 1.22571419121732
  1206 3.08875924215470 0.29459426451099 1.22574840347137
  1212 3.06994487844576 3.92709419113078 1.33459678665198
  1213 3.27318619252502 0.09037892640568 1.36996509543031
  1229 0.89958755650371 1.63482696670737 1.96136711040089
  1238 0.77294501563291 1.50721654714666 1.27039760026147
  1239 1.10119084711188 1.52953167385687 1.56241264787173
  1332 1.58162696555269 2.04375185826799 0.97745771623177
  1333 1.77759304878139 1.88165293776170 1.25974600612629
  1335 1.45459102362085 1.95566009449451 1.39813861316469
  1336 1.40908158375467 2.15223817563324 1.10923207070246
  1337 1.28973621571989 3.06523128927848 2.03374722107325
  1339 1.11316056789916 2.78784617306045 1.69482855616112
  1345 1.22472555844847 2.76015956557551 2.42325886595006
  1346 1.06456628072130 2.42737418209096 2.16659494970878
  1352 1.94365994137511 3.32093924307348 0.96135141857387
  1354 1.99413549911444 3.07272350076954 1.29548165646617
  1355 1.68807463714741 3.10257620529071 0.80160053124678
  1356 1.68200224471134 2.82688443721190 1.07853656727300
  1377 2.15091432827206 3.78871719326525 3.63670041255059
  1378 2.06843042008559 0.05695151263139 3.81347619452255
  1385 2.25698157333115 0.25067220563393 3.55014329213776
  1386 2.33075529309743 0.00673723765644 3.39975318968001
  1395 3.54572875944513 1.43373769292315 0.56200630053077
  1396 3.76898111329968 1.16762649010320 0.41375684083484
  1400 3.50780341913218 1.25866966005982 0.88332781097502
  1401 3.72563396283396 1.01290165114377 0.73738313829090
  1437 0.28521802182788 1.63895026137907 1.60521915001519
  1439 0.31280566903273 1.65789332809589 1.74275749835599
  1440 0.20880497103128 1.77998441454912 1.57412055143362
  1441 0.23851260333146 1.82735954354116 1.75760121195055
  1450 2.33699585948790 2.94911856685006 0.01526708125731
  1451 2.49233560984878 3.18517611010657 0.12425662844794
  1455 2.33884609187258 3.04970438004567 3.78296687512480
  1456 2.46392102062108 3.25631032762107 3.85083286186707
  1458 0.85252169444064 1.74293153944012 0.98332197578233
  1459 1.07767229985437 2.02133265892182 0.83795205739046
  1460 0.69938412269532 2.01419947584166 0.79568420539411
  1461 0.83400178195907 2.18162493713458 0.75091800827942
edges 766
16      2      0
17      0      8
32     16     41
33     41     37
34     37     18
84     58     59
85     59     52
93     59     47
101     76     72
102     72     14
111     72     69
177    115     47
181     59      0
189    115      8
218    143    139
224    134    136
225    136    147
229    140    136
231    143    140
232    149    156
246    152    163
247    163    157
272    171    191
273    191    169
284    185      2
292    177    180
293    180    185
295    171     18
303    174    177
313    199    198
363    220    215
382    230    243
389    241    236
390    236    243
391    231    240
395    231    241
398    235    240
419    254    174
433    260    261
438    264    261
486     16    295
487    295    290
496    295    288
501    292    288
524    260    199
526     58    185
537    310    191
544    195    311
553    311    315
554    315    310
584    264    332
588    163    336
596    339    284
597    311    339
612    354    346
623    347    346
624    354    315
625    343    347
629    243    356
632    147    356
636    343    143
641    365    358
642    358    364
669    139    347
690    376    241
700    214    380
736     41    396
737    396    394
760     11    364
766    403    336
767    399    403
774    157    405
775    405    403
776    119    410
782    406    410
785    408    288
786    406    408
825    410    220
835    365    422
839    425    215
843    425    422
844    396    295
849    406    425
850    394    408
886    169    436
890    439    440
892    230    439
895    241    439
921    413    447
947    171    457
998     36    473
1021    156    481
1042    488    489
1045     36    488
1048     16    488
1049     14    489
1079    500    502
1081    231    500
1083    236    502
1086    198    502
1109    199    510
1112    149    510
1153    191    524
1172     69    529
1194    413    538
1214    544    545
1218     36    545
1220     37    544
1221     41    545
1242    149    553
1243    261    553
1256    557    559
1260    394    559
1261    354    557
1263    399    559
1289    568    569
1290    553    568
1292    332    568
1293    152    569
1294    134    569
1301    300    571
1307     52    573
1308    277    573
1333    581    582
1336    339    581
1337    403    582
1339    354    582
1355    230    587
1410    115    605
1431    545    611
1432    473    611
1476    115    625
1486    629    630
1487    396    629
1490    290    630
1491     98    630
1492    429    630
1507    635    636
1510    569    635
1512    429    636
1513    332    636
1525    343    640
1528    432    640
1540      2    645
1546    647    648
1547     98    647
1549    429    647
1550    413    648
1552    635    648
1553    649    650
1554    136    649
1557    356    650
1558    587    650
1559    380    650
1584      8    658
1586     11    658
1591    660    662
1595    513    662
1602    394    663
1605    399    663
1612    346    667
1614    582    667
1615    668    669
1617    519    668
1618    291    668
1619    636    669
1621    290    669
1631    673    674
1634    422    673
1635    405    674
1636    663    674
1637    425    674
1648    513    678
1649    605    678
1658    544    681
1660     11    681
1691    691    692
1692    481    691
1693    436    691
1694    231    691
1697    376    692
1705    695    696
1706    310    695
1707    557    695
1708    171    695
1710    559    696
1711     37    696
1716    139    698
1718    529    698
1729    432    701
1760    571    711
1761    538    711
1762    460    711
1779    717    718
1780    524    717
1781    436    717
1782    240    717
1784    174    718
1785    235    718
1800    723    724
1801    481    723
1802    510    723
1803    500    723
1806    195    724
1807    725    726
1808    356    725
1809    538    725
1811    380    726
1813    660    726
1839    735    736
1841    447    735
1842    291    735
1843    152    736
1844    635    736
1845    668    736
1846    737    738
1847    399    737
1850    696    738
1853    739    740
1855    701    739
1856    457    739
1859    169    740
1920    177    758
1922    760    761
1923    152    760
1924    649    760
1925    157    760
1927    380    761
1930    762    764
1932    214    762
1934    761    764
1935    215    762
1937    405    764
1980     98    777
1988    180    780
1989    718    780
1998    783    784
2001    645    783
2002    758    784
2004    185    784
2023    791    792
2024    510    791
2027    724    792
2028    698    792
2037    795    796
2038    726    795
2039    513    795
2040    447    795
2041    761    796
2043    735    796
2044    797    798
2045    169    797
2046    481    797
2048    315    798
2049    724    798
2050    347    798
2051    799    800
2054    447    799
2055    571    800
2056    777    800
2057    413    800
2077    605    806
2106    816    817
2108    762    816
2110    667    817
2111    764    817
2117    581    819
2118    519    819
2119    336    819
2126    625    821
2130    519    822
2133     72    822
2142    358    826
2173    826    837
2176    300    837
2177    838    839
2178    439    838
2180    235    838
2181    440    839
2182    826    839
2183    254    839
2192    842    844
2196     76    844
2199    292    844
2208    660    847
2210    214    847
2232    822    854
2233    291    854
2270    277    866
2278    869    870
2281    406    870
2283    777    869
2284    365    870
2286    513    871
2287    799    871
2296    581    874
2297    822    874
2298     69    874
2307    799    877
2308    869    877
2318    838    881
2322    882    883
2324    758    882
2325    260    882
2326    473    883
2328    264    883
2329    884    885
2331    881    884
2332    235    884
2333    277    885
2335    780    885
2352    254    890
2377    899    900
2378    663    899
2380    629    899
2381    673    900
2391    903    904
2392     98    903
2394    900    903
2395    777    904
2396    837    904
2397    365    904
2399    140    905
2401    156    905
2405    907    908
2407    866    907
2409    220    908
2411    816    908
2412    909    910
2413    791    909
2414    783    909
2416    199    910
2417    784    910
2419    911    912
2420    432    911
2424    881    912
2425    230    912
2426    913    914
2427    432    913
2429    740    913
2430    343    914
2431    905    914
2432    797    914
2433    915    916
2434    611    915
2435    890    915
2437    544    916
2439    738    916
2440    917    918
2442    519    917
2443    489    917
2444    264    918
2445    669    918
2446    488    918
2451     18    920
2454      2    920
2456    922    923
2458    911    922
2459    903    922
2461    881    923
2462    837    923
2470    926    927
2472    877    926
2473    291    926
2474    288    927
2475    869    927
2476    290    927
2478    780    928
2479    920    928
2480    524    928
2495    758    933
2513    502    938
2521    941    942
2523    842    941
2524    806    941
2525    926    942
2526    844    942
2527    854    942
2538    946    948
2540    174    946
2542    890    948
2543    436    946
2545    692    948
2549    261    949
2556    890    952
2557    440    952
2558    376    952
2562    954    955
2564    949    954
2565    917    954
2566    284    955
2568    819    955
2571    957    958
2573     14    957
2574     76    958
2576     16    957
2577    292    958
2578    959    960
2579    806    959
2580     47    959
2583     61    960
2584    862    960
2602    740    966
2603    946    966
2604    933    966
2615    970    971
2617    933    970
2618    883    970
2619    429    971
2621    332    971
2625     36    972
2628     11    972
2638    977    978
2641    573    977
2642    842    978
2644    119    978
2649    739    980
2652    933    980
2654    982    983
2655     18    982
2656    957    982
2657    645    982
2658    457    983
2659    958    983
2662    783    984
2663    980    984
2664    983    984
2679    364    989
2680    972    989
2690    284    992
2696    571    995
2702    997    998
2704    605    997
2705    658    998
2707    871    997
2708    364    998
2711   1000   1001
2714    992   1001
2716    847   1000
2717    662   1001
2718   1002   1003
2719    877   1002
2720    997   1002
2721    941   1002
2722    870   1003
2723    998   1003
2724    119   1003
2740    905   1007
2743   1010   1011
2744    489   1010
2746    972   1010
2747    954   1011
2748    992   1011
2756    376   1012
2759   1015   1016
2760   1011   1015
2762    662   1015
2763    989   1016
2764    995   1016
2765    871   1016
2770    629   1018
2771    970   1018
2772    611   1018
2773   1019   1020
2774    649   1019
2775   1007   1019
2776    157   1019
2777    587   1020
2779    673   1020
2780   1021   1022
2781    911   1021
2782   1020   1021
2783    900   1021
2784    913   1022
2785   1007   1022
2788    980   1023
2790    971   1023
2798    678   1026
2799   1001   1026
2800    625   1026
2805    737   1028
2808    336   1028
2811   1030   1032
2813    899   1030
2815    737   1032
2816   1022   1030
2828   1036   1037
2829    955   1036
2830   1028   1036
2832    949   1037
2834   1012   1037
2835   1038   1039
2836    966   1038
2837   1030   1038
2838   1018   1038
2839    948   1039
2840   1032   1039
2841    915   1039
2843    847   1040
2845   1012   1040
2853    645   1043
2856     14   1043
2863    198   1047
2866    711   1047
2867   1048   1049
2868   1010   1048
2869   1043   1048
2870      8   1048
2871    992   1049
2873    625   1049
2874   1050   1051
2875   1015   1050
2877    949   1050
2878    995   1051
2879   1047   1051
2880    260   1051
2898   1057   1059
2900     76   1057
2902    984   1059
2905   1023   1059
2906   1060   1061
2907    660   1060
2908   1050   1060
2909   1012   1060
2910    725   1061
2911   1047   1061
2912    236   1061
2942    960   1071
2950    346   1073
2953    908   1073
3006    681   1091
3007    920   1091
3020   1096   1097
3021      0   1096
3022   1091   1096
3023    658   1096
3024    573   1097
3026    119   1097
3028    862   1098
3029   1057   1098
3030    529   1098
3034   1100   1101
3035    139   1100
3036   1071   1100
3037    529   1100
3038    667   1101
3040    874   1101
3050   1105   1106
3051    866   1105
3052   1073   1105
3053    640   1105
3054    977   1106
3056    701   1106
3067    862   1109
3070   1057   1109
3077    678   1113
3080    806   1113
3083   1071   1115
3084   1113   1115
3098   1120   1121
3099    842   1120
3100   1109   1120
3101    959   1120
3102    977   1121
3104     52   1121
3105   1122   1123
3106    854   1122
3107    796   1122
3108   1113   1122
3109   1101   1123
3110    817   1123
3111   1115   1123
3112   1124   1125
3115    410   1124
3116    978   1125
3118    408   1124
3119    292   1125
3121   1127   1128
3122    457   1127
3123   1125   1127
3124   1106   1127
3125    557   1128
3126   1124   1128
3127   1073   1128
3139   1133   1134
3141    147   1133
3142     61   1134
3144    243   1133
3145    938   1134
3146   1135   1136
3147    912   1135
3149    640   1135
3150    884   1136
3151   1131   1136
3152    866   1136
3153   1137   1138
3154   1135   1137
3155   1133   1137
3156    143   1137
3157   1131   1138
3158   1134   1138
3159   1071   1138
3162   1140   1141
3164    140   1140
3165    149   1141
3167    134   1140
3168    568   1141
3169   1142   1143
3173    907   1143
3176    220   1143
3178   1145   1146
3179   1098   1145
3180   1140   1145
3181    698   1145
3182   1059   1146
3183   1141   1146
3184    791   1146
3185   1147   1148
3186   1097   1147
3187   1143   1147
3188    277   1147
3189   1091   1148
3190   1142   1148
3191    928   1148
3241   1164   1166
3243   1007   1164
3245    156   1166
3246   1032   1164
3248    692   1166
3249   1167   1168
3250   1028   1167
3251   1164   1167
3252    163   1167
3253   1037   1168
3254   1166   1168
3255    553   1168
3256   1169   1170
3259     58   1169
3260    460   1170
3262    180   1169
3263    300   1170
3265   1172   1173
3266    923   1172
3267   1170   1172
3269    885   1173
3270   1169   1173
3271     52   1173
3273   1174   1176
3275    916   1174
3277    681   1176
3280   1142   1176
3282   1040   1177
3283   1174   1177
3284    952   1177
3370   1205   1206
3372    177   1205
3373    254   1206
3375    300   1205
3376    826   1206
3393   1212   1213
3394    882   1212
3395    995   1212
3396   1205   1212
3397    473   1213
3398    989   1213
3399   1206   1213
3446    311   1229
3449    310   1229
3475   1238   1239
3476   1142   1238
3479    524   1239
3480   1229   1239
3777   1332   1333
3780    938   1332
3781    500   1333
3783   1131   1332
3784    240   1333
3786   1335   1336
3787   1239   1335
3788   1333   1335
3789    195   1335
3791   1332   1336
3792    821   1336
3794   1337   1339
3796    909   1337
3798    821   1339
3799   1043   1337
3801   1049   1339
3818   1345   1346
3819   1337   1345
3820     69   1345
3821    792   1345
3822   1339   1346
3823    339   1346
3824    195   1346
3842   1352   1354
3844    460   1352
3846    198   1354
3847     58   1352
3849    910   1354
3850   1355   1356
3851     47   1355
3852   1352   1355
3853     61   1355
3854    821   1356
3855   1354   1356
3856    938   1356
3921   1377   1378
3925   1172   1378
3927   1109   1377
3928   1121   1378
3946   1385   1386
3947    922   1385
3948   1378   1385
3949    701   1385
3950    647   1386
3951   1377   1386
3952   1023   1386
3978   1395   1396
3980    587   1395
3981    214   1395
3983    422   1396
3984    215   1396
3994   1400   1401
3995   1395   1400
3996    440   1400
3997   1177   1400
3998   1396   1401
3999    358   1401
4000   1176   1401
4114   1437   1439
4116   1238   1437
4118   1229   1439
4119   1174   1437
4121    738   1439
4122   1440   1441
4123   1040   1440
4124   1437   1440
4125   1000   1440
4126   1036   1441
4127   1439   1441
4128    284   1441
4154   1450   1451
4155    147   1450
4157     61   1450
4158    538   1451
4160    460   1451
4170   1455   1456
4171    862   1455
4172    134   1455
4173   1450   1455
4174   1377   1456
4175    648   1456
4176   1451   1456
4179   1458   1459
4181    907   1458
4182   1131   1459
4184   1238   1458
4185   1336   1459
4186   1460   1461
4187   1000   1460
4188   1458   1460
4189    816   1460
4190   1026   1461
4191   1459   1461
4192   1115   1461
polygons 447
0   1540   2451   2454   2655   2657
3     16     17   1540   2853   2869   2870
4     16   2454   3007   3021   3022
5   2573   2656   2657   2853   2856
7     32     33     34   2576   2655   2656
10   1584   1586   2628   2746   2868   2870
11     17   1584   3021   3023
13   1586   1660   3006   3022   3023
15   1214   1218   1658   1660   2625   2628
16   1049   2744   2856   2868   2869
17   1042   1048   1049   2573   2576
18     32   1045   1048   1218   1221
19     34   1220   1658   2451   3006   3007
21   1042   1045   2625   2744   2746
22     33   1214   1220   1221
23   3844   3852   3853   4154   4157   4160
27   3260   3267   3921   3925   4160   4174   4176
28     84     85   3259   3270   3271
29   3256   3259   3260   3844   3847
30   3104   3265   3271   3925   3928
31   2578   2584   3067   3100   3101
32     85     93   2580   3098   3101   3104
33     93     84   3847   3851   3852
34   2578   2580   2583   3851   3853
36   2583   2584   4157   4171   4173
37   2574   2659   2664   2898   2900   2902
38    101    102   2571   2573   2574
39   2001   2414   2853   3796   3799
40   2023   2413   3796   3819   3821
42    102    111   2856   3799   3819   3820
43   2413   2414   2662   2902   3182   3184
44   1172   1718   2028   3820   3821
45    111    101   1172   2900   3029   3030
47   1486   1492   2615   2619   2770   2771
48   2380   2770   2813   2837   2838
49   1491   1492   1547   1549
51   2394   2458   2459   2781   2783
54   1547   2392   2459   3946   3947   3950
56   1729   2420   2458   3947   3949
57   1549   2619   2790   3950   3952
58   1853   2602   2604   2649   2652
60   2420   2427   2780   2781   2784
61   1729   1853   1855   2427   2429
62   2429   2602   2784   2816   2836   2837
63   1486   1491   2377   2380   2392   2394
67    177   1410   2077   2579   2580
68   1307   2641   3102   3104
69     85    181   1307   3020   3021   3024
70   2638   2641   2644   3024   3026
71    177    189     17    181     93
73    189   1410   1584   2702   2704   2705
75   2638   2642   3098   3099   3102
76   2523   2524   2579   3099   3101
77   2523   2642   2644   2718   2721   2724
78   2705   2723   2724   3020   3023   3026
81   2077   2524   2704   2720   2721
82   2583   2942   3142   3158   3159
83   1716   1718   3035   3037
84    218   3035   3036   3153   3156   3159
85   3139   3141   3142   4155   4157
86   2584   2942   3028   3030   3036   3037
87    224    225   4155   4172   4173
88    229    224   3164   3167
89   3028   3167   3179   3180   4171   4172
90    218    231   1716   3164   3180   3181
91    229    231    225   3141   3155   3156
92    232   1242   3245   3254   3255
93    232   2399   2401   3162   3164   3165
94   1242   1290   3165   3168
95    246    247   1923   1925
96    224   1293   1294   1554   1923   1924
97   1924   1925   2774   2776
100   1289   1294   3162   3167   3168
101    246   1289   1290   1293   3249   3252   3255
102   2401   2740   3241   3243   3245
103    247   2775   2776   3243   3251   3252
104    229   1554   2399   2740   2774   2775
107   1856   2649   2658   2663   2664
108    272    273    947   1853   1856   1859
109    273    886   1153   1780   1781
110    886   1859   2543   2602   2603
111    284   1540   1998   2001   2004
112    292    293   1920   2002   2004
114    295    272   1153   2451   2479   2480
115    295    947   2654   2655   2658
119    303   1920   2495   2540   2603   2604
121   1779   1780   1989   2478   2480
122    292    303   1784   1988   1989
123   1779   1781   1784   2540   2543
124    284    293   1988   2454   2478   2479
125   1998   2002   2495   2652   2662   2663
126    313   1079   1086   1109   1802   1803
127   1800   1803   1806   3781   3788   3789
128   1086   2513   3846   3855   3856
129   1109   2024   2412   2413   2416
130   1806   2027   3818   3821   3824
131   2412   3794   3796   3798   3849   3854   3855
133   3786   3789   3792   3798   3822   3824
134    313   2416   3846   3849
135   1932   2108   2210   2716   4187   4189
136   2210   2843   3282   3981   3995   3997
139   3273   3280   3476   4116   4119
141   2405   2411   4181   4188   4189
143   3169   3173   3476   4181   4184
145    363   3169   3176   3280   3984   3998   4000
146   2405   2409   3173   3176
148   1932   1935   3978   3981   3984
149    363   1935   2108   2409   2411
150   4116   4124   4125   4184   4187   4188
151   2578   2579   2942   3080   3083   3084
152   1172   2298   3034   3037   3040
154   3028   3029   3067   3070
155   2192   2196   2900   3070   3099   3100
156    101   2133   2196   2232   2526   2527
159    111   2133   2297   2298
160    892   2178   2318   2424   2425
161    382   2425   3144   3147   3154   3155
162    389    390    382    892    895
163    391   1081   3781   3784
164    395    398    391    895   2178   2180
165    389    395   1079   1081   1083
166    390   1083   2513   3139   3144   3145
167   2331   2424   3146   3147   3150
169    398   2332   3150   3151   3777   3783   3784
171   2180   2318   2331   2332
173   1432   2352   2434   2435   3373   3397   3399
174   1920   2324   3372   3394   3396
176    419    303   3370   3372   3373
178    419   2352   2538   2540   2542
179   2435   2542   2839   2841
180   1432   2326   2618   2771   2772
181   2434   2772   2835   2838   2841
182   2325   2878   2880   3394   3395
183    433   2549   2874   2877   2880
184    438    433   2322   2325   2328
185    438   2440   2444   2549   2564   2565
186   2443   2565   2743   2744   2747
187   2564   2747   2760   2875   2877
188    998   2625   2680   3397   3398
191    998   1045   2326   2328   2444   2446
192   1528   1729   3050   3053   3056
193   2270   2329   2333   3150   3152
194   2456   3266   3925   3947   3948
195   1307   1308   2333   3269   3271
199   1308   2270   2641   3050   3051   3054
200   3054   3056   3102   3928   3948   3949
201   2714   2717   2748   2760   2762
202   2690   2711   2714   4122   4125   4128
203   2832   2834   2877   2908   2909
204   2208   2843   2845   2907   2909
205   2566   2829   4126   4128
207   2562   2566   2690   2747   2748
210   2196   2199   2574   2577
211    486    487   1048   1621   2445   2446
212    102   1049   2130   2133   2442   2443
213   1617   1618   2130   2232   2233
214   1615   1618   1621   2470   2473   2476
215    487    496   2474   2476
216   2233   2473   2525   2527
217    501    496    486   2571   2576   2577
219    501   2199   2470   2474   2525   2526
223   1301   2696   3375   3395   3396
224   1760   2696   2866   2878   2879
226   1301   1760   1762   3260   3263
227    292   3256   3262   3263   3372   3375
228   1762   2863   2866   3842   3844   3846
230    524   2002   2324   2325   2416   2417
231    313    524   2863   2879   2880
234    526   2004   2417   3842   3847   3849
235    293    526   3259   3262
240    537   1153   3449   3479   3480
241   1780   1782   3479   3784   3787   3788
243    544   3446   3480   3787   3789
244   1081   1692   1694   1801   1803
246    391   1693   1694   1781   1782
248    553    554   3446   3449
249    554    273    537   2044   2045   2048
250    544    553   1806   2048   2049
251    886   1692   1693   2045   2046
253   2039   2040   2054   2286   2287
254   1841   1842   2054   2307   2472   2473
255   1842   2043   2233   3106   3107
257   2472   2521   2525   2719   2721
258   1648   1649   2286   2704   2707
261   1293   1510   1843   1844
262   1289   1292   1507   1510   1513
263    438    584   1243   1290   1292
264    584   1513   1619   2444   2445
265    588   2808   3250   3252
266   1243   2549   2832   3253   3255
267   2119   2568   2808   2829   2830
268    588    246   1617   1843   1845   2118   2119
269   1507   1615   1619   1844   1845
270   2126   2873   3798   3801
271   2714   2799   2800   2871   2873
272    596   2690   2871   3801   3822   3823
273    544    597   3823   3824
274    596    597   3446   4118   4127   4128
275   1525   1528   2426   2427   2430
276    537    272   1706   1708
277   1859   2045   2426   2429   2432
279    612   1261   2950   3125   3127
280    947   1707   1708   3121   3122   3125
281   1855   1856   3056   3122   3124
284    623    612    624   2048   2050
285    625   2044   2050   2430   2432
286    623    625   1525   2950   3052   3053
287    624    554   1261   1706   1707
289   1355   2419   2425   2777   2781   2782
290    382    629   1355   1557   1558
291    632    629   3141   3144
294    636   1525   3149   3154   3156
295    231    636   2399   2430   2431
296    632    225   1553   1554   1557
297    641   2142   2173   2396   2397
298    642   2142   2679   3376   3398   3399
299    641    642   2284   2708   2722   2723
300   2679   2702   2707   2708   2763   2765
301   1301   2055   2056   2176   2395   2396
302   2051   2055   2287   2696   2764   2765
303   2173   2176   3370   3375   3376
304   2278   2283   2284   2395   2397
305   2270   2407   3173   3187   3188
306   2333   2335   2478   3185   3188   3191
307   3783   3791   4182   4185
309   1785   1989   2329   2332   2335
310   2480   3190   3191   3475   3476   3479
311   2407   3151   3152   4179   4181   4182
313    398   1779   1782   1785
314   1021   2046   2401   2431   2432
315    669   1716   2027   2028   2049   2050
316   1112   2024   3165   3183   3184
319    232   1021   1112   1801   1802
320    669    218    636    625
322   3142   3145   3850   3853   3856
323   1083   1086   2863   2911   2912
326   1761   1762   4158   4160
327   1761   1809   2866   2910   2911
328    629    390   1808   2910   2912
329    632   1808   1809   4154   4155   4158
331   1292   2621   2790   2905   3168   3182   3183
332   1512   1513   2619   2621
333   1294   1510   1552   4170   4172   4175
334    690    389   2756   2906   2909   2912
335   1557   1559   1807   1808   1811
336   1807   1813   2906   2907   2910
338    890    892   1355   3980   3995   3996
339    700   1558   1559   3980   3981
341   2558   2756   2845   3282   3284
342    690    890    895   2557   2558
343    700   1811   1813   2208   2210
345   2557   3284   3996   3997
348   1846   2433   2439   2815   2840   2841
349   2545   2839   2840   3241   3246   3248
350   2805   2815   3246   3250   3251
351   1697   2756   2834   3248   3253   3254
352   2439   3275   4114   4119   4121
353   1697   2542   2545   2556   2558
354   1846   2805   2830   4121   4126   4127
355    433    524   1109   1112   1242   1243
358    584   2328   2615   2618   2621
360   1263   1710   1846   1847   1850
361   1220   1711   1850   2437   2439
362   1260   1263   1602   1605
363     33    736    737   1260   1710   1711
364    736   1221   1431   1487   2770   2772
365    737   1487   1602   2378   2380
369   1605   1847   2378   2811   2813   2815
372   1410   1476   1649   2798   2800
373   3083   3157   3159   4182   4191   4192
376    177   1476   2126   3850   3851   3854
378    189   1476   2867   2870   2873
380   1595   2286   2759   2762   2765
382    760   1586   2705   2708
384   1595   1648   2717   2798   2799
386    760   2628   2679   2680
387    597    553    624   1333   1336   1339
388    596   1336   2117   2566   2568
389    766   1333   1337   2117   2119
390    767   1256   1261   1263   1337   1339
391    766    767   1847   2805   2808
393   1705   1706   1850   3449   4118   4121
395   2785   2811   2816   3243   3246
397   2381   2779   2782   2783
398    774   1631   1635   2773   2776   2779
399    775    767   1605   1635   1636
400    774    247    588    766    775
401    776   2644   3112   3115   3116
402    782    776   2281   2722   2724
403   2192   2199   2642   3116   3119
404    785    501   3112   3118   3119
405    782    786   3115   3118
406    786    785   2278   2281   2474   2475
407   2308   2470   2472   2475
408   1194   1760   1761   2055   2057
409   1194   1550   4158   4175   4176
411   1546   1547   1550   1980   2056   2057
412   2176   2462   3263   3266   3267
414   1980   2391   2392   2395
417   1612   2106   2110   2411   2950   2953
418    623    669   1612   3034   3035   3038
420   1591   1595   1813   2038   2039
422    921   2051   2054   2057
423    921   1194   1807   1809   2038   2040
424   1934   2041   2111   3105   3107   3110
425    774   1922   1925   1934   1937
426   1839   1843   1922   1923   2041   2043
427   1333   1614   2296   3038   3040
428   2117   2118   2130   2296   2297
429   1618   1839   1842   1845
430    775   1337   1614   1937   2110   2111
432   2638   3054   3116   3123   3124
434   2577   2658   2659   3119   3122   3123
436   1553   1559   1922   1924   1927
437   1811   1927   2037   2038   2041
439    921   1550   1552   1839   1841   1844
440   1490   1492   1512   1619   1621
441   1490   1491   1980   2283   2475   2476
444   1336   2296   2298   3818   3820   3823
445   1988   2335   3262   3269   3270
446   1308   3024   3186   3188
447    284    526     84    181     16
449    776    825   3026   3176   3186   3187
450    825   2409   2953   3115   3126   3127
454   2173   2177   2182   2318   2461   2462
456   1634   2777   2779   3978   3980   3983
458    835   1634   2381   2391   2394   2397
460   2142   2181   2182   3994   3996   3999
461    641    835   3983   3998   3999
462    839   1635   1637   1930   1935   1937
463    700   1927   1930   1932   1934
466    839    843   3983   3984
467    843   1631   1634   1637
468    844    487   1486   1487   1490
469     32    486    844    736
470    998   1218   1431   1432
473   2181   2183   2352   2556   2557
474    419   1784   1785   2177   2180   2183
475    395    690   1691   1694   1697
477   1021   1691   1692   3245   3248
478   2182   2183   3373   3376
479    786    849    850   1602   1636   1637
480    850    737    844    496    785
481    835    843    849   2281   2284
482    760    642   1660   3277   3999   4000
483   3006   3189   3190   3277   3280
484    363    839    849    782    825
485    850   1256   1260   3118   3125   3126
486     34    295   1705   1708   1711
488   1658   2437   3273   3275   3277
489    612   1339   1612   1614
491   1507   1512   1546   1549   1552
492   1528   2419   2420   3147   3149
493   1691   1693   2538   2543   2545
494    890   2177   2178   2181
495   2118   2442   2562   2565   2568
496   1591   2762   2875   2907   2908
497   1841   2037   2040   2043
501   1546   3950   3951   4174   4175
503   2322   2326   3393   3394   3397
506   1800   1801   2044   2046   2049
508   1042   2440   2443   2446
510   2798   3077   3084   4190   4192
511   2110   3038   3109   3110
512   1079   2513   3777   3780   3781
515   1800   1802   2023   2024   2027
516   1648   2037   2039   3077   3107   3108
518   1615   1617   2440   2442   2445
521   1718   3030   3179   3181
523   2001   2654   2657   2662   2664
524   1214   1431   2433   2434   2437
525   2287   2307   2707   2719   2720
527   1256   1705   1707   1710
531   1553   1558   2773   2774   2777
533   1855   2649   2788   3946   3949   3952
536   1649   2077   3077   3080
539   2126   2800   3792   4185   4190   4191
541   3051   3053   3146   3149   3152
542   2023   2028   3178   3181   3184
544   1591   2208   2711   2716   2717
545   1631   1636   2377   2378   2381
547   2051   2056   2283   2307   2308
548   2716   2843   4123   4125
552   2106   3110   3111   4186   4189   4192
553   3780   3791   3792   3854   3856
554   2329   2331   2461   3265   3266   3269
555   2322   2324   2495   2617   2618
556   1930   2106   2108   2111
558   1998   2412   2414   2417
559   3067   3927   4170   4171   4174
562   2521   2524   2527   3080   3106   3108
564   2232   2297   3040   3105   3106   3109
565   2405   2407   2953   3051   3052
566   3145   3157   3158   3780   3783
567   2391   2396   2456   2459   2462
568   2192   2521   2523   2526
571   2426   2431   2740   2784   2785
572   2278   2308   2718   2719   2722
573   2419   2424   2456   2458   2461
574   2377   2780   2783   2813   2816
575   2433   2435   2556   3275   3283   3284
576   2604   2617   2771   2836   2838
577   2479   3007   3189   3191
578   2615   2617   2652   2788   2790
580   2538   2603   2835   2836   2839
581   2562   2564   2828   2829   2832
582   2571   2654   2656   2659
583   2763   2764   3393   3395   3398
584   2680   2743   2746   2759   2760   2763
585   2663   2788   2902   2905
586   2743   2748   2867   2868   2871
587   2759   2764   2874   2875   2878
588   2702   2718   2720   2723
589   2711   2799   4186   4187   4190
590   2898   2905   3070   3927   3951   3952
591   2773   2775   2780   2782   2785
592   2828   2834   2845   4122   4123   4126
593   2828   2830   3249   3250   3253
594   2811   2835   2837   2840
595   3282   3283   4119   4123   4124
596   2867   2869   3794   3799   3801
597   2874   2879   2906   2908   2911
599   2898   3029   3178   3179   3182
600   3020   3022   3185   3186   3189
602   3034   3036   3083   3109   3111
603   3050   3052   3121   3124   3127
609   3098   3100   3921   3927   3928
610   3084   3105   3108   3111
612   3112   3121   3123   3126
613   3146   3151   3153   3154   3157
614   3139   3153   3155   3158
615   3162   3178   3180   3183
616   3169   3185   3187   3190
620   3241   3249   3251   3254
621   3256   3265   3267   3270
622   3273   3283   3994   3997   4000
628   3370   3393   3396   3399
630   3475   3786   3787   4179   4184   4185
631   3475   3480   4114   4116   4118
652   3777   3786   3788   3791
653   3794   3818   3819   3822
656   3842   3850   3852   3855
661   3921   3946   3948   3951
663   3978   3994   3995   3998
671   4114   4122   4124   4127
673   4154   4170   4173   4176
674   4179   4186   4188   4191
cells 64
0      0      3      4      5      7     10     11     13     15     16     17     18     19     21     22
1     23     27     28     29     30     31     32     33     34     36    559    609    621    673
2     37      5     38     39     40     42     43     44     45    521    523    542    582    599
3     47     48     49     51     54     56     57     58     60     61     62     63    533    574    576    578
4     32     67     68     69     70     11     71     73     75     76     77     78     81    588
5     82     83     84     85     86     36     87     88     89     90     91    521    614
6     92     93     94     95     96     97     88    100    101    102    103    104    620
7    107    108     58    109    110    111    112    114    115    119    121    122    123    124      0    125    523
8    126    127    128    129    130    131     40    133    134    512    515    553    652    653
9    135    136    139    141    143    145    146    148    149    150    548    595    622    663
10    151    152     86     45    154     76    155    156     31    159    562    564    568    602    610
11    160    161    162    163    164    165    166    167    169    171    512    566    613    614
12    173    174    176    178    179    119    180    181    503    555    576    580    628
13    182    183    184    185     21    186    187    188    191    503    508    583    584    587
14    167    192    193    194     56    195     30    199    200     68    492    541    554    573
15    201    202    203    204    205    187    207    496    544    548    581    592
16     17    210     38    211    212    213    214    215    156    216    217    219    508    518
17    182    223    174    224    226    227     29    228    230    231    112    134    234    235
18    240    241    163    243    127    244    246    109    248    249    250    251    506
19    253    254    255    216    257    258     81    497    516    525    536    562
20    261    262    263    264    185    265    266    267    268    269    101    495    518    581    593
21    270    271    243    272    202    133    273    150    274    539    589    630    631    671    674
22    275     61    276    249    108    277    279    280    281    284    285    286    192    287    603
23    289    104    290    291    275    294     91    295    296    161     60    492    531    571    591
24    297    298    299    223    300    301    302    303    304    525    547    572    583    588    628
25    121    241    305    169    193    306    307    143    309    310    311    313    616    630    652
26    314    285    315    316     93    319    320    295     90    506    515    542    615
27     85    322     23    228    128    323    326    327    328    329    166    291    656
28    331    154     57    332    333    100     89    262    491    501    559    590    599    615
29    162    334    328    290    335    336    338    339    341    342    343    204    136    345
30    348    349    350    351    179    352    353    341    354    575    592    593    595    620    671
31    129    355    125    331    230    184     43    316     94    358    263    555    558    578    585
32    360    361    362    363    364    365    348     48     22    369    181    524    594
33    322     82    372    307    373    376     34     67    151    510    536    539    553    566
34    372     73    378    380    271     10    258    382    384    201    386    300    584    586
35    387    388    389    390    391    360    267    393    274    205    354    287    248    527
36    395    103    391    369    265    350    397    398    399    400    545    574    591
37     77    401    402    403    404    405    406    257    219    407    568    572
38    408    326    409    411    412    226    414    194     27     54    301    501    567    661
39    311    417    286    373    418    141    294     84    320    511    541    552    565    602    613    674
40    224    336    380    253    302    408    420    422    423    327    496    587    597
41    424    425    426     95    427    428    213    255    429    430    389    400    268    511    564
42    155     37    432    210     75    403    107    200    281    434    533    585    590    609    661
43    436    437    335    439    261    426    423    333    409    296     87     96    329    497    673
44    429    439    269    440    422    254    411    441    214     49    407    491    547
45    428    212    388    272    444    159     42    207     16    186    495    586    596    653
46    445    195     28     69    446      4    235    124    447    306    577    600
47    401    432    199    305    446     70    449    450    146    565    603    612
48    454     51    297    289    160    456    397    458    338    460    461    494    567    573    663
49    456    398    462    148    463    339    425     97    436    466    467    531
50    468    440    211    191    358    364     47     18    469    264    470    332    180
51    353    178    473    474    246    475    123    164    342    313    493    494
52    351    334    266    355    475    231    323    126     92    244    203    183    319    477    165    597
53    445    227    122    474    309    412    171    454    478    303    176    554    621
54    270      3    378    447     71    376     33    111     39    131    234    558    596    656
55    424    384    135    437    420    343    463    510    516    544    552    556    589    610
56    441    406    479    480    468    215    365    414    304    458     63    481    467    545
57    482    483    466    299    382    449     13    402     78    461    145    484    481    600    616
58      7    280    434    363    480    485    404    469    217    486    115    527    582    612
59    477    314    102    277     62    251    349    395    110    493    571    580    594
60    139    483    393    488    352    361    276    240    114    486     19    310    577    631
61     15    482    478    473    460    488    345    470    173    298    188    386    524    575    622
62    387    489    427    130     44    418    315     83    444    273    284    152    250
63    149    484    450    390    489    279    362    485    417    479    405    462    430    399    556
