vertices 383
     0 1.11495493343927 3.73319668058823 1.16244842243138
     2 1.50199305480555 3.90838471067655 1.70031046003211
     8 1.00470112144886 3.62383002010606 1.16421142243487
    11 0.36600684815903 0.01611602948010 1.15850587596188
    14 0.97135100987524 3.43115492900604 2.25666424698633
    16 0.41057986000485 0.00725992992096 2.42013998306375
    18 1.25377502074854 0.35886985377144 2.02676922498017
    36 0.01343590617210 3.95974068200765 1.80459429230477
    37 0.60466963654634 0.47877445001815 2.12544342623468
    41 0.35332702087801 0.14703507472346 2.36928422787886
    47 1.55300161642424 3.17290724014060 0.66570819983897
    52 1.77484403282816 0.06594832270770 0.30701053428748
    58 1.97105028387358 3.59106223403510 0.97679178697384
    59 1.64598563050481 3.58370408039326 0.79707765212731
    61 1.99550325393975 2.69110061076905 0.19342506722142
    69 1.15824364082470 2.75941293503767 2.78314690524132
    72 1.05684286394192 2.96481618747437 2.77938507726128
    76 1.28173354533842 3.48924279318382 3.01957565773588
    98 3.21018062611742 0.04728575307956 3.44442446998767
   115 1.15977401508777 3.09502896216033 0.83122992271298
   119 0.90223279933867 0.29896842575583 0.19353011896914
   134 2.73753890882698 2.54258992553223 3.32845495617967
   136 2.77630426093407 2.19433833380642 3.49192094188255
   139 1.76772648282121 2.00487406521790 3.18497204281136
   140 2.52491642948191 2.03874131051192 3.20563020825067
   143 2.12517864112654 1.79291292628999 3.31661484078025
   147 2.65437461010234 2.20663706814867 0.00227930729839
   149 2.77396664978472 2.41271027732004 2.35938272581064
   152 3.53932052748172 2.53302334637535 3.11894479525031
   156 2.76411240644313 1.95278999754315 2.33345064851863
   157 3.60470896325530 1.98636769758220 3.19902841043339
   163 3.69196925547977 2.12556743506700 2.85604726674023
   169 2.03279986307673 0.99198998635509 2.30657256717729
   171 1.43121838194786 0.78015354740665 2.28257103111880
   174 2.42031113635050 0.53447712656469 1.60651254339448
   177 2.37768655972968 0.09986792301108 1.54753859187759
   180 2.17975538093521 0.07348761103291 1.42411328483174
   185 1.97035633227616 3.81868774735495 1.53290435777206
   191 1.52892086916150 0.91555397018657 2.19095753347369
   195 1.36521767792905 2.09310245522649 2.09991017179495
   198 2.55405066888061 2.72676459841816 1.38048625139732
   199 2.57308300085367 2.85720081066596 1.71571756944045
   214 3.92896733390727 1.77135915192870 0.48500041980235
   215 0.32989182045152 1.17127444862379 0.08921230090083
   220 0.63749300062731 1.10403077932190 0.13057604075231
   230 2.86207797703869 1.50609497186500 0.29116753923916
   231 2.38910290169879 1.79641432948021 1.34209386809718
   235 2.26390581203726 1.08761682526090 0.93399595469071
   236 2.67349202236783 2.04858120042585 1.04427270892326
   240 2.12275802584312 1.49023110704135 1.23365465222925
   241 2.70424441544968 1.84328597545624 1.14138660169830
   243 2.71823481494253 1.99334406032064 0.26868301338704
   254 3.11828007930237 0.57645973613318 1.29733517184871
   260 2.93718300878237 2.95063341357322 1.73840886656652
   261 3.16864149820319 2.80477304573793 1.99234126400869
   264 3.28256854506285 3.17272044929021 2.22241315299723
   277 1.68961143693036 0.72855827099016 0.47957898027086
   284 0.57639233604397 2.16861435996903 1.93716183747890
   288 0.35064707097438 0.10795137580708 2.99937723933855
   290 0.02149964173222 3.88326278743491 3.03512331466011
   291 0.18854113906306 3.00071983900427 3.29795571591048
   292 1.09238484694872 3.89397512377266 3.02248733822544
   295 0.24158551679140 0.10412025103468 2.83506639882761
   300 2.95558425688305 3.81964020299111 0.73643609399283
   310 1.19458854525080 1.24707459253035 2.28827692210363
   311 1.15993261496233 1.89020175079995 2.17088136992400
   315 1.26338539075470 1.55941939249907 2.47422134654612
   332 3.14295944690786 3.13805453476423 2.59566625742646
   336 0.07280332062348 2.00556164312384 2.66914042018732
   339 0.97105857564867 2.14096907410247 2.19854699024637
   343 2.10656195943928 1.53441682856173 3.10874890529457
   346 1.31174779589772 1.62715035064581 3.20469039502545
   347 1.71586500121289 1.75096538587961 3.08104342569357
   354 1.06183599015975 1.52634202236303 2.83307717447649
   356 2.84808723619302 2.11542450687873 0.17307808306529
   358 3.77223198617161 0.54362769295662 0.63507115206927
   364 0.21544358095885 3.98869375748145 1.00401692644766
   365 3.80250485516261 0.49440448437864 0.20281469231549
   376 3.18034502639208 1.75876946148819 1.46454903911787
   380 3.65801140537027 2.16541723609388 0.21672564933761
   394 0.35362413105969 0.82198115485596 2.99199557686384
   396 0.18868155581158 0.23982439404908 2.76610242993699
   399 0.31524617969351 1.19876242829134 2.80932637494448
   403 0.33708327190713 1.70099894198298 2.97863385448843
   405 0.14324954871892 1.69475236687834 3.32530959798892
   406 0.38217535427414 0.75380093828196 3.79170597792007
   408 0.49651079949756 0.67518523941530 3.25422313294940
   410 0.62641194469018 0.78243816570967 3.87141624968481
   413 3.29167290860059 3.21568785997919 0.03452771264244
   422 3.87130112302442 0.88370568618533 0.08812815937866
   425 0.19843989643650 0.98276365034954 3.87826492563588
   429 3.08406932776095 3.76377542863980 3.07369725141416
   432 2.31383213448543 0.87872993099841 3.24117247440780
   436 2.22902318812298 0.97341314021935 1.97768683847990
   439 2.86677586593461 1.34231751048410 0.68896339731244
   440 3.45952550397559 1.10590839182767 0.91689191255613
   447 3.63955540892144 3.05897095610602 0.01360839788583
   457 1.66543251170063 0.44712659730531 2.66060232024695
   460 2.57841132528191 3.33490568670397 0.55708726930142
   473 3.64109591914202 0.01153177413088 1.79387254261051
   481 2.45908365400097 1.78974710823300 2.04105820531271
   488 0.22988062735936 3.55725173176179 2.15152417899971
   489 0.37178271937601 3.38979002087903 2.09645326087016
   500 2.29847547171716 1.92061142707770 1.32512981469687
   502 2.40653174109283 2.12373045984905 1.16110991196906
   510 2.42596688180338 2.58445883514707 2.01513378322495
   513 0.16788274051419 2.83200611499036 0.61192701751791
   519 0.33556036759109 2.76053878729746 2.69859155299696
   524 1.62396462272419 0.87026691022116 1.67322573683076
   529 1.63481254233798 2.55004966123745 3.14269632290322
   538 2.95570612855666 3.04384846355348 0.26570074471887
   544 0.34590826420359 0.48814341033112 1.79659409471051
   545 0.05920169643611 0.17576905228671 1.93680857842372
   553 3.07753898554822 2.50075011745797 2.32571407821424
   557 0.96353950604935 1.21098582626110 2.78475894977413
   559 0.50786247225745 1.07403044199053 2.76250184071077
   568 3.06549629226569 2.74036439801015 2.65102350851575
   569 3.29325225114479 2.73513786455236 3.06102730836903
   571 3.09375819172210 3.54033669973865 0.69802682374032
   573 1.60476631851199 0.28039327719595 0.26077588179139
   581 0.68273807702480 2.23187342428114 2.63974310536818
   582 0.73533023827825 1.85737691949480 2.95409888140527
   587 3.10581576164691 1.51152588173161 0.15476115790441
   605 0.90654891371891 3.04517282714554 0.52768357371993
   611 3.67368682538942 0.25808386216297 1.94116974794914
   625 1.12426641510382 2.73648133541010 1.10031237781472
   629 3.44598045478556 0.37968760541043 2.83495213461587
   630 3.34377713551367 0.02832859244623 3.13728634578605
   635 3.33202113584385 2.84097011947652 3.10344874920104
   636 3.33631016629913 3.18810514402639 2.83819453806375
   640 2.07210441445690 1.18714685790715 3.46927413598382
   645 1.49866869820682 3.77910787641461 1.92256747249051
   647 2.97559127177306 3.78208212767679 3.31690908769126
   648 3.00198551155257 3.22723815790492 3.62219681281632
   649 3.13689021277799 2.01218594608114 3.51654994434182
   650 3.13242212056981 1.95096527454201 0.03294265990076
   658 0.70348499515112 3.91192345741975 1.00966827221947
   660 3.80538460198168 2.32187745816604 0.79843679858514
   662 0.11213035330564 2.66615825958591 0.87654698397340
   663 0.19017655975275 0.96291413839098 3.01293309705874
   667 0.92483564587930 1.98748450543921 3.32105773138571
   668 0.02468404360212 2.93370172424985 3.00755138983312
   669 3.85830590344089 3.27400802984571 2.77579754304600
   673 3.41786078080729 1.01206373767970 3.61397414661800
   674 0.03274094029734 1.15013217130990 3.44201830099593
   678 0.74264087654381 2.76281970435609 0.53558430713226
   681 0.51916712573760 0.41567428050079 1.32054922809129
   691 2.53704217575291 1.65435320158040 1.87152892044085
   692 2.97059571472549 1.62392582451551 1.88470784941751
   695 1.08803908575192 1.11435285769706 2.38226836424826
   696 0.63470111555616 0.97701575783150 2.31650409208462
   698 1.78776513742302 2.44423162205063 3.01632973827894
   701 2.12781687995254 0.57975783376905 3.19996366123419
   711 2.84663684673599 3.25359113576507 0.61821732310158
   717 1.97023174546330 0.91229517040729 1.62724890169481
   718 2.13806965864329 0.69893130925510 1.46133857988429
   723 2.23504226151097 2.08931848476226 1.85178567990147
   724 1.66623910019893 2.10571011436346 2.24219390004061
   725 3.13175342516582 2.45738894902642 0.44209321566463
   726 3.63585054307071 2.36697781821209 0.36236934670678
   735 3.87843919594382 2.79362243302586 3.55242316105352
   736 3.63867852236090 2.71594579490849 3.17678058518153
   737 0.00140720102261 1.36275448647866 2.36611808904846
   738 0.29638734659712 1.19890147259076 1.98713310899850
   739 2.08478431094939 0.47513315864682 2.73818856361501
   740 2.24735742223971 0.68677164962330 2.60577363648208
   758 2.37587900176283 3.84418980695744 1.85582333539603
   760 3.52502644220643 2.19252478969208 3.35137368363706
   761 3.91327144636917 2.26998263842897 3.78773801086616
   762 0.40707419770278 1.59771632807702 0.07353110900452
   764 0.34388378969052 1.87765636399073 3.69301145621740
   777 3.49191005366775 3.98476952533844 3.88675101129609
   780 2.00406279279079 0.59628121847827 1.39315603057661
   783 1.91196729162743 3.61013557207535 1.96892981799080
   784 2.07732955023459 3.64628319423768 1.78141319191405
   791 2.10386483349698 2.84283262349646 2.30733097839737
   792 1.69656991976092 2.49373165037046 2.47334165547803
   795 3.83869090134945 2.66091791288098 0.19706649174483
   796 0.00418608118821 2.50804387810745 3.80977820890644
   797 2.07072676359553 1.41878874221135 2.48657799047578
   798 1.67655621240518 1.67704444335312 2.56235216236017
   799 3.71588307272020 3.37797087422986 0.16034827803481
   800 3.44199721051317 3.47145111269694 0.16209088423347
   806 1.10510916191504 3.02759042593706 0.12469320269490
   816 0.74953229301517 1.66084119534105 0.12328521278316
   817 0.69423570458712 1.98803092544664 3.66737734047492
   819 0.35201476070478 2.28702380818126 2.53746104111369
   821 1.47191807548288 2.55833717991104 1.20968055811064
   822 0.77799366650197 2.76438176109822 2.91282768565199
   826 3.30939994412874 0.45202680387289 0.80136810727028
   837 3.10734413002832 0.25164647729348 0.44219337919989
   838 2.68399587919161 1.09047943493210 0.70809455798780
   839 3.19331737006526 0.74076654737013 0.94360170670688
   842 1.29742516523738 3.66023989105709 3.63325683039411
   844 1.14596739880971 3.60986188093334 3.21904985090957
   847 3.99658427532538 1.94483637516757 0.85648272246912
   854 0.60482807049828 2.90286985591170 3.31966356533880
   862 1.95403073339974 3.01616543588261 3.52279398111276
   866 1.78111759299955 1.18300157596189 0.27125410618073
   869 3.92051225795236 3.97037266894281 3.83523481440634
   870 0.07474528692100 0.27620010184803 0.05797526213065
   871 0.02002591841420 3.33098060035906 0.61658268476371
   874 0.87031258731053 2.61083599653576 2.89873619984450
   877 0.05244099137487 3.69809831445255 3.93641523103291
   881 2.52653251135202 1.00190836504154 0.45023759616191
   882 2.95677600617285 3.52596249629520 1.81566069375849
   883 3.11140308031835 3.57188352333448 2.03198667615721
   884 2.12345012929697 0.98670223366050 0.61667534037704
   885 1.95597561053187 0.68512006521882 0.65679977213753
   890 3.37710532672390 0.88539009325665 1.70440173582774
   899 3.42653897179080 0.66216974377479 2.91575722755343
   900 3.20921011043737 0.82153571801026 3.48411749418565
   903 3.10361443820092 0.43537264124769 3.66894036626680
   904 3.38784039127503 0.26235363531528 0.04046046438119
   905 2.63345872717890 1.70075707850552 2.89182698340159
   907 1.06516315716559 1.45242837414829 0.38522009910556
   908 0.91214171880788 1.49599049387395 0.11685384827407
   909 1.93482887007483 3.14386387485892 1.97365637775197
   910 2.16299366277706 3.16855052219580 1.70780020283332
   911 2.78862820767956 0.81657519288940 3.63044428363143
   912 2.58029589863428 1.20995074136913 0.14419449383618
   913 2.40840014318307 0.97611708652762 2.98577262786182
   914 2.27545980342878 1.41226649534102 2.89318955261911
   915 3.49957245447264 0.82691553081860 1.83124786516306
   916 0.13171515488515 0.96560703034780 1.74139489026602
   917 0.17028641187813 3.14802207607139 2.23525512139294
   918 0.01255000899913 3.28078278326961 2.30501343119543
   920 1.32835254605121 0.33443910887454 1.75592915180867
   922 2.82624510465654 0.49435984788294 3.73308522214866
   923 2.72448837627228 0.43373980140671 0.22848751036759
   926 0.30071810068587 3.47948236172519 3.43864051087427
   927 0.13469915904696 3.89082759252917 3.18519722018630
   928 1.58581096064573 0.72576814639035 1.58280995333843
   933 2.45222598196080 0.08773858694734 2.40360727408130
   938 1.99499216807587 2.21353517384650 0.80350266609887
   941 0.95782992940565 3.43948220691008 3.79868804636737
   942 0.76629352751081 3.36263401060602 3.45389146535589
   946 2.47469336399030 0.73144795204173 1.97926811271446
   948 3.17771267946379 1.00406287188897 1.93851932405112
   949 3.43089284484576 2.63763919037996 1.81655825777345
   952 3.54482894126274 1.23222935164444 1.22735089881292
   954 0.07980309257801 2.83653626881559 1.95492531698504
   955 0.28649638768597 2.25670456252258 2.16844923413710
   957 1.04573929531395 3.79337613612631 2.40325958978929
   958 1.22864586346979 3.79580900468832 2.80002010970354
   959 1.45808844674122 3.08965006328354 0.12655887896301
   960 1.70818340886812 2.79139283834394 3.95618165183038
   966 2.50289536237547 0.53575757770985 2.38691830281264
   970 2.82670883662588 3.91802290617083 2.49736626020558
   971 2.79329538706581 3.74847042998639 2.71230039908735
   972 0.17838884547181 3.82797851291303 1.38520740054771
   977 1.63050531816357 0.17704977745583 3.87308067550324
   978 1.34695937602033 0.10770707191629 3.74615387808464
   980 2.25462543723194 0.02730165031067 2.59877352116768
   982 1.37312315290707 3.99673427103025 2.20454680705582
   983 1.59028515524529 0.03057520149938 2.52607676194169
   984 2.02359602876480 3.83862118033296 2.50697656851330
   989 0.00588059517620 3.80511584706564 1.19036341442917
   992 0.63079373873942 2.62533504239661 1.49548963417866
   995 3.29893154025746 3.49846286189480 1.09289748778793
   997 0.41230277320195 3.63523510877518 0.53192675668404
   998 0.43313333758559 3.83928738408223 0.66875221862550
  1000 0.46481071668334 2.01453343332514 1.01704429576166
  1001 0.54894965195531 2.44828403992543 1.04615933495237
  1002 0.43027790591017 3.77410096644621 0.29147064661782
  1003 0.44334649087453 3.93553815295348 0.35394733059843
  1007 2.98835595204689 1.53158096166384 2.95741558886460
  1010 0.43173373856634 3.33165586448923 1.73094047559747
  1011 0.25748637938068 2.96389786731627 1.64628989492619
  1012 3.39253762718312 1.97743289569225 1.47338692627278
  1015 3.91789499405555 2.96895743810461 1.24821326462946
  1016 3.83729678917061 3.41910275638159 1.03640163258039
  1018 3.25968791099876 0.37355968276853 2.53123649480814
  1019 3.23285556726961 1.71205096555708 3.30543927560532
  1020 3.23272489877179 1.14833783774253 3.61224521368120
  1021 3.08854270078302 0.92783751676412 3.48245883119527
  1022 2.91888332393033 1.04615806025215 3.02510648736160
  1023 2.38045290313945 3.82128948400335 2.79824925273806
  1026 0.83768079747423 2.51441176314779 0.86158591572299
  1028 3.92280866234943 1.85699268636824 2.38781176653042
  1030 3.21528883297572 0.82011580701041 2.69162964453722
  1032 3.40725275566761 1.17020609157037 2.37253438276825
  1036 0.03384007573006 2.00091684697740 2.11489184509237
  1037 3.48423159055224 2.20075723246153 1.93524361086048
  1038 3.12845299879772 0.66236144284567 2.49662810571431
  1039 3.29643338391558 0.94989554882069 2.08413075173161
  1040 3.85787110677811 1.69049755514924 1.24031012301055
  1043 1.17355257415270 3.37661020900972 1.96894031753992
  1047 2.88795824742204 2.76778094826969 1.23624252803675
  1048 0.90793626989519 3.29979425835085 1.61402222317002
  1049 0.99824389576337 2.80279668698720 1.46088543268030
  1050 3.35683634045327 2.69000742901359 1.46947781955636
  1051 3.07664679825027 2.88061417927048 1.43221440858970
  1057 1.81801214740011 3.29544245358210 3.17550157872717
  1059 2.14630749067836 3.58210257846793 2.74122393920047
  1060 3.31858568078415 2.35969092656095 1.22981545077506
  1061 3.03364195896140 2.40371917267943 1.07682760221048
  1071 1.43648763682364 2.26487110258860 3.79113552464431
  1073 1.35972212130617 1.40932146192148 3.42598367204342
  1091 0.83677697115527 0.38044761935359 1.24712105243343
  1096 0.86862178247571 0.03302919352425 1.01953222287998
  1097 1.09827814901545 0.36037523706117 0.49018946139408
  1098 1.89430747993042 2.88609101730241 3.25355600239487
  1100 1.46432886432367 2.27092484803348 3.38967994006509
  1101 0.99407698126452 2.23037273765093 3.36305308170342
  1105 1.84075627773077 1.16097649740876 3.56335294752015
  1106 1.77754853830286 0.63394086297674 3.38491352843725
  1109 1.88879013814763 3.33775028291015 3.45708148107119
  1113 0.89315319433692 2.58932638266858 0.02952993506882
  1115 0.98698807052065 2.34517049334180 3.95602985148437
  1120 1.57114814270136 3.55050735357584 3.74581798997893
  1121 1.77376932482027 3.99191249650897 3.92467327810822
  1122 0.67765686876988 2.50840130121148 3.73333321821044
  1123 0.80734172115745 2.30251874518014 3.69075375978239
  1124 0.87545991661987 0.71988420647263 3.37370246407557
  1125 1.23457954725632 0.36587900003803 3.30517093944274
  1127 1.44192400542612 0.57783074510607 3.16871216657398
  1128 1.14670819466186 0.94501695671310 3.19462440879773
  1131 1.61481910360064 1.70259724521142 0.49162481207622
  1133 2.49283871498780 2.06424772344713 0.11553104848661
  1134 2.06196283745280 2.21250267268279 0.29590269132295
  1135 2.22212939510272 1.34377734495465 3.98897829476851
  1136 1.86835406912914 1.17324702496785 0.38591526453618
  1137 2.11731970251561 1.72957953417373 3.91994293139281
  1138 1.81595382206944 1.92187883080644 0.11976597139131
  1140 2.53759095348546 2.46630657185360 3.08883165785489
  1141 2.69698300293094 2.60818076915560 2.67117340655203
  1142 0.80338837636540 0.94933911770041 0.99335227797326
  1143 0.88940542583063 1.01396082194413 0.55395255215223
  1145 2.09132685167508 2.66560931722629 3.03872650819149
  1146 2.25916696337365 2.90535563866232 2.62151667711990
  1147 1.12050142423202 0.71501343832050 0.66195786322641
  1148 0.99195786497361 0.74103387079399 1.03650363481075
  1164 3.25309523564563 1.67210144619786 2.49454526189527
  1166 3.06168343963067 1.86758960663861 2.26099547427236
  1167 3.54984178504313 1.97390447965000 2.50301002485270
  1168 3.29940134046914 2.14958103280900 2.25169389787788
  1169 2.19609132062703 3.85653018530067 0.85424473355531
  1170 2.52004226796575 3.76341510766668 0.62714418473063
  1172 2.36021815211954 0.06434767957453 0.31621517749764
  1173 2.08608495754177 0.14136567046907 0.49062693990474
  1174 0.18322627031231 1.11686852593387 1.44972288727836
  1176 0.39477482716882 0.84072002237954 1.14295314259690
  1177 3.73524026301755 1.27325430105716 1.17339180953694
  1205 3.07245623547298 3.95910668542801 1.17344659050974
  1206 3.23567455900446 0.18457644492410 1.17231862998186
  1212 3.22222240028204 3.80369173363973 1.28850048387822
  1213 3.42909553502197 3.96842778871391 1.32350119687682
  1229 1.05408717162791 1.52284679239228 1.91772056872514
  1238 0.92517927089149 1.39330606611699 1.22500466942771
  1239 1.25286276843679 1.41443906827241 1.51496241973012
  1332 1.71557696209049 1.88859928244994 0.87010191339880
  1333 1.93860949697993 1.73829212662494 1.19145796102947
  1335 1.59611497752642 1.82384272492106 1.34798206071293
  1336 1.55543707391952 2.04162641475394 1.04756728079355
  1337 1.44111270280357 2.94422221989559 1.99230735223572
  1339 1.27905091116765 2.66258839084211 1.66576032174046
  1345 1.35311214828347 2.65426968077732 2.41984507652715
  1346 1.20066895583701 2.29870423739064 2.13565371155487
  1352 2.09303300584756 3.20291195978018 0.91504776323250
  1354 2.15194601867355 2.95112802543836 1.25251978185228
  1355 1.83484949253881 2.98381753200165 0.75447712312241
  1356 1.83144166357632 2.69054147688562 1.03908993402552
  1377 2.30052738401877 3.67001152576732 3.58844322004399
  1378 2.21751826359842 3.93890028351810 3.76602835600247
  1385 2.40910353029822 0.13412352771208 3.49924528184870
  1386 2.48259081082362 3.89065683668137 3.34960563330541
  1395 3.69397124694485 1.31748767531013 0.50947211202214
  1396 3.91602004774533 1.05269235825584 0.36098358205846
  1400 3.65751350207438 1.13775772489355 0.83462973630005
  1401 3.87294553852708 0.89390523711790 0.68576438488442
  1437 0.43616801852614 1.52946814270195 1.56458664962469
  1439 0.46278419556191 1.54589444821948 1.69137650771575
  1440 0.36506592806741 1.66147238382987 1.53590031346483
  1441 0.39296550330158 1.70483260549416 1.70569226228783
  1450 2.48502441332618 2.82169032503728 3.96112864436055
  1451 2.64320445506405 3.06502002440209 0.07281289773310
  1455 2.48592434298379 2.92379647538369 3.72627219265418
  1456 2.61470556111961 3.13749159864108 3.79884030767245
  1458 0.99363497187118 1.58472005212360 0.99086463008735
  1459 1.21308052221541 1.90852343730682 0.77706335877538
  1460 0.84297891381002 1.89874487235170 0.75110259092707
  1461 0.98188345776576 2.06368585107916 0.69904214160915
edges 766
16      2      0
17      0      8
32     16     41
33     41     37
34     37     18
84     58     59
85     59     52
93     59     47
101     76     72
102     72     14
111     72     69
177    115     47
181     59      0
189    115      8
218    143    139
224    134    136
225    136    147
229    140    136
231    143    140
232    149    156
246    152    163
247    163    157
272    171    191
273    191    169
284    185      2
292    177    180
293    180    185
295    171     18
303    174    177
313    199    198
363    220    215
382    230    243
389    241    236
390    236    243
391    231    240
395    231    241
398    235    240
419    254    174
433    260    261
438    264    261
486     16    295
487    295    290
496    295    288
501    292    288
524    260    199
526     58    185
537    310    191
544    195    311
553    311    315
554    315    310
584    264    332
588    163    336
596    339    284
597    311    339
612    354    346
623    347    346
624    354    315
625    343    347
629    243    356
632    147    356
636    343    143
641    365    358
642    358    364
669    139    347
690    376    241
700    214    380
736     41    396
737    396    394
760     11    364
766    403    336
767    399    403
774    157    405
775    405    403
776    119    410
782    406    410
785    408    288
786    406    408
825    410    220
835    365    422
839    425    215
843    425    422
844    396    295
849    406    425
850    394    408
886    169    436
890    439    440
892    230    439
895    241    439
921    413    447
947    171    457
998     36    473
1021    156    481
1042    488    489
1045     36    488
1048     16    488
1049     14    489
1079    500    502
1081    231    500
1083    236    502
1086    198    502
1109    199    510
1112    149    510
1153    191    524
1172     69    529
1194    413    538
1214    544    545
1218     36    545
1220     37    544
1221     41    545
1242    149    553
1243    261    553
1256    557    559
1260    394    559
1261    354    557
1263    399    559
1289    568    569
1290    553    568
1292    332    568
1293    152    569
1294    134    569
1301    300    571
1307     52    573
1308    277    573
1333    581    582
1336    339    581
1337    403    582
1339    354    582
1355    230    587
1410    115    605
1431    545    611
1432    473    611
1476    115    625
1486    629    630
1487    396    629
1490    290    630
1491     98    630
1492    429    630
1507    635    636
1510    569    635
1512    429    636
1513    332    636
1525    343    640
1528    432    640
1540      2    645
1546    647    648
1547     98    647
1549    429    647
1550    413    648
1552    635    648
1553    649    650
1554    136    649
1557    356    650
1558    587    650
1559    380    650
1584      8    658
1586     11    658
1591    660    662
1595    513    662
1602    394    663
1605    399    663
1612    346    667
1614    582    667
1615    668    669
1617    519    668
1618    291    668
1619    636    669
1621    290    669
1631    673    674
1634    422    673
1635    405    674
1636    663    674
1637    425    674
1648    513    678
1649    605    678
1658    544    681
1660     11    681
1691    691    692
1692    481    691
1693    436    691
1694    231    691
1697    376    692
1705    695    696
1706    310    695
1707    557    695
1708    171    695
1710    559    696
1711     37    696
1716    139    698
1718    529    698
1729    432    701
1760    571    711
1761    538    711
1762    460    711
1779    717    718
1780    524    717
1781    436    717
1782    240    717
1784    174    718
1785    235    718
1800    723    724
1801    481    723
1802    510    723
1803    500    723
1806    195    724
1807    725    726
1808    356    725
1809    538    725
1811    380    726
1813    660    726
1839    735    736
1841    447    735
1842    291    735
1843    152    736
1844    635    736
1845    668    736
1846    737    738
1847    399    737
1850    696    738
1853    739    740
1855    701    739
1856    457    739
1859    169    740
1920    177    758
1922    760    761
1923    152    760
1924    649    760
1925    157    760
1927    380    761
1930    762    764
1932    214    762
1934    761    764
1935    215    762
1937    405    764
1980     98    777
1988    180    780
1989    718    780
1998    783    784
2001    645    783
2002    758    784
2004    185    784
2023    791    792
2024    510    791
2027    724    792
2028    698    792
2037    795    796
2038    726    795
2039    513    795
2040    447    795
2041    761    796
2043    735    796
2044    797    798
2045    169    797
2046    481    797
2048    315    798
2049    724    798
2050    347    798
2051    799    800
2054    447    799
2055    571    800
2056    777    800
2057    413    800
2077    605    806
2106    816    817
2108    762    816
2110    667    817
2111    764    817
2117    581    819
2118    519    819
2119    336    819
2126    625    821
2130    519    822
2133     72    822
2142    358    826
2173    826    837
2176    300    837
2177    838    839
2178    439    838
2180    235    838
2181    440    839
2182    826    839
2183    254    839
2192    842    844
2196     76    844
2199    292    844
2208    660    847
2210    214    847
2232    822    854
2233    291    854
2270    277    866
2278    869    870
2281    406    870
2283    777    869
2284    365    870
2286    513    871
2287    799    871
2296    581    874
2297    822    874
2298     69    874
2307    799    877
2308    869    877
2318    838    881
2322    882    883
2324    758    882
2325    260    882
2326    473    883
2328    264    883
2329    884    885
2331    881    884
2332    235    884
2333    277    885
2335    780    885
2352    254    890
2377    899    900
2378    663    899
2380    629    899
2381    673    900
2391    903    904
2392     98    903
2394    900    903
2395    777    904
2396    837    904
2397    365    904
2399    140    905
2401    156    905
2405    907    908
2407    866    907
2409    220    908
2411    816    908
2412    909    910
2413    791    909
2414    783    909
2416    199    910
2417    784    910
2419    911    912
2420    432    911
2424    881    912
2425    230    912
2426    913    914
2427    432    913
2429    740    913
2430    343    914
2431    905    914
2432    797    914
2433    915    916
2434    611    915
2435    890    915
2437    544    916
2439    738    916
2440    917    918
2442    519    917
2443    489    917
2444    264    918
2445    669    918
2446    488    918
2451     18    920
2454      2    920
2456    922    923
2458    911    922
2459    903    922
2461    881    923
2462    837    923
2470    926    927
2472    877    926
2473    291    926
2474    288    927
2475    869    927
2476    290    927
2478    780    928
2479    920    928
2480    524    928
2495    758    933
2513    502    938
2521    941    942
2523    842    941
2524    806    941
2525    926    942
2526    844    942
2527    854    942
2538    946    948
2540    174    946
2542    890    948
2543    436    946
2545    692    948
2549    261    949
2556    890    952
2557    440    952
2558    376    952
2562    954    955
2564    949    954
2565    917    954
2566    284    955
2568    819    955
2571    957    958
2573     14    957
2574     76    958
2576     16    957
2577    292    958
2578    959    960
2579    806    959
2580     47    959
2583     61    960
2584    862    960
2602    740    966
2603    946    966
2604    933    966
2615    970    971
2617    933    970
2618    883    970
2619    429    971
2621    332    971
2625     36    972
2628     11    972
2638    977    978
2641    573    977
2642    842    978
2644    119    978
2649    739    980
2652    933    980
2654    982    983
2655     18    982
2656    957    982
2657    645    982
2658    457    983
2659    958    983
2662    783    984
2663    980    984
2664    983    984
2679    364    989
2680    972    989
2690    284    992
2696    571    995
2702    997    998
2704    605    997
2705    658    998
2707    871    997
2708    364    998
2711   1000   1001
2714    992   1001
2716    847   1000
2717    662   1001
2718   1002   1003
2719    877   1002
2720    997   1002
2721    941   1002
2722    870   1003
2723    998   1003
2724    119   1003
2740    905   1007
2743   1010   1011
2744    489   1010
2746    972   1010
2747    954   1011
2748    992   1011
2756    376   1012
2759   1015   1016
2760   1011   1015
2762    662   1015
2763    989   1016
2764    995   1016
2765    871   1016
2770    629   1018
2771    970   1018
2772    611   1018
2773   1019   1020
2774    649   1019
2775   1007   1019
2776    157   1019
2777    587   1020
2779    673   1020
2780   1021   1022
2781    911   1021
2782   1020   1021
2783    900   1021
2784    913   1022
2785   1007   1022
2788    980   1023
2790    971   1023
2798    678   1026
2799   1001   1026
2800    625   1026
2805    737   1028
2808    336   1028
2811   1030   1032
2813    899   1030
2815    737   1032
2816   1022   1030
2828   1036   1037
2829    955   1036
2830   1028   1036
2832    949   1037
2834   1012   1037
2835   1038   1039
2836    966   1038
2837   1030   1038
2838   1018   1038
2839    948   1039
2840   1032   1039
2841    915   1039
2843    847   1040
2845   1012   1040
2853    645   1043
2856     14   1043
2863    198   1047
2866    711   1047
2867   1048   1049
2868   1010   1048
2869   1043   1048
2870      8   1048
2871    992   1049
2873    625   1049
2874   1050   1051
2875   1015   1050
2877    949   1050
2878    995   1051
2879   1047   1051
2880    260   1051
2898   1057   1059
2900     76   1057
2902    984   1059
2905   1023   1059
2906   1060   1061
2907    660   1060
2908   1050   1060
2909   1012   1060
2910    725   1061
2911   1047   1061
2912    236   1061
2942    960   1071
2950    346   1073
2953    908   1073
3006    681   1091
3007    920   1091
3020   1096   1097
3021      0   1096
3022   1091   1096
3023    658   1096
3024    573   1097
3026    119   1097
3028    862   1098
3029   1057   1098
3030    529   1098
3034   1100   1101
3035    139   1100
3036   1071   1100
3037    529   1100
3038    667   1101
3040    874   1101
3050   1105   1106
3051    866   1105
3052   1073   1105
3053    640   1105
3054    977   1106
3056    701   1106
3067    862   1109
3070   1057   1109
3077    678   1113
3080    806   1113
3083   1071   1115
3084   1113   1115
3098   1120   1121
3099    842   1120
3100   1109   1120
3101    959   1120
3102    977   1121
3104     52   1121
3105   1122   1123
3106    854   1122
3107    796   1122
3108   1113   1122
3109   1101   1123
3110    817   1123
3111   1115   1123
3112   1124   1125
3115    410   1124
3116    978   1125
3118    408   1124
3119    292   1125
3121   1127   1128
3122    457   1127
3123   1125   1127
3124   1106   1127
3125    557   1128
3126   1124   1128
3127   1073   1128
3139   1133   1134
3141    147   1133
3142     61   1134
3144    243   1133
3145    938   1134
3146   1135   1136
3147    912   1135
3149    640   1135
3150    884   1136
3151   1131   1136
3152    866   1136
3153   1137   1138
3154   1135   1137
3155   1133   1137
3156    143   1137
3157   1131   1138
3158   1134   1138
3159   1071   1138
3162   1140   1141
3164    140   1140
3165    149   1141
3167    134   1140
3168    568   1141
3169   1142   1143
3173    907   1143
3176    220   1143
3178   1145   1146
3179   1098   1145
3180   1140   1145
3181    698   1145
3182   1059   1146
3183   1141   1146
3184    791   1146
3185   1147   1148
3186   1097   1147
3187   1143   1147
3188    277   1147
3189   1091   1148
3190   1142   1148
3191    928   1148
3241   1164   1166
3243   1007   1164
3245    156   1166
3246   1032   1164
3248    692   1166
3249   1167   1168
3250   1028   1167
3251   1164   1167
3252    163   1167
3253   1037   1168
3254   1166   1168
3255    553   1168
3256   1169   1170
3259     58   1169
3260    460   1170
3262    180   1169
3263    300   1170
3265   1172   1173
3266    923   1172
3267   1170   1172
3269    885   1173
3270   1169   1173
3271     52   1173
3273   1174   1176
3275    916   1174
3277    681   1176
3280   1142   1176
3282   1040   1177
3283   1174   1177
3284    952   1177
3370   1205   1206
3372    177   1205
3373    254   1206
3375    300   1205
3376    826   1206
3393   1212   1213
3394    882   1212
3395    995   1212
3396   1205   1212
3397    473   1213
3398    989   1213
3399   1206   1213
3446    311   1229
3449    310   1229
3475   1238   1239
3476   1142   1238
3479    524   1239
3480   1229   1239
3777   1332   1333
3780    938   1332
3781    500   1333
3783   1131   1332
3784    240   1333
3786   1335   1336
3787   1239   1335
3788   1333   1335
3789    195   1335
3791   1332   1336
3792    821   1336
3794   1337   1339
3796    909   1337
3798    821   1339
3799   1043   1337
3801   1049   1339
3818   1345   1346
3819   1337   1345
3820     69   1345
3821    792   1345
3822   1339   1346
3823    339   1346
3824    195   1346
3842   1352   1354
3844    460   1352
3846    198   1354
3847     58   1352
3849    910   1354
3850   1355   1356
3851     47   1355
3852   1352   1355
3853     61   1355
3854    821   1356
3855   1354   1356
3856    938   1356
3921   1377   1378
3925   1172   1378
3927   1109   1377
3928   1121   1378
3946   1385   1386
3947    922   1385
3948   1378   1385
3949    701   1385
3950    647   1386
3951   1377   1386
3952   1023   1386
3978   1395   1396
3980    587   1395
3981    214   1395
3983    422   1396
3984    215   1396
3994   1400   1401
3995   1395   1400
3996    440   1400
3997   1177   1400
3998   1396   1401
3999    358   1401
4000   1176   1401
4114   1437   1439
4116   1238   1437
4118   1229   1439
4119   1174   1437
4121    738   1439
4122   1440   1441
4123   1040   1440
4124   1437   1440
4125   1000   1440
4126   1036   1441
4127   1439   1441
4128    284   1441
4154   1450   1451
4155    147   1450
4157     61   1450
4158    538   1451
4160    460   1451
4170   1455   1456
4171    862   1455
4172    134   1455
4173   1450   1455
4174   1377   1456
4175    648   1456
4176   1451   1456
4179   1458   1459
4181    907   1458
4182   1131   1459
4184   1238   1458
4185   1336   1459
4186   1460   1461
4187   1000   1460
4188   1458   1460
4189    816   1460
4190   1026   1461
4191   1459   1461
4192   1115   1461
polygons 447
0   1540   2451   2454   2655   2657
3     16     17   1540   2853   2869   2870
4     16   2454   3007   3021   3022
5   2573   2656   2657   2853   2856
7     32     33     34   2576   2655   2656
10   1584   1586   2628   2746   2868   2870
11     17   1584   3021   3023
13   1586   1660   3006   3022   3023
15   1214   1218   1658   1660   2625   2628
16   1049   2744   2856   2868   2869
17   1042   1048   1049   2573   2576
18     32   1045   1048   1218   1221
19     34   1220   1658   2451   3006   3007
21   1042   1045   2625   2744   2746
22     33   1214   1220   1221
23   3844   3852   3853   4154   4157   4160
27   3260   3267   3921   3925   4160   4174   4176
28     84     85   3259   3270   3271
29   3256   3259   3260   3844   3847
30   3104   3265   3271   3925   3928
31   2578   2584   3067   3100   3101
32     85     93   2580   3098   3101   3104
33     93     84   3847   3851   3852
34   2578   2580   2583   3851   3853
36   2583   2584   4157   4171   4173
37   2574   2659   2664   2898   2900   2902
38    101    102   2571   2573   2574
39   2001   2414   2853   3796   3799
40   2023   2413   3796   3819   3821
42    102    111   2856   3799   3819   3820
43   2413   2414   2662   2902   3182   3184
44   1172   1718   2028   3820   3821
45    111    101   1172   2900   3029   3030
47   1486   1492   2615   2619   2770   2771
48   2380   2770   2813   2837   2838
49   1491   1492   1547   1549
51   2394   2458   2459   2781   2783
54   1547   2392   2459   3946   3947   3950
56   1729   2420   2458   3947   3949
57   1549   2619   2790   3950   3952
58   1853   2602   2604   2649   2652
60   2420   2427   2780   2781   2784
61   1729   1853   1855   2427   2429
62   2429   2602   2784   2816   2836   2837
63   1486   1491   2377   2380   2392   2394
67    177   1410   2077   2579   2580
68   1307   2641   3102   3104
69     85    181   1307   3020   3021   3024
70   2638   2641   2644   3024   3026
71    177    189     17    181     93
73    189   1410   1584   2702   2704   2705
75   2638   2642   3098   3099   3102
76   2523   2524   2579   3099   3101
77   2523   2642   2644   2718   2721   2724
78   2705   2723   2724   3020   3023   3026
81   2077   2524   2704   2720   2721
82   2583   2942   3142   3158   3159
83   1716   1718   3035   3037
84    218   3035   3036   3153   3156   3159
85   3139   3141   3142   4155   4157
86   2584   2942   3028   3030   3036   3037
87    224    225   4155   4172   4173
88    229    224   3164   3167
89   3028   3167   3179   3180   4171   4172
90    218    231   1716   3164   3180   3181
91    229    231    225   3141   3155   3156
92    232   1242   3245   3254   3255
93    232   2399   2401   3162   3164   3165
94   1242   1290   3165   3168
95    246    247   1923   1925
96    224   1293   1294   1554   1923   1924
97   1924   1925   2774   2776
100   1289   1294   3162   3167   3168
101    246   1289   1290   1293   3249   3252   3255
102   2401   2740   3241   3243   3245
103    247   2775   2776   3243   3251   3252
104    229   1554   2399   2740   2774   2775
107   1856   2649   2658   2663   2664
108    272    273    947   1853   1856   1859
109    273    886   1153   1780   1781
110    886   1859   2543   2602   2603
111    284   1540   1998   2001   2004
112    292    293   1920   2002   2004
114    295    272   1153   2451   2479   2480
115    295    947   2654   2655   2658
119    303   1920   2495   2540   2603   2604
121   1779   1780   1989   2478   2480
122    292    303   1784   1988   1989
123   1779   1781   1784   2540   2543
124    284    293   1988   2454   2478   2479
125   1998   2002   2495   2652   2662   2663
126    313   1079   1086   1109   1802   1803
127   1800   1803   1806   3781   3788   3789
128   1086   2513   3846   3855   3856
129   1109   2024   2412   2413   2416
130   1806   2027   3818   3821   3824
131   2412   3794   3796   3798   3849   3854   3855
133   3786   3789   3792   3798   3822   3824
134    313   2416   3846   3849
135   1932   2108   2210   2716   4187   4189
136   2210   2843   3282   3981   3995   3997
139   3273   3280   3476   4116   4119
141   2405   2411   4181   4188   4189
143   3169   3173   3476   4181   4184
145    363   3169   3176   3280   3984   3998   4000
146   2405   2409   3173   3176
148   1932   1935   3978   3981   3984
149    363   1935   2108   2409   2411
150   4116   4124   4125   4184   4187   4188
151   2578   2579   2942   3080   3083   3084
152   1172   2298   3034   3037   3040
154   3028   3029   3067   3070
155   2192   2196   2900   3070   3099   3100
156    101   2133   2196   2232   2526   2527
159    111   2133   2297   2298
160    892   2178   2318   2424   2425
161    382   2425   3144   3147   3154   3155
162    389    390    382    892    895
163    391   1081   3781   3784
164    395    398    391    895   2178   2180
165    389    395   1079   1081   1083
166    390   1083   2513   3139   3144   3145
167   2331   2424   3146   3147   3150
169    398   2332   3150   3151   3777   3783   3784
171   2180   2318   2331   2332
173   1432   2352   2434   2435   3373   3397   3399
174   1920   2324   3372   3394   3396
176    419    303   3370   3372   3373
178    419   2352   2538   2540   2542
179   2435   2542   2839   2841
180   1432   2326   2618   2771   2772
181   2434   2772   2835   2838   2841
182   2325   2878   2880   3394   3395
183    433   2549   2874   2877   2880
184    438    433   2322   2325   2328
185    438   2440   2444   2549   2564   2565
186   2443   2565   2743   2744   2747
187   2564   2747   2760   2875   2877
188    998   2625   2680   3397   3398
191    998   1045   2326   2328   2444   2446
192   1528   1729   3050   3053   3056
193   2270   2329   2333   3150   3152
194   2456   3266   3925   3947   3948
195   1307   1308   2333   3269   3271
199   1308   2270   2641   3050   3051   3054
200   3054   3056   3102   3928   3948   3949
201   2714   2717   2748   2760   2762
202   2690   2711   2714   4122   4125   4128
203   2832   2834   2877   2908   2909
204   2208   2843   2845   2907   2909
205   2566   2829   4126   4128
207   2562   2566   2690   2747   2748
210   2196   2199   2574   2577
211    486    487   1048   1621   2445   2446
212    102   1049   2130   2133   2442   2443
213   1617   1618   2130   2232   2233
214   1615   1618   1621   2470   2473   2476
215    487    496   2474   2476
216   2233   2473   2525   2527
217    501    496    486   2571   2576   2577
219    501   2199   2470   2474   2525   2526
223   1301   2696   3375   3395   3396
224   1760   2696   2866   2878   2879
226   1301   1760   1762   3260   3263
227    292   3256   3262   3263   3372   3375
228   1762   2863   2866   3842   3844   3846
230    524   2002   2324   2325   2416   2417
231    313    524   2863   2879   2880
234    526   2004   2417   3842   3847   3849
235    293    526   3259   3262
240    537   1153   3449   3479   3480
241   1780   1782   3479   3784   3787   3788
243    544   3446   3480   3787   3789
244   1081   1692   1694   1801   1803
246    391   1693   1694   1781   1782
248    553    554   3446   3449
249    554    273    537   2044   2045   2048
250    544    553   1806   2048   2049
251    886   1692   1693   2045   2046
253   2039   2040   2054   2286   2287
254   1841   1842   2054   2307   2472   2473
255   1842   2043   2233   3106   3107
257   2472   2521   2525   2719   2721
258   1648   1649   2286   2704   2707
261   1293   1510   1843   1844
262   1289   1292   1507   1510   1513
263    438    584   1243   1290   1292
264    584   1513   1619   2444   2445
265    588   2808   3250   3252
266   1243   2549   2832   3253   3255
267   2119   2568   2808   2829   2830
268    588    246   1617   1843   1845   2118   2119
269   1507   1615   1619   1844   1845
270   2126   2873   3798   3801
271   2714   2799   2800   2871   2873
272    596   2690   2871   3801   3822   3823
273    544    597   3823   3824
274    596    597   3446   4118   4127   4128
275   1525   1528   2426   2427   2430
276    537    272   1706   1708
277   1859   2045   2426   2429   2432
279    612   1261   2950   3125   3127
280    947   1707   1708   3121   3122   3125
281   1855   1856   3056   3122   3124
284    623    612    624   2048   2050
285    625   2044   2050   2430   2432
286    623    625   1525   2950   3052   3053
287    624    554   1261   1706   1707
289   1355   2419   2425   2777   2781   2782
290    382    629   1355   1557   1558
291    632    629   3141   3144
294    636   1525   3149   3154   3156
295    231    636   2399   2430   2431
296    632    225   1553   1554   1557
297    641   2142   2173   2396   2397
298    642   2142   2679   3376   3398   3399
299    641    642   2284   2708   2722   2723
300   2679   2702   2707   2708   2763   2765
301   1301   2055   2056   2176   2395   2396
302   2051   2055   2287   2696   2764   2765
303   2173   2176   3370   3375   3376
304   2278   2283   2284   2395   2397
305   2270   2407   3173   3187   3188
306   2333   2335   2478   3185   3188   3191
307   3783   3791   4182   4185
309   1785   1989   2329   2332   2335
310   2480   3190   3191   3475   3476   3479
311   2407   3151   3152   4179   4181   4182
313    398   1779   1782   1785
314   1021   2046   2401   2431   2432
315    669   1716   2027   2028   2049   2050
316   1112   2024   3165   3183   3184
319    232   1021   1112   1801   1802
320    669    218    636    625
322   3142   3145   3850   3853   3856
323   1083   1086   2863   2911   2912
326   1761   1762   4158   4160
327   1761   1809   2866   2910   2911
328    629    390   1808   2910   2912
329    632   1808   1809   4154   4155   4158
331   1292   2621   2790   2905   3168   3182   3183
332   1512   1513   2619   2621
333   1294   1510   1552   4170   4172   4175
334    690    389   2756   2906   2909   2912
335   1557   1559   1807   1808   1811
336   1807   1813   2906   2907   2910
338    890    892   1355   3980   3995   3996
339    700   1558   1559   3980   3981
341   2558   2756   2845   3282   3284
342    690    890    895   2557   2558
343    700   1811   1813   2208   2210
345   2557   3284   3996   3997
348   1846   2433   2439   2815   2840   2841
349   2545   2839   2840   3241   3246   3248
350   2805   2815   3246   3250   3251
351   1697   2756   2834   3248   3253   3254
352   2439   3275   4114   4119   4121
353   1697   2542   2545   2556   2558
354   1846   2805   2830   4121   4126   4127
355    433    524   1109   1112   1242   1243
358    584   2328   2615   2618   2621
360   1263   1710   1846   1847   1850
361   1220   1711   1850   2437   2439
362   1260   1263   1602   1605
363     33    736    737   1260   1710   1711
364    736   1221   1431   1487   2770   2772
365    737   1487   1602   2378   2380
369   1605   1847   2378   2811   2813   2815
372   1410   1476   1649   2798   2800
373   3083   3157   3159   4182   4191   4192
376    177   1476   2126   3850   3851   3854
378    189   1476   2867   2870   2873
380   1595   2286   2759   2762   2765
382    760   1586   2705   2708
384   1595   1648   2717   2798   2799
386    760   2628   2679   2680
387    597    553    624   1333   1336   1339
388    596   1336   2117   2566   2568
389    766   1333   1337   2117   2119
390    767   1256   1261   1263   1337   1339
391    766    767   1847   2805   2808
393   1705   1706   1850   3449   4118   4121
395   2785   2811   2816   3243   3246
397   2381   2779   2782   2783
398    774   1631   1635   2773   2776   2779
399    775    767   1605   1635   1636
400    774    247    588    766    775
401    776   2644   3112   3115   3116
402    782    776   2281   2722   2724
403   2192   2199   2642   3116   3119
404    785    501   3112   3118   3119
405    782    786   3115   3118
406    786    785   2278   2281   2474   2475
407   2308   2470   2472   2475
408   1194   1760   1761   2055   2057
409   1194   1550   4158   4175   4176
411   1546   1547   1550   1980   2056   2057
412   2176   2462   3263   3266   3267
414   1980   2391   2392   2395
417   1612   2106   2110   2411   2950   2953
418    623    669   1612   3034   3035   3038
420   1591   1595   1813   2038   2039
422    921   2051   2054   2057
423    921   1194   1807   1809   2038   2040
424   1934   2041   2111   3105   3107   3110
425    774   1922   1925   1934   1937
426   1839   1843   1922   1923   2041   2043
427   1333   1614   2296   3038   3040
428   2117   2118   2130   2296   2297
429   1618   1839   1842   1845
430    775   1337   1614   1937   2110   2111
432   2638   3054   3116   3123   3124
434   2577   2658   2659   3119   3122   3123
436   1553   1559   1922   1924   1927
437   1811   1927   2037   2038   2041
439    921   1550   1552   1839   1841   1844
440   1490   1492   1512   1619   1621
441   1490   1491   1980   2283   2475   2476
444   1336   2296   2298   3818   3820   3823
445   1988   2335   3262   3269   3270
446   1308   3024   3186   3188
447    284    526     84    181     16
449    776    825   3026   3176   3186   3187
450    825   2409   2953   3115   3126   3127
454   2173   2177   2182   2318   2461   2462
456   1634   2777   2779   3978   3980   3983
458    835   1634   2381   2391   2394   2397
460   2142   2181   2182   3994   3996   3999
461    641    835   3983   3998   3999
462    839   1635   1637   1930   1935   1937
463    700   1927   1930   1932   1934
466    839    843   3983   3984
467    843   1631   1634   1637
468    844    487   1486   1487   1490
469     32    486    844    736
470    998   1218   1431   1432
473   2181   2183   2352   2556   2557
474    419   1784   1785   2177   2180   2183
475    395    690   1691   1694   1697
477   1021   1691   1692   3245   3248
478   2182   2183   3373   3376
479    786    849    850   1602   1636   1637
480    850    737    844    496    785
481    835    843    849   2281   2284
482    760    642   1660   3277   3999   4000
483   3006   3189   3190   3277   3280
484    363    839    849    782    825
485    850   1256   1260   3118   3125   3126
486     34    295   1705   1708   1711
488   1658   2437   3273   3275   3277
489    612   1339   1612   1614
491   1507   1512   1546   1549   1552
492   1528   2419   2420   3147   3149
493   1691   1693   2538   2543   2545
494    890   2177   2178   2181
495   2118   2442   2562   2565   2568
496   1591   2762   2875   2907   2908
497   1841   2037   2040   2043
501   1546   3950   3951   4174   4175
503   2322   2326   3393   3394   3397
506   1800   1801   2044   2046   2049
508   1042   2440   2443   2446
510   2798   3077   3084   4190   4192
511   2110   3038   3109   3110
512   1079   2513   3777   3780   3781
515   1800   1802   2023   2024   2027
516   1648   2037   2039   3077   3107   3108
518   1615   1617   2440   2442   2445
521   1718   3030   3179   3181
523   2001   2654   2657   2662   2664
524   1214   1431   2433   2434   2437
525   2287   2307   2707   2719   2720
527   1256   1705   1707   1710
531   1553   1558   2773   2774   2777
533   1855   2649   2788   3946   3949   3952
536   1649   2077   3077   3080
539   2126   2800   3792   4185   4190   4191
541   3051   3053   3146   3149   3152
542   2023   2028   3178   3181   3184
544   1591   2208   2711   2716   2717
545   1631   1636   2377   2378   2381
547   2051   2056   2283   2307   2308
548   2716   2843   4123   4125
552   2106   3110   3111   4186   4189   4192
553   3780   3791   3792   3854   3856
554   2329   2331   2461   3265   3266   3269
555   2322   2324   2495   2617   2618
556   1930   2106   2108   2111
558   1998   2412   2414   2417
559   3067   3927   4170   4171   4174
562   2521   2524   2527   3080   3106   3108
564   2232   2297   3040   3105   3106   3109
565   2405   2407   2953   3051   3052
566   3145   3157   3158   3780   3783
567   2391   2396   2456   2459   2462
568   2192   2521   2523   2526
571   2426   2431   2740   2784   2785
572   2278   2308   2718   2719   2722
573   2419   2424   2456   2458   2461
574   2377   2780   2783   2813   2816
575   2433   2435   2556   3275   3283   3284
576   2604   2617   2771   2836   2838
577   2479   3007   3189   3191
578   2615   2617   2652   2788   2790
580   2538   2603   2835   2836   2839
581   2562   2564   2828   2829   2832
582   2571   2654   2656   2659
583   2763   2764   3393   3395   3398
584   2680   2743   2746   2759   2760   2763
585   2663   2788   2902   2905
586   2743   2748   2867   2868   2871
587   2759   2764   2874   2875   2878
588   2702   2718   2720   2723
589   2711   2799   4186   4187   4190
590   2898   2905   3070   3927   3951   3952
591   2773   2775   2780   2782   2785
592   2828   2834   2845   4122   4123   4126
593   2828   2830   3249   3250   3253
594   2811   2835   2837   2840
595   3282   3283   4119   4123   4124
596   2867   2869   3794   3799   3801
597   2874   2879   2906   2908   2911
599   2898   3029   3178   3179   3182
600   3020   3022   3185   3186   3189
602   3034   3036   3083   3109   3111
603   3050   3052   3121   3124   3127
609   3098   3100   3921   3927   3928
610   3084   3105   3108   3111
612   3112   3121   3123   3126
613   3146   3151   3153   3154   3157
614   3139   3153   3155   3158
615   3162   3178   3180   3183
616   3169   3185   3187   3190
620   3241   3249   3251   3254
621   3256   3265   3267   3270
622   3273   3283   3994   3997   4000
628   3370   3393   3396   3399
630   3475   3786   3787   4179   4184   4185
631   3475   3480   4114   4116   4118
652   3777   3786   3788   3791
653   3794   3818   3819   3822
656   3842   3850   3852   3855
661   3921   3946   3948   3951
663   3978   3994   3995   3998
671   4114   4122   4124   4127
673   4154   4170   4173   4176
674   4179   4186   4188   4191
cells 64
0      0      3      4      5      7     10     11     13     15     16     17     18     19     21     22
1     23     27     28     29     30     31     32     33     34     36    559    609    621    673
2     37      5     38     39     40     42     43     44     45    521    523    542    582    599
3     47     48     49     51     54     56     57     58     60     61     62     63    533    574    576    578
4     32     67     68     69     70     11     71     73     75     76     77     78     81    588
5     82     83     84     85     86     36     87     88     89     90     91    521    614
6     92     93     94     95     96     97     88    100    101    102    103    104    620
7    107    108     58    109    110    111    112    114    115    119    121    122    123    124      0    125    523
8    126    127    128    129    130    131     40    133    134    512    515    553    652    653
9    135    136    139    141    143    145    146    148    149    150    548    595    622    663
10    151    152     86     45    154     76    155    156     31    159    562    564    568    602    610
11    160    161    162    163    164    165    166    167    169    171    512    566    613    614
12    173    174    176    178    179    119    180    181    503    555    576    580    628
13    182    183    184    185     21    186    187    188    191    503    508    583    584    587
14    167    192    193    194     56    195     30    199    200     68    492    541    554    573
15    201    202    203    204    205    187    207    496    544    548    581    592
16     17    210     38    211    212    213    214    215    156    216    217    219    508    518
17    182    223    174    224    226    227     29    228    230    231    112    134    234    235
18    240    241    163    243    127    244    246    109    248    249    250    251    506
19    253    254    255    216    257    258     81    497    516    525    536    562
20    261    262    263    264    185    265    266    267    268    269    101    495    518    581    593
21    270    271    243    272    202    133    273    150    274    539    589    630    631    671    674
22    275     61    276    249    108    277    279    280    281    284    285    286    192    287    603
23    289    104    290    291    275    294     91    295    296    161     60    492    531    571    591
24    297    298    299    223    300    301    302    303    304    525    547    572    583    588    628
25    121    241    305    169    193    306    307    143    309    310    311    313    616    630    652
26    314    285    315    316     93    319    320    295     90    506    515    542    615
27     85    322     23    228    128    323    326    327    328    329    166    291    656
28    331    154     57    332    333    100     89    262    491    501    559    590    599    615
29    162    334    328    290    335    336    338    339    341    342    343    204    136    345
30    348    349    350    351    179    352    353    341    354    575    592    593    595    620    671
31    129    355    125    331    230    184     43    316     94    358    263    555    558    578    585
32    360    361    362    363    364    365    348     48     22    369    181    524    594
33    322     82    372    307    373    376     34     67    151    510    536    539    553    566
34    372     73    378    380    271     10    258    382    384    201    386    300    584    586
35    387    388    389    390    391    360    267    393    274    205    354    287    248    527
36    395    103    391    369    265    350    397    398    399    400    545    574    591
37     77    401    402    403    404    405    406    257    219    407    568    572
38    408    326    409    411    412    226    414    194     27     54    301    501    567    661
39    311    417    286    373    418    141    294     84    320    511    541    552    565    602    613    674
40    224    336    380    253    302    408    420    422    423    327    496    587    597
41    424    425    426     95    427    428    213    255    429    430    389    400    268    511    564
42    155     37    432    210     75    403    107    200    281    434    533    585    590    609    661
43    436    437    335    439    261    426    423    333    409    296     87     96    329    497    673
44    429    439    269    440    422    254    411    441    214     49    407    491    547
45    428    212    388    272    444    159     42    207     16    186    495    586    596    653
46    445    195     28     69    446      4    235    124    447    306    577    600
47    401    432    199    305    446     70    449    450    146    565    603    612
48    454     51    297    289    160    456    397    458    338    460    461    494    567    573    663
49    456    398    462    148    463    339    425     97    436    466    467    531
50    468    440    211    191    358    364     47     18    469    264    470    332    180
51    353    178    473    474    246    475    123    164    342    313    493    494
52    351    334    266    355    475    231    323    126     92    244    203    183    319    477    165    597
53    445    227    122    474    309    412    171    454    478    303    176    554    621
54    270      3    378    447     71    376     33    111     39    131    234    558    596    656
55    424    384    135    437    420    343    463    510    516    544    552    556    589    610
56    441    406    479    480    468    215    365    414    304    458     63    481    467    545
57    482    483    466    299    382    449     13    402     78    461    145    484    481    600    616
58      7    280    434    363    480    485    404    469    217    486    115    527    582    612
59    477    314    102    277     62    251    349    395    110    493    571    580    594
60    139    483    393    488    352    361    276    240    114    486     19    310    577    631
61     15    482    478    473    460    488    345    470    173    298    188    386    524    575    622
62    387    489    427    130     44    418    315     83    444    273    284    152    250
63    149    484    450    390    489    279    362    485    417    479    405    462    430    399    556
