vertices 383
     0 0.99563327327416 3.78740325061327 1.29269673132621
     2 1.38064998072807 3.96547211126582 1.83194382102939
     8 0.88652682681736 3.67746526517696 1.29340184693948
    11 0.24264677467476 0.06059896833834 1.29794860946629
    14 0.85084248273875 3.47113515156500 2.38242115261495
    16 0.29777421919134 0.04669482182193 2.55149648458693
    18 1.13174627973222 0.40705002018834 2.16049892072378
    36 3.89529960303197 0.01382638615734 1.94143526768819
    37 0.48742543941217 0.52558445003438 2.25252756976544
    41 0.23450392890644 0.20339698258936 2.49054703003263
    47 1.44144538495760 3.22770973229931 0.79468062192342
    52 1.65862686346297 0.11396022590369 0.43705676488564
    58 1.86048898966807 3.64473476881498 1.10375375582203
    59 1.53325346877441 3.63708966955466 0.92319926646099
    61 1.88367333155992 2.74779863584809 0.33190255851053
    69 1.03820424301057 2.80639810016653 2.90517418349085
    72 0.93881834897998 2.99974475882957 2.90593156621087
    76 1.16537299671595 3.54171786829908 3.15352552485772
    98 3.09606696714886 0.09488357089058 3.56700063828568
   115 1.04530875368312 3.14813334307180 0.96223270997485
   119 0.78064153443857 0.33915499792218 0.32544294149220
   134 2.62429018348709 2.59738156766574 3.46504453935068
   136 2.66093881480278 2.24328386607564 3.62309154588832
   139 1.65450313794032 2.05942334395909 3.31485577884616
   140 2.40929798054878 2.09338029716206 3.33889387587763
   143 2.00659277871118 1.84892381682041 3.44780834394973
   147 2.54654316353184 2.24829732060749 0.13570559943887
   149 2.65964140393047 2.49142731070951 2.48121247035511
   152 3.43708474618119 2.56785767798533 3.25493268125792
   156 2.65048822738591 2.00425366686452 2.45418607351415
   157 3.49748555720810 2.03946601038696 3.33646516565340
   163 3.58069754125764 2.17976053299991 2.99687776920413
   169 1.91998496017861 1.02749710746076 2.44326016666175
   171 1.31213993258428 0.82881251524933 2.41009089724017
   174 2.30576377670327 0.58152506320345 1.73592913194948
   177 2.26323353107964 0.14940251698611 1.68010215721803
   180 2.06687627574207 0.12403850733302 1.55765717721706
   185 1.86251494558506 3.87655909327972 1.66235232195731
   191 1.40256272641147 0.95216750559940 2.32641529217847
   195 1.25095572791583 2.13501491752170 2.21415447721999
   198 2.43237948196434 2.78088717693063 1.50898700735368
   199 2.45101662704606 2.90844597181754 1.83507613086918
   214 3.82077462602857 1.81275433981335 0.61160924579638
   215 0.22126497987975 1.19919713303030 0.21744618371877
   220 0.51654123726204 1.13316556377754 0.25559567979879
   230 2.75263344771310 1.54417723839941 0.42011557698242
   231 2.27469384248145 1.85240634466155 1.48923353927313
   235 2.15898334000742 1.12726073052267 1.05510589743742
   236 2.57346873431799 2.09936680153281 1.17647611462763
   240 2.01329313739684 1.54938298522736 1.37423445089542
   241 2.60342513491558 1.89444029663880 1.27604670476148
   243 2.61210042629921 2.03537546531373 0.39813337145151
   254 3.00548573429321 0.62753768694777 1.43045848542614
   260 2.83472304617787 3.01864430676973 1.85880886612005
   261 3.06137299614319 2.87189144886035 2.12627068976408
   264 3.17822006053445 3.23475015937482 2.35771653456420
   277 1.57471354715681 0.77440147887454 0.61101974552294
   284 0.45960041427106 2.21226296068806 2.06130109715349
   288 0.23172297610978 0.14481583735908 3.13393614939955
   290 3.91550809520140 3.92876491694654 3.17150742398399
   291 0.07552954489053 3.04474639504106 3.42719773687298
   292 0.98217176737026 3.92861831982022 3.15741669454739
   295 0.12801863337630 0.14237227592137 2.97929397374467
   300 2.85071189544240 3.86577370731737 0.86102959945588
   310 1.08200243352997 1.27632358776371 2.42402535384359
   311 1.04513557220206 1.93602162053955 2.28981524054946
   315 1.15322829271996 1.59555092567070 2.61157035247364
   332 3.03038744950864 3.20251989982962 2.73043643737722
   336 3.95787073539005 2.05852548347205 2.79652823893465
   339 0.86290921442262 2.18029619339474 2.31513625423296
   343 1.98461556938058 1.59118830114666 3.25696958252173
   346 1.19016200406398 1.66608634900075 3.33421878451002
   347 1.60427129320938 1.79450515909626 3.20726810977530
   354 0.95177691933523 1.56464677150360 2.96609932011596
   356 2.73828031910550 2.15226554114982 0.30259621637635
   358 3.66351904012290 0.59181419770828 0.77001124825735
   364 0.09802458716848 0.03603257604448 1.14736991761928
   365 3.69330634709714 0.54200954302192 0.33465970171959
   376 3.06638411690327 1.80800607939314 1.59151166571867
   380 3.54722535278982 2.20216775336048 0.34482340377831
   394 0.23716682459938 0.85346371383781 3.12098475732178
   396 0.06801665540390 0.29997374666566 2.89782128302527
   399 0.19489044485013 1.25288525446615 2.93520905230943
   403 0.22202273143449 1.74475807752155 3.10612883995752
   405 0.03056124577340 1.73829759076817 3.45135757723121
   406 0.26383520615552 0.78917397548625 3.92900320031183
   408 0.38004567469327 0.70512944677991 3.38285051515801
   410 0.50393530228551 0.81763880438889 0.00663469651416
   413 3.17906497739538 3.25806367781299 0.16462539156292
   422 3.76139022220572 0.91553213638195 0.22245370651303
   425 0.08815550020048 1.01040804702898 0.01122297143589
   429 2.97184571879206 3.81405868482546 3.20320508216673
   432 2.21336473611613 0.93248792153508 3.38792641645364
   436 2.11973676083445 1.01444477650561 2.10747551013081
   439 2.75977142927273 1.38384646208985 0.82171524068597
   440 3.31467161965467 1.15329056428212 1.05881077334717
   447 3.52892326863307 3.09934838410727 0.14313406220800
   457 1.55358071489721 0.48955939475005 2.79573355606613
   460 2.47400307393578 3.37929827567003 0.68254617258003
   473 3.53189691995433 0.06517857057541 1.93001650604311
   481 2.35263227877682 1.84548244612476 2.17258927511116
   488 0.11014175312514 3.60932339310576 2.28284734361455
   489 0.25753719661236 3.43219083278609 2.22141349850869
   500 2.19394326515479 1.96351296863753 1.47710532606285
   502 2.29883440724497 2.17983215524059 1.30210127977188
   510 2.32490758810454 2.63520613414005 2.15409956145942
   513 0.05966671680085 2.87016095156662 0.74055836724923
   519 0.22045816483650 2.80261337308403 2.82164039616196
   524 1.50904118112412 0.91402452446103 1.80183616571066
   529 1.53165342251958 2.61454688489156 3.24976480903365
   538 2.84648471623597 3.08902348038468 0.39142542642412
   544 0.23186634294439 0.53649544862286 1.92593979156766
   545 3.94488580004348 0.22847058386074 2.06905025004257
   553 2.94874128803638 2.57873500972208 2.45304069093921
   557 0.85504744289532 1.24498381073818 2.91498337899413
   559 0.40350628100396 1.11318491344629 2.88518123014444
   568 2.93399806526682 2.80485684865392 2.76997325025862
   569 3.16941902121851 2.78997017059746 3.19772209515660
   571 2.98635315963475 3.58694242856712 0.82243020352387
   573 1.49324312708877 0.32216598125888 0.39227077859009
   581 0.57331257423253 2.27911483749408 2.76543686429652
   582 0.62436712710113 1.89743255037993 3.08569004295376
   587 2.99902442806728 1.55329343692463 0.27994999612386
   605 0.79278247273779 3.09164256883101 0.65725637668765
   611 3.56309126743285 0.31158687666937 2.07429757267191
   625 1.01105827186319 2.78141500305314 1.24264062352531
   629 3.32854025928713 0.43755460940526 2.96577911834924
   630 3.22644525764838 0.07622369098247 3.26995759447005
   635 3.21311553664157 2.89599685056949 3.24033798575981
   636 3.21846259049493 3.24441603604806 2.97369594258192
   640 1.96062133796780 1.23534955133752 3.60991348034563
   645 1.37777004317976 3.83081155327055 2.05983302266996
   647 2.86575653512982 3.83486585610629 3.44482551226997
   648 2.89575995009065 3.27214759839977 3.75933559876958
   649 3.03777498098411 2.05082850997763 3.64574424579091
   650 3.02568499250500 1.98652666343474 0.16101551458653
   658 0.59844808988969 3.95305498531567 1.14765408120757
   660 3.69414760116993 2.36293491598227 0.92487976983879
   662 0.00408610148032 2.70683437746944 1.00257935130784
   663 0.05909954383459 1.01097257864499 3.14530650781992
   667 0.80853811428747 2.01909433042433 3.44276441458984
   668 3.90982829521081 2.97752229241897 3.14044909917216
   669 3.74303663360912 3.31871305787415 2.91070205835807
   673 3.29714231607040 1.05696173895442 3.73719779478707
   674 3.91268215480984 1.19065112377262 3.56099251961386
   678 0.63026187777307 2.80367922204786 0.66592916525768
   681 0.40088680144381 0.46511745749040 1.46103673576807
   691 2.42863430727476 1.71236220968070 2.00742527071755
   692 2.86132504412251 1.68153726245260 2.02008767242785
   695 0.98019746018995 1.14909612452983 2.51465997875255
   696 0.52493912228075 1.01955965881400 2.45001423692151
   698 1.66989365718420 2.51700587757242 3.13749395334470
   701 2.02091751333351 0.61925659310299 3.34230405669135
   711 2.73765595755438 3.29969153697982 0.74301413396692
   717 1.87641309026952 0.96057074997848 1.75769773528143
   718 2.01984573622387 0.74944005630476 1.58631968647941
   723 2.14300683535801 2.12219063460723 1.99798748220341
   724 1.56312945144905 2.14845322882759 2.36982225626975
   725 3.02391008690660 2.49700495981581 0.57205867935984
   726 3.52358226948326 2.40604882285608 0.49257966977079
   735 3.76705146975566 2.83693173796600 3.67869557200320
   736 3.53772278810913 2.76356195105575 3.31408934340618
   737 3.88966518433442 1.41629019525449 2.49607819078660
   738 0.18604353625936 1.25059484080870 2.11833911653452
   739 1.97675447098879 0.51364586718701 2.87158783800476
   740 2.13622671251595 0.72715878420602 2.73552391889789
   758 2.26474534893802 3.89765999309125 1.97924464765579
   760 3.42508081839527 2.23141281068786 3.48161740997950
   761 3.80415467566888 2.30983524798586 3.91591997554572
   762 0.30181008104621 1.63856247215554 0.19520215049994
   764 0.23714281788584 1.91534247370596 3.82039032882739
   777 3.38329776425278 0.03008989860300 0.01908929124014
   780 1.89270355121297 0.65169265991107 1.52371145024628
   783 1.80436887965890 3.66137729797323 2.10812903813453
   784 1.97363400312193 3.70304465361807 1.91119374981701
   791 1.98667510860365 2.88275240866025 2.41555370930380
   792 1.58155894290380 2.54147180767522 2.57570061868944
   795 3.72713710671243 2.69853238752915 0.32487248801253
   796 3.89277349823168 2.54619778522573 3.93877509246574
   797 1.95899538882220 1.46831182680215 2.62926337063316
   798 1.57014628402244 1.71747683646562 2.70140782081329
   799 3.60825054208679 3.42168208989280 0.29399795369552
   800 3.33096675289622 3.51641151057704 0.29556610637391
   806 0.99268016388711 3.07438837140564 0.25144592736866
   816 0.62312344872885 1.69555701345751 0.23720715905452
   817 0.57814630293699 2.01773334189795 3.79528688844189
   819 0.23381574606905 2.33773423143488 2.66381700569418
   821 1.32199217096854 2.62438578417157 1.34530782861271
   822 0.67447626377716 2.80809113462751 3.03361586658304
   826 3.20464237480163 0.50035899740729 0.93290358663075
   837 2.99988031214146 0.29804766891412 0.56915773624168
   838 2.57330142024600 1.12778580020509 0.83611761265588
   839 3.07739265654245 0.79522216480333 1.07792775189562
   842 1.18533201252778 3.70426282563409 3.76317078376226
   844 1.03605254275711 3.65439011062061 3.34397363278314
   847 3.88689387051272 1.98711384676439 0.98309016369861
   854 0.49620841150104 2.94896860088922 3.44837719576440
   862 1.84694932648787 3.07230906950605 3.65866664645614
   866 1.64930449568416 1.21687088631636 0.40265124268371
   869 3.80646415704091 0.01553090597512 3.97100209713070
   870 3.96146718320996 0.32304988689744 0.19318666904022
   871 3.91086576855966 3.37450404720541 0.74434631263381
   874 0.76243045199144 2.66254129034311 3.01982705585912
   877 3.93951539771926 3.73770666334136 0.07443339428487
   881 2.41970769014271 1.04077638202684 0.58246835200003
   882 2.85218776811694 3.58173881186223 1.93457623593701
   883 3.01307702137577 3.63178035307812 2.16503263853600
   884 2.02422636890045 1.03018538878339 0.74958303186755
   885 1.84892681140063 0.73246900115009 0.79062487807034
   890 3.25812427042641 0.93727642309710 1.83548874787936
   899 3.30643774134209 0.71779775063068 3.04692158572683
   900 3.09235732388486 0.87274270521653 3.60811252310493
   903 2.98920234448074 0.48298123532107 3.79366038344040
   904 3.27825603912535 0.30952683336162 0.17148252427385
   905 2.51945758376838 1.75103889230093 3.02480314316870
   907 0.96346732721604 1.46491917971748 0.53238134536873
   908 0.79071426711565 1.51463766609911 0.23259093173001
   909 1.82631472728844 3.18837657669927 2.09700566081748
   910 2.05239292733711 3.21093152038718 1.83022472662488
   911 2.67005221854310 0.86626124316536 3.75849445791631
   912 2.47101135109257 1.25038817903840 0.27735746411515
   913 2.30766305443981 1.03408489394535 3.13189510478364
   914 2.16710468904631 1.46453695121773 3.03685923120730
   915 3.38276621500089 0.87903919373419 1.96319596176997
   916 0.02137436423053 1.01575553424595 1.87141122200045
   917 0.05220327259136 3.18348706449677 2.36529551351389
   918 3.88777214610498 3.32432539287394 2.44094867990557
   920 1.21032816775680 0.38167484603275 1.88361054881358
   922 2.70956721844422 0.54149470233329 3.86044762166897
   923 2.61366420567163 0.48002929041581 0.35770475632526
   926 0.18916862820141 3.51740167613784 3.56772512586322
   927 0.02238434000173 3.93573653933027 3.31220678523023
   928 1.47171608390542 0.77344588813483 1.71061875020756
   933 2.34372871608545 0.13749133079413 2.53332972914987
   938 1.88421182385277 2.26789060108708 0.96600062628181
   941 0.84275020127153 3.47851646219886 3.92979668526726
   942 0.65074556498464 3.40084513731162 3.58195085360555
   946 2.35825708557763 0.78077690186452 2.10935030592255
   948 3.06688963095156 1.05278277415789 2.06976669369643
   949 3.32879454359426 2.69716533218710 1.95199006045026
   952 3.40951744553935 1.28410937465084 1.35997892353058
   954 3.96288919496285 2.88126648572461 2.09000734373436
   955 0.16489113780302 2.30744703085573 2.30100271407131
   957 0.92555038305083 3.83746911269688 2.53679360621975
   958 1.11296366731849 3.83699876705197 2.94220802355362
   959 1.34677460445106 3.14104645828672 0.25383445691140
   960 1.59497031481696 2.84884474692148 0.09032756063896
   966 2.38693253809567 0.58085112052582 2.51973490365233
   970 2.72507542928793 3.97001971290628 2.62598651917267
   971 2.69460985663879 3.79428552025486 2.84610765788035
   972 0.06187270400336 3.88081908352208 1.50933037900477
   977 1.51976834973359 0.21891190664292 0.00935991077156
   978 1.22835774990883 0.14668898241879 3.87497204539621
   980 2.14579802089359 0.07093328587532 2.73074488372024
   982 1.24932587713130 0.04446036835921 2.34093659570911
   983 1.47028446722876 0.07765643323930 2.66348138359629
   984 1.91330802088018 3.88008335261645 2.63933454294670
   989 3.89945285142531 3.86001900443248 1.32506079595704
   992 0.51762864782292 2.66631369378231 1.62016020557871
   995 3.19259483342185 3.54424513037178 1.22074642050600
   997 0.29765579538051 3.67533478303965 0.65951256025752
   998 0.32028910746402 3.88201618526594 0.79875804720908
  1000 0.34581468211899 2.05376269473411 1.14116036244472
  1001 0.43432422871251 2.49091537995377 1.17214066132429
  1002 0.31357152135064 3.81149308515868 0.42333137501459
  1003 0.32811789703365 3.97970734488829 0.48803125828439
  1007 2.86902079631699 1.58548426558417 3.08838383430987
  1010 0.31688279664975 3.37384492258490 1.85693034691452
  1011 0.14546635916966 3.00922638942006 1.77246828385419
  1012 3.28182052746383 2.02538310367565 1.59876055967369
  1015 3.80739435613402 3.01543147683837 1.37760165097589
  1016 3.72744140269262 3.46272244107508 1.16559540871887
  1018 3.14408404396330 0.42938734667079 2.66347204313995
  1019 3.12418933357863 1.76763893517894 3.44303656744086
  1020 3.11940633954056 1.19334252439377 3.73796697515888
  1021 2.97241780664010 0.97823325642738 3.60820312789857
  1022 2.80148188650103 1.10162743439535 3.16271204997997
  1023 2.27194987293487 3.86509464104890 2.93037711153787
  1026 0.72212184874332 2.55610290641526 0.99179657845683
  1028 3.80925804038328 1.91468947858957 2.51697217157678
  1030 3.10109744177394 0.87178728165910 2.82696872710081
  1032 3.29677013100176 1.22552958481490 2.49953494630081
  1036 3.91602458284145 2.05605159481511 2.25062636991414
  1037 3.37618756094962 2.24962983634087 2.07138075878353
  1038 3.01368330422736 0.70899486094336 2.62880771012803
  1039 3.18363019207087 0.99961128719949 2.20944417409151
  1040 3.74682962755025 1.73599398512298 1.36127671651854
  1043 1.05222387994997 3.41874114341797 2.09540216482729
  1047 2.77958961402575 2.82654138211083 1.35534483422815
  1048 0.79145022212956 3.34500592508532 1.74171383643489
  1049 0.88962263643311 2.84265566573309 1.58322177763197
  1050 3.25685995358012 2.75067770618611 1.59471989639830
  1051 2.97491267495007 2.94675467739494 1.55505166804451
  1057 1.70999946366127 3.34424192944626 3.29995503156696
  1059 2.03445390807840 3.62413181272276 2.87220164614787
  1060 3.21305312051433 2.40781336431119 1.35116194774294
  1061 2.92734319743480 2.45258023486390 1.19663801642508
  1071 1.32300216008699 2.32588082064095 3.93435349457917
  1073 1.23579118659301 1.43683346694975 3.55716400432411
  1091 0.73110788310935 0.42613082379844 1.38597857169755
  1096 0.76148291127594 0.07327710137396 1.15783886572515
  1097 0.98499882537604 0.40334778628160 0.62656934561388
  1098 1.77982824021505 2.93113930321219 3.35718810645416
  1100 1.35300054854440 2.32239640328112 3.51560593264523
  1101 0.88453023386721 2.28552432560447 3.48617039286641
  1105 1.71619187549372 1.19651828941953 3.70263869319882
  1106 1.66720215557731 0.67498477785775 3.52384658212354
  1109 1.78268259149977 3.38623941118047 3.58836321847947
  1113 0.78759542867646 2.63219792430866 0.15552121645525
  1115 0.88495291064645 2.39422628205023 0.08325859649540
  1120 1.45702881471912 3.59759942518379 3.87730355202046
  1121 1.65684783215907 0.04218605366294 0.05882413395417
  1122 0.57547873252638 2.55132767863842 3.86283919835478
  1123 0.70296536730047 2.35285376219016 3.82084856464404
  1124 0.75654151763845 0.75236865056219 3.50069268586570
  1125 1.11742903821952 0.40026416819404 3.43694157046747
  1127 1.33124928734778 0.61937040735712 3.29897415350930
  1128 1.03314322983764 0.98500216016245 3.32154065163461
  1131 1.50897867524749 1.78212034731446 0.63490910716588
  1133 2.38600481993954 2.10921589726200 0.24815064917893
  1134 1.94727945905634 2.26533569123233 0.43656037287431
  1135 2.09619035724467 1.39622806805462 0.12112259825170
  1136 1.74907878000189 1.24250275959011 0.49718610930896
  1137 2.00811896542388 1.78424344245173 0.05607430685859
  1138 1.69954794140719 1.98632778672061 0.26751200352452
  1140 2.42210548009108 2.52339023595450 3.22342087372630
  1141 2.58627645806592 2.67978162072140 2.78666522826737
  1142 0.70672350727684 0.99671612764246 1.12298093386544
  1143 0.78777289832145 1.04827259903656 0.70061564801156
  1145 1.95790684901120 2.73463267930899 3.16384702400939
  1146 2.14110394454913 2.96460345597892 2.75014859780255
  1147 1.00936459835443 0.76343985507560 0.79927926444645
  1148 0.88830814135771 0.79110069987818 1.16866635569181
  1164 3.14117904679398 1.72556956070567 2.61168579253908
  1166 2.95304729353164 1.91645879454493 2.37971613980687
  1167 3.43124577042221 2.02046109946917 2.62102198240073
  1168 3.19130648157748 2.19320372564666 2.37345457915488
  1169 2.08286286273174 3.90377874788050 0.98190824598071
  1170 2.41325931091458 3.80825870582398 0.75133142865358
  1172 2.25221977363250 0.11035718491111 0.44286815311555
  1173 1.97493710494125 0.18740248558595 0.62105531542238
  1174 0.07491828046106 1.16428773528731 1.57681479258851
  1176 0.28184537645430 0.88786096765280 1.27763170684517
  1177 3.62024214353021 1.32726607138543 1.29806964146101
  1205 2.97132807594856 0.00615121894636 1.30438800251225
  1206 3.13206113338466 0.22822894830505 1.30515350947510
  1212 3.11538728675853 3.85491411342615 1.41676898198506
  1213 3.31987805348331 0.01933419908942 1.45379418724759
  1229 0.93704170380328 1.56536211486934 2.04451908706094
  1238 0.81022439604689 1.43064851190669 1.34800523497369
  1239 1.14284776425964 1.45660067022256 1.64408809618517
  1332 1.62483660762750 1.97067702635369 1.04219189869591
  1333 1.83082187158636 1.80316929794098 1.33897578555131
  1335 1.48899523613612 1.87731331090040 1.48310408725698
  1336 1.44153898608304 2.07964547643040 1.18439749891545
  1337 1.32121998355980 2.99023450464222 2.10754657174726
  1339 1.14763817512041 2.71487404432943 1.76591406394845
  1345 1.25598158323146 2.68060639593176 2.50261573717854
  1346 1.09696366145161 2.33776798499439 2.24384249866253
  1352 1.98404104866827 3.24497348672025 1.04271740998355
  1354 2.03582836685281 3.00636571743250 1.36718785727473
  1355 1.73458840558715 3.03303624252107 0.88831043674765
  1356 1.72852317256068 2.76514657837811 1.15755041956071
  1377 2.19227928790554 3.71903491051592 3.71931419959640
  1378 2.10894162449732 3.99019778454396 3.89642565777649
  1385 2.29623251534641 0.18503760518977 3.63263516952096
  1386 2.37174626482810 3.93712376423235 3.48050331542819
  1395 3.58540020302394 1.35883605937349 0.63964901130830
  1396 3.80895467786588 1.08774854800236 0.49454512775707
  1400 3.54474239267454 1.18770820669645 0.96270947799251
  1401 3.76488094021306 0.93607371590628 0.81698549482665
  1437 0.32193530687922 1.56172952766254 1.67960882045865
  1439 0.35197834979234 1.58434259791182 1.83139816576968
  1440 0.24007705891125 1.71204913123251 1.64442338059351
  1441 0.27285918613113 1.76516449108910 1.84577156792292
  1450 2.38225246241644 2.88280551460712 0.09126652365824
  1451 2.53529358980183 3.11070214812177 0.19832173074966
  1455 2.38389866226173 2.97807458325322 3.87331856985610
  1456 2.50894747236227 3.18016395488855 3.93977325596903
  1458 0.89601178713983 1.70032572785599 1.01369244624900
  1459 1.11325711762026 1.94914407371322 0.90878906018844
  1460 0.74536679519927 1.93300347118836 0.86212790574910
  1461 0.87701748304675 2.09792922987855 0.82095673024127
edges 766
16      2      0
17      0      8
32     16     41
33     41     37
34     37     18
84     58     59
85     59     52
93     59     47
101     76     72
102     72     14
111     72     69
177    115     47
181     59      0
189    115      8
218    143    139
224    134    136
225    136    147
229    140    136
231    143    140
232    149    156
246    152    163
247    163    157
272    171    191
273    191    169
284    185      2
292    177    180
293    180    185
295    171     18
303    174    177
313    199    198
363    220    215
382    230    243
389    241    236
390    236    243
391    231    240
395    231    241
398    235    240
419    254    174
433    260    261
438    264    261
486     16    295
487    295    290
496    295    288
501    292    288
524    260    199
526     58    185
537    310    191
544    195    311
553    311    315
554    315    310
584    264    332
588    163    336
596    339    284
597    311    339
612    354    346
623    347    346
624    354    315
625    343    347
629    243    356
632    147    356
636    343    143
641    365    358
642    358    364
669    139    347
690    376    241
700    214    380
736     41    396
737    396    394
760     11    364
766    403    336
767    399    403
774    157    405
775    405    403
776    119    410
782    406    410
785    408    288
786    406    408
825    410    220
835    365    422
839    425    215
843    425    422
844    396    295
849    406    425
850    394    408
886    169    436
890    439    440
892    230    439
895    241    439
921    413    447
947    171    457
998     36    473
1021    156    481
1042    488    489
1045     36    488
1048     16    488
1049     14    489
1079    500    502
1081    231    500
1083    236    502
1086    198    502
1109    199    510
1112    149    510
1153    191    524
1172     69    529
1194    413    538
1214    544    545
1218     36    545
1220     37    544
1221     41    545
1242    149    553
1243    261    553
1256    557    559
1260    394    559
1261    354    557
1263    399    559
1289    568    569
1290    553    568
1292    332    568
1293    152    569
1294    134    569
1301    300    571
1307     52    573
1308    277    573
1333    581    582
1336    339    581
1337    403    582
1339    354    582
1355    230    587
1410    115    605
1431    545    611
1432    473    611
1476    115    625
1486    629    630
1487    396    629
1490    290    630
1491     98    630
1492    429    630
1507    635    636
1510    569    635
1512    429    636
1513    332    636
1525    343    640
1528    432    640
1540      2    645
1546    647    648
1547     98    647
1549    429    647
1550    413    648
1552    635    648
1553    649    650
1554    136    649
1557    356    650
1558    587    650
1559    380    650
1584      8    658
1586     11    658
1591    660    662
1595    513    662
1602    394    663
1605    399    663
1612    346    667
1614    582    667
1615    668    669
1617    519    668
1618    291    668
1619    636    669
1621    290    669
1631    673    674
1634    422    673
1635    405    674
1636    663    674
1637    425    674
1648    513    678
1649    605    678
1658    544    681
1660     11    681
1691    691    692
1692    481    691
1693    436    691
1694    231    691
1697    376    692
1705    695    696
1706    310    695
1707    557    695
1708    171    695
1710    559    696
1711     37    696
1716    139    698
1718    529    698
1729    432    701
1760    571    711
1761    538    711
1762    460    711
1779    717    718
1780    524    717
1781    436    717
1782    240    717
1784    174    718
1785    235    718
1800    723    724
1801    481    723
1802    510    723
1803    500    723
1806    195    724
1807    725    726
1808    356    725
1809    538    725
1811    380    726
1813    660    726
1839    735    736
1841    447    735
1842    291    735
1843    152    736
1844    635    736
1845    668    736
1846    737    738
1847    399    737
1850    696    738
1853    739    740
1855    701    739
1856    457    739
1859    169    740
1920    177    758
1922    760    761
1923    152    760
1924    649    760
1925    157    760
1927    380    761
1930    762    764
1932    214    762
1934    761    764
1935    215    762
1937    405    764
1980     98    777
1988    180    780
1989    718    780
1998    783    784
2001    645    783
2002    758    784
2004    185    784
2023    791    792
2024    510    791
2027    724    792
2028    698    792
2037    795    796
2038    726    795
2039    513    795
2040    447    795
2041    761    796
2043    735    796
2044    797    798
2045    169    797
2046    481    797
2048    315    798
2049    724    798
2050    347    798
2051    799    800
2054    447    799
2055    571    800
2056    777    800
2057    413    800
2077    605    806
2106    816    817
2108    762    816
2110    667    817
2111    764    817
2117    581    819
2118    519    819
2119    336    819
2126    625    821
2130    519    822
2133     72    822
2142    358    826
2173    826    837
2176    300    837
2177    838    839
2178    439    838
2180    235    838
2181    440    839
2182    826    839
2183    254    839
2192    842    844
2196     76    844
2199    292    844
2208    660    847
2210    214    847
2232    822    854
2233    291    854
2270    277    866
2278    869    870
2281    406    870
2283    777    869
2284    365    870
2286    513    871
2287    799    871
2296    581    874
2297    822    874
2298     69    874
2307    799    877
2308    869    877
2318    838    881
2322    882    883
2324    758    882
2325    260    882
2326    473    883
2328    264    883
2329    884    885
2331    881    884
2332    235    884
2333    277    885
2335    780    885
2352    254    890
2377    899    900
2378    663    899
2380    629    899
2381    673    900
2391    903    904
2392     98    903
2394    900    903
2395    777    904
2396    837    904
2397    365    904
2399    140    905
2401    156    905
2405    907    908
2407    866    907
2409    220    908
2411    816    908
2412    909    910
2413    791    909
2414    783    909
2416    199    910
2417    784    910
2419    911    912
2420    432    911
2424    881    912
2425    230    912
2426    913    914
2427    432    913
2429    740    913
2430    343    914
2431    905    914
2432    797    914
2433    915    916
2434    611    915
2435    890    915
2437    544    916
2439    738    916
2440    917    918
2442    519    917
2443    489    917
2444    264    918
2445    669    918
2446    488    918
2451     18    920
2454      2    920
2456    922    923
2458    911    922
2459    903    922
2461    881    923
2462    837    923
2470    926    927
2472    877    926
2473    291    926
2474    288    927
2475    869    927
2476    290    927
2478    780    928
2479    920    928
2480    524    928
2495    758    933
2513    502    938
2521    941    942
2523    842    941
2524    806    941
2525    926    942
2526    844    942
2527    854    942
2538    946    948
2540    174    946
2542    890    948
2543    436    946
2545    692    948
2549    261    949
2556    890    952
2557    440    952
2558    376    952
2562    954    955
2564    949    954
2565    917    954
2566    284    955
2568    819    955
2571    957    958
2573     14    957
2574     76    958
2576     16    957
2577    292    958
2578    959    960
2579    806    959
2580     47    959
2583     61    960
2584    862    960
2602    740    966
2603    946    966
2604    933    966
2615    970    971
2617    933    970
2618    883    970
2619    429    971
2621    332    971
2625     36    972
2628     11    972
2638    977    978
2641    573    977
2642    842    978
2644    119    978
2649    739    980
2652    933    980
2654    982    983
2655     18    982
2656    957    982
2657    645    982
2658    457    983
2659    958    983
2662    783    984
2663    980    984
2664    983    984
2679    364    989
2680    972    989
2690    284    992
2696    571    995
2702    997    998
2704    605    997
2705    658    998
2707    871    997
2708    364    998
2711   1000   1001
2714    992   1001
2716    847   1000
2717    662   1001
2718   1002   1003
2719    877   1002
2720    997   1002
2721    941   1002
2722    870   1003
2723    998   1003
2724    119   1003
2740    905   1007
2743   1010   1011
2744    489   1010
2746    972   1010
2747    954   1011
2748    992   1011
2756    376   1012
2759   1015   1016
2760   1011   1015
2762    662   1015
2763    989   1016
2764    995   1016
2765    871   1016
2770    629   1018
2771    970   1018
2772    611   1018
2773   1019   1020
2774    649   1019
2775   1007   1019
2776    157   1019
2777    587   1020
2779    673   1020
2780   1021   1022
2781    911   1021
2782   1020   1021
2783    900   1021
2784    913   1022
2785   1007   1022
2788    980   1023
2790    971   1023
2798    678   1026
2799   1001   1026
2800    625   1026
2805    737   1028
2808    336   1028
2811   1030   1032
2813    899   1030
2815    737   1032
2816   1022   1030
2828   1036   1037
2829    955   1036
2830   1028   1036
2832    949   1037
2834   1012   1037
2835   1038   1039
2836    966   1038
2837   1030   1038
2838   1018   1038
2839    948   1039
2840   1032   1039
2841    915   1039
2843    847   1040
2845   1012   1040
2853    645   1043
2856     14   1043
2863    198   1047
2866    711   1047
2867   1048   1049
2868   1010   1048
2869   1043   1048
2870      8   1048
2871    992   1049
2873    625   1049
2874   1050   1051
2875   1015   1050
2877    949   1050
2878    995   1051
2879   1047   1051
2880    260   1051
2898   1057   1059
2900     76   1057
2902    984   1059
2905   1023   1059
2906   1060   1061
2907    660   1060
2908   1050   1060
2909   1012   1060
2910    725   1061
2911   1047   1061
2912    236   1061
2942    960   1071
2950    346   1073
2953    908   1073
3006    681   1091
3007    920   1091
3020   1096   1097
3021      0   1096
3022   1091   1096
3023    658   1096
3024    573   1097
3026    119   1097
3028    862   1098
3029   1057   1098
3030    529   1098
3034   1100   1101
3035    139   1100
3036   1071   1100
3037    529   1100
3038    667   1101
3040    874   1101
3050   1105   1106
3051    866   1105
3052   1073   1105
3053    640   1105
3054    977   1106
3056    701   1106
3067    862   1109
3070   1057   1109
3077    678   1113
3080    806   1113
3083   1071   1115
3084   1113   1115
3098   1120   1121
3099    842   1120
3100   1109   1120
3101    959   1120
3102    977   1121
3104     52   1121
3105   1122   1123
3106    854   1122
3107    796   1122
3108   1113   1122
3109   1101   1123
3110    817   1123
3111   1115   1123
3112   1124   1125
3115    410   1124
3116    978   1125
3118    408   1124
3119    292   1125
3121   1127   1128
3122    457   1127
3123   1125   1127
3124   1106   1127
3125    557   1128
3126   1124   1128
3127   1073   1128
3139   1133   1134
3141    147   1133
3142     61   1134
3144    243   1133
3145    938   1134
3146   1135   1136
3147    912   1135
3149    640   1135
3150    884   1136
3151   1131   1136
3152    866   1136
3153   1137   1138
3154   1135   1137
3155   1133   1137
3156    143   1137
3157   1131   1138
3158   1134   1138
3159   1071   1138
3162   1140   1141
3164    140   1140
3165    149   1141
3167    134   1140
3168    568   1141
3169   1142   1143
3173    907   1143
3176    220   1143
3178   1145   1146
3179   1098   1145
3180   1140   1145
3181    698   1145
3182   1059   1146
3183   1141   1146
3184    791   1146
3185   1147   1148
3186   1097   1147
3187   1143   1147
3188    277   1147
3189   1091   1148
3190   1142   1148
3191    928   1148
3241   1164   1166
3243   1007   1164
3245    156   1166
3246   1032   1164
3248    692   1166
3249   1167   1168
3250   1028   1167
3251   1164   1167
3252    163   1167
3253   1037   1168
3254   1166   1168
3255    553   1168
3256   1169   1170
3259     58   1169
3260    460   1170
3262    180   1169
3263    300   1170
3265   1172   1173
3266    923   1172
3267   1170   1172
3269    885   1173
3270   1169   1173
3271     52   1173
3273   1174   1176
3275    916   1174
3277    681   1176
3280   1142   1176
3282   1040   1177
3283   1174   1177
3284    952   1177
3370   1205   1206
3372    177   1205
3373    254   1206
3375    300   1205
3376    826   1206
3393   1212   1213
3394    882   1212
3395    995   1212
3396   1205   1212
3397    473   1213
3398    989   1213
3399   1206   1213
3446    311   1229
3449    310   1229
3475   1238   1239
3476   1142   1238
3479    524   1239
3480   1229   1239
3777   1332   1333
3780    938   1332
3781    500   1333
3783   1131   1332
3784    240   1333
3786   1335   1336
3787   1239   1335
3788   1333   1335
3789    195   1335
3791   1332   1336
3792    821   1336
3794   1337   1339
3796    909   1337
3798    821   1339
3799   1043   1337
3801   1049   1339
3818   1345   1346
3819   1337   1345
3820     69   1345
3821    792   1345
3822   1339   1346
3823    339   1346
3824    195   1346
3842   1352   1354
3844    460   1352
3846    198   1354
3847     58   1352
3849    910   1354
3850   1355   1356
3851     47   1355
3852   1352   1355
3853     61   1355
3854    821   1356
3855   1354   1356
3856    938   1356
3921   1377   1378
3925   1172   1378
3927   1109   1377
3928   1121   1378
3946   1385   1386
3947    922   1385
3948   1378   1385
3949    701   1385
3950    647   1386
3951   1377   1386
3952   1023   1386
3978   1395   1396
3980    587   1395
3981    214   1395
3983    422   1396
3984    215   1396
3994   1400   1401
3995   1395   1400
3996    440   1400
3997   1177   1400
3998   1396   1401
3999    358   1401
4000   1176   1401
4114   1437   1439
4116   1238   1437
4118   1229   1439
4119   1174   1437
4121    738   1439
4122   1440   1441
4123   1040   1440
4124   1437   1440
4125   1000   1440
4126   1036   1441
4127   1439   1441
4128    284   1441
4154   1450   1451
4155    147   1450
4157     61   1450
4158    538   1451
4160    460   1451
4170   1455   1456
4171    862   1455
4172    134   1455
4173   1450   1455
4174   1377   1456
4175    648   1456
4176   1451   1456
4179   1458   1459
4181    907   1458
4182   1131   1459
4184   1238   1458
4185   1336   1459
4186   1460   1461
4187   1000   1460
4188   1458   1460
4189    816   1460
4190   1026   1461
4191   1459   1461
4192   1115   1461
polygons 447
0   1540   2451   2454   2655   2657
3     16     17   1540   2853   2869   2870
4     16   2454   3007   3021   3022
5   2573   2656   2657   2853   2856
7     32     33     34   2576   2655   2656
10   1584   1586   2628   2746   2868   2870
11     17   1584   3021   3023
13   1586   1660   3006   3022   3023
15   1214   1218   1658   1660   2625   2628
16   1049   2744   2856   2868   2869
17   1042   1048   1049   2573   2576
18     32   1045   1048   1218   1221
19     34   1220   1658   2451   3006   3007
21   1042   1045   2625   2744   2746
22     33   1214   1220   1221
23   3844   3852   3853   4154   4157   4160
27   3260   3267   3921   3925   4160   4174   4176
28     84     85   3259   3270   3271
29   3256   3259   3260   3844   3847
30   3104   3265   3271   3925   3928
31   2578   2584   3067   3100   3101
32     85     93   2580   3098   3101   3104
33     93     84   3847   3851   3852
34   2578   2580   2583   3851   3853
36   2583   2584   4157   4171   4173
37   2574   2659   2664   2898   2900   2902
38    101    102   2571   2573   2574
39   2001   2414   2853   3796   3799
40   2023   2413   3796   3819   3821
42    102    111   2856   3799   3819   3820
43   2413   2414   2662   2902   3182   3184
44   1172   1718   2028   3820   3821
45    111    101   1172   2900   3029   3030
47   1486   1492   2615   2619   2770   2771
48   2380   2770   2813   2837   2838
49   1491   1492   1547   1549
51   2394   2458   2459   2781   2783
54   1547   2392   2459   3946   3947   3950
56   1729   2420   2458   3947   3949
57   1549   2619   2790   3950   3952
58   1853   2602   2604   2649   2652
60   2420   2427   2780   2781   2784
61   1729   1853   1855   2427   2429
62   2429   2602   2784   2816   2836   2837
63   1486   1491   2377   2380   2392   2394
67    177   1410   2077   2579   2580
68   1307   2641   3102   3104
69     85    181   1307   3020   3021   3024
70   2638   2641   2644   3024   3026
71    177    189     17    181     93
73    189   1410   1584   2702   2704   2705
75   2638   2642   3098   3099   3102
76   2523   2524   2579   3099   3101
77   2523   2642   2644   2718   2721   2724
78   2705   2723   2724   3020   3023   3026
81   2077   2524   2704   2720   2721
82   2583   2942   3142   3158   3159
83   1716   1718   3035   3037
84    218   3035   3036   3153   3156   3159
85   3139   3141   3142   4155   4157
86   2584   2942   3028   3030   3036   3037
87    224    225   4155   4172   4173
88    229    224   3164   3167
89   3028   3167   3179   3180   4171   4172
90    218    231   1716   3164   3180   3181
91    229    231    225   3141   3155   3156
92    232   1242   3245   3254   3255
93    232   2399   2401   3162   3164   3165
94   1242   1290   3165   3168
95    246    247   1923   1925
96    224   1293   1294   1554   1923   1924
97   1924   1925   2774   2776
100   1289   1294   3162   3167   3168
101    246   1289   1290   1293   3249   3252   3255
102   2401   2740   3241   3243   3245
103    247   2775   2776   3243   3251   3252
104    229   1554   2399   2740   2774   2775
107   1856   2649   2658   2663   2664
108    272    273    947   1853   1856   1859
109    273    886   1153   1780   1781
110    886   1859   2543   2602   2603
111    284   1540   1998   2001   2004
112    292    293   1920   2002   2004
114    295    272   1153   2451   2479   2480
115    295    947   2654   2655   2658
119    303   1920   2495   2540   2603   2604
121   1779   1780   1989   2478   2480
122    292    303   1784   1988   1989
123   1779   1781   1784   2540   2543
124    284    293   1988   2454   2478   2479
125   1998   2002   2495   2652   2662   2663
126    313   1079   1086   1109   1802   1803
127   1800   1803   1806   3781   3788   3789
128   1086   2513   3846   3855   3856
129   1109   2024   2412   2413   2416
130   1806   2027   3818   3821   3824
131   2412   3794   3796   3798   3849   3854   3855
133   3786   3789   3792   3798   3822   3824
134    313   2416   3846   3849
135   1932   2108   2210   2716   4187   4189
136   2210   2843   3282   3981   3995   3997
139   3273   3280   3476   4116   4119
141   2405   2411   4181   4188   4189
143   3169   3173   3476   4181   4184
145    363   3169   3176   3280   3984   3998   4000
146   2405   2409   3173   3176
148   1932   1935   3978   3981   3984
149    363   1935   2108   2409   2411
150   4116   4124   4125   4184   4187   4188
151   2578   2579   2942   3080   3083   3084
152   1172   2298   3034   3037   3040
154   3028   3029   3067   3070
155   2192   2196   2900   3070   3099   3100
156    101   2133   2196   2232   2526   2527
159    111   2133   2297   2298
160    892   2178   2318   2424   2425
161    382   2425   3144   3147   3154   3155
162    389    390    382    892    895
163    391   1081   3781   3784
164    395    398    391    895   2178   2180
165    389    395   1079   1081   1083
166    390   1083   2513   3139   3144   3145
167   2331   2424   3146   3147   3150
169    398   2332   3150   3151   3777   3783   3784
171   2180   2318   2331   2332
173   1432   2352   2434   2435   3373   3397   3399
174   1920   2324   3372   3394   3396
176    419    303   3370   3372   3373
178    419   2352   2538   2540   2542
179   2435   2542   2839   2841
180   1432   2326   2618   2771   2772
181   2434   2772   2835   2838   2841
182   2325   2878   2880   3394   3395
183    433   2549   2874   2877   2880
184    438    433   2322   2325   2328
185    438   2440   2444   2549   2564   2565
186   2443   2565   2743   2744   2747
187   2564   2747   2760   2875   2877
188    998   2625   2680   3397   3398
191    998   1045   2326   2328   2444   2446
192   1528   1729   3050   3053   3056
193   2270   2329   2333   3150   3152
194   2456   3266   3925   3947   3948
195   1307   1308   2333   3269   3271
199   1308   2270   2641   3050   3051   3054
200   3054   3056   3102   3928   3948   3949
201   2714   2717   2748   2760   2762
202   2690   2711   2714   4122   4125   4128
203   2832   2834   2877   2908   2909
204   2208   2843   2845   2907   2909
205   2566   2829   4126   4128
207   2562   2566   2690   2747   2748
210   2196   2199   2574   2577
211    486    487   1048   1621   2445   2446
212    102   1049   2130   2133   2442   2443
213   1617   1618   2130   2232   2233
214   1615   1618   1621   2470   2473   2476
215    487    496   2474   2476
216   2233   2473   2525   2527
217    501    496    486   2571   2576   2577
219    501   2199   2470   2474   2525   2526
223   1301   2696   3375   3395   3396
224   1760   2696   2866   2878   2879
226   1301   1760   1762   3260   3263
227    292   3256   3262   3263   3372   3375
228   1762   2863   2866   3842   3844   3846
230    524   2002   2324   2325   2416   2417
231    313    524   2863   2879   2880
234    526   2004   2417   3842   3847   3849
235    293    526   3259   3262
240    537   1153   3449   3479   3480
241   1780   1782   3479   3784   3787   3788
243    544   3446   3480   3787   3789
244   1081   1692   1694   1801   1803
246    391   1693   1694   1781   1782
248    553    554   3446   3449
249    554    273    537   2044   2045   2048
250    544    553   1806   2048   2049
251    886   1692   1693   2045   2046
253   2039   2040   2054   2286   2287
254   1841   1842   2054   2307   2472   2473
255   1842   2043   2233   3106   3107
257   2472   2521   2525   2719   2721
258   1648   1649   2286   2704   2707
261   1293   1510   1843   1844
262   1289   1292   1507   1510   1513
263    438    584   1243   1290   1292
264    584   1513   1619   2444   2445
265    588   2808   3250   3252
266   1243   2549   2832   3253   3255
267   2119   2568   2808   2829   2830
268    588    246   1617   1843   1845   2118   2119
269   1507   1615   1619   1844   1845
270   2126   2873   3798   3801
271   2714   2799   2800   2871   2873
272    596   2690   2871   3801   3822   3823
273    544    597   3823   3824
274    596    597   3446   4118   4127   4128
275   1525   1528   2426   2427   2430
276    537    272   1706   1708
277   1859   2045   2426   2429   2432
279    612   1261   2950   3125   3127
280    947   1707   1708   3121   3122   3125
281   1855   1856   3056   3122   3124
284    623    612    624   2048   2050
285    625   2044   2050   2430   2432
286    623    625   1525   2950   3052   3053
287    624    554   1261   1706   1707
289   1355   2419   2425   2777   2781   2782
290    382    629   1355   1557   1558
291    632    629   3141   3144
294    636   1525   3149   3154   3156
295    231    636   2399   2430   2431
296    632    225   1553   1554   1557
297    641   2142   2173   2396   2397
298    642   2142   2679   3376   3398   3399
299    641    642   2284   2708   2722   2723
300   2679   2702   2707   2708   2763   2765
301   1301   2055   2056   2176   2395   2396
302   2051   2055   2287   2696   2764   2765
303   2173   2176   3370   3375   3376
304   2278   2283   2284   2395   2397
305   2270   2407   3173   3187   3188
306   2333   2335   2478   3185   3188   3191
307   3783   3791   4182   4185
309   1785   1989   2329   2332   2335
310   2480   3190   3191   3475   3476   3479
311   2407   3151   3152   4179   4181   4182
313    398   1779   1782   1785
314   1021   2046   2401   2431   2432
315    669   1716   2027   2028   2049   2050
316   1112   2024   3165   3183   3184
319    232   1021   1112   1801   1802
320    669    218    636    625
322   3142   3145   3850   3853   3856
323   1083   1086   2863   2911   2912
326   1761   1762   4158   4160
327   1761   1809   2866   2910   2911
328    629    390   1808   2910   2912
329    632   1808   1809   4154   4155   4158
331   1292   2621   2790   2905   3168   3182   3183
332   1512   1513   2619   2621
333   1294   1510   1552   4170   4172   4175
334    690    389   2756   2906   2909   2912
335   1557   1559   1807   1808   1811
336   1807   1813   2906   2907   2910
338    890    892   1355   3980   3995   3996
339    700   1558   1559   3980   3981
341   2558   2756   2845   3282   3284
342    690    890    895   2557   2558
343    700   1811   1813   2208   2210
345   2557   3284   3996   3997
348   1846   2433   2439   2815   2840   2841
349   2545   2839   2840   3241   3246   3248
350   2805   2815   3246   3250   3251
351   1697   2756   2834   3248   3253   3254
352   2439   3275   4114   4119   4121
353   1697   2542   2545   2556   2558
354   1846   2805   2830   4121   4126   4127
355    433    524   1109   1112   1242   1243
358    584   2328   2615   2618   2621
360   1263   1710   1846   1847   1850
361   1220   1711   1850   2437   2439
362   1260   1263   1602   1605
363     33    736    737   1260   1710   1711
364    736   1221   1431   1487   2770   2772
365    737   1487   1602   2378   2380
369   1605   1847   2378   2811   2813   2815
372   1410   1476   1649   2798   2800
373   3083   3157   3159   4182   4191   4192
376    177   1476   2126   3850   3851   3854
378    189   1476   2867   2870   2873
380   1595   2286   2759   2762   2765
382    760   1586   2705   2708
384   1595   1648   2717   2798   2799
386    760   2628   2679   2680
387    597    553    624   1333   1336   1339
388    596   1336   2117   2566   2568
389    766   1333   1337   2117   2119
390    767   1256   1261   1263   1337   1339
391    766    767   1847   2805   2808
393   1705   1706   1850   3449   4118   4121
395   2785   2811   2816   3243   3246
397   2381   2779   2782   2783
398    774   1631   1635   2773   2776   2779
399    775    767   1605   1635   1636
400    774    247    588    766    775
401    776   2644   3112   3115   3116
402    782    776   2281   2722   2724
403   2192   2199   2642   3116   3119
404    785    501   3112   3118   3119
405    782    786   3115   3118
406    786    785   2278   2281   2474   2475
407   2308   2470   2472   2475
408   1194   1760   1761   2055   2057
409   1194   1550   4158   4175   4176
411   1546   1547   1550   1980   2056   2057
412   2176   2462   3263   3266   3267
414   1980   2391   2392   2395
417   1612   2106   2110   2411   2950   2953
418    623    669   1612   3034   3035   3038
420   1591   1595   1813   2038   2039
422    921   2051   2054   2057
423    921   1194   1807   1809   2038   2040
424   1934   2041   2111   3105   3107   3110
425    774   1922   1925   1934   1937
426   1839   1843   1922   1923   2041   2043
427   1333   1614   2296   3038   3040
428   2117   2118   2130   2296   2297
429   1618   1839   1842   1845
430    775   1337   1614   1937   2110   2111
432   2638   3054   3116   3123   3124
434   2577   2658   2659   3119   3122   3123
436   1553   1559   1922   1924   1927
437   1811   1927   2037   2038   2041
439    921   1550   1552   1839   1841   1844
440   1490   1492   1512   1619   1621
441   1490   1491   1980   2283   2475   2476
444   1336   2296   2298   3818   3820   3823
445   1988   2335   3262   3269   3270
446   1308   3024   3186   3188
447    284    526     84    181     16
449    776    825   3026   3176   3186   3187
450    825   2409   2953   3115   3126   3127
454   2173   2177   2182   2318   2461   2462
456   1634   2777   2779   3978   3980   3983
458    835   1634   2381   2391   2394   2397
460   2142   2181   2182   3994   3996   3999
461    641    835   3983   3998   3999
462    839   1635   1637   1930   1935   1937
463    700   1927   1930   1932   1934
466    839    843   3983   3984
467    843   1631   1634   1637
468    844    487   1486   1487   1490
469     32    486    844    736
470    998   1218   1431   1432
473   2181   2183   2352   2556   2557
474    419   1784   1785   2177   2180   2183
475    395    690   1691   1694   1697
477   1021   1691   1692   3245   3248
478   2182   2183   3373   3376
479    786    849    850   1602   1636   1637
480    850    737    844    496    785
481    835    843    849   2281   2284
482    760    642   1660   3277   3999   4000
483   3006   3189   3190   3277   3280
484    363    839    849    782    825
485    850   1256   1260   3118   3125   3126
486     34    295   1705   1708   1711
488   1658   2437   3273   3275   3277
489    612   1339   1612   1614
491   1507   1512   1546   1549   1552
492   1528   2419   2420   3147   3149
493   1691   1693   2538   2543   2545
494    890   2177   2178   2181
495   2118   2442   2562   2565   2568
496   1591   2762   2875   2907   2908
497   1841   2037   2040   2043
501   1546   3950   3951   4174   4175
503   2322   2326   3393   3394   3397
506   1800   1801   2044   2046   2049
508   1042   2440   2443   2446
510   2798   3077   3084   4190   4192
511   2110   3038   3109   3110
512   1079   2513   3777   3780   3781
515   1800   1802   2023   2024   2027
516   1648   2037   2039   3077   3107   3108
518   1615   1617   2440   2442   2445
521   1718   3030   3179   3181
523   2001   2654   2657   2662   2664
524   1214   1431   2433   2434   2437
525   2287   2307   2707   2719   2720
527   1256   1705   1707   1710
531   1553   1558   2773   2774   2777
533   1855   2649   2788   3946   3949   3952
536   1649   2077   3077   3080
539   2126   2800   3792   4185   4190   4191
541   3051   3053   3146   3149   3152
542   2023   2028   3178   3181   3184
544   1591   2208   2711   2716   2717
545   1631   1636   2377   2378   2381
547   2051   2056   2283   2307   2308
548   2716   2843   4123   4125
552   2106   3110   3111   4186   4189   4192
553   3780   3791   3792   3854   3856
554   2329   2331   2461   3265   3266   3269
555   2322   2324   2495   2617   2618
556   1930   2106   2108   2111
558   1998   2412   2414   2417
559   3067   3927   4170   4171   4174
562   2521   2524   2527   3080   3106   3108
564   2232   2297   3040   3105   3106   3109
565   2405   2407   2953   3051   3052
566   3145   3157   3158   3780   3783
567   2391   2396   2456   2459   2462
568   2192   2521   2523   2526
571   2426   2431   2740   2784   2785
572   2278   2308   2718   2719   2722
573   2419   2424   2456   2458   2461
574   2377   2780   2783   2813   2816
575   2433   2435   2556   3275   3283   3284
576   2604   2617   2771   2836   2838
577   2479   3007   3189   3191
578   2615   2617   2652   2788   2790
580   2538   2603   2835   2836   2839
581   2562   2564   2828   2829   2832
582   2571   2654   2656   2659
583   2763   2764   3393   3395   3398
584   2680   2743   2746   2759   2760   2763
585   2663   2788   2902   2905
586   2743   2748   2867   2868   2871
587   2759   2764   2874   2875   2878
588   2702   2718   2720   2723
589   2711   2799   4186   4187   4190
590   2898   2905   3070   3927   3951   3952
591   2773   2775   2780   2782   2785
592   2828   2834   2845   4122   4123   4126
593   2828   2830   3249   3250   3253
594   2811   2835   2837   2840
595   3282   3283   4119   4123   4124
596   2867   2869   3794   3799   3801
597   2874   2879   2906   2908   2911
599   2898   3029   3178   3179   3182
600   3020   3022   3185   3186   3189
602   3034   3036   3083   3109   3111
603   3050   3052   3121   3124   3127
609   3098   3100   3921   3927   3928
610   3084   3105   3108   3111
612   3112   3121   3123   3126
613   3146   3151   3153   3154   3157
614   3139   3153   3155   3158
615   3162   3178   3180   3183
616   3169   3185   3187   3190
620   3241   3249   3251   3254
621   3256   3265   3267   3270
622   3273   3283   3994   3997   4000
628   3370   3393   3396   3399
630   3475   3786   3787   4179   4184   4185
631   3475   3480   4114   4116   4118
652   3777   3786   3788   3791
653   3794   3818   3819   3822
656   3842   3850   3852   3855
661   3921   3946   3948   3951
663   3978   3994   3995   3998
671   4114   4122   4124   4127
673   4154   4170   4173   4176
674   4179   4186   4188   4191
cells 64
0      0      3      4      5      7     10     11     13     15     16     17     18     19     21     22
1     23     27     28     29     30     31     32     33     34     36    559    609    621    673
2     37      5     38     39     40     42     43     44     45    521    523    542    582    599
3     47     48     49     51     54     56     57     58     60     61     62     63    533    574    576    578
4     32     67     68     69     70     11     71     73     75     76     77     78     81    588
5     82     83     84     85     86     36     87     88     89     90     91    521    614
6     92     93     94     95     96     97     88    100    101    102    103    104    620
7    107    108     58    109    110    111    112    114    115    119    121    122    123    124      0    125    523
8    126    127    128    129    130    131     40    133    134    512    515    553    652    653
9    135    136    139    141    143    145    146    148    149    150    548    595    622    663
10    151    152     86     45    154     76    155    156     31    159    562    564    568    602    610
11    160    161    162    163    164    165    166    167    169    171    512    566    613    614
12    173    174    176    178    179    119    180    181    503    555    576    580    628
13    182    183    184    185     21    186    187    188    191    503    508    583    584    587
14    167    192    193    194     56    195     30    199    200     68    492    541    554    573
15    201    202    203    204    205    187    207    496    544    548    581    592
16     17    210     38    211    212    213    214    215    156    216    217    219    508    518
17    182    223    174    224    226    227     29    228    230    231    112    134    234    235
18    240    241    163    243    127    244    246    109    248    249    250    251    506
19    253    254    255    216    257    258     81    497    516    525    536    562
20    261    262    263    264    185    265    266    267    268    269    101    495    518    581    593
21    270    271    243    272    202    133    273    150    274    539    589    630    631    671    674
22    275     61    276    249    108    277    279    280    281    284    285    286    192    287    603
23    289    104    290    291    275    294     91    295    296    161     60    492    531    571    591
24    297    298    299    223    300    301    302    303    304    525    547    572    583    588    628
25    121    241    305    169    193    306    307    143    309    310    311    313    616    630    652
26    314    285    315    316     93    319    320    295     90    506    515    542    615
27     85    322     23    228    128    323    326    327    328    329    166    291    656
28    331    154     57    332    333    100     89    262    491    501    559    590    599    615
29    162    334    328    290    335    336    338    339    341    342    343    204    136    345
30    348    349    350    351    179    352    353    341    354    575    592    593    595    620    671
31    129    355    125    331    230    184     43    316     94    358    263    555    558    578    585
32    360    361    362    363    364    365    348     48     22    369    181    524    594
33    322     82    372    307    373    376     34     67    151    510    536    539    553    566
34    372     73    378    380    271     10    258    382    384    201    386    300    584    586
35    387    388    389    390    391    360    267    393    274    205    354    287    248    527
36    395    103    391    369    265    350    397    398    399    400    545    574    591
37     77    401    402    403    404    405    406    257    219    407    568    572
38    408    326    409    411    412    226    414    194     27     54    301    501    567    661
39    311    417    286    373    418    141    294     84    320    511    541    552    565    602    613    674
40    224    336    380    253    302    408    420    422    423    327    496    587    597
41    424    425    426     95    427    428    213    255    429    430    389    400    268    511    564
42    155     37    432    210     75    403    107    200    281    434    533    585    590    609    661
43    436    437    335    439    261    426    423    333    409    296     87     96    329    497    673
44    429    439    269    440    422    254    411    441    214     49    407    491    547
45    428    212    388    272    444    159     42    207     16    186    495    586    596    653
46    445    195     28     69    446      4    235    124    447    306    577    600
47    401    432    199    305    446     70    449    450    146    565    603    612
48    454     51    297    289    160    456    397    458    338    460    461    494    567    573    663
49    456    398    462    148    463    339    425     97    436    466    467    531
50    468    440    211    191    358    364     47     18    469    264    470    332    180
51    353    178    473    474    246    475    123    164    342    313    493    494
52    351    334    266    355    475    231    323    126     92    244    203    183    319    477    165    597
53    445    227    122    474    309    412    171    454    478    303    176    554    621
54    270      3    378    447     71    376     33    111     39    131    234    558    596    656
55    424    384    135    437    420    343    463    510    516    544    552    556    589    610
56    441    406    479    480    468    215    365    414    304    458     63    481    467    545
57    482    483    466    299    382    449     13    402     78    461    145    484    481    600    616
58      7    280    434    363    480    485    404    469    217    486    115    527    582    612
59    477    314    102    277     62    251    349    395    110    493    571    580    594
60    139    483    393    488    352    361    276    240    114    486     19    310    577    631
61     15    482    478    473    460    488    345    470    173    298    188    386    524    575    622
62    387    489    427    130     44    418    315     83    444    273    284    152    250
63    149    484    450    390    489    279    362    485    417    479    405    462    430    399    556
