vertices 383
     0 0.95342823373959 3.86825225247837 1.14769239158777
     2 1.34071500226953 0.04552252895749 1.69471863436382
     8 0.84664614262572 3.76165679242547 1.14872083528147
    11 0.20535806325824 0.14333472267974 1.15143677911063
    14 0.82389605006722 3.55734156458805 2.24333827720632
    16 0.25431780659911 0.12943417395474 2.41266137315632
    18 1.09280901399394 0.48578079627864 2.01673491006525
    36 3.85411175884421 0.09318367611926 1.79730938136899
    37 0.45400588242880 0.60112873744223 2.11716701124793
    41 0.19663483789086 0.26931392078333 2.36140746434685
    47 1.40190425811017 3.30269686997598 0.64907185531797
    52 1.62353456764283 0.19043706711851 0.30263989276809
    58 1.82255708912446 3.72583876499960 0.96351569640431
    59 1.49550976682751 3.71836194088370 0.78007702505987
    61 1.84257023741599 2.82607972990981 0.19764055432107
    69 1.01211314681986 2.89210097146902 2.76178144639233
    72 0.91369424135546 3.09142039580177 2.75992725493437
    76 1.13851911857575 3.61338788809379 3.00290729257601
    98 3.06258326650764 0.17231308944200 3.43322628341134
   115 1.00581348185843 3.22522841120670 0.81631277806124
   119 0.74777409013845 0.42135867901617 0.18469999028756
   134 2.59556925881419 2.67867694324009 3.33101516376404
   136 2.63351598495325 2.31573700612418 3.50120746525601
   139 1.61996697560093 2.12768598892109 3.17834032671169
   140 2.37653650999158 2.15944941050477 3.20692535928200
   143 1.97365260889756 1.91512265795359 3.31505298949962
   147 2.51172377675481 2.32610707217119 0.00739233553330
   149 2.62789016729622 2.54984281888388 2.35549004704035
   152 3.40102187496166 2.67310907707378 3.11901744238228
   156 2.61987322827056 2.07022866145978 2.33072426103508
   157 3.47210099638446 2.10289691019121 3.20032252848985
   163 3.55976539308011 2.24612733878388 2.84181406791551
   169 1.88483322678638 1.10775138141246 2.31002930629023
   171 1.26833877093499 0.91726306260571 2.26638555507376
   174 2.26970678737353 0.66140621555273 1.59467969794533
   177 2.22118096961108 0.22438764554566 1.54092938104637
   180 2.02792303926429 0.20003809248404 1.41899684858475
   185 1.82148124647230 3.95473385128685 1.52424129325210
   191 1.35100866939935 1.03078260432974 2.18969576736773
   195 1.23256240957711 2.21378692573436 2.06941380195773
   198 2.37923458181635 2.85089666180575 1.38110605125902
   199 2.39886567032315 2.97296350339063 1.70889605991299
   214 3.78463263204789 1.89367632512207 0.47994693642011
   215 0.18571425478429 1.28483970486329 0.08080174395180
   220 0.48809732594917 1.21582379581468 0.11904646840891
   230 2.71785774484564 1.62292923607737 0.28701111650548
   231 2.22986929865014 1.91840364778864 1.36297851652975
   235 2.11845028678065 1.20318314790245 0.92224018373551
   236 2.53951983807282 2.18198587566169 1.03567933825618
   240 1.97231826021054 1.61770811017145 1.24320361844147
   241 2.57211127986300 1.96547866950333 1.13886928737936
   243 2.57590083992869 2.12100237025310 0.26320012002011
   254 2.96591552861711 0.70225193982445 1.29572054191437
   260 2.79256215530883 3.08975392828446 1.73250700275208
   261 3.02159300050893 2.94693352639851 1.98768774012611
   264 3.13201862099651 3.30404054337547 2.21106166264338
   277 1.54100220017913 0.85168315588868 0.47626702675085
   284 0.42603111005044 2.29401954695276 1.92540125394730
   288 0.19718950319948 0.22829421899204 2.99115035706850
   290 3.87683932249377 0.00715732554551 3.02693627441660
   291 0.04350115755080 3.12537830574241 3.28785928109762
   292 0.94556604619358 0.01830723080607 3.01253423068584
   295 0.08763256840282 0.22352868839122 2.82999880978892
   300 2.81430937882808 3.93755782336076 0.72619106559740
   310 1.04602631293482 1.34054524746705 2.28316891443807
   311 1.01035182488049 2.00425513374347 2.15020944470598
   315 1.11842897443188 1.66829406778927 2.47267874860215
   332 2.99234195944315 3.27234970461471 2.58613737883460
   336 3.92009384741410 2.12992991503905 2.66119461390442
   339 0.81588526946094 2.26473313999011 2.17753924505878
   343 1.95765258587255 1.65616844563770 3.11507994506933
   346 1.16358921010912 1.74793908277586 3.19914894995038
   347 1.56972575039806 1.87031974227302 3.07543540584681
   354 0.91821431288766 1.64157195518997 2.82870401946487
   356 2.69869694348565 2.23491810383836 0.17227468399012
   358 3.62801067836104 0.66730917721925 0.63056371090234
   364 0.06248082004333 0.11740193892816 1.00271004165278
   365 3.65952742594241 0.62002471331932 0.19742594390299
   376 3.03107292091538 1.87930088727486 1.45315668752281
   380 3.51160574684196 2.28346579392185 0.21499896130117
   394 0.20234809728224 0.94184126232199 2.98357827756331
   396 0.03234655570865 0.36375828432144 2.75819270490561
   399 0.16585260270338 1.31250694947604 2.80447650112028
   403 0.18843711170441 1.82235470175718 2.97374878978928
   405 3.99758225807090 1.81686625409553 3.31756625078980
   406 0.23243701682926 0.87349724964356 3.79112958106788
   408 0.34600829558190 0.79369782384558 3.24616932971594
   410 0.47444366535504 0.90082385861132 3.86939356459725
   413 3.14469789809590 3.34196451534702 0.02421636481449
   422 3.72814353093433 1.00123741106058 0.08574599519719
   425 0.05428285334584 1.09780401744419 3.87565050556101
   429 2.93550384789162 3.88745485821438 3.06151202199180
   432 2.17210810400787 1.00442564849258 3.24487302924557
   436 2.09001530446743 1.09402070205330 1.96451579853606
   439 2.72485953377433 1.46298907410558 0.68639578241243
   440 3.27656323801077 1.23069389008806 0.92276604623595
   447 3.49587726253209 3.18215933205492 0.00321559793491
   457 1.51454638173047 0.56921018527449 2.65707459128032
   460 2.43344211423440 3.46123503510671 0.54866566424946
   473 3.49092778178436 0.14228778791669 1.78735168894850
   481 2.31280535283342 1.90686840872195 2.04133068249379
   488 0.07723666810150 3.68192818993344 2.14347115900645
   489 0.22190716056242 3.51351836319776 2.08640963238042
   500 2.14383018455306 2.03756925016298 1.35318029040111
   502 2.25040475836485 2.26815117257277 1.17009820893915
   510 2.28756240175210 2.70592288847517 2.02314943306247
   513 0.02323541581088 2.95223001403004 0.60212930833740
   519 0.19260855639809 2.88508159956675 2.68533226457291
   524 1.46452747063220 0.99425535149544 1.65223687341151
   529 1.49158422774024 2.68866060425293 3.11993243141845
   538 2.80689537647414 3.17187651678972 0.26017776017842
   544 0.19119924243960 0.61294802322561 1.78256530695266
   545 3.89858850640871 0.29888845735450 1.92427318922015
   553 2.92756094966348 2.64036071639656 2.32284774360459
   557 0.82120608765589 1.32332448006934 2.78293426415281
   559 0.35601597920886 1.18616554501816 2.75927097844400
   568 2.91369158498442 2.87565459754432 2.63904873786667
   569 3.15169089814156 2.87358973164161 3.06324285251713
   571 2.94615784093538 3.66862407732376 0.68865521028252
   573 1.45594122316303 0.40415488792141 0.25669129095740
   581 0.53208193234063 2.36129975438275 2.62265984429977
   582 0.58753397106446 1.97798381878348 2.94805091334436
   587 2.96211298944656 1.63134191175936 0.14956055145723
   605 0.75828674177711 3.17086441706568 0.51807278272679
   611 3.52183241065385 0.38074690395554 1.92988867863184
   625 0.97073650531521 2.85761358759639 1.10020501535406
   629 3.29571796245679 0.50463983627627 2.82868217946468
   630 3.19590368298064 0.15344002731142 3.12751523222744
   635 3.18416097183398 2.96394318062956 3.09968361500276
   636 3.18495589067795 3.31930676191393 2.83080571975233
   640 1.92755380657671 1.30794951353281 3.46984783057562
   645 1.33804793268471 3.91392152518634 1.91793649572156
   647 2.82695965989533 3.90653640850578 3.30636063137402
   648 2.85599330596512 3.35132058143428 3.61516326554817
   649 2.99438471602028 2.13161101468508 3.52829188257274
   650 2.98785255470646 2.06832090341205 0.03073693523023
   658 0.55770253752400 0.03674078620182 1.00077799983559
   660 3.65602585110657 2.44225386165243 0.78692775837267
   662 3.96716709900413 2.78894819332535 0.86568672379143
   663 0.04132545988060 1.08218491912477 3.00443592368615
   667 0.77564286316705 2.10778962687030 3.30956049144463
   668 3.87984999653106 3.05885913014803 2.99951311868201
   669 3.71392833796460 3.40038618311777 2.76921954339268
   673 3.27366437978237 1.13382286030074 3.60778872112976
   674 3.88513181772547 1.26907836975085 3.43497236374062
   678 0.59591053768821 2.88515740988620 0.52775981510885
   681 0.36131835113624 0.54322230380120 1.31603047289382
   691 2.38795145576343 1.77391597295661 1.87376047836378
   692 2.82596948996608 1.74598034853208 1.88417812005309
   695 0.95209141484674 1.22295738864298 2.36653460344426
   696 0.48551887905990 1.08761645204089 2.30636634466136
   698 1.64070053633181 2.58245964117947 3.00103614449430
   701 1.98126432957268 0.69766832611502 3.20101220867067
   711 2.69863420907053 3.38199253303540 0.60937302842528
   717 1.84048384100873 1.04249638638301 1.60398022777125
   718 1.97918532445190 0.83585911137915 1.43826783166409
   723 2.10344321821536 2.18659418782356 1.87058182344163
   724 1.54047469011634 2.22176286904183 2.22816971983595
   725 2.98507743926196 2.57799244560571 0.44184784326177
   726 3.48850493523773 2.48587821787628 0.36156026258858
   735 3.73183121406398 2.91652586813515 3.54402776357097
   736 3.48983474314201 2.83983601435273 3.17123770292674
   737 3.84971636870926 1.48414731891752 2.35739534501755
   738 0.14606378878784 1.31923195876941 1.97655581345717
   739 1.93902365973447 0.59411671074278 2.73614039875888
   740 2.09893491050289 0.80442075068820 2.60381405287476
   758 2.21721779199619 3.97025818883887 1.84789946637385
   760 3.39111854033696 2.31620616869265 3.35998273334172
   761 3.76812648787200 2.39170795993520 3.78010650810418
   762 0.26649183672293 1.71949234725744 0.06007269172357
   764 0.20028827907156 1.99813335713583 3.68190970835647
   777 3.34675054284529 0.10782472278611 3.87861621054231
   780 1.85333613779514 0.73717435377712 1.37807493748527
   783 1.76345807682352 3.74142275895411 1.96350996901571
   784 1.92867049298449 3.77896259689130 1.77548193045610
   791 1.95342591680966 2.94760122168423 2.27586881529186
   792 1.55938990945921 2.61474621426932 2.42489487945854
   795 3.69456595110366 2.78133361878245 0.19046857616957
   796 3.85877259478132 2.62764681590035 3.80186339473235
   797 1.92455097630432 1.53656287552156 2.49040715785094
   798 1.53692811388504 1.78994436477097 2.56211071679928
   799 3.57401106743905 3.50171551700000 0.14961889380229
   800 3.29610141973435 3.59796633948775 0.15131056577543
   806 0.95944583293389 3.15238017232947 0.11214951340898
   816 0.60443474813873 1.78223951887316 0.10236735996564
   817 0.55137362619399 2.10805777369089 3.65425940203531
   819 0.20617470671291 2.41711316461108 2.52558086260344
   821 1.28032118408685 2.70273518718287 1.20413884595945
   822 0.63461522656795 2.88927762952049 2.89396270705942
   826 3.16715969637528 0.57435678573384 0.79277550483018
   837 2.96406783975001 0.37383674499388 0.43086045171489
   838 2.53627477937017 1.20437976944591 0.69972125126838
   839 3.03824661731610 0.87245046010143 0.94040836613256
   842 1.14897576003196 3.78502025813580 3.62193981997917
   844 0.99996862108248 3.73472335928554 3.20717236552982
   847 3.84996606350654 2.06401715476075 0.84578228476851
   854 0.46099766082359 3.02782801045290 3.30821476909775
   862 1.80902374469527 3.15279525347927 3.51673371024663
   866 1.62243051853488 1.29503346223668 0.27558980196204
   869 3.77355918143308 0.09353775262047 3.82794849447152
   870 3.92962018386925 0.40254366064656 0.05316289701328
   871 3.87547674609490 3.45435220327777 0.60361944404582
   874 0.72223231604547 2.74347945934363 2.87900643522155
   877 3.90635335007346 3.81847413213850 3.92960390315204
   881 2.38284804351400 1.11730413857540 0.44481401108990
   882 2.80687648139343 3.65155090732943 1.80811355650258
   883 2.96288161191799 3.69802517036442 2.02366254915946
   884 1.98308721802260 1.10486632134996 0.61283140248404
   885 1.80948816207809 0.80936588986625 0.65329185030140
   890 3.21949366798846 1.01043511712454 1.69919883556103
   899 3.27554479760706 0.78414892168570 2.90944644180617
   900 3.06046374840978 0.94040602900178 3.47318466646524
   903 2.95600750110309 0.55746411925437 3.65759186051724
   904 3.24179513036985 0.38589976489243 0.03213156029053
   905 2.48768526874008 1.81814911185785 2.89425161627214
   907 0.94199788719566 1.55471730425060 0.39408704296916
   908 0.77348343566567 1.60797167933799 0.09479411681779
   909 1.78356011283610 3.26195294500493 1.95537897826282
   910 2.00390101073663 3.27665312110913 1.69486034853079
   911 2.63671154240807 0.93886407087460 3.62177127569491
   912 2.43446753225514 1.32595527586172 0.14131706346392
   913 2.26558001216685 1.10251311446469 2.99293072785082
   914 2.13192009718481 1.53130787565754 2.89990891034755
   915 3.34102664964135 0.95278215438646 1.82297165369719
   916 3.98363936232310 1.08914917549222 1.73113520018814
   917 0.02450088920644 3.27445997954096 2.22363147179924
   918 3.86729147116638 3.40752844110207 2.29359601206884
   920 1.16958620555920 0.46039237166143 1.74655848352560
   922 2.67547158238713 0.61678202075802 3.72379894163443
   923 2.57811421972856 0.55611724152276 0.21923825884569
   926 0.15526762256426 3.59929471476340 3.42772600472623
   927 3.98731760652387 0.01501350331907 3.17253449008818
   928 1.43097262016555 0.85853255680815 1.56682128294667
   933 2.29794996059066 0.21557130164640 2.40131187281636
   938 1.84124507010490 2.35456596358246 0.85292717443798
   941 0.80953203578027 3.56098829180542 3.78674432959850
   942 0.61917347270877 3.48374873274092 3.44244610006429
   946 2.32282612069711 0.85997757109875 1.96656721556654
   948 3.03133333560814 1.12442378032205 1.92891645162820
   949 3.29037850211073 2.77472925003179 1.81095650721916
   952 3.37154340238164 1.35951819642262 1.22395756710015
   954 3.93321574274266 2.96580689613321 1.94568082756035
   955 0.13763901177931 2.38587295246914 2.15932034932550
   957 0.89512306238701 3.92179371209133 2.39145821827973
   958 1.08220120304340 3.92238243069982 2.78733060427896
   959 1.30854499734440 3.21667101012511 0.11528213012407
   960 1.55346323447889 2.92713875511031 3.95360742668096
   966 2.34941985416949 0.65440285976698 2.38569885957587
   970 2.68028883878577 0.04189603055869 2.49081620130467
   971 2.65068336967927 3.87189310228171 2.70335202241050
   972 0.02386510580502 3.96225433305785 1.36560418269496
   977 1.48233262202124 0.30090249003321 3.86645279663975
   978 1.19428940762585 0.23180746570559 3.73577087098497
   980 2.10520592943744 0.15530031927457 2.59517784402398
   982 1.21418778305524 0.12644659343188 2.19383706783967
   983 1.43728507470459 0.15763189770919 2.51968820975006
   984 1.87214857711037 3.96448420560519 2.49927481415411
   989 3.86188120481650 3.94009429427215 1.18150721809984
   992 0.48256989707212 2.74793131381191 1.48258419730697
   995 3.14955786387610 3.62731384528212 1.08151619378426
   997 0.26341063377483 3.75492320144592 0.51886861096439
   998 0.28506967192237 3.96514477153897 0.65978012505496
  1000 0.31335886668075 2.13241197725412 1.00646686550032
  1001 0.40079657808664 2.57241649452478 1.03786254914163
  1002 0.28057162888970 3.89307851691220 0.27870912782576
  1003 0.29469395013275 0.06293033344497 0.34417321809494
  1007 2.84026039153319 1.64897411096463 2.95966022449978
  1010 0.28195568409954 3.45531010958922 1.71938456710887
  1011 0.10933401036269 3.09080995495885 1.63635410119974
  1012 3.24621365477118 2.09905160821747 1.46144109658671
  1015 3.77030196567076 3.09674394795332 1.24026608004797
  1016 3.69049287541386 3.54488360399039 1.02564726332896
  1018 3.10622182901981 0.49800618027718 2.52311300948436
  1019 3.08899278068790 1.82545147476307 3.31041949102276
  1020 3.08526758867829 1.27369418052422 3.60652163511143
  1021 2.93594530311064 1.05018107490026 3.47212081195912
  1022 2.76944525183179 1.16997465131605 3.02860311646357
  1023 2.23159115379877 3.94495918015592 2.79222210412656
  1026 0.68914636654335 2.63700652885541 0.85752023789915
  1028 3.77127912177563 1.98388480282812 2.38305157997302
  1030 3.06815968043389 0.94005412665980 2.69078340908323
  1032 3.26358254906911 1.29807189542218 2.36391537342013
  1036 3.88195046719716 2.12849278831149 2.10737541181528
  1037 3.34315930278795 2.32342444175236 1.93369839301689
  1038 2.97786501800043 0.77719371345975 2.49033600549936
  1039 3.14684803912771 1.07112209547549 2.06658320567094
  1040 3.71070955962036 1.81196920817232 1.22456977094204
  1043 1.01900834049172 3.50638448871294 1.96168620236858
  1047 2.73974571685514 2.90203077467943 1.22338438922980
  1048 0.75113368205965 3.42848121887095 1.60392906787193
  1049 0.84884337499222 2.92185302938645 1.44480744444418
  1050 3.21647646066954 2.82684669069510 1.46007301612789
  1051 2.93272886250478 3.01999641740296 1.42243019350143
  1057 1.67377496097826 3.42173954728638 3.15494235940420
  1059 1.99432771455475 3.70245646963254 2.73213495655014
  1060 3.17402740243059 2.48428165741420 1.21449479285063
  1061 2.88875146196949 2.52933637246383 1.06035459616243
  1071 1.27642846119139 2.39583785279521 3.79335946117672
  1073 1.21057515514522 1.52372421657832 3.42682168398269
  1091 0.69063502410467 0.50521399265414 1.24149910791251
  1096 0.72088203867416 0.15562612821898 1.01115168049690
  1097 0.94933571186658 0.48413700411529 0.48559748209697
  1098 1.74781319356394 3.01566784909765 3.23086805475349
  1100 1.30992728740369 2.40020163831704 3.37983280330314
  1101 0.84771105539048 2.36198117579777 3.35135564870375
  1105 1.68843446397970 1.27766665295184 3.56614582099418
  1106 1.62898220995634 0.75328459314608 3.38738012615761
  1109 1.74563937975578 3.46538624914703 3.44750069109233
  1113 0.75232270263133 2.71072162150029 0.01674598965563
  1115 0.84667822059953 2.47354571151447 3.94532150695446
  1120 1.42166642959866 3.67737048241142 3.73589338791973
  1121 1.62227132725259 0.11752551274534 3.91654382952126
  1122 0.53898113967837 2.62995104100119 3.72204096493377
  1123 0.66545846539270 2.43265025638933 3.67937587646264
  1124 0.72955566705844 0.83884136993979 3.36746558676289
  1125 1.08501805795545 0.49082048234478 3.30125352547388
  1127 1.28971527384455 0.69904343547743 3.16981143870521
  1128 0.99902313693181 1.06127636498213 3.19287287289850
  1131 1.46124349697402 1.85230862473639 0.49429289469398
  1133 2.35669206352828 2.19221117184276 0.11395565060111
  1134 1.90587840333422 2.35044348234517 0.30158585970886
  1135 2.06396912034036 1.46648624068197 3.98267338342127
  1136 1.70979021526541 1.31102810610626 0.36436278070018
  1137 1.96474860472878 1.85198977097069 3.91134361853836
  1138 1.64740605115012 2.05890728150589 0.12308350407493
  1140 2.39063668057434 2.60040492838525 3.08441202104045
  1141 2.55135671749338 2.74392157536144 2.66036805629552
  1142 0.67228256828137 1.07961733899493 0.98184188383989
  1143 0.75734633533435 1.12984803947180 0.56423841105573
  1145 1.93980957131874 2.80316111556695 3.02720635746418
  1146 2.11240393493617 3.02850399062472 2.61177975450254
  1147 0.97409054486727 0.84326088048059 0.66001608928426
  1148 0.85178726956600 0.87054485883094 1.02685882416995
  1164 3.11088170034723 1.79198959675340 2.48503191269706
  1166 2.91971144749113 1.98524005690318 2.25514626374046
  1167 3.41411100210173 2.09595619794073 2.49367686581717
  1168 3.16219841376049 2.27167632221446 2.24519120488081
  1169 2.04137544099877 3.97918411907934 0.84668000047644
  1170 2.37482946859703 3.88088289337391 0.61567208838141
  1172 2.21412252981728 0.18516270705742 0.30476049554416
  1173 1.93492762165492 0.26349463288702 0.48439683368838
  1174 0.03814108964922 1.24062029014222 1.43570480105164
  1176 0.24235175111580 0.97003177747553 1.13703413107593
  1177 3.58653644689302 1.40366028405064 1.16087773588413
  1205 2.93473651754965 0.07860076085358 1.16911010306342
  1206 3.09288773297867 0.29755781017833 1.16970529923787
  1212 3.07195520241481 3.93635548058988 1.27533115010872
  1213 3.27314128861176 0.09866240097296 1.31083811817970
  1229 0.90002901076855 1.63841671864418 1.90034894061661
  1238 0.77503020264351 1.51148066853876 1.21051756933555
  1239 1.10302049863547 1.53476088756992 1.50426485770776
  1332 1.58921237753760 2.06345314974507 0.94051337689686
  1333 1.77570915069325 1.89774897010455 1.21096652499190
  1335 1.45958879683652 1.96656524886836 1.34172192638653
  1336 1.41386064233056 2.15518930042172 1.05844068166930
  1337 1.29269283436684 3.07145972060488 1.97145524335408
  1339 1.11052483372404 2.79623417879684 1.62800770022384
  1345 1.23566231985335 2.76155381923413 2.34577473860357
  1346 1.07276861522613 2.43639078242601 2.09921309964996
  1352 1.94661221671503 3.32676826113055 0.90226089325746
  1354 1.99357860079645 3.08005876833760 1.23543215255895
  1355 1.69274129487338 3.10953223524092 0.74349314525933
  1356 1.68547578224491 2.84025587281435 1.01874010555538
  1377 2.15394434937878 3.79554802842063 3.57865557927838
  1378 2.07150524419564 0.06425944701630 3.75537948716178
  1385 2.25853664592436 0.25742256603947 3.49337880387205
  1386 2.33273398233019 0.01243602121029 3.34225344959433
  1395 3.54942772956916 1.43885823443166 0.50552419422456
  1396 3.77325341272391 1.17189870547625 0.35755390158778
  1400 3.51076343106639 1.26606258239643 0.82525299458228
  1401 3.72969367453686 1.01926389059418 0.68066528328740
  1437 0.28738476293022 1.64108817532056 1.54293148365901
  1439 0.31539699889211 1.66137317528760 1.68560580788789
  1440 0.20833405340265 1.78635991368648 1.51051664110546
  1441 0.23891214709616 1.83577358492691 1.70053467425262
  1450 2.34145714528020 2.96064668303729 3.95952157685214
  1451 2.49502464150086 3.19225870127814 0.06711805770071
  1455 2.34387152744961 3.06035994146372 3.72950323747625
  1456 2.46685070140223 3.26271896862960 3.79506782005298
  1458 0.86112079017336 1.77398583111294 0.89008359896219
  1459 1.08621697943585 2.02415100618441 0.78405541109072
  1460 0.70820318264862 2.01737382925039 0.73282918883912
  1461 0.83941352303554 2.18509702476086 0.69264335406926
edges 766
16      2      0
17      0      8
32     16     41
33     41     37
34     37     18
84     58     59
85     59     52
93     59     47
101     76     72
102     72     14
111     72     69
177    115     47
181     59      0
189    115      8
218    143    139
224    134    136
225    136    147
229    140    136
231    143    140
232    149    156
246    152    163
247    163    157
272    171    191
273    191    169
284    185      2
292    177    180
293    180    185
295    171     18
303    174    177
313    199    198
363    220    215
382    230    243
389    241    236
390    236    243
391    231    240
395    231    241
398    235    240
419    254    174
433    260    261
438    264    261
486     16    295
487    295    290
496    295    288
501    292    288
524    260    199
526     58    185
537    310    191
544    195    311
553    311    315
554    315    310
584    264    332
588    163    336
596    339    284
597    311    339
612    354    346
623    347    346
624    354    315
625    343    347
629    243    356
632    147    356
636    343    143
641    365    358
642    358    364
669    139    347
690    376    241
700    214    380
736     41    396
737    396    394
760     11    364
766    403    336
767    399    403
774    157    405
775    405    403
776    119    410
782    406    410
785    408    288
786    406    408
825    410    220
835    365    422
839    425    215
843    425    422
844    396    295
849    406    425
850    394    408
886    169    436
890    439    440
892    230    439
895    241    439
921    413    447
947    171    457
998     36    473
1021    156    481
1042    488    489
1045     36    488
1048     16    488
1049     14    489
1079    500    502
1081    231    500
1083    236    502
1086    198    502
1109    199    510
1112    149    510
1153    191    524
1172     69    529
1194    413    538
1214    544    545
1218     36    545
1220     37    544
1221     41    545
1242    149    553
1243    261    553
1256    557    559
1260    394    559
1261    354    557
1263    399    559
1289    568    569
1290    553    568
1292    332    568
1293    152    569
1294    134    569
1301    300    571
1307     52    573
1308    277    573
1333    581    582
1336    339    581
1337    403    582
1339    354    582
1355    230    587
1410    115    605
1431    545    611
1432    473    611
1476    115    625
1486    629    630
1487    396    629
1490    290    630
1491     98    630
1492    429    630
1507    635    636
1510    569    635
1512    429    636
1513    332    636
1525    343    640
1528    432    640
1540      2    645
1546    647    648
1547     98    647
1549    429    647
1550    413    648
1552    635    648
1553    649    650
1554    136    649
1557    356    650
1558    587    650
1559    380    650
1584      8    658
1586     11    658
1591    660    662
1595    513    662
1602    394    663
1605    399    663
1612    346    667
1614    582    667
1615    668    669
1617    519    668
1618    291    668
1619    636    669
1621    290    669
1631    673    674
1634    422    673
1635    405    674
1636    663    674
1637    425    674
1648    513    678
1649    605    678
1658    544    681
1660     11    681
1691    691    692
1692    481    691
1693    436    691
1694    231    691
1697    376    692
1705    695    696
1706    310    695
1707    557    695
1708    171    695
1710    559    696
1711     37    696
1716    139    698
1718    529    698
1729    432    701
1760    571    711
1761    538    711
1762    460    711
1779    717    718
1780    524    717
1781    436    717
1782    240    717
1784    174    718
1785    235    718
1800    723    724
1801    481    723
1802    510    723
1803    500    723
1806    195    724
1807    725    726
1808    356    725
1809    538    725
1811    380    726
1813    660    726
1839    735    736
1841    447    735
1842    291    735
1843    152    736
1844    635    736
1845    668    736
1846    737    738
1847    399    737
1850    696    738
1853    739    740
1855    701    739
1856    457    739
1859    169    740
1920    177    758
1922    760    761
1923    152    760
1924    649    760
1925    157    760
1927    380    761
1930    762    764
1932    214    762
1934    761    764
1935    215    762
1937    405    764
1980     98    777
1988    180    780
1989    718    780
1998    783    784
2001    645    783
2002    758    784
2004    185    784
2023    791    792
2024    510    791
2027    724    792
2028    698    792
2037    795    796
2038    726    795
2039    513    795
2040    447    795
2041    761    796
2043    735    796
2044    797    798
2045    169    797
2046    481    797
2048    315    798
2049    724    798
2050    347    798
2051    799    800
2054    447    799
2055    571    800
2056    777    800
2057    413    800
2077    605    806
2106    816    817
2108    762    816
2110    667    817
2111    764    817
2117    581    819
2118    519    819
2119    336    819
2126    625    821
2130    519    822
2133     72    822
2142    358    826
2173    826    837
2176    300    837
2177    838    839
2178    439    838
2180    235    838
2181    440    839
2182    826    839
2183    254    839
2192    842    844
2196     76    844
2199    292    844
2208    660    847
2210    214    847
2232    822    854
2233    291    854
2270    277    866
2278    869    870
2281    406    870
2283    777    869
2284    365    870
2286    513    871
2287    799    871
2296    581    874
2297    822    874
2298     69    874
2307    799    877
2308    869    877
2318    838    881
2322    882    883
2324    758    882
2325    260    882
2326    473    883
2328    264    883
2329    884    885
2331    881    884
2332    235    884
2333    277    885
2335    780    885
2352    254    890
2377    899    900
2378    663    899
2380    629    899
2381    673    900
2391    903    904
2392     98    903
2394    900    903
2395    777    904
2396    837    904
2397    365    904
2399    140    905
2401    156    905
2405    907    908
2407    866    907
2409    220    908
2411    816    908
2412    909    910
2413    791    909
2414    783    909
2416    199    910
2417    784    910
2419    911    912
2420    432    911
2424    881    912
2425    230    912
2426    913    914
2427    432    913
2429    740    913
2430    343    914
2431    905    914
2432    797    914
2433    915    916
2434    611    915
2435    890    915
2437    544    916
2439    738    916
2440    917    918
2442    519    917
2443    489    917
2444    264    918
2445    669    918
2446    488    918
2451     18    920
2454      2    920
2456    922    923
2458    911    922
2459    903    922
2461    881    923
2462    837    923
2470    926    927
2472    877    926
2473    291    926
2474    288    927
2475    869    927
2476    290    927
2478    780    928
2479    920    928
2480    524    928
2495    758    933
2513    502    938
2521    941    942
2523    842    941
2524    806    941
2525    926    942
2526    844    942
2527    854    942
2538    946    948
2540    174    946
2542    890    948
2543    436    946
2545    692    948
2549    261    949
2556    890    952
2557    440    952
2558    376    952
2562    954    955
2564    949    954
2565    917    954
2566    284    955
2568    819    955
2571    957    958
2573     14    957
2574     76    958
2576     16    957
2577    292    958
2578    959    960
2579    806    959
2580     47    959
2583     61    960
2584    862    960
2602    740    966
2603    946    966
2604    933    966
2615    970    971
2617    933    970
2618    883    970
2619    429    971
2621    332    971
2625     36    972
2628     11    972
2638    977    978
2641    573    977
2642    842    978
2644    119    978
2649    739    980
2652    933    980
2654    982    983
2655     18    982
2656    957    982
2657    645    982
2658    457    983
2659    958    983
2662    783    984
2663    980    984
2664    983    984
2679    364    989
2680    972    989
2690    284    992
2696    571    995
2702    997    998
2704    605    997
2705    658    998
2707    871    997
2708    364    998
2711   1000   1001
2714    992   1001
2716    847   1000
2717    662   1001
2718   1002   1003
2719    877   1002
2720    997   1002
2721    941   1002
2722    870   1003
2723    998   1003
2724    119   1003
2740    905   1007
2743   1010   1011
2744    489   1010
2746    972   1010
2747    954   1011
2748    992   1011
2756    376   1012
2759   1015   1016
2760   1011   1015
2762    662   1015
2763    989   1016
2764    995   1016
2765    871   1016
2770    629   1018
2771    970   1018
2772    611   1018
2773   1019   1020
2774    649   1019
2775   1007   1019
2776    157   1019
2777    587   1020
2779    673   1020
2780   1021   1022
2781    911   1021
2782   1020   1021
2783    900   1021
2784    913   1022
2785   1007   1022
2788    980   1023
2790    971   1023
2798    678   1026
2799   1001   1026
2800    625   1026
2805    737   1028
2808    336   1028
2811   1030   1032
2813    899   1030
2815    737   1032
2816   1022   1030
2828   1036   1037
2829    955   1036
2830   1028   1036
2832    949   1037
2834   1012   1037
2835   1038   1039
2836    966   1038
2837   1030   1038
2838   1018   1038
2839    948   1039
2840   1032   1039
2841    915   1039
2843    847   1040
2845   1012   1040
2853    645   1043
2856     14   1043
2863    198   1047
2866    711   1047
2867   1048   1049
2868   1010   1048
2869   1043   1048
2870      8   1048
2871    992   1049
2873    625   1049
2874   1050   1051
2875   1015   1050
2877    949   1050
2878    995   1051
2879   1047   1051
2880    260   1051
2898   1057   1059
2900     76   1057
2902    984   1059
2905   1023   1059
2906   1060   1061
2907    660   1060
2908   1050   1060
2909   1012   1060
2910    725   1061
2911   1047   1061
2912    236   1061
2942    960   1071
2950    346   1073
2953    908   1073
3006    681   1091
3007    920   1091
3020   1096   1097
3021      0   1096
3022   1091   1096
3023    658   1096
3024    573   1097
3026    119   1097
3028    862   1098
3029   1057   1098
3030    529   1098
3034   1100   1101
3035    139   1100
3036   1071   1100
3037    529   1100
3038    667   1101
3040    874   1101
3050   1105   1106
3051    866   1105
3052   1073   1105
3053    640   1105
3054    977   1106
3056    701   1106
3067    862   1109
3070   1057   1109
3077    678   1113
3080    806   1113
3083   1071   1115
3084   1113   1115
3098   1120   1121
3099    842   1120
3100   1109   1120
3101    959   1120
3102    977   1121
3104     52   1121
3105   1122   1123
3106    854   1122
3107    796   1122
3108   1113   1122
3109   1101   1123
3110    817   1123
3111   1115   1123
3112   1124   1125
3115    410   1124
3116    978   1125
3118    408   1124
3119    292   1125
3121   1127   1128
3122    457   1127
3123   1125   1127
3124   1106   1127
3125    557   1128
3126   1124   1128
3127   1073   1128
3139   1133   1134
3141    147   1133
3142     61   1134
3144    243   1133
3145    938   1134
3146   1135   1136
3147    912   1135
3149    640   1135
3150    884   1136
3151   1131   1136
3152    866   1136
3153   1137   1138
3154   1135   1137
3155   1133   1137
3156    143   1137
3157   1131   1138
3158   1134   1138
3159   1071   1138
3162   1140   1141
3164    140   1140
3165    149   1141
3167    134   1140
3168    568   1141
3169   1142   1143
3173    907   1143
3176    220   1143
3178   1145   1146
3179   1098   1145
3180   1140   1145
3181    698   1145
3182   1059   1146
3183   1141   1146
3184    791   1146
3185   1147   1148
3186   1097   1147
3187   1143   1147
3188    277   1147
3189   1091   1148
3190   1142   1148
3191    928   1148
3241   1164   1166
3243   1007   1164
3245    156   1166
3246   1032   1164
3248    692   1166
3249   1167   1168
3250   1028   1167
3251   1164   1167
3252    163   1167
3253   1037   1168
3254   1166   1168
3255    553   1168
3256   1169   1170
3259     58   1169
3260    460   1170
3262    180   1169
3263    300   1170
3265   1172   1173
3266    923   1172
3267   1170   1172
3269    885   1173
3270   1169   1173
3271     52   1173
3273   1174   1176
3275    916   1174
3277    681   1176
3280   1142   1176
3282   1040   1177
3283   1174   1177
3284    952   1177
3370   1205   1206
3372    177   1205
3373    254   1206
3375    300   1205
3376    826   1206
3393   1212   1213
3394    882   1212
3395    995   1212
3396   1205   1212
3397    473   1213
3398    989   1213
3399   1206   1213
3446    311   1229
3449    310   1229
3475   1238   1239
3476   1142   1238
3479    524   1239
3480   1229   1239
3777   1332   1333
3780    938   1332
3781    500   1333
3783   1131   1332
3784    240   1333
3786   1335   1336
3787   1239   1335
3788   1333   1335
3789    195   1335
3791   1332   1336
3792    821   1336
3794   1337   1339
3796    909   1337
3798    821   1339
3799   1043   1337
3801   1049   1339
3818   1345   1346
3819   1337   1345
3820     69   1345
3821    792   1345
3822   1339   1346
3823    339   1346
3824    195   1346
3842   1352   1354
3844    460   1352
3846    198   1354
3847     58   1352
3849    910   1354
3850   1355   1356
3851     47   1355
3852   1352   1355
3853     61   1355
3854    821   1356
3855   1354   1356
3856    938   1356
3921   1377   1378
3925   1172   1378
3927   1109   1377
3928   1121   1378
3946   1385   1386
3947    922   1385
3948   1378   1385
3949    701   1385
3950    647   1386
3951   1377   1386
3952   1023   1386
3978   1395   1396
3980    587   1395
3981    214   1395
3983    422   1396
3984    215   1396
3994   1400   1401
3995   1395   1400
3996    440   1400
3997   1177   1400
3998   1396   1401
3999    358   1401
4000   1176   1401
4114   1437   1439
4116   1238   1437
4118   1229   1439
4119   1174   1437
4121    738   1439
4122   1440   1441
4123   1040   1440
4124   1437   1440
4125   1000   1440
4126   1036   1441
4127   1439   1441
4128    284   1441
4154   1450   1451
4155    147   1450
4157     61   1450
4158    538   1451
4160    460   1451
4170   1455   1456
4171    862   1455
4172    134   1455
4173   1450   1455
4174   1377   1456
4175    648   1456
4176   1451   1456
4179   1458   1459
4181    907   1458
4182   1131   1459
4184   1238   1458
4185   1336   1459
4186   1460   1461
4187   1000   1460
4188   1458   1460
4189    816   1460
4190   1026   1461
4191   1459   1461
4192   1115   1461
polygons 447
0   1540   2451   2454   2655   2657
3     16     17   1540   2853   2869   2870
4     16   2454   3007   3021   3022
5   2573   2656   2657   2853   2856
7     32     33     34   2576   2655   2656
10   1584   1586   2628   2746   2868   2870
11     17   1584   3021   3023
13   1586   1660   3006   3022   3023
15   1214   1218   1658   1660   2625   2628
16   1049   2744   2856   2868   2869
17   1042   1048   1049   2573   2576
18     32   1045   1048   1218   1221
19     34   1220   1658   2451   3006   3007
21   1042   1045   2625   2744   2746
22     33   1214   1220   1221
23   3844   3852   3853   4154   4157   4160
27   3260   3267   3921   3925   4160   4174   4176
28     84     85   3259   3270   3271
29   3256   3259   3260   3844   3847
30   3104   3265   3271   3925   3928
31   2578   2584   3067   3100   3101
32     85     93   2580   3098   3101   3104
33     93     84   3847   3851   3852
34   2578   2580   2583   3851   3853
36   2583   2584   4157   4171   4173
37   2574   2659   2664   2898   2900   2902
38    101    102   2571   2573   2574
39   2001   2414   2853   3796   3799
40   2023   2413   3796   3819   3821
42    102    111   2856   3799   3819   3820
43   2413   2414   2662   2902   3182   3184
44   1172   1718   2028   3820   3821
45    111    101   1172   2900   3029   3030
47   1486   1492   2615   2619   2770   2771
48   2380   2770   2813   2837   2838
49   1491   1492   1547   1549
51   2394   2458   2459   2781   2783
54   1547   2392   2459   3946   3947   3950
56   1729   2420   2458   3947   3949
57   1549   2619   2790   3950   3952
58   1853   2602   2604   2649   2652
60   2420   2427   2780   2781   2784
61   1729   1853   1855   2427   2429
62   2429   2602   2784   2816   2836   2837
63   1486   1491   2377   2380   2392   2394
67    177   1410   2077   2579   2580
68   1307   2641   3102   3104
69     85    181   1307   3020   3021   3024
70   2638   2641   2644   3024   3026
71    177    189     17    181     93
73    189   1410   1584   2702   2704   2705
75   2638   2642   3098   3099   3102
76   2523   2524   2579   3099   3101
77   2523   2642   2644   2718   2721   2724
78   2705   2723   2724   3020   3023   3026
81   2077   2524   2704   2720   2721
82   2583   2942   3142   3158   3159
83   1716   1718   3035   3037
84    218   3035   3036   3153   3156   3159
85   3139   3141   3142   4155   4157
86   2584   2942   3028   3030   3036   3037
87    224    225   4155   4172   4173
88    229    224   3164   3167
89   3028   3167   3179   3180   4171   4172
90    218    231   1716   3164   3180   3181
91    229    231    225   3141   3155   3156
92    232   1242   3245   3254   3255
93    232   2399   2401   3162   3164   3165
94   1242   1290   3165   3168
95    246    247   1923   1925
96    224   1293   1294   1554   1923   1924
97   1924   1925   2774   2776
100   1289   1294   3162   3167   3168
101    246   1289   1290   1293   3249   3252   3255
102   2401   2740   3241   3243   3245
103    247   2775   2776   3243   3251   3252
104    229   1554   2399   2740   2774   2775
107   1856   2649   2658   2663   2664
108    272    273    947   1853   1856   1859
109    273    886   1153   1780   1781
110    886   1859   2543   2602   2603
111    284   1540   1998   2001   2004
112    292    293   1920   2002   2004
114    295    272   1153   2451   2479   2480
115    295    947   2654   2655   2658
119    303   1920   2495   2540   2603   2604
121   1779   1780   1989   2478   2480
122    292    303   1784   1988   1989
123   1779   1781   1784   2540   2543
124    284    293   1988   2454   2478   2479
125   1998   2002   2495   2652   2662   2663
126    313   1079   1086   1109   1802   1803
127   1800   1803   1806   3781   3788   3789
128   1086   2513   3846   3855   3856
129   1109   2024   2412   2413   2416
130   1806   2027   3818   3821   3824
131   2412   3794   3796   3798   3849   3854   3855
133   3786   3789   3792   3798   3822   3824
134    313   2416   3846   3849
135   1932   2108   2210   2716   4187   4189
136   2210   2843   3282   3981   3995   3997
139   3273   3280   3476   4116   4119
141   2405   2411   4181   4188   4189
143   3169   3173   3476   4181   4184
145    363   3169   3176   3280   3984   3998   4000
146   2405   2409   3173   3176
148   1932   1935   3978   3981   3984
149    363   1935   2108   2409   2411
150   4116   4124   4125   4184   4187   4188
151   2578   2579   2942   3080   3083   3084
152   1172   2298   3034   3037   3040
154   3028   3029   3067   3070
155   2192   2196   2900   3070   3099   3100
156    101   2133   2196   2232   2526   2527
159    111   2133   2297   2298
160    892   2178   2318   2424   2425
161    382   2425   3144   3147   3154   3155
162    389    390    382    892    895
163    391   1081   3781   3784
164    395    398    391    895   2178   2180
165    389    395   1079   1081   1083
166    390   1083   2513   3139   3144   3145
167   2331   2424   3146   3147   3150
169    398   2332   3150   3151   3777   3783   3784
171   2180   2318   2331   2332
173   1432   2352   2434   2435   3373   3397   3399
174   1920   2324   3372   3394   3396
176    419    303   3370   3372   3373
178    419   2352   2538   2540   2542
179   2435   2542   2839   2841
180   1432   2326   2618   2771   2772
181   2434   2772   2835   2838   2841
182   2325   2878   2880   3394   3395
183    433   2549   2874   2877   2880
184    438    433   2322   2325   2328
185    438   2440   2444   2549   2564   2565
186   2443   2565   2743   2744   2747
187   2564   2747   2760   2875   2877
188    998   2625   2680   3397   3398
191    998   1045   2326   2328   2444   2446
192   1528   1729   3050   3053   3056
193   2270   2329   2333   3150   3152
194   2456   3266   3925   3947   3948
195   1307   1308   2333   3269   3271
199   1308   2270   2641   3050   3051   3054
200   3054   3056   3102   3928   3948   3949
201   2714   2717   2748   2760   2762
202   2690   2711   2714   4122   4125   4128
203   2832   2834   2877   2908   2909
204   2208   2843   2845   2907   2909
205   2566   2829   4126   4128
207   2562   2566   2690   2747   2748
210   2196   2199   2574   2577
211    486    487   1048   1621   2445   2446
212    102   1049   2130   2133   2442   2443
213   1617   1618   2130   2232   2233
214   1615   1618   1621   2470   2473   2476
215    487    496   2474   2476
216   2233   2473   2525   2527
217    501    496    486   2571   2576   2577
219    501   2199   2470   2474   2525   2526
223   1301   2696   3375   3395   3396
224   1760   2696   2866   2878   2879
226   1301   1760   1762   3260   3263
227    292   3256   3262   3263   3372   3375
228   1762   2863   2866   3842   3844   3846
230    524   2002   2324   2325   2416   2417
231    313    524   2863   2879   2880
234    526   2004   2417   3842   3847   3849
235    293    526   3259   3262
240    537   1153   3449   3479   3480
241   1780   1782   3479   3784   3787   3788
243    544   3446   3480   3787   3789
244   1081   1692   1694   1801   1803
246    391   1693   1694   1781   1782
248    553    554   3446   3449
249    554    273    537   2044   2045   2048
250    544    553   1806   2048   2049
251    886   1692   1693   2045   2046
253   2039   2040   2054   2286   2287
254   1841   1842   2054   2307   2472   2473
255   1842   2043   2233   3106   3107
257   2472   2521   2525   2719   2721
258   1648   1649   2286   2704   2707
261   1293   1510   1843   1844
262   1289   1292   1507   1510   1513
263    438    584   1243   1290   1292
264    584   1513   1619   2444   2445
265    588   2808   3250   3252
266   1243   2549   2832   3253   3255
267   2119   2568   2808   2829   2830
268    588    246   1617   1843   1845   2118   2119
269   1507   1615   1619   1844   1845
270   2126   2873   3798   3801
271   2714   2799   2800   2871   2873
272    596   2690   2871   3801   3822   3823
273    544    597   3823   3824
274    596    597   3446   4118   4127   4128
275   1525   1528   2426   2427   2430
276    537    272   1706   1708
277   1859   2045   2426   2429   2432
279    612   1261   2950   3125   3127
280    947   1707   1708   3121   3122   3125
281   1855   1856   3056   3122   3124
284    623    612    624   2048   2050
285    625   2044   2050   2430   2432
286    623    625   1525   2950   3052   3053
287    624    554   1261   1706   1707
289   1355   2419   2425   2777   2781   2782
290    382    629   1355   1557   1558
291    632    629   3141   3144
294    636   1525   3149   3154   3156
295    231    636   2399   2430   2431
296    632    225   1553   1554   1557
297    641   2142   2173   2396   2397
298    642   2142   2679   3376   3398   3399
299    641    642   2284   2708   2722   2723
300   2679   2702   2707   2708   2763   2765
301   1301   2055   2056   2176   2395   2396
302   2051   2055   2287   2696   2764   2765
303   2173   2176   3370   3375   3376
304   2278   2283   2284   2395   2397
305   2270   2407   3173   3187   3188
306   2333   2335   2478   3185   3188   3191
307   3783   3791   4182   4185
309   1785   1989   2329   2332   2335
310   2480   3190   3191   3475   3476   3479
311   2407   3151   3152   4179   4181   4182
313    398   1779   1782   1785
314   1021   2046   2401   2431   2432
315    669   1716   2027   2028   2049   2050
316   1112   2024   3165   3183   3184
319    232   1021   1112   1801   1802
320    669    218    636    625
322   3142   3145   3850   3853   3856
323   1083   1086   2863   2911   2912
326   1761   1762   4158   4160
327   1761   1809   2866   2910   2911
328    629    390   1808   2910   2912
329    632   1808   1809   4154   4155   4158
331   1292   2621   2790   2905   3168   3182   3183
332   1512   1513   2619   2621
333   1294   1510   1552   4170   4172   4175
334    690    389   2756   2906   2909   2912
335   1557   1559   1807   1808   1811
336   1807   1813   2906   2907   2910
338    890    892   1355   3980   3995   3996
339    700   1558   1559   3980   3981
341   2558   2756   2845   3282   3284
342    690    890    895   2557   2558
343    700   1811   1813   2208   2210
345   2557   3284   3996   3997
348   1846   2433   2439   2815   2840   2841
349   2545   2839   2840   3241   3246   3248
350   2805   2815   3246   3250   3251
351   1697   2756   2834   3248   3253   3254
352   2439   3275   4114   4119   4121
353   1697   2542   2545   2556   2558
354   1846   2805   2830   4121   4126   4127
355    433    524   1109   1112   1242   1243
358    584   2328   2615   2618   2621
360   1263   1710   1846   1847   1850
361   1220   1711   1850   2437   2439
362   1260   1263   1602   1605
363     33    736    737   1260   1710   1711
364    736   1221   1431   1487   2770   2772
365    737   1487   1602   2378   2380
369   1605   1847   2378   2811   2813   2815
372   1410   1476   1649   2798   2800
373   3083   3157   3159   4182   4191   4192
376    177   1476   2126   3850   3851   3854
378    189   1476   2867   2870   2873
380   1595   2286   2759   2762   2765
382    760   1586   2705   2708
384   1595   1648   2717   2798   2799
386    760   2628   2679   2680
387    597    553    624   1333   1336   1339
388    596   1336   2117   2566   2568
389    766   1333   1337   2117   2119
390    767   1256   1261   1263   1337   1339
391    766    767   1847   2805   2808
393   1705   1706   1850   3449   4118   4121
395   2785   2811   2816   3243   3246
397   2381   2779   2782   2783
398    774   1631   1635   2773   2776   2779
399    775    767   1605   1635   1636
400    774    247    588    766    775
401    776   2644   3112   3115   3116
402    782    776   2281   2722   2724
403   2192   2199   2642   3116   3119
404    785    501   3112   3118   3119
405    782    786   3115   3118
406    786    785   2278   2281   2474   2475
407   2308   2470   2472   2475
408   1194   1760   1761   2055   2057
409   1194   1550   4158   4175   4176
411   1546   1547   1550   1980   2056   2057
412   2176   2462   3263   3266   3267
414   1980   2391   2392   2395
417   1612   2106   2110   2411   2950   2953
418    623    669   1612   3034   3035   3038
420   1591   1595   1813   2038   2039
422    921   2051   2054   2057
423    921   1194   1807   1809   2038   2040
424   1934   2041   2111   3105   3107   3110
425    774   1922   1925   1934   1937
426   1839   1843   1922   1923   2041   2043
427   1333   1614   2296   3038   3040
428   2117   2118   2130   2296   2297
429   1618   1839   1842   1845
430    775   1337   1614   1937   2110   2111
432   2638   3054   3116   3123   3124
434   2577   2658   2659   3119   3122   3123
436   1553   1559   1922   1924   1927
437   1811   1927   2037   2038   2041
439    921   1550   1552   1839   1841   1844
440   1490   1492   1512   1619   1621
441   1490   1491   1980   2283   2475   2476
444   1336   2296   2298   3818   3820   3823
445   1988   2335   3262   3269   3270
446   1308   3024   3186   3188
447    284    526     84    181     16
449    776    825   3026   3176   3186   3187
450    825   2409   2953   3115   3126   3127
454   2173   2177   2182   2318   2461   2462
456   1634   2777   2779   3978   3980   3983
458    835   1634   2381   2391   2394   2397
460   2142   2181   2182   3994   3996   3999
461    641    835   3983   3998   3999
462    839   1635   1637   1930   1935   1937
463    700   1927   1930   1932   1934
466    839    843   3983   3984
467    843   1631   1634   1637
468    844    487   1486   1487   1490
469     32    486    844    736
470    998   1218   1431   1432
473   2181   2183   2352   2556   2557
474    419   1784   1785   2177   2180   2183
475    395    690   1691   1694   1697
477   1021   1691   1692   3245   3248
478   2182   2183   3373   3376
479    786    849    850   1602   1636   1637
480    850    737    844    496    785
481    835    843    849   2281   2284
482    760    642   1660   3277   3999   4000
483   3006   3189   3190   3277   3280
484    363    839    849    782    825
485    850   1256   1260   3118   3125   3126
486     34    295   1705   1708   1711
488   1658   2437   3273   3275   3277
489    612   1339   1612   1614
491   1507   1512   1546   1549   1552
492   1528   2419   2420   3147   3149
493   1691   1693   2538   2543   2545
494    890   2177   2178   2181
495   2118   2442   2562   2565   2568
496   1591   2762   2875   2907   2908
497   1841   2037   2040   2043
501   1546   3950   3951   4174   4175
503   2322   2326   3393   3394   3397
506   1800   1801   2044   2046   2049
508   1042   2440   2443   2446
510   2798   3077   3084   4190   4192
511   2110   3038   3109   3110
512   1079   2513   3777   3780   3781
515   1800   1802   2023   2024   2027
516   1648   2037   2039   3077   3107   3108
518   1615   1617   2440   2442   2445
521   1718   3030   3179   3181
523   2001   2654   2657   2662   2664
524   1214   1431   2433   2434   2437
525   2287   2307   2707   2719   2720
527   1256   1705   1707   1710
531   1553   1558   2773   2774   2777
533   1855   2649   2788   3946   3949   3952
536   1649   2077   3077   3080
539   2126   2800   3792   4185   4190   4191
541   3051   3053   3146   3149   3152
542   2023   2028   3178   3181   3184
544   1591   2208   2711   2716   2717
545   1631   1636   2377   2378   2381
547   2051   2056   2283   2307   2308
548   2716   2843   4123   4125
552   2106   3110   3111   4186   4189   4192
553   3780   3791   3792   3854   3856
554   2329   2331   2461   3265   3266   3269
555   2322   2324   2495   2617   2618
556   1930   2106   2108   2111
558   1998   2412   2414   2417
559   3067   3927   4170   4171   4174
562   2521   2524   2527   3080   3106   3108
564   2232   2297   3040   3105   3106   3109
565   2405   2407   2953   3051   3052
566   3145   3157   3158   3780   3783
567   2391   2396   2456   2459   2462
568   2192   2521   2523   2526
571   2426   2431   2740   2784   2785
572   2278   2308   2718   2719   2722
573   2419   2424   2456   2458   2461
574   2377   2780   2783   2813   2816
575   2433   2435   2556   3275   3283   3284
576   2604   2617   2771   2836   2838
577   2479   3007   3189   3191
578   2615   2617   2652   2788   2790
580   2538   2603   2835   2836   2839
581   2562   2564   2828   2829   2832
582   2571   2654   2656   2659
583   2763   2764   3393   3395   3398
584   2680   2743   2746   2759   2760   2763
585   2663   2788   2902   2905
586   2743   2748   2867   2868   2871
587   2759   2764   2874   2875   2878
588   2702   2718   2720   2723
589   2711   2799   4186   4187   4190
590   2898   2905   3070   3927   3951   3952
591   2773   2775   2780   2782   2785
592   2828   2834   2845   4122   4123   4126
593   2828   2830   3249   3250   3253
594   2811   2835   2837   2840
595   3282   3283   4119   4123   4124
596   2867   2869   3794   3799   3801
597   2874   2879   2906   2908   2911
599   2898   3029   3178   3179   3182
600   3020   3022   3185   3186   3189
602   3034   3036   3083   3109   3111
603   3050   3052   3121   3124   3127
609   3098   3100   3921   3927   3928
610   3084   3105   3108   3111
612   3112   3121   3123   3126
613   3146   3151   3153   3154   3157
614   3139   3153   3155   3158
615   3162   3178   3180   3183
616   3169   3185   3187   3190
620   3241   3249   3251   3254
621   3256   3265   3267   3270
622   3273   3283   3994   3997   4000
628   3370   3393   3396   3399
630   3475   3786   3787   4179   4184   4185
631   3475   3480   4114   4116   4118
652   3777   3786   3788   3791
653   3794   3818   3819   3822
656   3842   3850   3852   3855
661   3921   3946   3948   3951
663   3978   3994   3995   3998
671   4114   4122   4124   4127
673   4154   4170   4173   4176
674   4179   4186   4188   4191
cells 64
0      0      3      4      5      7     10     11     13     15     16     17     18     19     21     22
1     23     27     28     29     30     31     32     33     34     36    559    609    621    673
2     37      5     38     39     40     42     43     44     45    521    523    542    582    599
3     47     48     49     51     54     56     57     58     60     61     62     63    533    574    576    578
4     32     67     68     69     70     11     71     73     75     76     77     78     81    588
5     82     83     84     85     86     36     87     88     89     90     91    521    614
6     92     93     94     95     96     97     88    100    101    102    103    104    620
7    107    108     58    109    110    111    112    114    115    119    121    122    123    124      0    125    523
8    126    127    128    129    130    131     40    133    134    512    515    553    652    653
9    135    136    139    141    143    145    146    148    149    150    548    595    622    663
10    151    152     86     45    154     76    155    156     31    159    562    564    568    602    610
11    160    161    162    163    164    165    166    167    169    171    512    566    613    614
12    173    174    176    178    179    119    180    181    503    555    576    580    628
13    182    183    184    185     21    186    187    188    191    503    508    583    584    587
14    167    192    193    194     56    195     30    199    200     68    492    541    554    573
15    201    202    203    204    205    187    207    496    544    548    581    592
16     17    210     38    211    212    213    214    215    156    216    217    219    508    518
17    182    223    174    224    226    227     29    228    230    231    112    134    234    235
18    240    241    163    243    127    244    246    109    248    249    250    251    506
19    253    254    255    216    257    258     81    497    516    525    536    562
20    261    262    263    264    185    265    266    267    268    269    101    495    518    581    593
21    270    271    243    272    202    133    273    150    274    539    589    630    631    671    674
22    275     61    276    249    108    277    279    280    281    284    285    286    192    287    603
23    289    104    290    291    275    294     91    295    296    161     60    492    531    571    591
24    297    298    299    223    300    301    302    303    304    525    547    572    583    588    628
25    121    241    305    169    193    306    307    143    309    310    311    313    616    630    652
26    314    285    315    316     93    319    320    295     90    506    515    542    615
27     85    322     23    228    128    323    326    327    328    329    166    291    656
28    331    154     57    332    333    100     89    262    491    501    559    590    599    615
29    162    334    328    290    335    336    338    339    341    342    343    204    136    345
30    348    349    350    351    179    352    353    341    354    575    592    593    595    620    671
31    129    355    125    331    230    184     43    316     94    358    263    555    558    578    585
32    360    361    362    363    364    365    348     48     22    369    181    524    594
33    322     82    372    307    373    376     34     67    151    510    536    539    553    566
34    372     73    378    380    271     10    258    382    384    201    386    300    584    586
35    387    388    389    390    391    360    267    393    274    205    354    287    248    527
36    395    103    391    369    265    350    397    398    399    400    545    574    591
37     77    401    402    403    404    405    406    257    219    407    568    572
38    408    326    409    411    412    226    414    194     27     54    301    501    567    661
39    311    417    286    373    418    141    294     84    320    511    541    552    565    602    613    674
40    224    336    380    253    302    408    420    422    423    327    496    587    597
41    424    425    426     95    427    428    213    255    429    430    389    400    268    511    564
42    155     37    432    210     75    403    107    200    281    434    533    585    590    609    661
43    436    437    335    439    261    426    423    333    409    296     87     96    329    497    673
44    429    439    269    440    422    254    411    441    214     49    407    491    547
45    428    212    388    272    444    159     42    207     16    186    495    586    596    653
46    445    195     28     69    446      4    235    124    447    306    577    600
47    401    432    199    305    446     70    449    450    146    565    603    612
48    454     51    297    289    160    456    397    458    338    460    461    494    567    573    663
49    456    398    462    148    463    339    425     97    436    466    467    531
50    468    440    211    191    358    364     47     18    469    264    470    332    180
51    353    178    473    474    246    475    123    164    342    313    493    494
52    351    334    266    355    475    231    323    126     92    244    203    183    319    477    165    597
53    445    227    122    474    309    412    171    454    478    303    176    554    621
54    270      3    378    447     71    376     33    111     39    131    234    558    596    656
55    424    384    135    437    420    343    463    510    516    544    552    556    589    610
56    441    406    479    480    468    215    365    414    304    458     63    481    467    545
57    482    483    466    299    382    449     13    402     78    461    145    484    481    600    616
58      7    280    434    363    480    485    404    469    217    486    115    527    582    612
59    477    314    102    277     62    251    349    395    110    493    571    580    594
60    139    483    393    488    352    361    276    240    114    486     19    310    577    631
61     15    482    478    473    460    488    345    470    173    298    188    386    524    575    622
62    387    489    427    130     44    418    315     83    444    273    284    152    250
63    149    484    450    390    489    279    362    485    417    479    405    462    430    399    556
