vertices 383
     0 0.95966491590006 3.91553951362459 1.11402994515850
     2 1.34666054390843 0.08996410376641 1.64807336174131
     8 0.84827437231082 3.80538028447721 1.11604674907469
    11 0.21021621491923 0.20263501151879 1.10713161667854
    14 0.81008475306561 3.61712960714950 2.20735901422872
    16 0.25275439232084 0.19572265650066 2.36792177067351
    18 1.09820731594619 0.54512405574910 1.97567005602826
    36 3.85746081647113 0.14384911955668 1.75307791772938
    37 0.44519636170107 0.66691136526695 2.07401556415136
    41 0.19597173458086 0.33538770605721 2.31739142585708
    47 1.39308259487878 3.35858059782951 0.61841005949135
    52 1.61509026953922 0.25380859244515 0.25330595174757
    58 1.80994352487888 3.77328607312765 0.92709885999611
    59 1.48572255938397 3.76608782588989 0.74943492200045
    61 1.83610394723514 2.87446741507136 0.13684567132599
    69 0.99472658193938 2.94450357154311 2.73696123407511
    72 0.89255552781957 3.15038483547810 2.73296310548270
    76 1.11796794355980 3.67827758669783 2.97276372194124
    98 3.04834009771828 0.23475815792963 3.39363851109428
   115 1.00140163938552 3.28039824332309 0.78319563187957
   119 0.74306455238225 0.48699857768541 0.14245569943435
   134 2.57352770923261 2.72674497060391 3.27301180369613
   136 2.61242959271613 2.38317348926329 3.43350203352607
   139 1.60700108203893 2.19282362548473 3.13182685402824
   140 2.36257672912173 2.22799404886860 3.14946197389597
   143 1.96483596912121 1.98236872806601 3.26052160297288
   147 2.49083754730048 2.39520821035749 3.94472213058712
   149 2.61112247454115 2.59856226739840 2.30516418865379
   152 3.37453008897548 2.71431962266079 3.06448837800692
   156 2.60048804329206 2.14344426415621 2.27904589454036
   157 3.43744798465601 2.17754309862666 3.14386338035264
   163 3.52444758080910 2.31523194809143 2.80709928109827
   169 1.87099414802786 1.18175488984938 2.25069303176983
   171 1.27642395821527 0.96284259940128 2.23428539923235
   174 2.25994792032456 0.72231036287178 1.55644623274722
   177 2.21992991310643 0.28764664674099 1.49529577191888
   180 2.02053889154689 0.26038220399828 1.37151511343378
   185 1.81000995605979 0.00095782664194 1.48201600487424
   191 1.37917085702273 1.10591844478904 2.13747852137674
   195 1.19477699805100 2.28060305717925 2.05598017056751
   198 2.40554185375503 2.91492637583440 1.32345767328061
   199 2.42343956452667 3.04915896538951 1.66156309022615
   214 3.76656426316577 1.95939014015737 0.43241890982156
   215 0.16738458527842 1.36254202081974 0.03798345325815
   220 0.47573388737132 1.29601505713985 0.08054159753329
   230 2.70037217033164 1.69622034112107 0.23659536599979
   231 2.23137217317546 1.98538257586021 1.27876242161256
   235 2.10237112445673 1.27873426340522 0.88465900005362
   236 2.50603780406800 2.23161455817444 0.99287558114755
   240 1.96195993092169 1.67760988235905 1.17521353968458
   241 2.53592632865153 2.03231475962410 1.08716164274247
   243 2.55490100390924 2.17892601475459 0.21451658071557
   254 2.95862026508428 0.76517813912654 1.24331738031216
   260 2.77500837954703 3.13433969588825 1.68403904199331
   261 3.00711867572603 2.98714946715976 1.93938901596918
   264 3.12288827946317 3.35860114609882 2.17209018810836
   277 1.52838493143370 0.91568692521687 0.42660599708695
   284 0.41565349426824 2.35590844077646 1.88641780680132
   288 0.19134983788577 0.29722968806795 2.94749030649712
   290 3.85888508414143 0.07120141207615 2.98345833056706
   291 0.02615587906805 3.18838591857579 3.24714632872875
   292 0.93128495880155 0.08107425743509 2.97151342387903
   295 0.08262332555420 0.29378641195913 2.78229582711624
   300 2.79171384711048 0.01065418792520 0.68564491097611
   310 1.03350164712989 1.44538930305508 2.23625578698141
   311 0.99858381232380 2.08311168230462 2.12331936893361
   315 1.10090671140927 1.75262011320493 2.42107166785927
   332 2.98228398210709 3.32231336954595 2.54572078806999
   336 3.91299721589337 2.19371753046731 2.61731503435376
   339 0.81350918178005 2.32813626175763 2.15083906799433
   343 1.94537739785207 1.72479033421298 3.05047299461561
   346 1.15069577832568 1.81586035912234 3.15256289196851
   347 1.55492553954683 1.94094134754679 3.02792267957672
   354 0.89911686062617 1.71694482264080 2.78005783789929
   356 2.68676918008816 2.30394801110081 0.11748061308527
   358 3.60981206814162 0.73147544316458 0.58230363508167
   364 0.05619171728351 0.17464351554457 0.95000630035154
   365 3.63966800783502 0.68145543840422 0.15025168528805
   376 3.01924519501242 1.94838556699609 1.41438430687530
   380 3.49616348007617 2.35540843984554 0.16222724616488
   394 0.19405035707897 1.01057832516776 2.94093423071578
   396 0.03077540091061 0.42762828905235 2.71462757539594
   399 0.15429575226288 1.39128189928062 2.75635742150484
   403 0.17585907337036 1.88974491617928 2.92567133375015
   405 3.98100403608282 1.88314200619414 3.27329017870857
   406 0.22140126326481 0.94317423164429 3.73768682351044
   408 0.33601872222338 0.86486971937688 3.20206761515246
   410 0.46619713675484 0.97229542818992 3.81790178717914
   413 3.13001908170507 3.40245903190679 3.98396460103599
   422 3.70856554888383 1.07359736578141 0.03455999027489
   425 0.03592494124970 1.17351029571837 3.82491968596757
   429 2.92264258973245 3.95188368885324 3.02421142158078
   432 2.15013540925872 1.06561842838046 3.18630676192319
   436 2.06345913449517 1.16173518016766 1.92811932229080
   439 2.70413374484908 1.53057872092152 0.63530658244693
   440 3.31663423483071 1.29396959994717 0.85823871592499
   447 3.47641835309136 3.24696387527396 3.96299539160432
   457 1.50605150185255 0.63528236161279 2.60705377198332
   460 2.41638753992236 3.52062594265762 0.50515375235458
   473 3.48061066200502 0.19705392896970 1.74194041620398
   481 2.29658638471521 1.98084344528843 1.98630401438289
   488 0.07056595574956 3.74564714812324 2.09985656088990
   489 0.21201059571679 3.57739420578258 2.04524919968851
   500 2.13889477882860 2.11175859468536 1.25900011539750
   502 2.24697433186861 2.30251276923029 1.10323918270990
   510 2.25975198913180 2.77433443481835 1.95498371644108
   513 0.00545364807426 3.02102820368465 0.56129630347205
   519 0.17206439962763 2.94798793812240 2.64867719871925
   524 1.46724729908437 1.05830268767370 1.62701320240237
   529 1.47160964523848 2.73457947001225 3.09497299194945
   538 2.79440490628340 3.22952815866847 0.21328813784992
   544 0.18802151318252 0.67526783790528 1.74757497131171
   545 3.90393727233835 0.36404387065354 1.88722006696550
   553 2.91545921607119 2.68570484051655 2.27158770439589
   557 0.80055648205514 1.40323695424041 2.73062537646598
   559 0.34906790052344 1.26647667677891 2.70868304725391
   568 2.90409642442513 2.92592103371155 2.60017304636359
   569 3.12850132341541 2.91844578682322 3.00590913086347
   571 2.93276118432229 3.72637691469806 0.64678795706394
   573 1.44396267775230 0.46819261484996 0.20751188041848
   581 0.52237090853284 2.41754193791234 2.59181176477262
   582 0.57366543636456 2.04629105781185 2.90186335012523
   587 2.94271039235737 1.70065063279882 0.10127078297177
   605 0.74533234003579 3.23242144079091 0.47701518789063
   611 3.51409118545054 0.44689862788772 1.89117650183228
   625 0.96581507154844 2.92515700204742 1.04666281194448
   629 3.28505093430267 0.56761780392398 2.78246549658408
   630 3.18171369288962 0.21572278081787 3.08659069778636
   635 3.17013455272463 3.03002228832600 3.05065369623050
   636 3.17557824867922 3.37342811757994 2.78704481642714
   640 1.90924373212585 1.37548943019503 3.41496930276040
   645 1.34310118936941 3.96102696497934 1.87071918190946
   647 2.81468397388794 3.97017982278453 3.26645312941220
   648 2.84045304539122 3.41507224067199 3.57109478120224
   649 2.97373598692584 2.20130482994307 3.45697628169452
   650 2.96944053395475 2.14085426210782 3.97814814366575
   658 0.54219409254872 0.09912038024275 0.95895336707810
   660 3.64466668573251 2.51091812581259 0.74816704248398
   662 3.94980330397049 2.85429712336794 0.82607205925946
   663 0.02855173628506 1.15283244564800 2.96188297534349
   667 0.76382830733057 2.17640078358834 3.27125493577973
   668 3.86196363192364 3.12113872416238 2.95600281993240
   669 3.69522657918238 3.46098627316255 2.72365329152972
   673 3.25459779092795 1.20079646167966 3.56106957683255
   674 3.87110195981401 1.33996450563914 3.38934697717721
   678 0.58078094633671 2.95113730740556 0.48413651889108
   681 0.36230171200159 0.60153526121696 1.26800402144668
   691 2.37577690028564 1.84388288956262 1.81524637495391
   692 2.80772496330526 1.81262397845940 1.82930805359066
   695 0.92313833721480 1.30826615211764 2.33318659863270
   696 0.47457701639818 1.17019784473663 2.26565605015907
   698 1.62580651417608 2.62948856873948 2.96562889008743
   701 1.96624891915702 0.76974212093549 3.14574351042705
   711 2.68507177621093 3.43870014727014 0.56648334861763
   717 1.79794941017711 1.09781922314733 1.58031650584229
   718 1.97790662231637 0.88439535894837 1.41382131740105
   723 2.06617513462257 2.28926804234909 1.78818333532159
   724 1.49498598873833 2.29681690894603 2.19177823303894
   725 2.96983008168777 2.64632332193899 0.38728518585128
   726 3.47433499228431 2.55667420040051 0.30761698934712
   735 3.71644725866218 2.98185736241871 3.50093087708665
   736 3.47809766717856 2.90412857058236 3.12462197642103
   737 3.84169642041666 1.55181537115362 2.31477411914763
   738 0.13630406614036 1.38842684381648 1.93646952513388
   739 1.92283543189554 0.66449997330927 2.68408070998428
   740 2.08584987638463 0.87634857305573 2.55159062122525
   758 2.21966949578630 0.03118154144727 1.80344697016284
   760 3.35868152644233 2.38016307684190 3.29310704656429
   761 3.75082924505474 2.45853504095972 3.73600377104034
   762 0.24325094960643 1.78626687066932 0.02395406721726
   764 0.18112380857519 2.06658482277658 3.64263049185884
   777 3.32959853443190 0.17309185328226 3.83530663708859
   780 1.84242449716188 0.77933243097766 1.34327436027575
   783 1.75220607981175 3.79379710523111 1.91725463021437
   784 1.91757187996415 3.82998089749814 1.72911032657683
   791 1.94359477799286 3.03856660429662 2.26584062824210
   792 1.53057140757172 2.68399564949367 2.43775780419341
   795 3.67568538189424 2.84975833189451 0.14476264723161
   796 3.84165365782185 2.69734867410695 3.75819290633134
   797 1.90850358031430 1.61019705476747 2.43127246254136
   798 1.51229793848695 1.86929324709946 2.50832100622694
   799 3.55214191278726 3.56586127614002 0.11008412306983
   800 3.27993440644307 3.65821264331890 0.11183080150878
   806 0.94275858681998 3.21530680879669 0.07519445189734
   816 0.58578136672966 1.84938967856149 0.07605607913254
   817 0.53041748632888 2.17679845644763 3.61778009775201
   819 0.18943697998756 2.47282429700353 2.48726484403451
   821 1.33249086233175 2.73555154180991 1.15976238094818
   822 0.61527911890759 2.95181107582562 2.86529319461340
   826 3.14606960357060 0.64065688925767 0.75027818867725
   837 2.94422064819679 0.44023084596682 0.39233674955565
   838 2.52456992990955 1.28173417718988 0.65734150610676
   839 3.03497505830633 0.92623331121359 0.89046811758119
   842 1.13639682733452 3.84805242640436 3.58317526851534
   844 0.98423165842760 3.79764821442147 3.16848439393263
   847 3.83501750137289 2.13402049856696 0.80606166598410
   854 0.44177111541392 3.09059651957794 3.26939768518741
   862 1.79175783694378 3.19982646104869 3.47087730922769
   866 1.62180660136713 1.37248926670236 0.21794474033507
   869 3.75890296910442 0.15867117853901 3.78348140552089
   870 3.91246298476692 0.46317581697096 0.00525897252219
   871 3.85745237238820 3.51902787070911 0.56732456892056
   874 0.70903385235287 2.79594543565025 2.85177592563053
   877 3.89053285492715 3.88742543125893 3.88451625160713
   881 2.36455928522029 1.19096754313152 0.39668930682137
   882 2.79678682048196 3.71455899387452 1.76236458337356
   883 2.95121859093007 3.76020020294915 1.98023314274969
   884 1.96119039982614 1.17561910632980 0.56285845735927
   885 1.79410697569713 0.87197282000919 0.60376699012308
   890 3.21935922436434 1.07342963731427 1.65075617508154
   899 3.26590359889015 0.85099006689311 2.86323310269292
   900 3.04783595742708 1.01156486412969 3.43309072030074
   903 2.94192052267683 0.62407122472582 3.61811593220581
   904 3.22606864302146 0.45025783800409 3.98898931406921
   905 2.47014838764963 1.89176214801649 2.83562888411701
   907 0.89702465430857 1.64447122386829 0.33559476011184
   908 0.74626821003540 1.68750162209416 0.07045362221381
   909 1.77570520172592 3.33346733308103 1.92616199119845
   910 2.00670955230572 3.36429219346800 1.65870343871496
   911 2.62785522173990 1.00488170203914 3.57913029926806
   912 2.41871195161176 1.39918929438372 0.08879206006738
   913 2.24523600711362 1.16314610333962 2.92861894673278
   914 2.11189116300066 1.60367592056396 2.83555543471640
   915 3.34300403311021 1.01410131220816 1.77988543851803
   916 3.97073418402654 1.15380419431458 1.69081033047445
   917 0.00809975313888 3.33393827321376 2.18510546715183
   918 3.84919749986113 3.46743061080627 2.25525596343836
   920 1.17177812916678 0.52095584899601 1.70484458772002
   922 2.66531202713083 0.68300832171277 3.68174958794628
   923 2.56241588437020 0.62224413128131 0.17786830085793
   926 0.13859784345934 3.66884072948058 3.38807703532663
   927 3.97316486847647 0.07868276947433 3.13516728396839
   928 1.42696411634196 0.90881222123381 1.53334371091154
   933 2.29395732484235 0.27289615013811 2.34910296421065
   938 1.83598628779316 2.39387227532487 0.72544089124458
   941 0.79639049483075 3.62847098690284 3.74893018767487
   942 0.60420415018475 3.55161271857042 3.40348613654860
   946 2.31410668070460 0.91738563643516 1.92894505037567
   948 3.01517451117201 1.19375735375328 1.88665584708336
   949 3.26712162595316 2.82139418286773 1.76429258299009
   952 3.39576677343998 1.41872628164316 1.17372595330276
   954 3.91798249361725 3.02219108030510 1.90418987415404
   955 0.12493455045952 2.44296861701384 2.11732105602803
   957 0.88671292015914 3.97787984204266 2.35336048622288
   958 1.06744926456626 3.98171680976849 2.75126453306093
   959 1.29760225568530 3.27662355820497 0.07663767754663
   960 1.54963918664472 2.97480944029084 3.90265057475377
   966 2.34320834487931 0.72524361933081 2.33245910336619
   970 2.66497723282414 0.10602562879239 2.44451104890935
   971 2.62962020180145 3.93600222059090 2.66146970971155
   972 0.02025395015712 0.01177429487558 1.33860741637027
   977 1.46918278159421 0.36527627937058 3.82138716170401
   978 1.18731715855482 0.29542269744093 3.69569919250140
   980 2.09489271083497 0.21137531476649 2.54466954523796
   982 1.21769639502221 0.17955602140643 2.15442450990405
   983 1.43250111014455 0.21538574968171 2.47383140442458
   984 1.86585022509559 0.02428195766790 2.45546448339270
   989 3.84331355824957 3.98873943934953 1.13925280646959
   992 0.46931831210681 2.81329125129346 1.44587247586511
   995 3.13851962264101 3.68430401653312 1.04247238246297
   997 0.25152364092459 3.82481360298868 0.48258264718137
   998 0.27210728751898 0.02615835842117 0.61745830984659
  1000 0.30405606770793 2.20414413827312 0.96632636666365
  1001 0.38725613768379 2.63583040145661 0.99472958198377
  1002 0.26974577728066 3.96404361777577 0.24173604883493
  1003 0.28245255889981 0.12194516979198 0.30293242373072
  1007 2.82647329489907 1.72236111523160 2.90139040105129
  1010 0.27163360820309 3.51920410641081 1.68089347529487
  1011 0.09654367180218 3.15043756703480 1.59557239256519
  1012 3.23025418059347 2.16633111281803 1.42338055873513
  1015 3.75656323495204 3.15538860217872 1.19655858652084
  1016 3.67578467489083 3.60608397620718 0.98593241019125
  1018 3.10049231972688 0.56167014219226 2.47979761623027
  1019 3.06979332977840 1.90452635852968 3.24881731462625
  1020 3.07121647784456 1.33550286307597 3.55928933416557
  1021 2.92886432245789 1.11633706421431 3.43130974032308
  1022 2.75772888663628 1.23420060916799 2.96896717795148
  1023 2.21994916356885 0.00835098902036 2.74493439232522
  1026 0.67662141523919 2.70244891490671 0.80854176286767
  1028 3.76265387793871 2.04445286467808 2.33488683594480
  1030 3.05356469906812 1.00944970733980 2.63697991335853
  1032 3.24425898744170 1.35631537173091 2.32081239553659
  1036 3.87348214844343 2.18790967270038 2.06339484399927
  1037 3.32017530598349 2.38929895644898 1.88160644299668
  1038 2.96832931037681 0.85380906480731 2.44439456733165
  1039 3.13598776123913 1.13883589623583 2.03654077073422
  1040 3.69701607286925 1.87895387113789 1.19181917654048
  1043 1.01555648043041 3.56086134750467 1.91690611951854
  1047 2.72681718968897 2.95219005053739 1.18552408818754
  1048 0.75113785865278 3.48497191727937 1.56320236149617
  1049 0.83853700771443 2.99210114167773 1.41235345683467
  1050 3.19316218883167 2.87388499803992 1.41801929932379
  1051 2.91425597334282 3.06385812292723 1.38055311496195
  1057 1.65582255037844 3.48290776579133 3.13018597238133
  1059 1.98808198054035 3.77171615730269 2.68997066717935
  1060 3.15603253711105 2.54733246601027 1.18055152820664
  1061 2.87154288549492 2.59083145793199 1.02809407066206
  1071 1.27932818898524 2.45024347573525 3.73558600950585
  1073 1.19915325173739 1.60081673642729 3.37173829197329
  1091 0.67537832689908 0.56717358771685 1.19496530517676
  1096 0.70764459873638 0.22069074048022 0.96862368210928
  1097 0.93747656631378 0.54767750096597 0.43827805339235
  1098 1.73184035316629 3.07246434561628 3.20581850906874
  1100 1.30475439364864 2.45720679387227 3.33908573447321
  1101 0.83212372120290 2.41566200818280 3.31338746473146
  1105 1.67956156214320 1.35011081635096 3.50819009708569
  1106 1.61562252957594 0.82338426237411 3.33007461189725
  1109 1.72606386024004 3.52442320910319 3.40678900773192
  1113 0.72909821110532 2.77823993464631 3.97979525189751
  1115 0.82282645557639 2.53141541989580 3.90534771898505
  1120 1.41069781771835 3.73741315314411 3.69551338071993
  1121 1.61407778963445 0.17960498609083 3.87374131158212
  1122 0.51288312484043 2.69729658267831 3.68312918854781
  1123 0.64366593554280 2.48855404330706 3.64060887577824
  1124 0.71382609152009 0.90946019112804 3.32126806159889
  1125 1.07401656593290 0.55334831736659 3.25194327181446
  1127 1.28199265620350 0.76645920408561 3.11398556986204
  1128 0.98552506625862 1.13518881040458 3.14094045700848
  1131 1.45579317971432 1.88130584136427 0.43854216619234
  1133 2.32708381069719 2.24970372856847 0.06007608237351
  1134 1.90343311288126 2.39428634335582 0.23796597835627
  1135 2.06322908430826 1.53161402588270 3.93474017475154
  1136 1.70864816248158 1.35947454007077 0.33346937448848
  1137 1.95753792477554 1.91822904874601 3.86688842197065
  1138 1.66277114580513 2.10493587700182 0.06282661541192
  1140 2.37482791674260 2.65147566917611 3.03507548734727
  1141 2.53386080057010 2.79382847732090 2.61953446414558
  1142 0.63833483189033 1.13486868340924 0.94317661373377
  1143 0.72476126613841 1.20377240463616 0.50136062484115
  1145 1.92945905697671 2.85036292054662 2.98706185063002
  1146 2.09660254147430 3.09458133379783 2.57107001181965
  1147 0.95903502073699 0.90162252622095 0.61060265202879
  1148 0.82919250196389 0.92672747458044 0.98549374082308
  1164 3.08926662796291 1.86177811192789 2.44261181092541
  1166 2.89790114666348 2.05793059065611 2.20756106181360
  1167 3.38357887187374 2.16268406996209 2.45110694190121
  1168 3.13422184986952 2.33834544170137 2.19868008892564
  1169 2.03828672452332 0.04501891447801 0.80133307765298
  1170 2.35763912724895 3.95459295098260 0.57666073425775
  1172 2.19849378368886 0.25375325859860 0.26649345698858
  1173 1.92686977845293 0.32985006132913 0.43823274637658
  1174 0.02100030625931 1.30505437671470 1.40026158857456
  1176 0.23555286957256 1.02655368068792 1.09057674582055
  1177 3.57532874023392 1.45813090832770 1.12377629446934
  1205 2.90733907295187 0.14948419018290 1.12075898860037
  1206 3.07243147245479 0.37708460305836 1.11889508935257
  1212 3.06194105892440 3.98886173180322 1.23926707145555
  1213 3.27070270435936 0.15419293989453 1.27392351086341
  1229 0.89453416042767 1.71401575415971 1.86930904886307
  1238 0.76445220511271 1.58325514061880 1.17628735058832
  1239 1.09164327394089 1.60401198092682 1.46612279883471
  1332 1.54088843658107 2.05022709224584 0.77642235012551
  1333 1.78580116889906 1.90976818740916 1.13046705763350
  1335 1.42727638380591 2.00156674186809 1.29912153529949
  1336 1.39355796455642 2.23576372694703 0.99306023695948
  1337 1.28214022825472 3.12828376692035 1.94462724568301
  1339 1.12926376685532 2.84465081458150 1.62677911943416
  1345 1.17757531220003 2.84951351062536 2.39563260859404
  1346 1.02986096507245 2.47777859630456 2.09360119994430
  1352 1.93094773776351 3.38985481516727 0.86553301278510
  1354 1.99499982355949 3.13555824016979 1.20586534767965
  1355 1.67144041864136 3.17096216627115 0.70500824064968
  1356 1.66962341827888 2.86503254445958 0.99700906709206
  1377 2.13877918941423 3.85718309995994 3.53814298535332
  1378 2.05544315917151 0.12678942010175 3.71632852371007
  1385 2.24877753147530 0.32319792647585 3.44717159829820
  1386 2.32226131267066 0.07954144014065 3.29776390498982
  1395 3.53201706228848 1.50579040848541 0.45639957147202
  1396 3.75318705751681 1.24215013983863 0.30802446146182
  1400 3.49668356107191 1.32346334402447 0.78359915530476
  1401 3.71028446286434 1.08126569070895 0.63320742197915
  1437 0.27495208579176 1.72164789775108 1.51758350769125
  1439 0.30116888433722 1.73685887290853 1.63914431878965
  1440 0.20645166501209 1.84905963011056 1.48998678928410
  1441 0.23350645438052 1.89055103755694 1.65314154077821
  1450 2.32227948819289 3.00368545101030 3.90692101318724
  1451 2.48232377627017 3.25111651850437 0.02059699070344
  1455 2.32273252674703 3.10677729611322 3.67128091944802
  1456 2.45385534816809 3.32446410774777 3.74667491186256
  1458 0.82897250661251 1.75937138795568 0.95960689533465
  1459 1.04824487969456 2.09788826568692 0.72300181872184
  1460 0.67835090100177 2.08789593290481 0.70173850298009
  1461 0.81882016706105 2.25264372318411 0.64676300025259
edges 766
16      2      0
17      0      8
32     16     41
33     41     37
34     37     18
84     58     59
85     59     52
93     59     47
101     76     72
102     72     14
111     72     69
177    115     47
181     59      0
189    115      8
218    143    139
224    134    136
225    136    147
229    140    136
231    143    140
232    149    156
246    152    163
247    163    157
272    171    191
273    191    169
284    185      2
292    177    180
293    180    185
295    171     18
303    174    177
313    199    198
363    220    215
382    230    243
389    241    236
390    236    243
391    231    240
395    231    241
398    235    240
419    254    174
433    260    261
438    264    261
486     16    295
487    295    290
496    295    288
501    292    288
524    260    199
526     58    185
537    310    191
544    195    311
553    311    315
554    315    310
584    264    332
588    163    336
596    339    284
597    311    339
612    354    346
623    347    346
624    354    315
625    343    347
629    243    356
632    147    356
636    343    143
641    365    358
642    358    364
669    139    347
690    376    241
700    214    380
736     41    396
737    396    394
760     11    364
766    403    336
767    399    403
774    157    405
775    405    403
776    119    410
782    406    410
785    408    288
786    406    408
825    410    220
835    365    422
839    425    215
843    425    422
844    396    295
849    406    425
850    394    408
886    169    436
890    439    440
892    230    439
895    241    439
921    413    447
947    171    457
998     36    473
1021    156    481
1042    488    489
1045     36    488
1048     16    488
1049     14    489
1079    500    502
1081    231    500
1083    236    502
1086    198    502
1109    199    510
1112    149    510
1153    191    524
1172     69    529
1194    413    538
1214    544    545
1218     36    545
1220     37    544
1221     41    545
1242    149    553
1243    261    553
1256    557    559
1260    394    559
1261    354    557
1263    399    559
1289    568    569
1290    553    568
1292    332    568
1293    152    569
1294    134    569
1301    300    571
1307     52    573
1308    277    573
1333    581    582
1336    339    581
1337    403    582
1339    354    582
1355    230    587
1410    115    605
1431    545    611
1432    473    611
1476    115    625
1486    629    630
1487    396    629
1490    290    630
1491     98    630
1492    429    630
1507    635    636
1510    569    635
1512    429    636
1513    332    636
1525    343    640
1528    432    640
1540      2    645
1546    647    648
1547     98    647
1549    429    647
1550    413    648
1552    635    648
1553    649    650
1554    136    649
1557    356    650
1558    587    650
1559    380    650
1584      8    658
1586     11    658
1591    660    662
1595    513    662
1602    394    663
1605    399    663
1612    346    667
1614    582    667
1615    668    669
1617    519    668
1618    291    668
1619    636    669
1621    290    669
1631    673    674
1634    422    673
1635    405    674
1636    663    674
1637    425    674
1648    513    678
1649    605    678
1658    544    681
1660     11    681
1691    691    692
1692    481    691
1693    436    691
1694    231    691
1697    376    692
1705    695    696
1706    310    695
1707    557    695
1708    171    695
1710    559    696
1711     37    696
1716    139    698
1718    529    698
1729    432    701
1760    571    711
1761    538    711
1762    460    711
1779    717    718
1780    524    717
1781    436    717
1782    240    717
1784    174    718
1785    235    718
1800    723    724
1801    481    723
1802    510    723
1803    500    723
1806    195    724
1807    725    726
1808    356    725
1809    538    725
1811    380    726
1813    660    726
1839    735    736
1841    447    735
1842    291    735
1843    152    736
1844    635    736
1845    668    736
1846    737    738
1847    399    737
1850    696    738
1853    739    740
1855    701    739
1856    457    739
1859    169    740
1920    177    758
1922    760    761
1923    152    760
1924    649    760
1925    157    760
1927    380    761
1930    762    764
1932    214    762
1934    761    764
1935    215    762
1937    405    764
1980     98    777
1988    180    780
1989    718    780
1998    783    784
2001    645    783
2002    758    784
2004    185    784
2023    791    792
2024    510    791
2027    724    792
2028    698    792
2037    795    796
2038    726    795
2039    513    795
2040    447    795
2041    761    796
2043    735    796
2044    797    798
2045    169    797
2046    481    797
2048    315    798
2049    724    798
2050    347    798
2051    799    800
2054    447    799
2055    571    800
2056    777    800
2057    413    800
2077    605    806
2106    816    817
2108    762    816
2110    667    817
2111    764    817
2117    581    819
2118    519    819
2119    336    819
2126    625    821
2130    519    822
2133     72    822
2142    358    826
2173    826    837
2176    300    837
2177    838    839
2178    439    838
2180    235    838
2181    440    839
2182    826    839
2183    254    839
2192    842    844
2196     76    844
2199    292    844
2208    660    847
2210    214    847
2232    822    854
2233    291    854
2270    277    866
2278    869    870
2281    406    870
2283    777    869
2284    365    870
2286    513    871
2287    799    871
2296    581    874
2297    822    874
2298     69    874
2307    799    877
2308    869    877
2318    838    881
2322    882    883
2324    758    882
2325    260    882
2326    473    883
2328    264    883
2329    884    885
2331    881    884
2332    235    884
2333    277    885
2335    780    885
2352    254    890
2377    899    900
2378    663    899
2380    629    899
2381    673    900
2391    903    904
2392     98    903
2394    900    903
2395    777    904
2396    837    904
2397    365    904
2399    140    905
2401    156    905
2405    907    908
2407    866    907
2409    220    908
2411    816    908
2412    909    910
2413    791    909
2414    783    909
2416    199    910
2417    784    910
2419    911    912
2420    432    911
2424    881    912
2425    230    912
2426    913    914
2427    432    913
2429    740    913
2430    343    914
2431    905    914
2432    797    914
2433    915    916
2434    611    915
2435    890    915
2437    544    916
2439    738    916
2440    917    918
2442    519    917
2443    489    917
2444    264    918
2445    669    918
2446    488    918
2451     18    920
2454      2    920
2456    922    923
2458    911    922
2459    903    922
2461    881    923
2462    837    923
2470    926    927
2472    877    926
2473    291    926
2474    288    927
2475    869    927
2476    290    927
2478    780    928
2479    920    928
2480    524    928
2495    758    933
2513    502    938
2521    941    942
2523    842    941
2524    806    941
2525    926    942
2526    844    942
2527    854    942
2538    946    948
2540    174    946
2542    890    948
2543    436    946
2545    692    948
2549    261    949
2556    890    952
2557    440    952
2558    376    952
2562    954    955
2564    949    954
2565    917    954
2566    284    955
2568    819    955
2571    957    958
2573     14    957
2574     76    958
2576     16    957
2577    292    958
2578    959    960
2579    806    959
2580     47    959
2583     61    960
2584    862    960
2602    740    966
2603    946    966
2604    933    966
2615    970    971
2617    933    970
2618    883    970
2619    429    971
2621    332    971
2625     36    972
2628     11    972
2638    977    978
2641    573    977
2642    842    978
2644    119    978
2649    739    980
2652    933    980
2654    982    983
2655     18    982
2656    957    982
2657    645    982
2658    457    983
2659    958    983
2662    783    984
2663    980    984
2664    983    984
2679    364    989
2680    972    989
2690    284    992
2696    571    995
2702    997    998
2704    605    997
2705    658    998
2707    871    997
2708    364    998
2711   1000   1001
2714    992   1001
2716    847   1000
2717    662   1001
2718   1002   1003
2719    877   1002
2720    997   1002
2721    941   1002
2722    870   1003
2723    998   1003
2724    119   1003
2740    905   1007
2743   1010   1011
2744    489   1010
2746    972   1010
2747    954   1011
2748    992   1011
2756    376   1012
2759   1015   1016
2760   1011   1015
2762    662   1015
2763    989   1016
2764    995   1016
2765    871   1016
2770    629   1018
2771    970   1018
2772    611   1018
2773   1019   1020
2774    649   1019
2775   1007   1019
2776    157   1019
2777    587   1020
2779    673   1020
2780   1021   1022
2781    911   1021
2782   1020   1021
2783    900   1021
2784    913   1022
2785   1007   1022
2788    980   1023
2790    971   1023
2798    678   1026
2799   1001   1026
2800    625   1026
2805    737   1028
2808    336   1028
2811   1030   1032
2813    899   1030
2815    737   1032
2816   1022   1030
2828   1036   1037
2829    955   1036
2830   1028   1036
2832    949   1037
2834   1012   1037
2835   1038   1039
2836    966   1038
2837   1030   1038
2838   1018   1038
2839    948   1039
2840   1032   1039
2841    915   1039
2843    847   1040
2845   1012   1040
2853    645   1043
2856     14   1043
2863    198   1047
2866    711   1047
2867   1048   1049
2868   1010   1048
2869   1043   1048
2870      8   1048
2871    992   1049
2873    625   1049
2874   1050   1051
2875   1015   1050
2877    949   1050
2878    995   1051
2879   1047   1051
2880    260   1051
2898   1057   1059
2900     76   1057
2902    984   1059
2905   1023   1059
2906   1060   1061
2907    660   1060
2908   1050   1060
2909   1012   1060
2910    725   1061
2911   1047   1061
2912    236   1061
2942    960   1071
2950    346   1073
2953    908   1073
3006    681   1091
3007    920   1091
3020   1096   1097
3021      0   1096
3022   1091   1096
3023    658   1096
3024    573   1097
3026    119   1097
3028    862   1098
3029   1057   1098
3030    529   1098
3034   1100   1101
3035    139   1100
3036   1071   1100
3037    529   1100
3038    667   1101
3040    874   1101
3050   1105   1106
3051    866   1105
3052   1073   1105
3053    640   1105
3054    977   1106
3056    701   1106
3067    862   1109
3070   1057   1109
3077    678   1113
3080    806   1113
3083   1071   1115
3084   1113   1115
3098   1120   1121
3099    842   1120
3100   1109   1120
3101    959   1120
3102    977   1121
3104     52   1121
3105   1122   1123
3106    854   1122
3107    796   1122
3108   1113   1122
3109   1101   1123
3110    817   1123
3111   1115   1123
3112   1124   1125
3115    410   1124
3116    978   1125
3118    408   1124
3119    292   1125
3121   1127   1128
3122    457   1127
3123   1125   1127
3124   1106   1127
3125    557   1128
3126   1124   1128
3127   1073   1128
3139   1133   1134
3141    147   1133
3142     61   1134
3144    243   1133
3145    938   1134
3146   1135   1136
3147    912   1135
3149    640   1135
3150    884   1136
3151   1131   1136
3152    866   1136
3153   1137   1138
3154   1135   1137
3155   1133   1137
3156    143   1137
3157   1131   1138
3158   1134   1138
3159   1071   1138
3162   1140   1141
3164    140   1140
3165    149   1141
3167    134   1140
3168    568   1141
3169   1142   1143
3173    907   1143
3176    220   1143
3178   1145   1146
3179   1098   1145
3180   1140   1145
3181    698   1145
3182   1059   1146
3183   1141   1146
3184    791   1146
3185   1147   1148
3186   1097   1147
3187   1143   1147
3188    277   1147
3189   1091   1148
3190   1142   1148
3191    928   1148
3241   1164   1166
3243   1007   1164
3245    156   1166
3246   1032   1164
3248    692   1166
3249   1167   1168
3250   1028   1167
3251   1164   1167
3252    163   1167
3253   1037   1168
3254   1166   1168
3255    553   1168
3256   1169   1170
3259     58   1169
3260    460   1170
3262    180   1169
3263    300   1170
3265   1172   1173
3266    923   1172
3267   1170   1172
3269    885   1173
3270   1169   1173
3271     52   1173
3273   1174   1176
3275    916   1174
3277    681   1176
3280   1142   1176
3282   1040   1177
3283   1174   1177
3284    952   1177
3370   1205   1206
3372    177   1205
3373    254   1206
3375    300   1205
3376    826   1206
3393   1212   1213
3394    882   1212
3395    995   1212
3396   1205   1212
3397    473   1213
3398    989   1213
3399   1206   1213
3446    311   1229
3449    310   1229
3475   1238   1239
3476   1142   1238
3479    524   1239
3480   1229   1239
3777   1332   1333
3780    938   1332
3781    500   1333
3783   1131   1332
3784    240   1333
3786   1335   1336
3787   1239   1335
3788   1333   1335
3789    195   1335
3791   1332   1336
3792    821   1336
3794   1337   1339
3796    909   1337
3798    821   1339
3799   1043   1337
3801   1049   1339
3818   1345   1346
3819   1337   1345
3820     69   1345
3821    792   1345
3822   1339   1346
3823    339   1346
3824    195   1346
3842   1352   1354
3844    460   1352
3846    198   1354
3847     58   1352
3849    910   1354
3850   1355   1356
3851     47   1355
3852   1352   1355
3853     61   1355
3854    821   1356
3855   1354   1356
3856    938   1356
3921   1377   1378
3925   1172   1378
3927   1109   1377
3928   1121   1378
3946   1385   1386
3947    922   1385
3948   1378   1385
3949    701   1385
3950    647   1386
3951   1377   1386
3952   1023   1386
3978   1395   1396
3980    587   1395
3981    214   1395
3983    422   1396
3984    215   1396
3994   1400   1401
3995   1395   1400
3996    440   1400
3997   1177   1400
3998   1396   1401
3999    358   1401
4000   1176   1401
4114   1437   1439
4116   1238   1437
4118   1229   1439
4119   1174   1437
4121    738   1439
4122   1440   1441
4123   1040   1440
4124   1437   1440
4125   1000   1440
4126   1036   1441
4127   1439   1441
4128    284   1441
4154   1450   1451
4155    147   1450
4157     61   1450
4158    538   1451
4160    460   1451
4170   1455   1456
4171    862   1455
4172    134   1455
4173   1450   1455
4174   1377   1456
4175    648   1456
4176   1451   1456
4179   1458   1459
4181    907   1458
4182   1131   1459
4184   1238   1458
4185   1336   1459
4186   1460   1461
4187   1000   1460
4188   1458   1460
4189    816   1460
4190   1026   1461
4191   1459   1461
4192   1115   1461
polygons 447
0   1540   2451   2454   2655   2657
3     16     17   1540   2853   2869   2870
4     16   2454   3007   3021   3022
5   2573   2656   2657   2853   2856
7     32     33     34   2576   2655   2656
10   1584   1586   2628   2746   2868   2870
11     17   1584   3021   3023
13   1586   1660   3006   3022   3023
15   1214   1218   1658   1660   2625   2628
16   1049   2744   2856   2868   2869
17   1042   1048   1049   2573   2576
18     32   1045   1048   1218   1221
19     34   1220   1658   2451   3006   3007
21   1042   1045   2625   2744   2746
22     33   1214   1220   1221
23   3844   3852   3853   4154   4157   4160
27   3260   3267   3921   3925   4160   4174   4176
28     84     85   3259   3270   3271
29   3256   3259   3260   3844   3847
30   3104   3265   3271   3925   3928
31   2578   2584   3067   3100   3101
32     85     93   2580   3098   3101   3104
33     93     84   3847   3851   3852
34   2578   2580   2583   3851   3853
36   2583   2584   4157   4171   4173
37   2574   2659   2664   2898   2900   2902
38    101    102   2571   2573   2574
39   2001   2414   2853   3796   3799
40   2023   2413   3796   3819   3821
42    102    111   2856   3799   3819   3820
43   2413   2414   2662   2902   3182   3184
44   1172   1718   2028   3820   3821
45    111    101   1172   2900   3029   3030
47   1486   1492   2615   2619   2770   2771
48   2380   2770   2813   2837   2838
49   1491   1492   1547   1549
51   2394   2458   2459   2781   2783
54   1547   2392   2459   3946   3947   3950
56   1729   2420   2458   3947   3949
57   1549   2619   2790   3950   3952
58   1853   2602   2604   2649   2652
60   2420   2427   2780   2781   2784
61   1729   1853   1855   2427   2429
62   2429   2602   2784   2816   2836   2837
63   1486   1491   2377   2380   2392   2394
67    177   1410   2077   2579   2580
68   1307   2641   3102   3104
69     85    181   1307   3020   3021   3024
70   2638   2641   2644   3024   3026
71    177    189     17    181     93
73    189   1410   1584   2702   2704   2705
75   2638   2642   3098   3099   3102
76   2523   2524   2579   3099   3101
77   2523   2642   2644   2718   2721   2724
78   2705   2723   2724   3020   3023   3026
81   2077   2524   2704   2720   2721
82   2583   2942   3142   3158   3159
83   1716   1718   3035   3037
84    218   3035   3036   3153   3156   3159
85   3139   3141   3142   4155   4157
86   2584   2942   3028   3030   3036   3037
87    224    225   4155   4172   4173
88    229    224   3164   3167
89   3028   3167   3179   3180   4171   4172
90    218    231   1716   3164   3180   3181
91    229    231    225   3141   3155   3156
92    232   1242   3245   3254   3255
93    232   2399   2401   3162   3164   3165
94   1242   1290   3165   3168
95    246    247   1923   1925
96    224   1293   1294   1554   1923   1924
97   1924   1925   2774   2776
100   1289   1294   3162   3167   3168
101    246   1289   1290   1293   3249   3252   3255
102   2401   2740   3241   3243   3245
103    247   2775   2776   3243   3251   3252
104    229   1554   2399   2740   2774   2775
107   1856   2649   2658   2663   2664
108    272    273    947   1853   1856   1859
109    273    886   1153   1780   1781
110    886   1859   2543   2602   2603
111    284   1540   1998   2001   2004
112    292    293   1920   2002   2004
114    295    272   1153   2451   2479   2480
115    295    947   2654   2655   2658
119    303   1920   2495   2540   2603   2604
121   1779   1780   1989   2478   2480
122    292    303   1784   1988   1989
123   1779   1781   1784   2540   2543
124    284    293   1988   2454   2478   2479
125   1998   2002   2495   2652   2662   2663
126    313   1079   1086   1109   1802   1803
127   1800   1803   1806   3781   3788   3789
128   1086   2513   3846   3855   3856
129   1109   2024   2412   2413   2416
130   1806   2027   3818   3821   3824
131   2412   3794   3796   3798   3849   3854   3855
133   3786   3789   3792   3798   3822   3824
134    313   2416   3846   3849
135   1932   2108   2210   2716   4187   4189
136   2210   2843   3282   3981   3995   3997
139   3273   3280   3476   4116   4119
141   2405   2411   4181   4188   4189
143   3169   3173   3476   4181   4184
145    363   3169   3176   3280   3984   3998   4000
146   2405   2409   3173   3176
148   1932   1935   3978   3981   3984
149    363   1935   2108   2409   2411
150   4116   4124   4125   4184   4187   4188
151   2578   2579   2942   3080   3083   3084
152   1172   2298   3034   3037   3040
154   3028   3029   3067   3070
155   2192   2196   2900   3070   3099   3100
156    101   2133   2196   2232   2526   2527
159    111   2133   2297   2298
160    892   2178   2318   2424   2425
161    382   2425   3144   3147   3154   3155
162    389    390    382    892    895
163    391   1081   3781   3784
164    395    398    391    895   2178   2180
165    389    395   1079   1081   1083
166    390   1083   2513   3139   3144   3145
167   2331   2424   3146   3147   3150
169    398   2332   3150   3151   3777   3783   3784
171   2180   2318   2331   2332
173   1432   2352   2434   2435   3373   3397   3399
174   1920   2324   3372   3394   3396
176    419    303   3370   3372   3373
178    419   2352   2538   2540   2542
179   2435   2542   2839   2841
180   1432   2326   2618   2771   2772
181   2434   2772   2835   2838   2841
182   2325   2878   2880   3394   3395
183    433   2549   2874   2877   2880
184    438    433   2322   2325   2328
185    438   2440   2444   2549   2564   2565
186   2443   2565   2743   2744   2747
187   2564   2747   2760   2875   2877
188    998   2625   2680   3397   3398
191    998   1045   2326   2328   2444   2446
192   1528   1729   3050   3053   3056
193   2270   2329   2333   3150   3152
194   2456   3266   3925   3947   3948
195   1307   1308   2333   3269   3271
199   1308   2270   2641   3050   3051   3054
200   3054   3056   3102   3928   3948   3949
201   2714   2717   2748   2760   2762
202   2690   2711   2714   4122   4125   4128
203   2832   2834   2877   2908   2909
204   2208   2843   2845   2907   2909
205   2566   2829   4126   4128
207   2562   2566   2690   2747   2748
210   2196   2199   2574   2577
211    486    487   1048   1621   2445   2446
212    102   1049   2130   2133   2442   2443
213   1617   1618   2130   2232   2233
214   1615   1618   1621   2470   2473   2476
215    487    496   2474   2476
216   2233   2473   2525   2527
217    501    496    486   2571   2576   2577
219    501   2199   2470   2474   2525   2526
223   1301   2696   3375   3395   3396
224   1760   2696   2866   2878   2879
226   1301   1760   1762   3260   3263
227    292   3256   3262   3263   3372   3375
228   1762   2863   2866   3842   3844   3846
230    524   2002   2324   2325   2416   2417
231    313    524   2863   2879   2880
234    526   2004   2417   3842   3847   3849
235    293    526   3259   3262
240    537   1153   3449   3479   3480
241   1780   1782   3479   3784   3787   3788
243    544   3446   3480   3787   3789
244   1081   1692   1694   1801   1803
246    391   1693   1694   1781   1782
248    553    554   3446   3449
249    554    273    537   2044   2045   2048
250    544    553   1806   2048   2049
251    886   1692   1693   2045   2046
253   2039   2040   2054   2286   2287
254   1841   1842   2054   2307   2472   2473
255   1842   2043   2233   3106   3107
257   2472   2521   2525   2719   2721
258   1648   1649   2286   2704   2707
261   1293   1510   1843   1844
262   1289   1292   1507   1510   1513
263    438    584   1243   1290   1292
264    584   1513   1619   2444   2445
265    588   2808   3250   3252
266   1243   2549   2832   3253   3255
267   2119   2568   2808   2829   2830
268    588    246   1617   1843   1845   2118   2119
269   1507   1615   1619   1844   1845
270   2126   2873   3798   3801
271   2714   2799   2800   2871   2873
272    596   2690   2871   3801   3822   3823
273    544    597   3823   3824
274    596    597   3446   4118   4127   4128
275   1525   1528   2426   2427   2430
276    537    272   1706   1708
277   1859   2045   2426   2429   2432
279    612   1261   2950   3125   3127
280    947   1707   1708   3121   3122   3125
281   1855   1856   3056   3122   3124
284    623    612    624   2048   2050
285    625   2044   2050   2430   2432
286    623    625   1525   2950   3052   3053
287    624    554   1261   1706   1707
289   1355   2419   2425   2777   2781   2782
290    382    629   1355   1557   1558
291    632    629   3141   3144
294    636   1525   3149   3154   3156
295    231    636   2399   2430   2431
296    632    225   1553   1554   1557
297    641   2142   2173   2396   2397
298    642   2142   2679   3376   3398   3399
299    641    642   2284   2708   2722   2723
300   2679   2702   2707   2708   2763   2765
301   1301   2055   2056   2176   2395   2396
302   2051   2055   2287   2696   2764   2765
303   2173   2176   3370   3375   3376
304   2278   2283   2284   2395   2397
305   2270   2407   3173   3187   3188
306   2333   2335   2478   3185   3188   3191
307   3783   3791   4182   4185
309   1785   1989   2329   2332   2335
310   2480   3190   3191   3475   3476   3479
311   2407   3151   3152   4179   4181   4182
313    398   1779   1782   1785
314   1021   2046   2401   2431   2432
315    669   1716   2027   2028   2049   2050
316   1112   2024   3165   3183   3184
319    232   1021   1112   1801   1802
320    669    218    636    625
322   3142   3145   3850   3853   3856
323   1083   1086   2863   2911   2912
326   1761   1762   4158   4160
327   1761   1809   2866   2910   2911
328    629    390   1808   2910   2912
329    632   1808   1809   4154   4155   4158
331   1292   2621   2790   2905   3168   3182   3183
332   1512   1513   2619   2621
333   1294   1510   1552   4170   4172   4175
334    690    389   2756   2906   2909   2912
335   1557   1559   1807   1808   1811
336   1807   1813   2906   2907   2910
338    890    892   1355   3980   3995   3996
339    700   1558   1559   3980   3981
341   2558   2756   2845   3282   3284
342    690    890    895   2557   2558
343    700   1811   1813   2208   2210
345   2557   3284   3996   3997
348   1846   2433   2439   2815   2840   2841
349   2545   2839   2840   3241   3246   3248
350   2805   2815   3246   3250   3251
351   1697   2756   2834   3248   3253   3254
352   2439   3275   4114   4119   4121
353   1697   2542   2545   2556   2558
354   1846   2805   2830   4121   4126   4127
355    433    524   1109   1112   1242   1243
358    584   2328   2615   2618   2621
360   1263   1710   1846   1847   1850
361   1220   1711   1850   2437   2439
362   1260   1263   1602   1605
363     33    736    737   1260   1710   1711
364    736   1221   1431   1487   2770   2772
365    737   1487   1602   2378   2380
369   1605   1847   2378   2811   2813   2815
372   1410   1476   1649   2798   2800
373   3083   3157   3159   4182   4191   4192
376    177   1476   2126   3850   3851   3854
378    189   1476   2867   2870   2873
380   1595   2286   2759   2762   2765
382    760   1586   2705   2708
384   1595   1648   2717   2798   2799
386    760   2628   2679   2680
387    597    553    624   1333   1336   1339
388    596   1336   2117   2566   2568
389    766   1333   1337   2117   2119
390    767   1256   1261   1263   1337   1339
391    766    767   1847   2805   2808
393   1705   1706   1850   3449   4118   4121
395   2785   2811   2816   3243   3246
397   2381   2779   2782   2783
398    774   1631   1635   2773   2776   2779
399    775    767   1605   1635   1636
400    774    247    588    766    775
401    776   2644   3112   3115   3116
402    782    776   2281   2722   2724
403   2192   2199   2642   3116   3119
404    785    501   3112   3118   3119
405    782    786   3115   3118
406    786    785   2278   2281   2474   2475
407   2308   2470   2472   2475
408   1194   1760   1761   2055   2057
409   1194   1550   4158   4175   4176
411   1546   1547   1550   1980   2056   2057
412   2176   2462   3263   3266   3267
414   1980   2391   2392   2395
417   1612   2106   2110   2411   2950   2953
418    623    669   1612   3034   3035   3038
420   1591   1595   1813   2038   2039
422    921   2051   2054   2057
423    921   1194   1807   1809   2038   2040
424   1934   2041   2111   3105   3107   3110
425    774   1922   1925   1934   1937
426   1839   1843   1922   1923   2041   2043
427   1333   1614   2296   3038   3040
428   2117   2118   2130   2296   2297
429   1618   1839   1842   1845
430    775   1337   1614   1937   2110   2111
432   2638   3054   3116   3123   3124
434   2577   2658   2659   3119   3122   3123
436   1553   1559   1922   1924   1927
437   1811   1927   2037   2038   2041
439    921   1550   1552   1839   1841   1844
440   1490   1492   1512   1619   1621
441   1490   1491   1980   2283   2475   2476
444   1336   2296   2298   3818   3820   3823
445   1988   2335   3262   3269   3270
446   1308   3024   3186   3188
447    284    526     84    181     16
449    776    825   3026   3176   3186   3187
450    825   2409   2953   3115   3126   3127
454   2173   2177   2182   2318   2461   2462
456   1634   2777   2779   3978   3980   3983
458    835   1634   2381   2391   2394   2397
460   2142   2181   2182   3994   3996   3999
461    641    835   3983   3998   3999
462    839   1635   1637   1930   1935   1937
463    700   1927   1930   1932   1934
466    839    843   3983   3984
467    843   1631   1634   1637
468    844    487   1486   1487   1490
469     32    486    844    736
470    998   1218   1431   1432
473   2181   2183   2352   2556   2557
474    419   1784   1785   2177   2180   2183
475    395    690   1691   1694   1697
477   1021   1691   1692   3245   3248
478   2182   2183   3373   3376
479    786    849    850   1602   1636   1637
480    850    737    844    496    785
481    835    843    849   2281   2284
482    760    642   1660   3277   3999   4000
483   3006   3189   3190   3277   3280
484    363    839    849    782    825
485    850   1256   1260   3118   3125   3126
486     34    295   1705   1708   1711
488   1658   2437   3273   3275   3277
489    612   1339   1612   1614
491   1507   1512   1546   1549   1552
492   1528   2419   2420   3147   3149
493   1691   1693   2538   2543   2545
494    890   2177   2178   2181
495   2118   2442   2562   2565   2568
496   1591   2762   2875   2907   2908
497   1841   2037   2040   2043
501   1546   3950   3951   4174   4175
503   2322   2326   3393   3394   3397
506   1800   1801   2044   2046   2049
508   1042   2440   2443   2446
510   2798   3077   3084   4190   4192
511   2110   3038   3109   3110
512   1079   2513   3777   3780   3781
515   1800   1802   2023   2024   2027
516   1648   2037   2039   3077   3107   3108
518   1615   1617   2440   2442   2445
521   1718   3030   3179   3181
523   2001   2654   2657   2662   2664
524   1214   1431   2433   2434   2437
525   2287   2307   2707   2719   2720
527   1256   1705   1707   1710
531   1553   1558   2773   2774   2777
533   1855   2649   2788   3946   3949   3952
536   1649   2077   3077   3080
539   2126   2800   3792   4185   4190   4191
541   3051   3053   3146   3149   3152
542   2023   2028   3178   3181   3184
544   1591   2208   2711   2716   2717
545   1631   1636   2377   2378   2381
547   2051   2056   2283   2307   2308
548   2716   2843   4123   4125
552   2106   3110   3111   4186   4189   4192
553   3780   3791   3792   3854   3856
554   2329   2331   2461   3265   3266   3269
555   2322   2324   2495   2617   2618
556   1930   2106   2108   2111
558   1998   2412   2414   2417
559   3067   3927   4170   4171   4174
562   2521   2524   2527   3080   3106   3108
564   2232   2297   3040   3105   3106   3109
565   2405   2407   2953   3051   3052
566   3145   3157   3158   3780   3783
567   2391   2396   2456   2459   2462
568   2192   2521   2523   2526
571   2426   2431   2740   2784   2785
572   2278   2308   2718   2719   2722
573   2419   2424   2456   2458   2461
574   2377   2780   2783   2813   2816
575   2433   2435   2556   3275   3283   3284
576   2604   2617   2771   2836   2838
577   2479   3007   3189   3191
578   2615   2617   2652   2788   2790
580   2538   2603   2835   2836   2839
581   2562   2564   2828   2829   2832
582   2571   2654   2656   2659
583   2763   2764   3393   3395   3398
584   2680   2743   2746   2759   2760   2763
585   2663   2788   2902   2905
586   2743   2748   2867   2868   2871
587   2759   2764   2874   2875   2878
588   2702   2718   2720   2723
589   2711   2799   4186   4187   4190
590   2898   2905   3070   3927   3951   3952
591   2773   2775   2780   2782   2785
592   2828   2834   2845   4122   4123   4126
593   2828   2830   3249   3250   3253
594   2811   2835   2837   2840
595   3282   3283   4119   4123   4124
596   2867   2869   3794   3799   3801
597   2874   2879   2906   2908   2911
599   2898   3029   3178   3179   3182
600   3020   3022   3185   3186   3189
602   3034   3036   3083   3109   3111
603   3050   3052   3121   3124   3127
609   3098   3100   3921   3927   3928
610   3084   3105   3108   3111
612   3112   3121   3123   3126
613   3146   3151   3153   3154   3157
614   3139   3153   3155   3158
615   3162   3178   3180   3183
616   3169   3185   3187   3190
620   3241   3249   3251   3254
621   3256   3265   3267   3270
622   3273   3283   3994   3997   4000
628   3370   3393   3396   3399
630   3475   3786   3787   4179   4184   4185
631   3475   3480   4114   4116   4118
652   3777   3786   3788   3791
653   3794   3818   3819   3822
656   3842   3850   3852   3855
661   3921   3946   3948   3951
663   3978   3994   3995   3998
671   4114   4122   4124   4127
673   4154   4170   4173   4176
674   4179   4186   4188   4191
cells 64
0      0      3      4      5      7     10     11     13     15     16     17     18     19     21     22
1     23     27     28     29     30     31     32     33     34     36    559    609    621    673
2     37      5     38     39     40     42     43     44     45    521    523    542    582    599
3     47     48     49     51     54     56     57     58     60     61     62     63    533    574    576    578
4     32     67     68     69     70     11     71     73     75     76     77     78     81    588
5     82     83     84     85     86     36     87     88     89     90     91    521    614
6     92     93     94     95     96     97     88    100    101    102    103    104    620
7    107    108     58    109    110    111    112    114    115    119    121    122    123    124      0    125    523
8    126    127    128    129    130    131     40    133    134    512    515    553    652    653
9    135    136    139    141    143    145    146    148    149    150    548    595    622    663
10    151    152     86     45    154     76    155    156     31    159    562    564    568    602    610
11    160    161    162    163    164    165    166    167    169    171    512    566    613    614
12    173    174    176    178    179    119    180    181    503    555    576    580    628
13    182    183    184    185     21    186    187    188    191    503    508    583    584    587
14    167    192    193    194     56    195     30    199    200     68    492    541    554    573
15    201    202    203    204    205    187    207    496    544    548    581    592
16     17    210     38    211    212    213    214    215    156    216    217    219    508    518
17    182    223    174    224    226    227     29    228    230    231    112    134    234    235
18    240    241    163    243    127    244    246    109    248    249    250    251    506
19    253    254    255    216    257    258     81    497    516    525    536    562
20    261    262    263    264    185    265    266    267    268    269    101    495    518    581    593
21    270    271    243    272    202    133    273    150    274    539    589    630    631    671    674
22    275     61    276    249    108    277    279    280    281    284    285    286    192    287    603
23    289    104    290    291    275    294     91    295    296    161     60    492    531    571    591
24    297    298    299    223    300    301    302    303    304    525    547    572    583    588    628
25    121    241    305    169    193    306    307    143    309    310    311    313    616    630    652
26    314    285    315    316     93    319    320    295     90    506    515    542    615
27     85    322     23    228    128    323    326    327    328    329    166    291    656
28    331    154     57    332    333    100     89    262    491    501    559    590    599    615
29    162    334    328    290    335    336    338    339    341    342    343    204    136    345
30    348    349    350    351    179    352    353    341    354    575    592    593    595    620    671
31    129    355    125    331    230    184     43    316     94    358    263    555    558    578    585
32    360    361    362    363    364    365    348     48     22    369    181    524    594
33    322     82    372    307    373    376     34     67    151    510    536    539    553    566
34    372     73    378    380    271     10    258    382    384    201    386    300    584    586
35    387    388    389    390    391    360    267    393    274    205    354    287    248    527
36    395    103    391    369    265    350    397    398    399    400    545    574    591
37     77    401    402    403    404    405    406    257    219    407    568    572
38    408    326    409    411    412    226    414    194     27     54    301    501    567    661
39    311    417    286    373    418    141    294     84    320    511    541    552    565    602    613    674
40    224    336    380    253    302    408    420    422    423    327    496    587    597
41    424    425    426     95    427    428    213    255    429    430    389    400    268    511    564
42    155     37    432    210     75    403    107    200    281    434    533    585    590    609    661
43    436    437    335    439    261    426    423    333    409    296     87     96    329    497    673
44    429    439    269    440    422    254    411    441    214     49    407    491    547
45    428    212    388    272    444    159     42    207     16    186    495    586    596    653
46    445    195     28     69    446      4    235    124    447    306    577    600
47    401    432    199    305    446     70    449    450    146    565    603    612
48    454     51    297    289    160    456    397    458    338    460    461    494    567    573    663
49    456    398    462    148    463    339    425     97    436    466    467    531
50    468    440    211    191    358    364     47     18    469    264    470    332    180
51    353    178    473    474    246    475    123    164    342    313    493    494
52    351    334    266    355    475    231    323    126     92    244    203    183    319    477    165    597
53    445    227    122    474    309    412    171    454    478    303    176    554    621
54    270      3    378    447     71    376     33    111     39    131    234    558    596    656
55    424    384    135    437    420    343    463    510    516    544    552    556    589    610
56    441    406    479    480    468    215    365    414    304    458     63    481    467    545
57    482    483    466    299    382    449     13    402     78    461    145    484    481    600    616
58      7    280    434    363    480    485    404    469    217    486    115    527    582    612
59    477    314    102    277     62    251    349    395    110    493    571    580    594
60    139    483    393    488    352    361    276    240    114    486     19    310    577    631
61     15    482    478    473    460    488    345    470    173    298    188    386    524    575    622
62    387    489    427    130     44    418    315     83    444    273    284    152    250
63    149    484    450    390    489    279    362    485    417    479    405    462    430    399    556
