vertices 383
     0 0.99584297442444 3.97456857505866 1.19018716552580
     2 1.38282605399158 0.14916758575978 1.72504749302796
     8 0.88472405875400 3.86459178342396 1.19213573613214
    11 0.24653279563996 0.26062276296170 1.18403112473298
    14 0.84756387700944 3.67529309780622 2.28368232232301
    16 0.28969376111228 0.25344084810470 2.44505337706014
    18 1.13440457352214 0.60335797942843 2.05244799327467
    36 3.89386560446536 0.20243989478842 1.82996599809445
    37 0.48238790161880 0.72464279289814 2.15085227908423
    41 0.23276958581078 0.39318418025834 2.39436017988147
    47 1.43034544428818 3.41683132767872 0.69430447973873
    52 1.65232026692892 0.31140339047506 0.33077306589782
    58 1.84751958608560 3.83231951964144 1.00356489437138
    59 1.52307360053712 3.82508870482961 0.82540024490003
    61 1.87329513378047 2.93320702620536 0.21490558011163
    69 1.03275960968382 3.00284122696801 2.81254629784759
    72 0.93076496737212 3.20860170543148 2.80862968916648
    76 1.15611480434477 3.73570516718658 3.04855966805723
    98 3.08620977960992 0.29258679794987 3.47045939507330
   115 1.03831206254392 3.33872716868364 0.85924544565161
   119 0.78021809685225 0.54469441540087 0.21919750912981
   134 2.61166564864738 2.78523833119148 3.35079270943945
   136 2.65053110936401 2.44070179342860 3.51184533927059
   139 1.64426166546734 2.25063842595425 3.20910165265179
   140 2.40038706368699 2.28547430372431 3.22741932743056
   143 2.00215785952735 2.03976246867876 3.33850813278319
   147 2.52894123913460 2.45275831480557 0.02294574353045
   149 2.64894083649403 2.65681968863130 2.38258903510497
   152 3.41288934671475 2.77333323093439 3.14202019676764
   156 2.63852415868756 2.20051940084282 2.35650561849932
   157 3.47630601401681 2.23462272255571 3.22159238710602
   163 3.56331042439218 2.37264665793547 2.88350161809159
   169 1.90877976633299 1.23875584698191 2.32858725922153
   171 1.31246295433298 1.02185844040863 2.30981248120283
   174 2.29736582874756 0.77988424611511 1.63300838195052
   177 2.25678169220699 0.34532753297351 1.57237657566194
   180 2.05764359313066 0.31826401960653 1.44862771216838
   185 1.84740652959088 0.05998599169136 1.55868219120877
   191 1.41380386545242 1.16280784968808 2.21446275115531
   195 1.23447037905676 2.33845285598230 2.13107030979138
   198 2.44008119389682 2.97259694353103 1.40163699931103
   199 2.45830421271727 3.10595408099558 1.73898093562140
   214 3.80441974368819 2.01705640018876 0.50945834659251
   215 0.20528090504587 1.41935301023337 0.11474466550677
   220 0.51344410898570 1.35271121564481 0.15700165129748
   230 2.73806568043674 1.75327455695027 0.31423706339435
   231 2.26803280163356 2.04290343192846 1.35844495280366
   235 2.14008172781514 1.33559407446005 0.96086005307677
   236 2.54510807009358 2.29041579558571 1.06977184973823
   240 1.99947478215011 1.73568427520063 1.25378468411161
   241 2.57517153571681 2.08975900921229 1.16470821841608
   243 2.59301366027027 2.23706249171065 0.29207809750918
   254 2.99590502357688 0.82263711786541 1.32078626994840
   260 2.81287282759583 3.19304509148654 1.76151628154122
   261 3.04474580432057 3.04616873993385 2.01655811129094
   264 3.16016424283511 3.41688392104718 2.24872707714453
   277 1.56589721330004 0.97360506369184 0.50378808336652
   284 0.45306617726458 2.41386348013409 1.96295668941128
   288 0.22871950596564 0.35471034775942 3.02444431155054
   290 3.89685647541884 0.12886551663573 3.06042751980311
   291 0.06402638664308 3.24620234084067 3.32382958864836
   292 0.96888442153341 0.13901662795699 3.04826737011623
   295 0.11989849451029 0.35119734616662 2.85940132470594
   300 2.83003128173976 0.06756938101126 0.76234914938776
   310 1.07051920921217 1.50087632691788 2.31288027440668
   311 1.03606784567461 2.13966911773159 2.19921872533545
   315 1.13839793134123 1.80924461214405 2.49819629015875
   332 3.01973088615484 3.38102932128234 2.62221855659945
   336 3.95006318510095 2.25150882262323 2.69424299124995
   339 0.85017316074441 2.38607741241086 2.22672846231076
   343 1.98334522574565 1.78155145167338 3.12850585261332
   346 1.18775797744729 1.87356612839697 3.22958585292536
   347 1.59215918163301 1.99822345361029 3.10515685833646
   354 0.93657437608844 1.77425026399525 2.85721969714659
   356 2.72446502229632 2.36142530587150 0.19530603665673
   358 3.64775265188029 0.78918838349057 0.65948929780785
   364 0.09334828863460 0.23278880301752 1.02753131718121
   365 3.67769611407519 0.73934442527314 0.22735225329194
   376 3.05665921520271 2.00571193585388 1.49089622186838
   380 3.53386031298383 2.41256299531048 0.23974306420310
   394 0.23132195364878 1.06797063580063 3.01762963766036
   396 0.06778316400087 0.48552583824263 2.79140796519515
   399 0.19166257399935 1.44817851111098 2.83341911503670
   403 0.21329025700279 1.94734393106182 3.00278812092412
   405 0.01872604157163 1.94078866159667 3.35020156905243
   406 0.25888188806114 1.00045487154712 3.81514250599422
   408 0.37350991540444 0.92204457734671 3.27895935987093
   410 0.50355235051265 1.02950398149750 3.89522959153261
   413 3.16777727568572 3.46033014516834 0.06059754398237
   422 3.74654096217111 1.13072082488534 0.11189801706203
   425 0.07381588230175 1.23042255030959 3.90219790561777
   429 2.96036449321802 0.00941260241716 3.10049328845552
   432 2.18898690280390 1.12338789901790 3.26448089880232
   436 2.10200838579491 1.21925209743455 2.00466070312943
   439 2.74204461506880 1.58811879907881 0.71267683425587
   440 3.34938014962707 1.35156708733240 0.93697665503887
   447 3.51444812977618 3.30458204637049 0.03963658890972
   457 1.54364516448355 0.69263966408546 2.68436158747713
   460 2.45421517794124 3.57875894104009 0.58211230068093
   473 3.51810791980159 0.25531429719208 1.81892323228380
   481 2.33441503869055 2.03782598616822 2.06393775420467
   488 0.10772063029232 3.80322795576657 2.17676637782669
   489 0.24919706492572 3.63522376115074 2.12204597212748
   500 2.17617062504894 2.16851322147362 1.33935045051024
   502 2.28432111709329 2.36225756406618 1.18157331057121
   510 2.29846990712613 2.83144139507357 2.03401786186702
   513 0.04333102751338 3.07842338981863 0.63791722640225
   519 0.21004118060981 3.00588422008803 2.72511912585527
   524 1.50373445371805 1.11592520317644 1.70265491750375
   529 1.50966852413004 2.79302628242181 3.17086369985528
   538 2.83205791722617 3.28764869323810 0.29031684523835
   544 0.22480884976818 0.73314948241256 1.82387531646621
   545 3.94024091526516 0.42178045854888 1.96367513919649
   553 2.95302657708907 2.74418049682986 2.34900413929789
   557 0.83814860853198 1.46015803384115 2.80792090764799
   559 0.38624584910617 1.32325110876862 2.78584602179319
   568 2.94148272716865 2.98417278624177 2.67678446049807
   569 3.16669507144254 2.97714522057225 3.08359655841387
   571 2.97038066291854 3.78446885454197 0.72359508662466
   573 1.48136369587628 0.52593160929337 0.28481826331017
   581 0.55966892963724 2.47588843516646 2.66780786176551
   582 0.61119472347278 2.10382486375611 2.97882970963397
   587 2.98082241672489 1.75798433076642 0.17859565446733
   605 0.78290371232123 3.29027480137195 0.55365367674249
   611 3.55137781072991 0.50450618936663 1.96773861422427
   625 1.00274023396863 2.98272882793769 1.12398865777441
   629 3.32272059406181 0.62540631369886 2.85954880113064
   630 3.21970798013490 0.27356337500505 3.16323235934691
   635 3.20778826552354 3.08754912813700 3.12786376468268
   636 3.21301278480194 3.43180916245295 2.86385944807305
   640 1.94766217030796 1.43286924733947 3.49283700922774
   645 1.37932092765638 0.02014094878388 1.94762675713326
   647 2.85222637183883 0.02774495826626 3.34313581351886
   648 2.87819932968283 3.47273565460958 3.64788448537940
   649 3.01189233760199 2.25867902247659 3.53554118726424
   650 3.00751176513793 2.19802059026256 0.05577821562758
   658 0.57986335639099 0.15693953819750 1.03570306505466
   660 3.68212872384719 2.56830750665219 0.82471407538635
   662 3.98765667428718 2.91188685301264 0.90266609567180
   663 0.06599330564293 1.21014754032063 3.03864462464030
   667 0.80116152717947 2.23383669664775 3.34756199716015
   668 3.89986537712147 3.17900360682055 3.03282437966375
   669 3.73326509023793 3.51885978915111 2.80071065099138
   673 3.29260902202240 1.25825375707937 3.63821514662955
   674 3.90866636584339 1.39718980982116 3.46636023600579
   678 0.61849765590279 3.00870209422382 0.56095559393009
   681 0.39883793783459 0.65967446549054 1.34514493699724
   691 2.41327545763680 1.90132008914908 1.89336906967947
   692 2.84556438740516 1.87024571208303 1.90720749008426
   695 0.96103902716990 1.36480172825074 2.40911693567106
   696 0.51190360592754 1.22688666935458 2.34237259481170
   698 1.66341850106886 2.68782031952235 3.04234007991564
   701 2.00444220513290 0.82639978600542 3.22361313438848
   711 2.72277776572759 3.49697435855543 0.64338904035510
   717 1.83832329805703 1.15606320633074 1.65627301806545
   718 2.01529226619311 0.94249485070427 1.48980190884766
   723 2.10554859303496 2.34404549898063 1.86798144187273
   724 1.53480602942062 2.35374046648545 2.26842834276419
   725 3.00761373848963 2.70370247224897 0.46487356299283
   726 3.51194189703239 2.61389388030236 0.38519484003476
   735 3.75417720549848 3.03948437117312 3.57780183495512
   736 3.51556699439416 2.96179350257392 3.20167530950351
   737 3.87879605521423 1.60936253567007 2.39156744327761
   738 0.17347912474707 1.44590563113969 2.01311492769328
   739 1.96102632848999 0.72131984125554 2.76147958081014
   740 2.12390440885441 0.93321822816208 2.62898392153074
   758 2.25619343521856 0.08909741137088 1.88047765276698
   760 3.39741046518127 2.43784570592877 3.37141548680136
   761 3.78866778224428 2.51605205487166 3.81289003575166
   762 0.28144009264398 1.84381719918977 0.10029616427129
   764 0.21902853839009 2.12405255552300 3.71918318365576
   777 3.36751869060961 0.23067911826693 3.91216931198887
   780 1.88016936580339 0.83808432086584 1.41980649990722
   783 1.78947477636043 3.85246388350684 1.99416265165717
   784 1.95485241523553 3.88865274809057 1.80613662881882
   791 1.98089754346284 3.09432321807184 2.34035028497189
   792 1.56914550474943 2.74111783831107 2.51097240499042
   795 3.71365543947759 2.90719953712610 0.22174340886232
   796 3.87949580127381 2.75471477754957 3.83506274115665
   797 1.94626251799725 1.66694087740766 2.50918066272913
   798 1.55036156124775 1.92594514485766 2.58583969630242
   799 3.59032848207285 3.62351825134113 0.18667909969201
   800 3.31779903662854 3.71610818552556 0.18843266432280
   806 0.98058792712810 3.27305392979577 0.15155186147836
   816 0.62373245195222 1.90687349686000 0.15180281059305
   817 0.56842079885515 2.23422886544402 3.69414415151156
   819 0.22714768313034 2.53119960586489 2.56379062536152
   821 1.36478002115674 2.79589050273774 1.23615122490779
   822 0.65320058118603 3.00968277668272 2.94118325616913
   826 3.18424316584054 0.69815565585972 0.82705834161174
   837 2.98233740268432 0.49772282538321 0.46881498182988
   838 2.56169619642744 1.33855071947534 0.73398303789514
   839 3.07191204496421 0.98450075448385 0.96773248533142
   842 1.17393704106294 3.90570624329395 3.65971690442190
   844 1.02195199001986 3.85534686296073 3.24514174168624
   847 3.87265965482839 2.19144269050666 0.88261610614121
   854 0.47976965056103 3.14840263274642 3.34593902711243
   862 1.82960252149147 3.25845117935594 3.54787963122722
   866 1.65893114273937 1.42979801715087 0.29511121123976
   869 3.79664947428625 0.21624010437582 3.86043128573874
   870 3.95035616336496 0.52107113206907 0.08242232383303
   871 3.89537368331103 3.57663575708747 0.64363888396571
   874 0.74659512960994 2.85436909766705 2.92752676883143
   877 3.92831578589451 3.94477755973233 3.96148813260139
   881 2.40239241018908 1.24837801492020 0.47414593600593
   882 2.83416718028056 3.77209945073521 1.83957250907386
   883 2.98870786506679 3.81784571313765 2.05720170488535
   884 1.99911294569041 1.23307568320619 0.64036608397414
   885 1.83194500281752 0.92992731839043 0.68109147334287
   890 3.25608940630408 1.13107888421581 1.72807054100046
   899 3.30344472644224 0.90856428561541 2.94034023907371
   900 3.08554052446092 1.06881398678634 3.50986862769461
   903 2.97975802020818 0.68148466559485 3.69489859721262
   904 3.26386391802885 0.50792390325476 0.06583466230989
   905 2.50818786652792 1.94878644376865 2.91358850982143
   907 0.93604474393145 1.70100504392944 0.41188335584323
   908 0.78478698566193 1.74417781214884 0.14601191849370
   909 1.81281146312450 3.39075431360127 2.00205507348473
   910 2.04318918360056 3.42011658789356 1.73492850544585
   911 2.66541371467963 1.06244985706202 3.65601189347443
   912 2.45644495958680 1.45652775860765 0.16670759255688
   913 2.28391022060261 1.22099567957917 3.00717041758887
   914 2.15014030199263 1.66060365405755 2.91408465959400
   915 3.37955527882288 1.07194813876301 1.85673918517363
   916 0.00815520350967 1.21150623477743 1.76743899342578
   917 0.04579229129257 3.39209024091155 2.26172379902763
   918 3.88725561710880 3.52536798453374 2.33176014763464
   920 1.20822621838341 0.57906276533035 1.78151455939201
   922 2.70293685155328 0.74042611794986 3.75866145846114
   923 2.60033204039180 0.67970996100255 0.25458522334628
   926 0.17641285858732 3.72621262285306 3.46472453033509
   927 0.01090081975050 0.13635442043987 3.21178939349810
   928 1.46396346623338 0.96765851117083 1.60971978308815
   933 2.33100316251707 0.33120717087052 2.42665295924775
   938 1.87307763478278 2.45324654500933 0.80859954389193
   941 0.83401315362711 3.68587384427725 3.82538926548493
   942 0.64197161896139 3.60904313530206 3.48008126443855
   946 2.35158092130500 0.97546650957035 2.00564487671654
   948 3.05297533085845 1.25105164819369 1.96371222771769
   949 3.30526322472116 2.88005949783934 1.84133033487249
   952 3.43015948020323 1.47676709566385 1.25104922737678
   954 3.95557426896185 3.08034292726511 1.98090023543358
   955 0.16237206618604 2.50124660545218 2.19406089790879
   957 0.92374117678983 0.03657158733875 2.42994614408053
   958 1.10500802006674 0.03999455929929 2.82750944548642
   959 1.33499439726691 3.33455472945009 0.15309359818338
   960 1.58660233042688 3.03355612284754 3.97996743321857
   966 2.38051602731672 0.78246850326603 2.41007259502949
   970 2.70288530821517 0.16365385332794 2.52164584478225
   971 2.66803768059155 3.99365484748775 2.73817802284280
   972 0.05713655408635 0.07042947320751 1.41432820494369
   977 1.50674875060802 0.42285496658168 3.89830015718426
   978 1.22456022448049 0.35315658007053 3.77232642049304
   980 2.13225076012967 0.26991670571773 2.62214517120265
   982 1.25380568371425 0.23861490925845 2.23109246390909
   983 1.46923072184840 0.27388941718047 2.55093994552905
   984 1.90263435054970 0.08240767201586 2.53231629392297
   989 3.88127331079230 0.04744784860234 1.21606561517974
   992 0.50689705826450 2.87096919044875 1.52224510138002
   995 3.17598803943564 3.74243297077948 1.11906275183734
   997 0.28902255336247 3.88205985442709 0.55891937081577
   998 0.30968330626520 0.08407871974764 0.69429987407889
  1000 0.34147245742895 2.26145452316462 1.04292599891625
  1001 0.42488177801386 2.69360122846789 1.07149857080100
  1002 0.30717877867385 0.02121136252270 0.31816920897924
  1003 0.31998223859340 0.17999763698177 0.37968744869279
  1007 2.86413230178818 1.77951660403990 2.97925520258220
  1010 0.30891972363830 3.57702436992259 1.75734359549041
  1011 0.13401347808646 3.20841259068434 1.67215887880730
  1012 3.26801271451535 2.22386572707261 1.49985419095110
  1015 3.79418655940060 3.21338430463956 1.27342951268984
  1016 3.71346283126785 3.66393019873929 1.06253947039315
  1018 3.13773087758604 0.61939628623058 2.55662370929840
  1019 3.10782965777614 1.96138124652216 3.32686763587140
  1020 3.10892195774899 1.39328350410466 3.63648179956512
  1021 2.96618426690070 1.17389911891716 3.50813333648310
  1022 2.79529834416310 1.29190932714476 3.04697065963162
  1023 2.25748921576261 0.06612977951544 2.82225653058844
  1026 0.71411247975307 2.76012381198986 0.88567282205963
  1028 3.79975735964888 2.10240679614131 2.41202450777093
  1030 3.09130945997498 1.06689355764909 2.71454029771068
  1032 3.28218004422702 1.41443595181187 2.39771680390097
  1036 3.91056804997054 2.24594581965721 2.14023948626470
  1037 3.35832552431911 2.44688212675144 1.95894146308925
  1038 3.00572707189751 0.91074754273505 2.52141915014203
  1039 3.17335580723403 1.19630956877191 2.11261889338479
  1040 3.73442829857759 1.93654353640719 1.26788729896742
  1043 1.05230246487460 3.61940719112258 1.99381262139266
  1047 2.76440443836208 3.01070141923098 1.26215822084603
  1048 0.78766293952383 3.54333073379478 1.63985571995741
  1049 0.87573994688142 3.04950673099794 1.48848841561528
  1050 3.23131151056527 2.93252566941293 1.49484508703061
  1051 2.95216439662285 3.12265632168654 1.45741928111576
  1057 1.69365185549404 3.54059359284598 3.20555948146575
  1059 2.02497234089778 3.82884200622859 2.76677603192047
  1060 3.19390756392835 2.60510089121602 1.25688846255794
  1061 2.90932871373186 2.64872281954547 1.10430568311816
  1071 1.31601272866787 2.50864638199283 3.81345349711035
  1073 1.23633021827035 1.65803796574654 3.44933095355539
  1091 0.71304494116906 0.62511275691582 1.27201077473409
  1096 0.74521301124768 0.27839402429857 1.04541549704386
  1097 0.97500794841194 0.60555497905480 0.51514946065265
  1098 1.76967411085622 3.13036489102012 3.28165418122890
  1100 1.34198505455748 2.51530248279811 3.41562628857224
  1101 0.86975222451798 2.47410641875865 3.38967317880645
  1105 1.71745719543583 1.40768433451672 3.58633687084737
  1106 1.65358660099373 0.88041002974544 3.40799326625116
  1109 1.76404190063601 3.58228750623899 3.48337037806893
  1113 0.76734699299705 2.83569347708680 0.05620418186783
  1115 0.86112632890472 2.58949833992822 3.98196490589837
  1120 1.44808419645720 3.79526689614771 3.77212352870233
  1121 1.65128971286033 0.23723711761787 3.95049953982707
  1122 0.55129685781164 2.75476911851467 3.75966563124207
  1123 0.68179200780287 2.54671108474778 3.71711791610318
  1124 0.75151689621069 0.96675457794626 3.39825848035424
  1125 1.11155121636691 0.61106617293756 3.32920044444060
  1127 1.31961221525385 0.82388242630001 3.19167130317111
  1128 1.02309082746487 1.19256116230015 3.21832278118309
  1131 1.49302417964040 1.94127196402706 0.51579347175835
  1133 2.36563889724254 2.30792083063942 0.13788583623527
  1134 1.94041159948033 2.45335144030230 0.31638064473427
  1135 2.10021148964016 1.58932795639437 0.01235692847677
  1136 1.74596953815391 1.41755406237830 0.41064399867937
  1137 1.99479650958136 1.97579467511961 3.94423418670797
  1138 1.69854246165340 2.16381662869177 0.14110717110295
  1140 2.41268320799447 2.70974111686971 3.11250655641946
  1141 2.57179137353031 2.85208057128472 2.69630870518882
  1142 0.67682124065276 1.19318220950313 1.01960066235537
  1143 0.76307826977960 1.26106650013962 0.57821866606244
  1145 1.96701749938114 2.90877829397653 3.06397672688692
  1146 2.13440929324965 3.15187527228972 2.64765095575135
  1147 0.99672351120109 0.95964470201551 0.68728228777692
  1148 0.86719496055901 0.98499399798161 1.06216016249005
  1164 3.12732676571760 1.91913982277119 2.51948436434183
  1166 2.93595117236576 2.11508404994218 2.28479019004441
  1167 3.42208731793143 2.22019943887811 2.52794565265925
  1168 3.17257901697345 2.39581413675584 2.27581622995915
  1169 2.07508924969058 0.10253134069810 0.87855445832643
  1170 2.39554184409463 0.01145899061271 0.65328317373060
  1172 2.23628243206480 0.31095587349564 0.34301384508974
  1173 1.96404983226579 0.38729104162368 0.51540014376410
  1174 0.05870352185095 1.36275307989293 1.47658990279610
  1176 0.27259733761322 1.08475235218361 1.16757803223658
  1177 3.61247072978543 1.51661194239106 1.20009913604111
  1205 2.94595413888273 0.20653431097265 1.19788549270732
  1206 3.11061321428047 0.43365697669424 1.19620805379164
  1212 3.09939287438305 0.04714801199079 1.31557201198273
  1213 3.30774283570059 0.21236999858404 1.35033784656196
  1229 0.93158803610246 1.77105592597674 1.94546036632234
  1238 0.80191063271073 1.64053607795519 1.25231245590379
  1239 1.12928681818544 1.66137091717669 1.54223382954346
  1332 1.58192027507827 2.11425885705622 0.86344776735179
  1333 1.82165830056238 1.97116888636039 1.20962151263956
  1335 1.46671810553241 2.06163276284091 1.37538116962048
  1336 1.43101234187679 2.29181374212173 1.07024342900591
  1337 1.31899154822572 3.18693085352392 2.02054496272648
  1339 1.16400744724006 2.90379594635140 1.70064365289119
  1345 1.21843363888138 2.90546794409334 2.46609279669179
  1346 1.06962291098312 2.53758920164906 2.16824137760300
  1352 1.96876103257382 3.44769294691185 0.94195376449092
  1354 2.03158284040593 3.19412582128263 1.28145832665073
  1355 1.70961607937838 3.22878969324757 0.78143933213490
  1356 1.70740194376173 2.92606328108192 1.07143930931480
  1377 2.17658388842935 3.91495247885071 3.61475734150352
  1378 2.09332913683720 0.18437009443521 3.79278735175488
  1385 2.28626007125652 0.38050393463640 3.52423911284943
  1386 2.35973936883267 0.13687580560953 3.37477409244657
  1395 3.56976434311206 1.56339432144078 0.53359983694668
  1396 3.79120398548578 1.29938833662949 0.38519486915237
  1400 3.53411041079997 1.38172140660862 0.86034910334062
  1401 3.74825431170261 1.13901426536739 0.71030775772139
  1437 0.31236763739560 1.77851795327785 1.59336146578535
  1439 0.33863093497057 1.79402499421090 1.71602522467749
  1440 0.24338119173884 1.90678240272124 1.56555921737905
  1441 0.27058616362155 1.94865037230955 1.73002529623831
  1450 2.36026065653465 3.06273716296685 3.98437672772801
  1451 2.51987187461985 3.30915191150867 0.09757606561632
  1455 2.36081087526554 3.16554032059433 3.74903554555216
  1456 2.49141366579316 3.38228247773989 3.82375829765604
  1458 0.86737673878580 1.82026760364660 1.03146893977089
  1459 1.08633428833913 2.15529883502118 0.80011537342477
  1460 0.71677960329702 2.14522659134164 0.77790141740389
  1461 0.85685183518300 2.30991135345972 0.72361078449107
edges 766
16      2      0
17      0      8
32     16     41
33     41     37
34     37     18
84     58     59
85     59     52
93     59     47
101     76     72
102     72     14
111     72     69
177    115     47
181     59      0
189    115      8
218    143    139
224    134    136
225    136    147
229    140    136
231    143    140
232    149    156
246    152    163
247    163    157
272    171    191
273    191    169
284    185      2
292    177    180
293    180    185
295    171     18
303    174    177
313    199    198
363    220    215
382    230    243
389    241    236
390    236    243
391    231    240
395    231    241
398    235    240
419    254    174
433    260    261
438    264    261
486     16    295
487    295    290
496    295    288
501    292    288
524    260    199
526     58    185
537    310    191
544    195    311
553    311    315
554    315    310
584    264    332
588    163    336
596    339    284
597    311    339
612    354    346
623    347    346
624    354    315
625    343    347
629    243    356
632    147    356
636    343    143
641    365    358
642    358    364
669    139    347
690    376    241
700    214    380
736     41    396
737    396    394
760     11    364
766    403    336
767    399    403
774    157    405
775    405    403
776    119    410
782    406    410
785    408    288
786    406    408
825    410    220
835    365    422
839    425    215
843    425    422
844    396    295
849    406    425
850    394    408
886    169    436
890    439    440
892    230    439
895    241    439
921    413    447
947    171    457
998     36    473
1021    156    481
1042    488    489
1045     36    488
1048     16    488
1049     14    489
1079    500    502
1081    231    500
1083    236    502
1086    198    502
1109    199    510
1112    149    510
1153    191    524
1172     69    529
1194    413    538
1214    544    545
1218     36    545
1220     37    544
1221     41    545
1242    149    553
1243    261    553
1256    557    559
1260    394    559
1261    354    557
1263    399    559
1289    568    569
1290    553    568
1292    332    568
1293    152    569
1294    134    569
1301    300    571
1307     52    573
1308    277    573
1333    581    582
1336    339    581
1337    403    582
1339    354    582
1355    230    587
1410    115    605
1431    545    611
1432    473    611
1476    115    625
1486    629    630
1487    396    629
1490    290    630
1491     98    630
1492    429    630
1507    635    636
1510    569    635
1512    429    636
1513    332    636
1525    343    640
1528    432    640
1540      2    645
1546    647    648
1547     98    647
1549    429    647
1550    413    648
1552    635    648
1553    649    650
1554    136    649
1557    356    650
1558    587    650
1559    380    650
1584      8    658
1586     11    658
1591    660    662
1595    513    662
1602    394    663
1605    399    663
1612    346    667
1614    582    667
1615    668    669
1617    519    668
1618    291    668
1619    636    669
1621    290    669
1631    673    674
1634    422    673
1635    405    674
1636    663    674
1637    425    674
1648    513    678
1649    605    678
1658    544    681
1660     11    681
1691    691    692
1692    481    691
1693    436    691
1694    231    691
1697    376    692
1705    695    696
1706    310    695
1707    557    695
1708    171    695
1710    559    696
1711     37    696
1716    139    698
1718    529    698
1729    432    701
1760    571    711
1761    538    711
1762    460    711
1779    717    718
1780    524    717
1781    436    717
1782    240    717
1784    174    718
1785    235    718
1800    723    724
1801    481    723
1802    510    723
1803    500    723
1806    195    724
1807    725    726
1808    356    725
1809    538    725
1811    380    726
1813    660    726
1839    735    736
1841    447    735
1842    291    735
1843    152    736
1844    635    736
1845    668    736
1846    737    738
1847    399    737
1850    696    738
1853    739    740
1855    701    739
1856    457    739
1859    169    740
1920    177    758
1922    760    761
1923    152    760
1924    649    760
1925    157    760
1927    380    761
1930    762    764
1932    214    762
1934    761    764
1935    215    762
1937    405    764
1980     98    777
1988    180    780
1989    718    780
1998    783    784
2001    645    783
2002    758    784
2004    185    784
2023    791    792
2024    510    791
2027    724    792
2028    698    792
2037    795    796
2038    726    795
2039    513    795
2040    447    795
2041    761    796
2043    735    796
2044    797    798
2045    169    797
2046    481    797
2048    315    798
2049    724    798
2050    347    798
2051    799    800
2054    447    799
2055    571    800
2056    777    800
2057    413    800
2077    605    806
2106    816    817
2108    762    816
2110    667    817
2111    764    817
2117    581    819
2118    519    819
2119    336    819
2126    625    821
2130    519    822
2133     72    822
2142    358    826
2173    826    837
2176    300    837
2177    838    839
2178    439    838
2180    235    838
2181    440    839
2182    826    839
2183    254    839
2192    842    844
2196     76    844
2199    292    844
2208    660    847
2210    214    847
2232    822    854
2233    291    854
2270    277    866
2278    869    870
2281    406    870
2283    777    869
2284    365    870
2286    513    871
2287    799    871
2296    581    874
2297    822    874
2298     69    874
2307    799    877
2308    869    877
2318    838    881
2322    882    883
2324    758    882
2325    260    882
2326    473    883
2328    264    883
2329    884    885
2331    881    884
2332    235    884
2333    277    885
2335    780    885
2352    254    890
2377    899    900
2378    663    899
2380    629    899
2381    673    900
2391    903    904
2392     98    903
2394    900    903
2395    777    904
2396    837    904
2397    365    904
2399    140    905
2401    156    905
2405    907    908
2407    866    907
2409    220    908
2411    816    908
2412    909    910
2413    791    909
2414    783    909
2416    199    910
2417    784    910
2419    911    912
2420    432    911
2424    881    912
2425    230    912
2426    913    914
2427    432    913
2429    740    913
2430    343    914
2431    905    914
2432    797    914
2433    915    916
2434    611    915
2435    890    915
2437    544    916
2439    738    916
2440    917    918
2442    519    917
2443    489    917
2444    264    918
2445    669    918
2446    488    918
2451     18    920
2454      2    920
2456    922    923
2458    911    922
2459    903    922
2461    881    923
2462    837    923
2470    926    927
2472    877    926
2473    291    926
2474    288    927
2475    869    927
2476    290    927
2478    780    928
2479    920    928
2480    524    928
2495    758    933
2513    502    938
2521    941    942
2523    842    941
2524    806    941
2525    926    942
2526    844    942
2527    854    942
2538    946    948
2540    174    946
2542    890    948
2543    436    946
2545    692    948
2549    261    949
2556    890    952
2557    440    952
2558    376    952
2562    954    955
2564    949    954
2565    917    954
2566    284    955
2568    819    955
2571    957    958
2573     14    957
2574     76    958
2576     16    957
2577    292    958
2578    959    960
2579    806    959
2580     47    959
2583     61    960
2584    862    960
2602    740    966
2603    946    966
2604    933    966
2615    970    971
2617    933    970
2618    883    970
2619    429    971
2621    332    971
2625     36    972
2628     11    972
2638    977    978
2641    573    977
2642    842    978
2644    119    978
2649    739    980
2652    933    980
2654    982    983
2655     18    982
2656    957    982
2657    645    982
2658    457    983
2659    958    983
2662    783    984
2663    980    984
2664    983    984
2679    364    989
2680    972    989
2690    284    992
2696    571    995
2702    997    998
2704    605    997
2705    658    998
2707    871    997
2708    364    998
2711   1000   1001
2714    992   1001
2716    847   1000
2717    662   1001
2718   1002   1003
2719    877   1002
2720    997   1002
2721    941   1002
2722    870   1003
2723    998   1003
2724    119   1003
2740    905   1007
2743   1010   1011
2744    489   1010
2746    972   1010
2747    954   1011
2748    992   1011
2756    376   1012
2759   1015   1016
2760   1011   1015
2762    662   1015
2763    989   1016
2764    995   1016
2765    871   1016
2770    629   1018
2771    970   1018
2772    611   1018
2773   1019   1020
2774    649   1019
2775   1007   1019
2776    157   1019
2777    587   1020
2779    673   1020
2780   1021   1022
2781    911   1021
2782   1020   1021
2783    900   1021
2784    913   1022
2785   1007   1022
2788    980   1023
2790    971   1023
2798    678   1026
2799   1001   1026
2800    625   1026
2805    737   1028
2808    336   1028
2811   1030   1032
2813    899   1030
2815    737   1032
2816   1022   1030
2828   1036   1037
2829    955   1036
2830   1028   1036
2832    949   1037
2834   1012   1037
2835   1038   1039
2836    966   1038
2837   1030   1038
2838   1018   1038
2839    948   1039
2840   1032   1039
2841    915   1039
2843    847   1040
2845   1012   1040
2853    645   1043
2856     14   1043
2863    198   1047
2866    711   1047
2867   1048   1049
2868   1010   1048
2869   1043   1048
2870      8   1048
2871    992   1049
2873    625   1049
2874   1050   1051
2875   1015   1050
2877    949   1050
2878    995   1051
2879   1047   1051
2880    260   1051
2898   1057   1059
2900     76   1057
2902    984   1059
2905   1023   1059
2906   1060   1061
2907    660   1060
2908   1050   1060
2909   1012   1060
2910    725   1061
2911   1047   1061
2912    236   1061
2942    960   1071
2950    346   1073
2953    908   1073
3006    681   1091
3007    920   1091
3020   1096   1097
3021      0   1096
3022   1091   1096
3023    658   1096
3024    573   1097
3026    119   1097
3028    862   1098
3029   1057   1098
3030    529   1098
3034   1100   1101
3035    139   1100
3036   1071   1100
3037    529   1100
3038    667   1101
3040    874   1101
3050   1105   1106
3051    866   1105
3052   1073   1105
3053    640   1105
3054    977   1106
3056    701   1106
3067    862   1109
3070   1057   1109
3077    678   1113
3080    806   1113
3083   1071   1115
3084   1113   1115
3098   1120   1121
3099    842   1120
3100   1109   1120
3101    959   1120
3102    977   1121
3104     52   1121
3105   1122   1123
3106    854   1122
3107    796   1122
3108   1113   1122
3109   1101   1123
3110    817   1123
3111   1115   1123
3112   1124   1125
3115    410   1124
3116    978   1125
3118    408   1124
3119    292   1125
3121   1127   1128
3122    457   1127
3123   1125   1127
3124   1106   1127
3125    557   1128
3126   1124   1128
3127   1073   1128
3139   1133   1134
3141    147   1133
3142     61   1134
3144    243   1133
3145    938   1134
3146   1135   1136
3147    912   1135
3149    640   1135
3150    884   1136
3151   1131   1136
3152    866   1136
3153   1137   1138
3154   1135   1137
3155   1133   1137
3156    143   1137
3157   1131   1138
3158   1134   1138
3159   1071   1138
3162   1140   1141
3164    140   1140
3165    149   1141
3167    134   1140
3168    568   1141
3169   1142   1143
3173    907   1143
3176    220   1143
3178   1145   1146
3179   1098   1145
3180   1140   1145
3181    698   1145
3182   1059   1146
3183   1141   1146
3184    791   1146
3185   1147   1148
3186   1097   1147
3187   1143   1147
3188    277   1147
3189   1091   1148
3190   1142   1148
3191    928   1148
3241   1164   1166
3243   1007   1164
3245    156   1166
3246   1032   1164
3248    692   1166
3249   1167   1168
3250   1028   1167
3251   1164   1167
3252    163   1167
3253   1037   1168
3254   1166   1168
3255    553   1168
3256   1169   1170
3259     58   1169
3260    460   1170
3262    180   1169
3263    300   1170
3265   1172   1173
3266    923   1172
3267   1170   1172
3269    885   1173
3270   1169   1173
3271     52   1173
3273   1174   1176
3275    916   1174
3277    681   1176
3280   1142   1176
3282   1040   1177
3283   1174   1177
3284    952   1177
3370   1205   1206
3372    177   1205
3373    254   1206
3375    300   1205
3376    826   1206
3393   1212   1213
3394    882   1212
3395    995   1212
3396   1205   1212
3397    473   1213
3398    989   1213
3399   1206   1213
3446    311   1229
3449    310   1229
3475   1238   1239
3476   1142   1238
3479    524   1239
3480   1229   1239
3777   1332   1333
3780    938   1332
3781    500   1333
3783   1131   1332
3784    240   1333
3786   1335   1336
3787   1239   1335
3788   1333   1335
3789    195   1335
3791   1332   1336
3792    821   1336
3794   1337   1339
3796    909   1337
3798    821   1339
3799   1043   1337
3801   1049   1339
3818   1345   1346
3819   1337   1345
3820     69   1345
3821    792   1345
3822   1339   1346
3823    339   1346
3824    195   1346
3842   1352   1354
3844    460   1352
3846    198   1354
3847     58   1352
3849    910   1354
3850   1355   1356
3851     47   1355
3852   1352   1355
3853     61   1355
3854    821   1356
3855   1354   1356
3856    938   1356
3921   1377   1378
3925   1172   1378
3927   1109   1377
3928   1121   1378
3946   1385   1386
3947    922   1385
3948   1378   1385
3949    701   1385
3950    647   1386
3951   1377   1386
3952   1023   1386
3978   1395   1396
3980    587   1395
3981    214   1395
3983    422   1396
3984    215   1396
3994   1400   1401
3995   1395   1400
3996    440   1400
3997   1177   1400
3998   1396   1401
3999    358   1401
4000   1176   1401
4114   1437   1439
4116   1238   1437
4118   1229   1439
4119   1174   1437
4121    738   1439
4122   1440   1441
4123   1040   1440
4124   1437   1440
4125   1000   1440
4126   1036   1441
4127   1439   1441
4128    284   1441
4154   1450   1451
4155    147   1450
4157     61   1450
4158    538   1451
4160    460   1451
4170   1455   1456
4171    862   1455
4172    134   1455
4173   1450   1455
4174   1377   1456
4175    648   1456
4176   1451   1456
4179   1458   1459
4181    907   1458
4182   1131   1459
4184   1238   1458
4185   1336   1459
4186   1460   1461
4187   1000   1460
4188   1458   1460
4189    816   1460
4190   1026   1461
4191   1459   1461
4192   1115   1461
polygons 447
0   1540   2451   2454   2655   2657
3     16     17   1540   2853   2869   2870
4     16   2454   3007   3021   3022
5   2573   2656   2657   2853   2856
7     32     33     34   2576   2655   2656
10   1584   1586   2628   2746   2868   2870
11     17   1584   3021   3023
13   1586   1660   3006   3022   3023
15   1214   1218   1658   1660   2625   2628
16   1049   2744   2856   2868   2869
17   1042   1048   1049   2573   2576
18     32   1045   1048   1218   1221
19     34   1220   1658   2451   3006   3007
21   1042   1045   2625   2744   2746
22     33   1214   1220   1221
23   3844   3852   3853   4154   4157   4160
27   3260   3267   3921   3925   4160   4174   4176
28     84     85   3259   3270   3271
29   3256   3259   3260   3844   3847
30   3104   3265   3271   3925   3928
31   2578   2584   3067   3100   3101
32     85     93   2580   3098   3101   3104
33     93     84   3847   3851   3852
34   2578   2580   2583   3851   3853
36   2583   2584   4157   4171   4173
37   2574   2659   2664   2898   2900   2902
38    101    102   2571   2573   2574
39   2001   2414   2853   3796   3799
40   2023   2413   3796   3819   3821
42    102    111   2856   3799   3819   3820
43   2413   2414   2662   2902   3182   3184
44   1172   1718   2028   3820   3821
45    111    101   1172   2900   3029   3030
47   1486   1492   2615   2619   2770   2771
48   2380   2770   2813   2837   2838
49   1491   1492   1547   1549
51   2394   2458   2459   2781   2783
54   1547   2392   2459   3946   3947   3950
56   1729   2420   2458   3947   3949
57   1549   2619   2790   3950   3952
58   1853   2602   2604   2649   2652
60   2420   2427   2780   2781   2784
61   1729   1853   1855   2427   2429
62   2429   2602   2784   2816   2836   2837
63   1486   1491   2377   2380   2392   2394
67    177   1410   2077   2579   2580
68   1307   2641   3102   3104
69     85    181   1307   3020   3021   3024
70   2638   2641   2644   3024   3026
71    177    189     17    181     93
73    189   1410   1584   2702   2704   2705
75   2638   2642   3098   3099   3102
76   2523   2524   2579   3099   3101
77   2523   2642   2644   2718   2721   2724
78   2705   2723   2724   3020   3023   3026
81   2077   2524   2704   2720   2721
82   2583   2942   3142   3158   3159
83   1716   1718   3035   3037
84    218   3035   3036   3153   3156   3159
85   3139   3141   3142   4155   4157
86   2584   2942   3028   3030   3036   3037
87    224    225   4155   4172   4173
88    229    224   3164   3167
89   3028   3167   3179   3180   4171   4172
90    218    231   1716   3164   3180   3181
91    229    231    225   3141   3155   3156
92    232   1242   3245   3254   3255
93    232   2399   2401   3162   3164   3165
94   1242   1290   3165   3168
95    246    247   1923   1925
96    224   1293   1294   1554   1923   1924
97   1924   1925   2774   2776
100   1289   1294   3162   3167   3168
101    246   1289   1290   1293   3249   3252   3255
102   2401   2740   3241   3243   3245
103    247   2775   2776   3243   3251   3252
104    229   1554   2399   2740   2774   2775
107   1856   2649   2658   2663   2664
108    272    273    947   1853   1856   1859
109    273    886   1153   1780   1781
110    886   1859   2543   2602   2603
111    284   1540   1998   2001   2004
112    292    293   1920   2002   2004
114    295    272   1153   2451   2479   2480
115    295    947   2654   2655   2658
119    303   1920   2495   2540   2603   2604
121   1779   1780   1989   2478   2480
122    292    303   1784   1988   1989
123   1779   1781   1784   2540   2543
124    284    293   1988   2454   2478   2479
125   1998   2002   2495   2652   2662   2663
126    313   1079   1086   1109   1802   1803
127   1800   1803   1806   3781   3788   3789
128   1086   2513   3846   3855   3856
129   1109   2024   2412   2413   2416
130   1806   2027   3818   3821   3824
131   2412   3794   3796   3798   3849   3854   3855
133   3786   3789   3792   3798   3822   3824
134    313   2416   3846   3849
135   1932   2108   2210   2716   4187   4189
136   2210   2843   3282   3981   3995   3997
139   3273   3280   3476   4116   4119
141   2405   2411   4181   4188   4189
143   3169   3173   3476   4181   4184
145    363   3169   3176   3280   3984   3998   4000
146   2405   2409   3173   3176
148   1932   1935   3978   3981   3984
149    363   1935   2108   2409   2411
150   4116   4124   4125   4184   4187   4188
151   2578   2579   2942   3080   3083   3084
152   1172   2298   3034   3037   3040
154   3028   3029   3067   3070
155   2192   2196   2900   3070   3099   3100
156    101   2133   2196   2232   2526   2527
159    111   2133   2297   2298
160    892   2178   2318   2424   2425
161    382   2425   3144   3147   3154   3155
162    389    390    382    892    895
163    391   1081   3781   3784
164    395    398    391    895   2178   2180
165    389    395   1079   1081   1083
166    390   1083   2513   3139   3144   3145
167   2331   2424   3146   3147   3150
169    398   2332   3150   3151   3777   3783   3784
171   2180   2318   2331   2332
173   1432   2352   2434   2435   3373   3397   3399
174   1920   2324   3372   3394   3396
176    419    303   3370   3372   3373
178    419   2352   2538   2540   2542
179   2435   2542   2839   2841
180   1432   2326   2618   2771   2772
181   2434   2772   2835   2838   2841
182   2325   2878   2880   3394   3395
183    433   2549   2874   2877   2880
184    438    433   2322   2325   2328
185    438   2440   2444   2549   2564   2565
186   2443   2565   2743   2744   2747
187   2564   2747   2760   2875   2877
188    998   2625   2680   3397   3398
191    998   1045   2326   2328   2444   2446
192   1528   1729   3050   3053   3056
193   2270   2329   2333   3150   3152
194   2456   3266   3925   3947   3948
195   1307   1308   2333   3269   3271
199   1308   2270   2641   3050   3051   3054
200   3054   3056   3102   3928   3948   3949
201   2714   2717   2748   2760   2762
202   2690   2711   2714   4122   4125   4128
203   2832   2834   2877   2908   2909
204   2208   2843   2845   2907   2909
205   2566   2829   4126   4128
207   2562   2566   2690   2747   2748
210   2196   2199   2574   2577
211    486    487   1048   1621   2445   2446
212    102   1049   2130   2133   2442   2443
213   1617   1618   2130   2232   2233
214   1615   1618   1621   2470   2473   2476
215    487    496   2474   2476
216   2233   2473   2525   2527
217    501    496    486   2571   2576   2577
219    501   2199   2470   2474   2525   2526
223   1301   2696   3375   3395   3396
224   1760   2696   2866   2878   2879
226   1301   1760   1762   3260   3263
227    292   3256   3262   3263   3372   3375
228   1762   2863   2866   3842   3844   3846
230    524   2002   2324   2325   2416   2417
231    313    524   2863   2879   2880
234    526   2004   2417   3842   3847   3849
235    293    526   3259   3262
240    537   1153   3449   3479   3480
241   1780   1782   3479   3784   3787   3788
243    544   3446   3480   3787   3789
244   1081   1692   1694   1801   1803
246    391   1693   1694   1781   1782
248    553    554   3446   3449
249    554    273    537   2044   2045   2048
250    544    553   1806   2048   2049
251    886   1692   1693   2045   2046
253   2039   2040   2054   2286   2287
254   1841   1842   2054   2307   2472   2473
255   1842   2043   2233   3106   3107
257   2472   2521   2525   2719   2721
258   1648   1649   2286   2704   2707
261   1293   1510   1843   1844
262   1289   1292   1507   1510   1513
263    438    584   1243   1290   1292
264    584   1513   1619   2444   2445
265    588   2808   3250   3252
266   1243   2549   2832   3253   3255
267   2119   2568   2808   2829   2830
268    588    246   1617   1843   1845   2118   2119
269   1507   1615   1619   1844   1845
270   2126   2873   3798   3801
271   2714   2799   2800   2871   2873
272    596   2690   2871   3801   3822   3823
273    544    597   3823   3824
274    596    597   3446   4118   4127   4128
275   1525   1528   2426   2427   2430
276    537    272   1706   1708
277   1859   2045   2426   2429   2432
279    612   1261   2950   3125   3127
280    947   1707   1708   3121   3122   3125
281   1855   1856   3056   3122   3124
284    623    612    624   2048   2050
285    625   2044   2050   2430   2432
286    623    625   1525   2950   3052   3053
287    624    554   1261   1706   1707
289   1355   2419   2425   2777   2781   2782
290    382    629   1355   1557   1558
291    632    629   3141   3144
294    636   1525   3149   3154   3156
295    231    636   2399   2430   2431
296    632    225   1553   1554   1557
297    641   2142   2173   2396   2397
298    642   2142   2679   3376   3398   3399
299    641    642   2284   2708   2722   2723
300   2679   2702   2707   2708   2763   2765
301   1301   2055   2056   2176   2395   2396
302   2051   2055   2287   2696   2764   2765
303   2173   2176   3370   3375   3376
304   2278   2283   2284   2395   2397
305   2270   2407   3173   3187   3188
306   2333   2335   2478   3185   3188   3191
307   3783   3791   4182   4185
309   1785   1989   2329   2332   2335
310   2480   3190   3191   3475   3476   3479
311   2407   3151   3152   4179   4181   4182
313    398   1779   1782   1785
314   1021   2046   2401   2431   2432
315    669   1716   2027   2028   2049   2050
316   1112   2024   3165   3183   3184
319    232   1021   1112   1801   1802
320    669    218    636    625
322   3142   3145   3850   3853   3856
323   1083   1086   2863   2911   2912
326   1761   1762   4158   4160
327   1761   1809   2866   2910   2911
328    629    390   1808   2910   2912
329    632   1808   1809   4154   4155   4158
331   1292   2621   2790   2905   3168   3182   3183
332   1512   1513   2619   2621
333   1294   1510   1552   4170   4172   4175
334    690    389   2756   2906   2909   2912
335   1557   1559   1807   1808   1811
336   1807   1813   2906   2907   2910
338    890    892   1355   3980   3995   3996
339    700   1558   1559   3980   3981
341   2558   2756   2845   3282   3284
342    690    890    895   2557   2558
343    700   1811   1813   2208   2210
345   2557   3284   3996   3997
348   1846   2433   2439   2815   2840   2841
349   2545   2839   2840   3241   3246   3248
350   2805   2815   3246   3250   3251
351   1697   2756   2834   3248   3253   3254
352   2439   3275   4114   4119   4121
353   1697   2542   2545   2556   2558
354   1846   2805   2830   4121   4126   4127
355    433    524   1109   1112   1242   1243
358    584   2328   2615   2618   2621
360   1263   1710   1846   1847   1850
361   1220   1711   1850   2437   2439
362   1260   1263   1602   1605
363     33    736    737   1260   1710   1711
364    736   1221   1431   1487   2770   2772
365    737   1487   1602   2378   2380
369   1605   1847   2378   2811   2813   2815
372   1410   1476   1649   2798   2800
373   3083   3157   3159   4182   4191   4192
376    177   1476   2126   3850   3851   3854
378    189   1476   2867   2870   2873
380   1595   2286   2759   2762   2765
382    760   1586   2705   2708
384   1595   1648   2717   2798   2799
386    760   2628   2679   2680
387    597    553    624   1333   1336   1339
388    596   1336   2117   2566   2568
389    766   1333   1337   2117   2119
390    767   1256   1261   1263   1337   1339
391    766    767   1847   2805   2808
393   1705   1706   1850   3449   4118   4121
395   2785   2811   2816   3243   3246
397   2381   2779   2782   2783
398    774   1631   1635   2773   2776   2779
399    775    767   1605   1635   1636
400    774    247    588    766    775
401    776   2644   3112   3115   3116
402    782    776   2281   2722   2724
403   2192   2199   2642   3116   3119
404    785    501   3112   3118   3119
405    782    786   3115   3118
406    786    785   2278   2281   2474   2475
407   2308   2470   2472   2475
408   1194   1760   1761   2055   2057
409   1194   1550   4158   4175   4176
411   1546   1547   1550   1980   2056   2057
412   2176   2462   3263   3266   3267
414   1980   2391   2392   2395
417   1612   2106   2110   2411   2950   2953
418    623    669   1612   3034   3035   3038
420   1591   1595   1813   2038   2039
422    921   2051   2054   2057
423    921   1194   1807   1809   2038   2040
424   1934   2041   2111   3105   3107   3110
425    774   1922   1925   1934   1937
426   1839   1843   1922   1923   2041   2043
427   1333   1614   2296   3038   3040
428   2117   2118   2130   2296   2297
429   1618   1839   1842   1845
430    775   1337   1614   1937   2110   2111
432   2638   3054   3116   3123   3124
434   2577   2658   2659   3119   3122   3123
436   1553   1559   1922   1924   1927
437   1811   1927   2037   2038   2041
439    921   1550   1552   1839   1841   1844
440   1490   1492   1512   1619   1621
441   1490   1491   1980   2283   2475   2476
444   1336   2296   2298   3818   3820   3823
445   1988   2335   3262   3269   3270
446   1308   3024   3186   3188
447    284    526     84    181     16
449    776    825   3026   3176   3186   3187
450    825   2409   2953   3115   3126   3127
454   2173   2177   2182   2318   2461   2462
456   1634   2777   2779   3978   3980   3983
458    835   1634   2381   2391   2394   2397
460   2142   2181   2182   3994   3996   3999
461    641    835   3983   3998   3999
462    839   1635   1637   1930   1935   1937
463    700   1927   1930   1932   1934
466    839    843   3983   3984
467    843   1631   1634   1637
468    844    487   1486   1487   1490
469     32    486    844    736
470    998   1218   1431   1432
473   2181   2183   2352   2556   2557
474    419   1784   1785   2177   2180   2183
475    395    690   1691   1694   1697
477   1021   1691   1692   3245   3248
478   2182   2183   3373   3376
479    786    849    850   1602   1636   1637
480    850    737    844    496    785
481    835    843    849   2281   2284
482    760    642   1660   3277   3999   4000
483   3006   3189   3190   3277   3280
484    363    839    849    782    825
485    850   1256   1260   3118   3125   3126
486     34    295   1705   1708   1711
488   1658   2437   3273   3275   3277
489    612   1339   1612   1614
491   1507   1512   1546   1549   1552
492   1528   2419   2420   3147   3149
493   1691   1693   2538   2543   2545
494    890   2177   2178   2181
495   2118   2442   2562   2565   2568
496   1591   2762   2875   2907   2908
497   1841   2037   2040   2043
501   1546   3950   3951   4174   4175
503   2322   2326   3393   3394   3397
506   1800   1801   2044   2046   2049
508   1042   2440   2443   2446
510   2798   3077   3084   4190   4192
511   2110   3038   3109   3110
512   1079   2513   3777   3780   3781
515   1800   1802   2023   2024   2027
516   1648   2037   2039   3077   3107   3108
518   1615   1617   2440   2442   2445
521   1718   3030   3179   3181
523   2001   2654   2657   2662   2664
524   1214   1431   2433   2434   2437
525   2287   2307   2707   2719   2720
527   1256   1705   1707   1710
531   1553   1558   2773   2774   2777
533   1855   2649   2788   3946   3949   3952
536   1649   2077   3077   3080
539   2126   2800   3792   4185   4190   4191
541   3051   3053   3146   3149   3152
542   2023   2028   3178   3181   3184
544   1591   2208   2711   2716   2717
545   1631   1636   2377   2378   2381
547   2051   2056   2283   2307   2308
548   2716   2843   4123   4125
552   2106   3110   3111   4186   4189   4192
553   3780   3791   3792   3854   3856
554   2329   2331   2461   3265   3266   3269
555   2322   2324   2495   2617   2618
556   1930   2106   2108   2111
558   1998   2412   2414   2417
559   3067   3927   4170   4171   4174
562   2521   2524   2527   3080   3106   3108
564   2232   2297   3040   3105   3106   3109
565   2405   2407   2953   3051   3052
566   3145   3157   3158   3780   3783
567   2391   2396   2456   2459   2462
568   2192   2521   2523   2526
571   2426   2431   2740   2784   2785
572   2278   2308   2718   2719   2722
573   2419   2424   2456   2458   2461
574   2377   2780   2783   2813   2816
575   2433   2435   2556   3275   3283   3284
576   2604   2617   2771   2836   2838
577   2479   3007   3189   3191
578   2615   2617   2652   2788   2790
580   2538   2603   2835   2836   2839
581   2562   2564   2828   2829   2832
582   2571   2654   2656   2659
583   2763   2764   3393   3395   3398
584   2680   2743   2746   2759   2760   2763
585   2663   2788   2902   2905
586   2743   2748   2867   2868   2871
587   2759   2764   2874   2875   2878
588   2702   2718   2720   2723
589   2711   2799   4186   4187   4190
590   2898   2905   3070   3927   3951   3952
591   2773   2775   2780   2782   2785
592   2828   2834   2845   4122   4123   4126
593   2828   2830   3249   3250   3253
594   2811   2835   2837   2840
595   3282   3283   4119   4123   4124
596   2867   2869   3794   3799   3801
597   2874   2879   2906   2908   2911
599   2898   3029   3178   3179   3182
600   3020   3022   3185   3186   3189
602   3034   3036   3083   3109   3111
603   3050   3052   3121   3124   3127
609   3098   3100   3921   3927   3928
610   3084   3105   3108   3111
612   3112   3121   3123   3126
613   3146   3151   3153   3154   3157
614   3139   3153   3155   3158
615   3162   3178   3180   3183
616   3169   3185   3187   3190
620   3241   3249   3251   3254
621   3256   3265   3267   3270
622   3273   3283   3994   3997   4000
628   3370   3393   3396   3399
630   3475   3786   3787   4179   4184   4185
631   3475   3480   4114   4116   4118
652   3777   3786   3788   3791
653   3794   3818   3819   3822
656   3842   3850   3852   3855
661   3921   3946   3948   3951
663   3978   3994   3995   3998
671   4114   4122   4124   4127
673   4154   4170   4173   4176
674   4179   4186   4188   4191
cells 64
0      0      3      4      5      7     10     11     13     15     16     17     18     19     21     22
1     23     27     28     29     30     31     32     33     34     36    559    609    621    673
2     37      5     38     39     40     42     43     44     45    521    523    542    582    599
3     47     48     49     51     54     56     57     58     60     61     62     63    533    574    576    578
4     32     67     68     69     70     11     71     73     75     76     77     78     81    588
5     82     83     84     85     86     36     87     88     89     90     91    521    614
6     92     93     94     95     96     97     88    100    101    102    103    104    620
7    107    108     58    109    110    111    112    114    115    119    121    122    123    124      0    125    523
8    126    127    128    129    130    131     40    133    134    512    515    553    652    653
9    135    136    139    141    143    145    146    148    149    150    548    595    622    663
10    151    152     86     45    154     76    155    156     31    159    562    564    568    602    610
11    160    161    162    163    164    165    166    167    169    171    512    566    613    614
12    173    174    176    178    179    119    180    181    503    555    576    580    628
13    182    183    184    185     21    186    187    188    191    503    508    583    584    587
14    167    192    193    194     56    195     30    199    200     68    492    541    554    573
15    201    202    203    204    205    187    207    496    544    548    581    592
16     17    210     38    211    212    213    214    215    156    216    217    219    508    518
17    182    223    174    224    226    227     29    228    230    231    112    134    234    235
18    240    241    163    243    127    244    246    109    248    249    250    251    506
19    253    254    255    216    257    258     81    497    516    525    536    562
20    261    262    263    264    185    265    266    267    268    269    101    495    518    581    593
21    270    271    243    272    202    133    273    150    274    539    589    630    631    671    674
22    275     61    276    249    108    277    279    280    281    284    285    286    192    287    603
23    289    104    290    291    275    294     91    295    296    161     60    492    531    571    591
24    297    298    299    223    300    301    302    303    304    525    547    572    583    588    628
25    121    241    305    169    193    306    307    143    309    310    311    313    616    630    652
26    314    285    315    316     93    319    320    295     90    506    515    542    615
27     85    322     23    228    128    323    326    327    328    329    166    291    656
28    331    154     57    332    333    100     89    262    491    501    559    590    599    615
29    162    334    328    290    335    336    338    339    341    342    343    204    136    345
30    348    349    350    351    179    352    353    341    354    575    592    593    595    620    671
31    129    355    125    331    230    184     43    316     94    358    263    555    558    578    585
32    360    361    362    363    364    365    348     48     22    369    181    524    594
33    322     82    372    307    373    376     34     67    151    510    536    539    553    566
34    372     73    378    380    271     10    258    382    384    201    386    300    584    586
35    387    388    389    390    391    360    267    393    274    205    354    287    248    527
36    395    103    391    369    265    350    397    398    399    400    545    574    591
37     77    401    402    403    404    405    406    257    219    407    568    572
38    408    326    409    411    412    226    414    194     27     54    301    501    567    661
39    311    417    286    373    418    141    294     84    320    511    541    552    565    602    613    674
40    224    336    380    253    302    408    420    422    423    327    496    587    597
41    424    425    426     95    427    428    213    255    429    430    389    400    268    511    564
42    155     37    432    210     75    403    107    200    281    434    533    585    590    609    661
43    436    437    335    439    261    426    423    333    409    296     87     96    329    497    673
44    429    439    269    440    422    254    411    441    214     49    407    491    547
45    428    212    388    272    444    159     42    207     16    186    495    586    596    653
46    445    195     28     69    446      4    235    124    447    306    577    600
47    401    432    199    305    446     70    449    450    146    565    603    612
48    454     51    297    289    160    456    397    458    338    460    461    494    567    573    663
49    456    398    462    148    463    339    425     97    436    466    467    531
50    468    440    211    191    358    364     47     18    469    264    470    332    180
51    353    178    473    474    246    475    123    164    342    313    493    494
52    351    334    266    355    475    231    323    126     92    244    203    183    319    477    165    597
53    445    227    122    474    309    412    171    454    478    303    176    554    621
54    270      3    378    447     71    376     33    111     39    131    234    558    596    656
55    424    384    135    437    420    343    463    510    516    544    552    556    589    610
56    441    406    479    480    468    215    365    414    304    458     63    481    467    545
57    482    483    466    299    382    449     13    402     78    461    145    484    481    600    616
58      7    280    434    363    480    485    404    469    217    486    115    527    582    612
59    477    314    102    277     62    251    349    395    110    493    571    580    594
60    139    483    393    488    352    361    276    240    114    486     19    310    577    631
61     15    482    478    473    460    488    345    470    173    298    188    386    524    575    622
62    387    489    427    130     44    418    315     83    444    273    284    152    250
63    149    484    450    390    489    279    362    485    417    479    405    462    430    399    556
