vertices 383
     0 1.12813158414761 0.09236280062175 1.12536558097167
     2 1.51521251825461 0.26661025639753 1.65873098157735
     8 1.01656340842607 3.98211272614901 1.12743404273559
    11 0.37866961330460 0.38040113494705 1.11787062003628
    14 0.97750938897563 3.79473072602574 2.21859165049918
    16 0.42071342492765 0.37386592440224 2.37850350982753
    18 1.26675523114171 0.72274148410372 1.98647988017937
    36 0.02588715125788 0.32109958566603 1.76377355709697
    37 0.61294767868627 0.84489299194982 2.08493608256891
    41 0.36412867693484 0.51333690529683 2.32818738071289
    47 1.56058661057885 3.53604507171199 0.62997100995131
    52 1.78276445942713 0.43172775884871 0.26364294105510
    58 1.97729359793952 3.95002912562869 0.93816994546230
    59 1.65320773404590 3.94289370470762 0.76091340279845
    61 2.00369737912134 3.05143392360866 0.14663019543269
    69 1.16158803480216 3.12200037825037 2.74874864230354
    72 1.05928941934008 3.32794899650912 2.74472421907426
    76 1.28487452493950 3.85647810487719 2.98444152845003
    98 3.21553012590795 0.41266002074077 3.40459324668074
   115 1.16928289150554 3.45783938415220 0.79459899908858
   119 0.91086543230616 0.66509746630184 0.15327601789217
   134 2.74025702854776 2.90392606713849 3.28304013656691
   136 2.77919149133592 2.56131561827874 3.44292880454752
   139 1.77439727897617 2.37076563154623 3.14219348089466
   140 2.52968194306259 2.40622397450241 3.15933136829395
   143 2.13237007076773 2.16057315342504 3.27033603893251
   147 2.65764107221052 2.57324377809771 3.95428560661563
   149 2.77813756892352 2.77613243524384 2.31546276799227
   152 3.54111214812577 2.89109088124887 3.07469814121239
   156 2.76734717891612 2.32189446292686 2.28933305401523
   157 3.60360258591698 2.35614276275816 3.15391778818199
   163 3.69056072157133 2.49353148224155 2.81834217771074
   169 2.03824685203119 1.36004362497184 2.26070199009379
   171 1.44506725741731 1.13982517793027 2.24573502004678
   174 2.42748351238865 0.90039060836078 1.56753180878176
   177 2.38796947140291 0.46555996286441 1.50592837188315
   180 2.18830309177818 0.43811776494530 1.38207620661953
   185 1.97753016473065 0.17772129200624 1.49293573293513
   191 1.54869759174918 1.28431097958366 2.14798073971469
   195 1.36016294154276 2.45838722713073 2.06816114345830
   198 2.57537115112840 3.09286082501530 1.33311225660882
   199 2.59293652473581 3.22780852985999 1.67178774569306
   214 3.93363202500751 2.13736015420447 0.44306349107659
   215 0.33451836331118 1.54129327226461 0.04884299354619
   220 0.64299839591765 1.47489160553883 0.09163545202141
   230 2.86762682932662 1.87460244310380 0.24673423720074
   231 2.39926488490205 2.16353806742727 1.28716968738612
   235 2.26970483561069 1.45738607772412 0.89596353041992
   236 2.67201210594367 2.40854491706550 1.00366516942231
   240 2.12940199618708 1.85566848787200 1.18468370618393
   241 2.70172699722812 2.21051769893715 1.09734057114202
   243 2.72175450824516 2.35642954546652 0.22466748342636
   254 3.12624492706432 0.94344144553208 1.25364426045666
   260 2.94206877255050 3.31147113218389 1.69423416476485
   261 3.17434002643201 3.16404735533280 1.94990432673354
   264 3.29044388248868 3.53608826417949 2.18305001730040
   277 1.69570506580942 1.09337642081251 0.43713175966633
   284 0.58303665317264 2.53379023185147 1.89738713345277
   288 0.35903222526367 0.47557704976772 2.95810848076788
   290 0.02588791019235 0.24923048692637 2.99413118858302
   291 0.19327999067721 3.36637780569978 3.25804324448330
   292 1.09870993578920 0.25900184026768 2.98228684436310
   295 0.25032759160811 0.47218231682528 2.79273010662690
   300 2.95848474071018 0.18925602150657 0.69661596612356
   310 1.20077492621591 1.62532991999251 2.24703649912966
   311 1.16579894986411 2.26209983662404 2.13484361613032
   315 1.26792422449655 1.93161864281124 2.43161861365917
   332 3.14964319831431 3.49942091322803 2.55686342377857
   336 0.08059821928275 2.37173864617621 2.62806681982635
   339 0.98151257937658 2.50597744018037 2.16232786664300
   343 2.11312680293060 1.90297153577669 3.05947751656944
   346 1.31820169476205 1.99414084470741 3.16325280471185
   347 1.72227756705706 2.11936239631301 3.03834373169880
   354 1.06616892686838 1.89549778749101 2.79054814473894
   356 2.85396689037982 2.48202097199034 0.12739542573963
   358 3.77694026367660 0.90942616472898 0.59280912202127
   364 0.22393256358975 0.35228083405199 0.96020647729144
   365 3.80673551170314 0.85927554885742 0.16084345788067
   376 3.18662663423074 2.12665196277153 1.42545409252332
   380 3.66325588382503 2.53383756361903 0.17241110412086
   394 0.36174712013026 1.18895351380119 2.95189015282048
   396 0.19875799774261 0.60544632726656 2.72545236834540
   399 0.32177518142206 1.57011782523512 2.76696319265193
   403 0.34321288201743 2.06793436304870 2.93621954372826
   405 0.14815268069546 2.06127044289985 3.28401324274055
   406 0.38891971063554 1.12163016192192 3.74797566299129
   408 0.50352161903459 1.04348470450640 3.21278585262925
   410 0.63382881142784 1.15083417564342 3.82830302719865
   413 3.29727238960068 3.58025432404225 3.99487700785692
   422 3.87565869137786 1.25204558359302 0.04498385788259
   425 0.20310278349848 1.35219230137002 3.83537120710689
   429 3.08985733627328 0.12987935735385 3.03543028340801
   432 2.31694899041602 1.24329978714198 3.19647387253539
   436 2.22998319018710 1.33974182865433 1.93928685280084
   439 2.87119016700624 1.70859862141675 0.64564833291312
   440 3.48819819096337 1.47205901368391 0.86739250839877
   447 3.64336587522734 3.42500265541700 3.97389533990665
   457 1.67378542057298 0.81328984458326 2.61741063566582
   460 2.58351661845746 3.69809845357701 0.51585646295962
   473 3.64805968918369 0.37458776906392 1.75258383591441
   481 2.46364242688018 2.15935163652237 1.99649284540267
   488 0.23835130641162 3.92374910926424 2.11058270468638
   489 0.37970206156715 3.75534841431444 2.05610358428582
   500 2.30647056425312 2.29027647026171 1.26689448161077
   502 2.41447110251912 2.47861611185181 1.11278961229200
   510 2.42607318947509 2.95271310750713 1.96398171914127
   513 0.17249235525751 3.19938114610138 0.57224472991099
   519 0.33896970870120 3.12592949914968 2.65976474683151
   524 1.63539363056088 1.23628640747590 1.63886010937763
   529 1.63852490835911 2.91191782199079 3.10647522508205
   538 2.96162997550902 3.40704832291875 0.22395251639438
   544 0.35601526242104 0.85306906069776 1.75887455901857
   545 0.07247833409316 0.54208139056566 1.89833535822531
   553 3.08262625670855 2.86311255174423 2.28190883732611
   557 0.96755897675892 1.58223594987983 2.74095818229263
   559 0.51677970195939 1.44546191296246 2.71917995176249
   568 3.07140436227445 3.10343249232513 2.61112519292326
   569 3.29516333687967 3.09552971129013 3.01599893752951
   571 3.10010265109995 3.90402312691324 0.65767700963175
   573 1.61130818346608 0.64626560478021 0.21794957178055
   581 0.68984591600242 2.59512930726373 2.60327691193427
   582 0.74091587183420 2.22454704757459 2.91251149123190
   587 3.10964982178497 1.87883722587608 0.11165688494724
   605 0.91268933282627 3.41028050582101 0.48796050332690
   611 3.68174584934886 0.62504517284470 1.90223301008186
   625 1.13366485532274 3.10324618806668 1.05703301833571
   629 3.45245355712479 0.74550931914324 2.79305600468999
   630 3.34886620097307 0.39360971082476 3.09751511080935
   635 3.33734026262157 3.20820261731466 3.06118641290750
   636 3.34296023138297 3.55082202515937 2.79791391571645
   640 2.07652408838032 1.55324657308263 3.42509774328880
   645 1.51161074068423 0.13773228878438 1.88144231689211
   647 2.98203985981748 0.14817184744533 3.27745636228983
   648 3.00772404540775 3.59304114658585 3.58195217095831
   649 3.14063614915060 2.37953069392818 3.46619924123659
   650 3.13635860530801 2.31924062032547 3.98824877233507
   658 0.70952440237752 0.27701403697255 0.96982457257823
   660 3.81198451168381 2.68916005477073 0.75925886008039
   662 0.11683860076176 3.03242679945123 0.83712921419585
   663 0.19602331231373 1.33128196654707 2.97277383857066
   667 0.93119503026954 2.35473084311787 3.28231240666532
   668 0.02902163715350 3.29907676636158 2.96673781125139
   669 3.86219845086480 3.63880328003417 2.73425653370822
   673 3.42155722385140 1.37895374319217 3.57159334977924
   674 0.03847171296147 1.51843090264820 3.39994848454388
   678 0.74798007776951 3.12926906382527 0.49492470181796
   681 0.53052940403026 0.77909507629983 1.27851834207690
   691 2.54308420762002 2.02203641471705 1.82505467994161
   692 2.97475392529322 1.99062104455650 1.83924401961503
   695 1.08981255989581 1.48755518240084 2.34439049625949
   696 0.64209491352474 1.34926268385503 2.27659293193298
   698 1.79299067851729 2.80694982831559 2.97652488538987
   701 2.13351252143504 0.94810253366634 3.15600997069431
   711 2.85224579101820 3.61607606981642 0.57723387073948
   717 1.96282130333057 1.27531448830378 1.59191593045852
   718 2.14526987053588 1.06209850219801 1.42528404751903
   723 2.23200773936467 2.46948462671946 1.79660517172755
   724 1.66036551338588 2.47535349315735 2.20273452443737
   725 3.13695663751961 2.82453903749639 0.39743919134077
   726 3.64148129801187 2.73507137921018 0.31777149422625
   735 3.88359241996821 3.15993937817051 3.51175349266912
   736 3.64547343150440 3.08217545669435 3.13526189570289
   737 0.00933781279421 1.72997154096427 2.32561896142920
   738 0.30385533444092 1.56669413033292 1.94749060820668
   739 2.09005403761096 0.84276685301360 2.69438737816097
   740 2.25314790866693 1.05464719234604 2.56189989286623
   758 2.38802178333348 0.20890937424485 1.81406477818439
   760 3.52497577996323 2.55813233460768 3.30259498710226
   761 3.91782952178920 2.63669685749860 3.74671565082881
   762 0.41006048762664 1.96448078368266 0.03515542090831
   764 0.34810397154966 2.24486661148285 3.65365977155960
   777 3.49669796442625 0.35116365209935 3.84606838801317
   780 2.00956491076854 0.95643922837936 1.35429786882084
   783 1.91989554394593 3.97081757167175 1.92797083799816
   784 2.08520853545040 0.00700543864656 1.73974489445803
   791 2.11109114497263 3.21796728121513 2.27847144992079
   792 1.69701085775408 2.86238555217494 2.45143132321847
   795 3.84259759814565 3.02807184367218 0.15533737916317
   796 0.00865682085619 2.87573185200689 3.76893256219007
   797 2.07567426722470 1.78880718973388 2.44136443808350
   798 1.67900491724407 2.04811507131918 2.51865694186351
   799 3.71896004088680 3.74389186906242 0.12103334360384
   800 3.44711926272323 3.83601725262525 0.12278250151801
   806 1.10988101367617 3.39323927652698 0.08639749144146
   816 0.75271061723615 2.02777620883312 0.08772317990282
   817 0.69713631755422 2.35512769028379 3.62899865910135
   819 0.35653252865277 2.65041981795886 2.49830504802438
   821 1.50421897486692 2.91130130657763 1.17095278722910
   822 0.78229700064464 3.12974951945910 2.87682917505571
   826 3.31297418337348 0.81876976667275 0.76115167784121
   837 3.11115138482783 0.61833140004334 0.40348494090177
   838 2.69234854058804 1.46038159795806 0.66833036553495
   839 3.20289076969071 1.10376477865984 0.90095106274644
   842 1.30375436149766 0.02605525448733 3.59417442345974
   844 1.15150200067993 3.97565134125038 3.17944989728368
   847 0.00224965476440 2.31220483615002 0.81714133327882
   854 0.60873082917687 3.26859611886566 3.28040036723267
   862 1.95884594248826 3.37689020411320 3.48160818570999
   866 1.78958724868264 1.55043777332931 0.22890360261675
   869 3.92621517591112 0.33674693059582 3.79413257935051
   870 0.07966966680454 0.64100376209764 0.01576976855298
   871 0.02449635916112 3.69708404902270 0.57854077024309
   874 0.87633662509965 2.97342716605883 2.86341616665585
   877 0.05776561654316 0.06578806189860 3.89509979042780
   881 2.53178361553559 1.36905616765570 0.40704415666689
   882 2.96427963225467 3.89270050634821 1.77280311977254
   883 3.11864547727349 3.93823213793975 1.99092774900385
   884 2.12838483303142 1.35368612485696 0.57318222182470
   885 1.96130688919918 1.04960915553865 0.61428823898864
   890 3.38738667284406 1.25147393842617 1.66105313507158
   899 3.43338237515369 1.02909960189085 2.87382227607642
   900 3.21515876135887 1.18993050168318 3.44396993213484
   903 3.10916564626241 0.80217767313434 3.62903944385947
   904 3.39328503986397 0.62821807092046 3.99976363306864
   905 2.63707903280082 2.07032217930886 2.84547424946384
   907 1.06350699957267 1.82338272899663 0.34748848661823
   908 0.91290654338654 1.86659917007266 0.08228808537312
   909 1.94346118747789 3.51171990942855 1.93766510707628
   910 2.17492896132864 3.54376898986637 1.66999169208694
   911 2.79525187966111 1.18284053197211 3.58998785954705
   912 2.58597191589429 1.57727218707007 0.09872908526865
   913 2.41216643811223 1.34087155024380 2.93824979662013
   914 2.27876830878930 1.78230008702772 2.84510542777047
   915 3.51132376881880 1.19192233425542 1.79071655364322
   916 0.13810390367792 1.33180400198939 1.70182882050743
   917 0.17527719028492 3.51156001562946 2.19615768610614
   918 0.01614274328525 3.64517735931577 2.26636370651531
   920 1.34006425951580 0.69863543589680 1.71574600653746
   922 2.83270039645683 0.86110678218288 3.69257601591954
   923 2.72959870245672 0.80030035349145 0.18890332357796
   926 0.30576116209069 3.84722208365052 3.39900953480457
   927 0.14042637926414 0.25670548171296 3.14621352830487
   928 1.59467628660992 1.08570231845454 1.54449561429418
   933 2.46190071564564 0.45024232812341 2.35931940724500
   938 2.00368488471693 2.57032095489963 0.73094379527082
   941 0.96370244403169 3.80677405315273 3.75996984553942
   942 0.77141583639071 3.72992111045883 3.41445410297573
   946 2.48157291029483 1.09498532653486 1.93991487099242
   948 3.18221916511384 1.37211459682411 1.89727983374365
   949 3.43392389155620 2.99857099356511 1.77494205581579
   952 3.56580962331389 1.59641448767552 1.18409671888526
   954 0.08522619311851 3.19976797557798 1.91512804376219
   955 0.29222946516874 2.62063857136092 2.12817775596872
   957 1.05465607317602 0.15507278317056 2.36438396302934
   958 1.23493895956908 0.15928394340861 2.76246551134745
   959 1.46501084886021 3.45436094526947 0.08777106582380
   960 1.71742523149026 3.15180270713692 3.91305132029272
   966 2.51087435579092 0.90350781663854 2.34268764328373
   970 2.83211019913718 0.28399671414810 2.45502179719503
   971 2.79629507456534 0.11387227584940 2.67243115368285
   972 0.18822144984318 0.18897914717486 1.35034332955246
   977 1.63639911598722 0.54346897468515 3.83201819132616
   978 1.35500470431878 0.47354148694425 3.70666739681914
   980 2.26259592447527 0.38849259422001 2.55493422888610
   982 1.38640392976939 0.35628552860556 2.16537049752686
   983 1.60076153231694 0.39254990768166 2.48438265729192
   984 2.03397708397830 0.20173721021295 2.46624084103437
   989 0.01036191399245 0.16590015329432 1.15006634910987
   992 0.63656329236365 2.99131067572212 1.45704283401473
   995 3.30593453320850 3.86192296056727 1.05347572646667
   997 0.41898169633211 0.00320297577851 0.49377879613256
   998 0.43950932226262 0.20399276683796 0.62824460128355
  1000 0.47142439646027 2.38247158794332 0.97732793148041
  1001 0.55445219129630 2.81379152648905 1.00560768444433
  1002 0.43727032710589 0.14255543555857 0.25276002721071
  1003 0.44990071010444 0.29971007418152 0.31368788536584
  1007 2.99372324808805 1.90086122398226 2.91129242213562
  1010 0.43923501204514 3.69712463742157 1.69197855325436
  1011 0.26393249782172 3.32818644764108 1.60654559008226
  1012 3.39737413978644 2.34444767727248 1.43448627153818
  1015 3.92384048765181 3.33313252464168 1.20732016798257
  1016 3.84303701371160 3.78393811972748 0.99691846306898
  1018 3.26824739708527 0.73962308275294 2.49060414924344
  1019 3.23676412052262 2.08335044469146 3.25858194771565
  1020 3.23854066064450 1.51330646473606 3.56979449243621
  1021 3.09655222196805 1.29437167135964 3.44216099532085
  1022 2.92513048599383 1.41213919830755 2.97882240862100
  1023 2.38745806292340 0.18610737881891 2.75533988447546
  1026 0.84397531469690 2.88047177912228 0.81907277429245
  1028 3.93018822352213 2.22231077537288 2.34542149463802
  1030 3.22084061074525 1.18766151416800 2.64714689735854
  1032 3.41128707539012 1.53388515704770 2.33157258733080
  1036 0.04099351811608 2.36569251725611 2.07417451450091
  1037 3.48696525277835 2.56735516977355 1.89201272005882
  1038 3.13592261442991 1.03245380655725 2.45504664390533
  1039 3.30352752983594 1.31699834441298 2.04813516933971
  1040 3.86449476857101 2.05701417070468 1.20325340072215
  1043 1.18360147875346 3.73809193554035 1.92759422281481
  1047 2.89409512047008 3.12943856184323 1.19647516578333
  1048 0.91935649760791 3.66239446092029 1.57410729619296
  1049 1.00616251180162 3.17035215065717 1.42370846683357
  1050 3.35996098292879 3.05108015054398 1.42883428378265
  1051 3.08127805511254 3.24090144325626 1.39132715294799
  1057 1.82295797001468 3.66080542356518 3.14219777711054
  1059 2.15606382200291 3.94999887520089 2.70080312884478
  1060 3.32305770951804 2.72523369359583 1.19177327571890
  1061 3.03867075173757 2.76861828103620 1.03943995353665
  1071 1.44726340819021 2.62752051828718 3.74551474958142
  1073 1.36685748594066 1.77987183646737 3.38211487998742
  1091 0.84264091641146 0.74490742805154 1.20557821042294
  1096 0.87497581245357 0.39861203120214 0.97945705286630
  1097 1.10491716935016 0.72556884576100 0.44897143040477
  1098 1.89889919513281 3.25008838154633 3.21736835533660
  1100 1.47231231560472 2.63486767489585 3.34999030054113
  1101 0.99928007535872 2.59322531391776 3.32443743985864
  1105 1.84702602901303 1.52824205814496 3.51826693041838
  1106 1.78269501725622 1.00166095767212 3.34027826904844
  1109 1.89307960775007 3.70216748610680 3.41784640708186
  1113 0.89578331659561 2.95641392984668 3.99091245167527
  1115 0.98931480914116 2.70920392115160 3.91633990080708
  1120 1.57820217087051 3.91519923018893 3.70650241836804
  1121 1.78177104453762 0.35749239084123 3.88458325760214
  1122 0.67947860317290 2.87552084576708 3.69419256266886
  1123 0.81031596490305 2.66644790397144 3.65173689631531
  1124 0.88122742150984 1.08800835590862 3.33199277153311
  1125 1.24158107973883 0.73145941093276 3.26241947359330
  1127 1.44949913551959 0.94459975095948 3.12429710343802
  1128 1.15290901360723 1.31365910473892 3.15148412835026
  1131 1.62336612034086 2.05730690018873 0.44909648884482
  1133 2.49352766508725 2.42715166280510 0.06999330889600
  1134 2.07117749796600 2.57102731679353 0.24743143804642
  1135 2.23113622667501 1.70926534819454 3.94492279862217
  1136 1.87622952035712 1.53699490690827 0.34402804001715
  1137 2.12500483477451 2.09616313705113 3.87717138583476
  1138 1.83143995314103 2.28175694506920 0.07237079835014
  1140 2.54184559676016 2.82887300385965 3.04545498678857
  1141 2.70081568013345 2.97134227551020 2.63033034748546
  1142 0.80502134618800 1.31241234814347 0.95425992241763
  1143 0.89165934420744 1.38209500525674 0.51240632551295
  1145 2.09663031086046 3.02768933737081 2.99783232749883
  1146 2.26368272557089 3.27280337310749 2.58211352048169
  1147 1.12635179122622 1.07932208143376 0.62153225256353
  1148 0.99624302139063 1.10420389624050 0.99641526976471
  1164 3.25612045313061 2.04007008283831 2.45334701531957
  1166 3.06477745284444 2.23632485561423 2.21802861356955
  1167 3.54997213834183 2.34082468909249 2.46184497966189
  1168 3.30082787389240 2.51646403031542 2.20922287500056
  1169 2.20634816376169 0.22307814163356 0.81172379405964
  1170 2.52466484927027 0.13323916741892 0.58766031680620
  1172 2.36572803545215 0.43196675343558 0.27773469904671
  1173 2.09467900999168 0.50785044148204 0.44886430941983
  1174 0.18814095195719 1.48312430208541 1.41141118872679
  1176 0.40330160742365 1.20417972134353 1.10115479419534
  1177 3.74308039694278 1.63546341924990 1.13499161903566
  1205 3.07385251004940 0.32795833969063 1.13137818320927
  1206 3.23933414004947 0.55597723759211 1.12935190746846
  1212 3.22936754559307 0.16635615218774 1.25052981394146
  1213 3.43851126143448 0.33180050174162 1.28508851708288
  1229 1.06207896388707 1.89262918009219 1.88070592670812
  1238 0.93174788056712 1.76163989585371 1.18774837495100
  1239 1.25883073826939 1.78233606286086 1.47763964037235
  1332 1.70536806529812 2.22282089729748 0.77860095438629
  1333 1.95500349857759 2.08459599047650 1.13958264046206
  1335 1.59294294899003 2.17748324912419 1.31070887690538
  1336 1.56104087922588 2.41500889054349 1.00372052139872
  1337 1.45007150247215 3.30538675860015 1.95608150320365
  1339 1.29894022777894 3.02143867452440 1.64000959589518
  1345 1.34215618879195 3.02888024546856 2.41150992605175
  1346 1.19527605609928 2.65398445279460 2.10611049021613
  1352 2.09806898106173 3.56759380196675 0.87668179686773
  1354 2.16311152951912 3.31273200207511 1.21769316128429
  1355 1.83824516740589 3.34871880750807 0.71616533650200
  1356 1.83673095337180 3.04014804421049 1.00986500302824
  1377 2.30597140773564 0.03497909249630 3.54918952138070
  1378 2.22258512296152 0.30470411062371 3.72748196084895
  1385 2.41627108301624 0.50137663900904 3.45783763711505
  1386 2.48975724061971 0.25769222191365 3.30847800189874
  1395 3.69926597447150 1.68382501909441 0.46691626269679
  1396 3.92023299241796 1.42050906751303 0.31858269624026
  1400 3.66421619249183 1.50098013440661 0.79446809357227
  1401 3.87737744041631 1.25922410691169 0.64378871113398
  1437 0.44226501907963 1.90042991237254 1.52921215197622
  1439 0.46842854219570 1.91541644916662 1.64986448694127
  1440 0.37422552343698 2.02702181556282 1.50180656793558
  1441 0.40113621061446 2.06819091231123 1.66380893712762
  1450 2.48920659807273 3.18036744829978 3.91719187027634
  1451 2.64968678218875 3.42870890562193 0.03133227160860
  1455 2.48956908231459 3.28368769667708 3.68137021915527
  1456 2.62121321145910 3.50224800444063 3.75734458251750
  1458 0.99567544777507 1.93534847123317 0.97375047121969
  1459 1.21574614822124 2.27592050344215 0.73401880312349
  1460 0.84480988608645 2.26634098490437 0.71311775644274
  1461 0.98557413961168 2.43124932429838 0.65763122014377
edges 766
16      2      0
17      0      8
32     16     41
33     41     37
34     37     18
84     58     59
85     59     52
93     59     47
101     76     72
102     72     14
111     72     69
177    115     47
181     59      0
189    115      8
218    143    139
224    134    136
225    136    147
229    140    136
231    143    140
232    149    156
246    152    163
247    163    157
272    171    191
273    191    169
284    185      2
292    177    180
293    180    185
295    171     18
303    174    177
313    199    198
363    220    215
382    230    243
389    241    236
390    236    243
391    231    240
395    231    241
398    235    240
419    254    174
433    260    261
438    264    261
486     16    295
487    295    290
496    295    288
501    292    288
524    260    199
526     58    185
537    310    191
544    195    311
553    311    315
554    315    310
584    264    332
588    163    336
596    339    284
597    311    339
612    354    346
623    347    346
624    354    315
625    343    347
629    243    356
632    147    356
636    343    143
641    365    358
642    358    364
669    139    347
690    376    241
700    214    380
736     41    396
737    396    394
760     11    364
766    403    336
767    399    403
774    157    405
775    405    403
776    119    410
782    406    410
785    408    288
786    406    408
825    410    220
835    365    422
839    425    215
843    425    422
844    396    295
849    406    425
850    394    408
886    169    436
890    439    440
892    230    439
895    241    439
921    413    447
947    171    457
998     36    473
1021    156    481
1042    488    489
1045     36    488
1048     16    488
1049     14    489
1079    500    502
1081    231    500
1083    236    502
1086    198    502
1109    199    510
1112    149    510
1153    191    524
1172     69    529
1194    413    538
1214    544    545
1218     36    545
1220     37    544
1221     41    545
1242    149    553
1243    261    553
1256    557    559
1260    394    559
1261    354    557
1263    399    559
1289    568    569
1290    553    568
1292    332    568
1293    152    569
1294    134    569
1301    300    571
1307     52    573
1308    277    573
1333    581    582
1336    339    581
1337    403    582
1339    354    582
1355    230    587
1410    115    605
1431    545    611
1432    473    611
1476    115    625
1486    629    630
1487    396    629
1490    290    630
1491     98    630
1492    429    630
1507    635    636
1510    569    635
1512    429    636
1513    332    636
1525    343    640
1528    432    640
1540      2    645
1546    647    648
1547     98    647
1549    429    647
1550    413    648
1552    635    648
1553    649    650
1554    136    649
1557    356    650
1558    587    650
1559    380    650
1584      8    658
1586     11    658
1591    660    662
1595    513    662
1602    394    663
1605    399    663
1612    346    667
1614    582    667
1615    668    669
1617    519    668
1618    291    668
1619    636    669
1621    290    669
1631    673    674
1634    422    673
1635    405    674
1636    663    674
1637    425    674
1648    513    678
1649    605    678
1658    544    681
1660     11    681
1691    691    692
1692    481    691
1693    436    691
1694    231    691
1697    376    692
1705    695    696
1706    310    695
1707    557    695
1708    171    695
1710    559    696
1711     37    696
1716    139    698
1718    529    698
1729    432    701
1760    571    711
1761    538    711
1762    460    711
1779    717    718
1780    524    717
1781    436    717
1782    240    717
1784    174    718
1785    235    718
1800    723    724
1801    481    723
1802    510    723
1803    500    723
1806    195    724
1807    725    726
1808    356    725
1809    538    725
1811    380    726
1813    660    726
1839    735    736
1841    447    735
1842    291    735
1843    152    736
1844    635    736
1845    668    736
1846    737    738
1847    399    737
1850    696    738
1853    739    740
1855    701    739
1856    457    739
1859    169    740
1920    177    758
1922    760    761
1923    152    760
1924    649    760
1925    157    760
1927    380    761
1930    762    764
1932    214    762
1934    761    764
1935    215    762
1937    405    764
1980     98    777
1988    180    780
1989    718    780
1998    783    784
2001    645    783
2002    758    784
2004    185    784
2023    791    792
2024    510    791
2027    724    792
2028    698    792
2037    795    796
2038    726    795
2039    513    795
2040    447    795
2041    761    796
2043    735    796
2044    797    798
2045    169    797
2046    481    797
2048    315    798
2049    724    798
2050    347    798
2051    799    800
2054    447    799
2055    571    800
2056    777    800
2057    413    800
2077    605    806
2106    816    817
2108    762    816
2110    667    817
2111    764    817
2117    581    819
2118    519    819
2119    336    819
2126    625    821
2130    519    822
2133     72    822
2142    358    826
2173    826    837
2176    300    837
2177    838    839
2178    439    838
2180    235    838
2181    440    839
2182    826    839
2183    254    839
2192    842    844
2196     76    844
2199    292    844
2208    660    847
2210    214    847
2232    822    854
2233    291    854
2270    277    866
2278    869    870
2281    406    870
2283    777    869
2284    365    870
2286    513    871
2287    799    871
2296    581    874
2297    822    874
2298     69    874
2307    799    877
2308    869    877
2318    838    881
2322    882    883
2324    758    882
2325    260    882
2326    473    883
2328    264    883
2329    884    885
2331    881    884
2332    235    884
2333    277    885
2335    780    885
2352    254    890
2377    899    900
2378    663    899
2380    629    899
2381    673    900
2391    903    904
2392     98    903
2394    900    903
2395    777    904
2396    837    904
2397    365    904
2399    140    905
2401    156    905
2405    907    908
2407    866    907
2409    220    908
2411    816    908
2412    909    910
2413    791    909
2414    783    909
2416    199    910
2417    784    910
2419    911    912
2420    432    911
2424    881    912
2425    230    912
2426    913    914
2427    432    913
2429    740    913
2430    343    914
2431    905    914
2432    797    914
2433    915    916
2434    611    915
2435    890    915
2437    544    916
2439    738    916
2440    917    918
2442    519    917
2443    489    917
2444    264    918
2445    669    918
2446    488    918
2451     18    920
2454      2    920
2456    922    923
2458    911    922
2459    903    922
2461    881    923
2462    837    923
2470    926    927
2472    877    926
2473    291    926
2474    288    927
2475    869    927
2476    290    927
2478    780    928
2479    920    928
2480    524    928
2495    758    933
2513    502    938
2521    941    942
2523    842    941
2524    806    941
2525    926    942
2526    844    942
2527    854    942
2538    946    948
2540    174    946
2542    890    948
2543    436    946
2545    692    948
2549    261    949
2556    890    952
2557    440    952
2558    376    952
2562    954    955
2564    949    954
2565    917    954
2566    284    955
2568    819    955
2571    957    958
2573     14    957
2574     76    958
2576     16    957
2577    292    958
2578    959    960
2579    806    959
2580     47    959
2583     61    960
2584    862    960
2602    740    966
2603    946    966
2604    933    966
2615    970    971
2617    933    970
2618    883    970
2619    429    971
2621    332    971
2625     36    972
2628     11    972
2638    977    978
2641    573    977
2642    842    978
2644    119    978
2649    739    980
2652    933    980
2654    982    983
2655     18    982
2656    957    982
2657    645    982
2658    457    983
2659    958    983
2662    783    984
2663    980    984
2664    983    984
2679    364    989
2680    972    989
2690    284    992
2696    571    995
2702    997    998
2704    605    997
2705    658    998
2707    871    997
2708    364    998
2711   1000   1001
2714    992   1001
2716    847   1000
2717    662   1001
2718   1002   1003
2719    877   1002
2720    997   1002
2721    941   1002
2722    870   1003
2723    998   1003
2724    119   1003
2740    905   1007
2743   1010   1011
2744    489   1010
2746    972   1010
2747    954   1011
2748    992   1011
2756    376   1012
2759   1015   1016
2760   1011   1015
2762    662   1015
2763    989   1016
2764    995   1016
2765    871   1016
2770    629   1018
2771    970   1018
2772    611   1018
2773   1019   1020
2774    649   1019
2775   1007   1019
2776    157   1019
2777    587   1020
2779    673   1020
2780   1021   1022
2781    911   1021
2782   1020   1021
2783    900   1021
2784    913   1022
2785   1007   1022
2788    980   1023
2790    971   1023
2798    678   1026
2799   1001   1026
2800    625   1026
2805    737   1028
2808    336   1028
2811   1030   1032
2813    899   1030
2815    737   1032
2816   1022   1030
2828   1036   1037
2829    955   1036
2830   1028   1036
2832    949   1037
2834   1012   1037
2835   1038   1039
2836    966   1038
2837   1030   1038
2838   1018   1038
2839    948   1039
2840   1032   1039
2841    915   1039
2843    847   1040
2845   1012   1040
2853    645   1043
2856     14   1043
2863    198   1047
2866    711   1047
2867   1048   1049
2868   1010   1048
2869   1043   1048
2870      8   1048
2871    992   1049
2873    625   1049
2874   1050   1051
2875   1015   1050
2877    949   1050
2878    995   1051
2879   1047   1051
2880    260   1051
2898   1057   1059
2900     76   1057
2902    984   1059
2905   1023   1059
2906   1060   1061
2907    660   1060
2908   1050   1060
2909   1012   1060
2910    725   1061
2911   1047   1061
2912    236   1061
2942    960   1071
2950    346   1073
2953    908   1073
3006    681   1091
3007    920   1091
3020   1096   1097
3021      0   1096
3022   1091   1096
3023    658   1096
3024    573   1097
3026    119   1097
3028    862   1098
3029   1057   1098
3030    529   1098
3034   1100   1101
3035    139   1100
3036   1071   1100
3037    529   1100
3038    667   1101
3040    874   1101
3050   1105   1106
3051    866   1105
3052   1073   1105
3053    640   1105
3054    977   1106
3056    701   1106
3067    862   1109
3070   1057   1109
3077    678   1113
3080    806   1113
3083   1071   1115
3084   1113   1115
3098   1120   1121
3099    842   1120
3100   1109   1120
3101    959   1120
3102    977   1121
3104     52   1121
3105   1122   1123
3106    854   1122
3107    796   1122
3108   1113   1122
3109   1101   1123
3110    817   1123
3111   1115   1123
3112   1124   1125
3115    410   1124
3116    978   1125
3118    408   1124
3119    292   1125
3121   1127   1128
3122    457   1127
3123   1125   1127
3124   1106   1127
3125    557   1128
3126   1124   1128
3127   1073   1128
3139   1133   1134
3141    147   1133
3142     61   1134
3144    243   1133
3145    938   1134
3146   1135   1136
3147    912   1135
3149    640   1135
3150    884   1136
3151   1131   1136
3152    866   1136
3153   1137   1138
3154   1135   1137
3155   1133   1137
3156    143   1137
3157   1131   1138
3158   1134   1138
3159   1071   1138
3162   1140   1141
3164    140   1140
3165    149   1141
3167    134   1140
3168    568   1141
3169   1142   1143
3173    907   1143
3176    220   1143
3178   1145   1146
3179   1098   1145
3180   1140   1145
3181    698   1145
3182   1059   1146
3183   1141   1146
3184    791   1146
3185   1147   1148
3186   1097   1147
3187   1143   1147
3188    277   1147
3189   1091   1148
3190   1142   1148
3191    928   1148
3241   1164   1166
3243   1007   1164
3245    156   1166
3246   1032   1164
3248    692   1166
3249   1167   1168
3250   1028   1167
3251   1164   1167
3252    163   1167
3253   1037   1168
3254   1166   1168
3255    553   1168
3256   1169   1170
3259     58   1169
3260    460   1170
3262    180   1169
3263    300   1170
3265   1172   1173
3266    923   1172
3267   1170   1172
3269    885   1173
3270   1169   1173
3271     52   1173
3273   1174   1176
3275    916   1174
3277    681   1176
3280   1142   1176
3282   1040   1177
3283   1174   1177
3284    952   1177
3370   1205   1206
3372    177   1205
3373    254   1206
3375    300   1205
3376    826   1206
3393   1212   1213
3394    882   1212
3395    995   1212
3396   1205   1212
3397    473   1213
3398    989   1213
3399   1206   1213
3446    311   1229
3449    310   1229
3475   1238   1239
3476   1142   1238
3479    524   1239
3480   1229   1239
3777   1332   1333
3780    938   1332
3781    500   1333
3783   1131   1332
3784    240   1333
3786   1335   1336
3787   1239   1335
3788   1333   1335
3789    195   1335
3791   1332   1336
3792    821   1336
3794   1337   1339
3796    909   1337
3798    821   1339
3799   1043   1337
3801   1049   1339
3818   1345   1346
3819   1337   1345
3820     69   1345
3821    792   1345
3822   1339   1346
3823    339   1346
3824    195   1346
3842   1352   1354
3844    460   1352
3846    198   1354
3847     58   1352
3849    910   1354
3850   1355   1356
3851     47   1355
3852   1352   1355
3853     61   1355
3854    821   1356
3855   1354   1356
3856    938   1356
3921   1377   1378
3925   1172   1378
3927   1109   1377
3928   1121   1378
3946   1385   1386
3947    922   1385
3948   1378   1385
3949    701   1385
3950    647   1386
3951   1377   1386
3952   1023   1386
3978   1395   1396
3980    587   1395
3981    214   1395
3983    422   1396
3984    215   1396
3994   1400   1401
3995   1395   1400
3996    440   1400
3997   1177   1400
3998   1396   1401
3999    358   1401
4000   1176   1401
4114   1437   1439
4116   1238   1437
4118   1229   1439
4119   1174   1437
4121    738   1439
4122   1440   1441
4123   1040   1440
4124   1437   1440
4125   1000   1440
4126   1036   1441
4127   1439   1441
4128    284   1441
4154   1450   1451
4155    147   1450
4157     61   1450
4158    538   1451
4160    460   1451
4170   1455   1456
4171    862   1455
4172    134   1455
4173   1450   1455
4174   1377   1456
4175    648   1456
4176   1451   1456
4179   1458   1459
4181    907   1458
4182   1131   1459
4184   1238   1458
4185   1336   1459
4186   1460   1461
4187   1000   1460
4188   1458   1460
4189    816   1460
4190   1026   1461
4191   1459   1461
4192   1115   1461
polygons 447
0   1540   2451   2454   2655   2657
3     16     17   1540   2853   2869   2870
4     16   2454   3007   3021   3022
5   2573   2656   2657   2853   2856
7     32     33     34   2576   2655   2656
10   1584   1586   2628   2746   2868   2870
11     17   1584   3021   3023
13   1586   1660   3006   3022   3023
15   1214   1218   1658   1660   2625   2628
16   1049   2744   2856   2868   2869
17   1042   1048   1049   2573   2576
18     32   1045   1048   1218   1221
19     34   1220   1658   2451   3006   3007
21   1042   1045   2625   2744   2746
22     33   1214   1220   1221
23   3844   3852   3853   4154   4157   4160
27   3260   3267   3921   3925   4160   4174   4176
28     84     85   3259   3270   3271
29   3256   3259   3260   3844   3847
30   3104   3265   3271   3925   3928
31   2578   2584   3067   3100   3101
32     85     93   2580   3098   3101   3104
33     93     84   3847   3851   3852
34   2578   2580   2583   3851   3853
36   2583   2584   4157   4171   4173
37   2574   2659   2664   2898   2900   2902
38    101    102   2571   2573   2574
39   2001   2414   2853   3796   3799
40   2023   2413   3796   3819   3821
42    102    111   2856   3799   3819   3820
43   2413   2414   2662   2902   3182   3184
44   1172   1718   2028   3820   3821
45    111    101   1172   2900   3029   3030
47   1486   1492   2615   2619   2770   2771
48   2380   2770   2813   2837   2838
49   1491   1492   1547   1549
51   2394   2458   2459   2781   2783
54   1547   2392   2459   3946   3947   3950
56   1729   2420   2458   3947   3949
57   1549   2619   2790   3950   3952
58   1853   2602   2604   2649   2652
60   2420   2427   2780   2781   2784
61   1729   1853   1855   2427   2429
62   2429   2602   2784   2816   2836   2837
63   1486   1491   2377   2380   2392   2394
67    177   1410   2077   2579   2580
68   1307   2641   3102   3104
69     85    181   1307   3020   3021   3024
70   2638   2641   2644   3024   3026
71    177    189     17    181     93
73    189   1410   1584   2702   2704   2705
75   2638   2642   3098   3099   3102
76   2523   2524   2579   3099   3101
77   2523   2642   2644   2718   2721   2724
78   2705   2723   2724   3020   3023   3026
81   2077   2524   2704   2720   2721
82   2583   2942   3142   3158   3159
83   1716   1718   3035   3037
84    218   3035   3036   3153   3156   3159
85   3139   3141   3142   4155   4157
86   2584   2942   3028   3030   3036   3037
87    224    225   4155   4172   4173
88    229    224   3164   3167
89   3028   3167   3179   3180   4171   4172
90    218    231   1716   3164   3180   3181
91    229    231    225   3141   3155   3156
92    232   1242   3245   3254   3255
93    232   2399   2401   3162   3164   3165
94   1242   1290   3165   3168
95    246    247   1923   1925
96    224   1293   1294   1554   1923   1924
97   1924   1925   2774   2776
100   1289   1294   3162   3167   3168
101    246   1289   1290   1293   3249   3252   3255
102   2401   2740   3241   3243   3245
103    247   2775   2776   3243   3251   3252
104    229   1554   2399   2740   2774   2775
107   1856   2649   2658   2663   2664
108    272    273    947   1853   1856   1859
109    273    886   1153   1780   1781
110    886   1859   2543   2602   2603
111    284   1540   1998   2001   2004
112    292    293   1920   2002   2004
114    295    272   1153   2451   2479   2480
115    295    947   2654   2655   2658
119    303   1920   2495   2540   2603   2604
121   1779   1780   1989   2478   2480
122    292    303   1784   1988   1989
123   1779   1781   1784   2540   2543
124    284    293   1988   2454   2478   2479
125   1998   2002   2495   2652   2662   2663
126    313   1079   1086   1109   1802   1803
127   1800   1803   1806   3781   3788   3789
128   1086   2513   3846   3855   3856
129   1109   2024   2412   2413   2416
130   1806   2027   3818   3821   3824
131   2412   3794   3796   3798   3849   3854   3855
133   3786   3789   3792   3798   3822   3824
134    313   2416   3846   3849
135   1932   2108   2210   2716   4187   4189
136   2210   2843   3282   3981   3995   3997
139   3273   3280   3476   4116   4119
141   2405   2411   4181   4188   4189
143   3169   3173   3476   4181   4184
145    363   3169   3176   3280   3984   3998   4000
146   2405   2409   3173   3176
148   1932   1935   3978   3981   3984
149    363   1935   2108   2409   2411
150   4116   4124   4125   4184   4187   4188
151   2578   2579   2942   3080   3083   3084
152   1172   2298   3034   3037   3040
154   3028   3029   3067   3070
155   2192   2196   2900   3070   3099   3100
156    101   2133   2196   2232   2526   2527
159    111   2133   2297   2298
160    892   2178   2318   2424   2425
161    382   2425   3144   3147   3154   3155
162    389    390    382    892    895
163    391   1081   3781   3784
164    395    398    391    895   2178   2180
165    389    395   1079   1081   1083
166    390   1083   2513   3139   3144   3145
167   2331   2424   3146   3147   3150
169    398   2332   3150   3151   3777   3783   3784
171   2180   2318   2331   2332
173   1432   2352   2434   2435   3373   3397   3399
174   1920   2324   3372   3394   3396
176    419    303   3370   3372   3373
178    419   2352   2538   2540   2542
179   2435   2542   2839   2841
180   1432   2326   2618   2771   2772
181   2434   2772   2835   2838   2841
182   2325   2878   2880   3394   3395
183    433   2549   2874   2877   2880
184    438    433   2322   2325   2328
185    438   2440   2444   2549   2564   2565
186   2443   2565   2743   2744   2747
187   2564   2747   2760   2875   2877
188    998   2625   2680   3397   3398
191    998   1045   2326   2328   2444   2446
192   1528   1729   3050   3053   3056
193   2270   2329   2333   3150   3152
194   2456   3266   3925   3947   3948
195   1307   1308   2333   3269   3271
199   1308   2270   2641   3050   3051   3054
200   3054   3056   3102   3928   3948   3949
201   2714   2717   2748   2760   2762
202   2690   2711   2714   4122   4125   4128
203   2832   2834   2877   2908   2909
204   2208   2843   2845   2907   2909
205   2566   2829   4126   4128
207   2562   2566   2690   2747   2748
210   2196   2199   2574   2577
211    486    487   1048   1621   2445   2446
212    102   1049   2130   2133   2442   2443
213   1617   1618   2130   2232   2233
214   1615   1618   1621   2470   2473   2476
215    487    496   2474   2476
216   2233   2473   2525   2527
217    501    496    486   2571   2576   2577
219    501   2199   2470   2474   2525   2526
223   1301   2696   3375   3395   3396
224   1760   2696   2866   2878   2879
226   1301   1760   1762   3260   3263
227    292   3256   3262   3263   3372   3375
228   1762   2863   2866   3842   3844   3846
230    524   2002   2324   2325   2416   2417
231    313    524   2863   2879   2880
234    526   2004   2417   3842   3847   3849
235    293    526   3259   3262
240    537   1153   3449   3479   3480
241   1780   1782   3479   3784   3787   3788
243    544   3446   3480   3787   3789
244   1081   1692   1694   1801   1803
246    391   1693   1694   1781   1782
248    553    554   3446   3449
249    554    273    537   2044   2045   2048
250    544    553   1806   2048   2049
251    886   1692   1693   2045   2046
253   2039   2040   2054   2286   2287
254   1841   1842   2054   2307   2472   2473
255   1842   2043   2233   3106   3107
257   2472   2521   2525   2719   2721
258   1648   1649   2286   2704   2707
261   1293   1510   1843   1844
262   1289   1292   1507   1510   1513
263    438    584   1243   1290   1292
264    584   1513   1619   2444   2445
265    588   2808   3250   3252
266   1243   2549   2832   3253   3255
267   2119   2568   2808   2829   2830
268    588    246   1617   1843   1845   2118   2119
269   1507   1615   1619   1844   1845
270   2126   2873   3798   3801
271   2714   2799   2800   2871   2873
272    596   2690   2871   3801   3822   3823
273    544    597   3823   3824
274    596    597   3446   4118   4127   4128
275   1525   1528   2426   2427   2430
276    537    272   1706   1708
277   1859   2045   2426   2429   2432
279    612   1261   2950   3125   3127
280    947   1707   1708   3121   3122   3125
281   1855   1856   3056   3122   3124
284    623    612    624   2048   2050
285    625   2044   2050   2430   2432
286    623    625   1525   2950   3052   3053
287    624    554   1261   1706   1707
289   1355   2419   2425   2777   2781   2782
290    382    629   1355   1557   1558
291    632    629   3141   3144
294    636   1525   3149   3154   3156
295    231    636   2399   2430   2431
296    632    225   1553   1554   1557
297    641   2142   2173   2396   2397
298    642   2142   2679   3376   3398   3399
299    641    642   2284   2708   2722   2723
300   2679   2702   2707   2708   2763   2765
301   1301   2055   2056   2176   2395   2396
302   2051   2055   2287   2696   2764   2765
303   2173   2176   3370   3375   3376
304   2278   2283   2284   2395   2397
305   2270   2407   3173   3187   3188
306   2333   2335   2478   3185   3188   3191
307   3783   3791   4182   4185
309   1785   1989   2329   2332   2335
310   2480   3190   3191   3475   3476   3479
311   2407   3151   3152   4179   4181   4182
313    398   1779   1782   1785
314   1021   2046   2401   2431   2432
315    669   1716   2027   2028   2049   2050
316   1112   2024   3165   3183   3184
319    232   1021   1112   1801   1802
320    669    218    636    625
322   3142   3145   3850   3853   3856
323   1083   1086   2863   2911   2912
326   1761   1762   4158   4160
327   1761   1809   2866   2910   2911
328    629    390   1808   2910   2912
329    632   1808   1809   4154   4155   4158
331   1292   2621   2790   2905   3168   3182   3183
332   1512   1513   2619   2621
333   1294   1510   1552   4170   4172   4175
334    690    389   2756   2906   2909   2912
335   1557   1559   1807   1808   1811
336   1807   1813   2906   2907   2910
338    890    892   1355   3980   3995   3996
339    700   1558   1559   3980   3981
341   2558   2756   2845   3282   3284
342    690    890    895   2557   2558
343    700   1811   1813   2208   2210
345   2557   3284   3996   3997
348   1846   2433   2439   2815   2840   2841
349   2545   2839   2840   3241   3246   3248
350   2805   2815   3246   3250   3251
351   1697   2756   2834   3248   3253   3254
352   2439   3275   4114   4119   4121
353   1697   2542   2545   2556   2558
354   1846   2805   2830   4121   4126   4127
355    433    524   1109   1112   1242   1243
358    584   2328   2615   2618   2621
360   1263   1710   1846   1847   1850
361   1220   1711   1850   2437   2439
362   1260   1263   1602   1605
363     33    736    737   1260   1710   1711
364    736   1221   1431   1487   2770   2772
365    737   1487   1602   2378   2380
369   1605   1847   2378   2811   2813   2815
372   1410   1476   1649   2798   2800
373   3083   3157   3159   4182   4191   4192
376    177   1476   2126   3850   3851   3854
378    189   1476   2867   2870   2873
380   1595   2286   2759   2762   2765
382    760   1586   2705   2708
384   1595   1648   2717   2798   2799
386    760   2628   2679   2680
387    597    553    624   1333   1336   1339
388    596   1336   2117   2566   2568
389    766   1333   1337   2117   2119
390    767   1256   1261   1263   1337   1339
391    766    767   1847   2805   2808
393   1705   1706   1850   3449   4118   4121
395   2785   2811   2816   3243   3246
397   2381   2779   2782   2783
398    774   1631   1635   2773   2776   2779
399    775    767   1605   1635   1636
400    774    247    588    766    775
401    776   2644   3112   3115   3116
402    782    776   2281   2722   2724
403   2192   2199   2642   3116   3119
404    785    501   3112   3118   3119
405    782    786   3115   3118
406    786    785   2278   2281   2474   2475
407   2308   2470   2472   2475
408   1194   1760   1761   2055   2057
409   1194   1550   4158   4175   4176
411   1546   1547   1550   1980   2056   2057
412   2176   2462   3263   3266   3267
414   1980   2391   2392   2395
417   1612   2106   2110   2411   2950   2953
418    623    669   1612   3034   3035   3038
420   1591   1595   1813   2038   2039
422    921   2051   2054   2057
423    921   1194   1807   1809   2038   2040
424   1934   2041   2111   3105   3107   3110
425    774   1922   1925   1934   1937
426   1839   1843   1922   1923   2041   2043
427   1333   1614   2296   3038   3040
428   2117   2118   2130   2296   2297
429   1618   1839   1842   1845
430    775   1337   1614   1937   2110   2111
432   2638   3054   3116   3123   3124
434   2577   2658   2659   3119   3122   3123
436   1553   1559   1922   1924   1927
437   1811   1927   2037   2038   2041
439    921   1550   1552   1839   1841   1844
440   1490   1492   1512   1619   1621
441   1490   1491   1980   2283   2475   2476
444   1336   2296   2298   3818   3820   3823
445   1988   2335   3262   3269   3270
446   1308   3024   3186   3188
447    284    526     84    181     16
449    776    825   3026   3176   3186   3187
450    825   2409   2953   3115   3126   3127
454   2173   2177   2182   2318   2461   2462
456   1634   2777   2779   3978   3980   3983
458    835   1634   2381   2391   2394   2397
460   2142   2181   2182   3994   3996   3999
461    641    835   3983   3998   3999
462    839   1635   1637   1930   1935   1937
463    700   1927   1930   1932   1934
466    839    843   3983   3984
467    843   1631   1634   1637
468    844    487   1486   1487   1490
469     32    486    844    736
470    998   1218   1431   1432
473   2181   2183   2352   2556   2557
474    419   1784   1785   2177   2180   2183
475    395    690   1691   1694   1697
477   1021   1691   1692   3245   3248
478   2182   2183   3373   3376
479    786    849    850   1602   1636   1637
480    850    737    844    496    785
481    835    843    849   2281   2284
482    760    642   1660   3277   3999   4000
483   3006   3189   3190   3277   3280
484    363    839    849    782    825
485    850   1256   1260   3118   3125   3126
486     34    295   1705   1708   1711
488   1658   2437   3273   3275   3277
489    612   1339   1612   1614
491   1507   1512   1546   1549   1552
492   1528   2419   2420   3147   3149
493   1691   1693   2538   2543   2545
494    890   2177   2178   2181
495   2118   2442   2562   2565   2568
496   1591   2762   2875   2907   2908
497   1841   2037   2040   2043
501   1546   3950   3951   4174   4175
503   2322   2326   3393   3394   3397
506   1800   1801   2044   2046   2049
508   1042   2440   2443   2446
510   2798   3077   3084   4190   4192
511   2110   3038   3109   3110
512   1079   2513   3777   3780   3781
515   1800   1802   2023   2024   2027
516   1648   2037   2039   3077   3107   3108
518   1615   1617   2440   2442   2445
521   1718   3030   3179   3181
523   2001   2654   2657   2662   2664
524   1214   1431   2433   2434   2437
525   2287   2307   2707   2719   2720
527   1256   1705   1707   1710
531   1553   1558   2773   2774   2777
533   1855   2649   2788   3946   3949   3952
536   1649   2077   3077   3080
539   2126   2800   3792   4185   4190   4191
541   3051   3053   3146   3149   3152
542   2023   2028   3178   3181   3184
544   1591   2208   2711   2716   2717
545   1631   1636   2377   2378   2381
547   2051   2056   2283   2307   2308
548   2716   2843   4123   4125
552   2106   3110   3111   4186   4189   4192
553   3780   3791   3792   3854   3856
554   2329   2331   2461   3265   3266   3269
555   2322   2324   2495   2617   2618
556   1930   2106   2108   2111
558   1998   2412   2414   2417
559   3067   3927   4170   4171   4174
562   2521   2524   2527   3080   3106   3108
564   2232   2297   3040   3105   3106   3109
565   2405   2407   2953   3051   3052
566   3145   3157   3158   3780   3783
567   2391   2396   2456   2459   2462
568   2192   2521   2523   2526
571   2426   2431   2740   2784   2785
572   2278   2308   2718   2719   2722
573   2419   2424   2456   2458   2461
574   2377   2780   2783   2813   2816
575   2433   2435   2556   3275   3283   3284
576   2604   2617   2771   2836   2838
577   2479   3007   3189   3191
578   2615   2617   2652   2788   2790
580   2538   2603   2835   2836   2839
581   2562   2564   2828   2829   2832
582   2571   2654   2656   2659
583   2763   2764   3393   3395   3398
584   2680   2743   2746   2759   2760   2763
585   2663   2788   2902   2905
586   2743   2748   2867   2868   2871
587   2759   2764   2874   2875   2878
588   2702   2718   2720   2723
589   2711   2799   4186   4187   4190
590   2898   2905   3070   3927   3951   3952
591   2773   2775   2780   2782   2785
592   2828   2834   2845   4122   4123   4126
593   2828   2830   3249   3250   3253
594   2811   2835   2837   2840
595   3282   3283   4119   4123   4124
596   2867   2869   3794   3799   3801
597   2874   2879   2906   2908   2911
599   2898   3029   3178   3179   3182
600   3020   3022   3185   3186   3189
602   3034   3036   3083   3109   3111
603   3050   3052   3121   3124   3127
609   3098   3100   3921   3927   3928
610   3084   3105   3108   3111
612   3112   3121   3123   3126
613   3146   3151   3153   3154   3157
614   3139   3153   3155   3158
615   3162   3178   3180   3183
616   3169   3185   3187   3190
620   3241   3249   3251   3254
621   3256   3265   3267   3270
622   3273   3283   3994   3997   4000
628   3370   3393   3396   3399
630   3475   3786   3787   4179   4184   4185
631   3475   3480   4114   4116   4118
652   3777   3786   3788   3791
653   3794   3818   3819   3822
656   3842   3850   3852   3855
661   3921   3946   3948   3951
663   3978   3994   3995   3998
671   4114   4122   4124   4127
673   4154   4170   4173   4176
674   4179   4186   4188   4191
cells 64
0      0      3      4      5      7     10     11     13     15     16     17     18     19     21     22
1     23     27     28     29     30     31     32     33     34     36    559    609    621    673
2     37      5     38     39     40     42     43     44     45    521    523    542    582    599
3     47     48     49     51     54     56     57     58     60     61     62     63    533    574    576    578
4     32     67     68     69     70     11     71     73     75     76     77     78     81    588
5     82     83     84     85     86     36     87     88     89     90     91    521    614
6     92     93     94     95     96     97     88    100    101    102    103    104    620
7    107    108     58    109    110    111    112    114    115    119    121    122    123    124      0    125    523
8    126    127    128    129    130    131     40    133    134    512    515    553    652    653
9    135    136    139    141    143    145    146    148    149    150    548    595    622    663
10    151    152     86     45    154     76    155    156     31    159    562    564    568    602    610
11    160    161    162    163    164    165    166    167    169    171    512    566    613    614
12    173    174    176    178    179    119    180    181    503    555    576    580    628
13    182    183    184    185     21    186    187    188    191    503    508    583    584    587
14    167    192    193    194     56    195     30    199    200     68    492    541    554    573
15    201    202    203    204    205    187    207    496    544    548    581    592
16     17    210     38    211    212    213    214    215    156    216    217    219    508    518
17    182    223    174    224    226    227     29    228    230    231    112    134    234    235
18    240    241    163    243    127    244    246    109    248    249    250    251    506
19    253    254    255    216    257    258     81    497    516    525    536    562
20    261    262    263    264    185    265    266    267    268    269    101    495    518    581    593
21    270    271    243    272    202    133    273    150    274    539    589    630    631    671    674
22    275     61    276    249    108    277    279    280    281    284    285    286    192    287    603
23    289    104    290    291    275    294     91    295    296    161     60    492    531    571    591
24    297    298    299    223    300    301    302    303    304    525    547    572    583    588    628
25    121    241    305    169    193    306    307    143    309    310    311    313    616    630    652
26    314    285    315    316     93    319    320    295     90    506    515    542    615
27     85    322     23    228    128    323    326    327    328    329    166    291    656
28    331    154     57    332    333    100     89    262    491    501    559    590    599    615
29    162    334    328    290    335    336    338    339    341    342    343    204    136    345
30    348    349    350    351    179    352    353    341    354    575    592    593    595    620    671
31    129    355    125    331    230    184     43    316     94    358    263    555    558    578    585
32    360    361    362    363    364    365    348     48     22    369    181    524    594
33    322     82    372    307    373    376     34     67    151    510    536    539    553    566
34    372     73    378    380    271     10    258    382    384    201    386    300    584    586
35    387    388    389    390    391    360    267    393    274    205    354    287    248    527
36    395    103    391    369    265    350    397    398    399    400    545    574    591
37     77    401    402    403    404    405    406    257    219    407    568    572
38    408    326    409    411    412    226    414    194     27     54    301    501    567    661
39    311    417    286    373    418    141    294     84    320    511    541    552    565    602    613    674
40    224    336    380    253    302    408    420    422    423    327    496    587    597
41    424    425    426     95    427    428    213    255    429    430    389    400    268    511    564
42    155     37    432    210     75    403    107    200    281    434    533    585    590    609    661
43    436    437    335    439    261    426    423    333    409    296     87     96    329    497    673
44    429    439    269    440    422    254    411    441    214     49    407    491    547
45    428    212    388    272    444    159     42    207     16    186    495    586    596    653
46    445    195     28     69    446      4    235    124    447    306    577    600
47    401    432    199    305    446     70    449    450    146    565    603    612
48    454     51    297    289    160    456    397    458    338    460    461    494    567    573    663
49    456    398    462    148    463    339    425     97    436    466    467    531
50    468    440    211    191    358    364     47     18    469    264    470    332    180
51    353    178    473    474    246    475    123    164    342    313    493    494
52    351    334    266    355    475    231    323    126     92    244    203    183    319    477    165    597
53    445    227    122    474    309    412    171    454    478    303    176    554    621
54    270      3    378    447     71    376     33    111     39    131    234    558    596    656
55    424    384    135    437    420    343    463    510    516    544    552    556    589    610
56    441    406    479    480    468    215    365    414    304    458     63    481    467    545
57    482    483    466    299    382    449     13    402     78    461    145    484    481    600    616
58      7    280    434    363    480    485    404    469    217    486    115    527    582    612
59    477    314    102    277     62    251    349    395    110    493    571    580    594
60    139    483    393    488    352    361    276    240    114    486     19    310    577    631
61     15    482    478    473    460    488    345    470    173    298    188    386    524    575    622
62    387    489    427    130     44    418    315     83    444    273    284    152    250
63    149    484    450    390    489    279    362    485    417    479    405    462    430    399    556
