vertices 383
     0 0.96320956315570 3.91508398159995 1.01477732605242
     2 1.35022280424723 0.08944111104299 1.54856206861862
     8 0.85176174628776 3.80489859748978 1.01681169267722
    11 0.21378371673409 0.20250575477735 1.00766937815119
    14 0.81326624250622 3.61695884979068 2.10807117831646
    16 0.25617346431476 0.19579470845948 2.26844302912859
    18 1.10176913972949 0.54498430265473 1.87621549601862
    36 3.86101460968240 0.14351953585283 1.65359751745200
    37 0.44852453073047 0.66688121010401 1.97461438853151
    41 0.19946781103260 0.33535219559692 2.21798822449020
    47 1.39629309424365 3.35835399339567 0.51924208389145
    52 1.61836428126268 0.25369488461314 0.15374304275794
    58 1.81310648634194 3.77279923775896 0.82776769789453
    59 1.48892688953413 3.76562306888564 0.65023779127852
    61 1.83935815107025 2.87405317388498 0.03705112035493
    69 0.99769470553944 2.94430460163485 2.63785571614947
    72 0.89548842197147 3.15020279354809 2.63385050139957
    76 1.12097504779645 3.67828795229995 2.87362494452759
    98 3.05150493691247 0.23467997168317 3.29432132592944
   115 1.00474534875132 3.28016451469710 0.68396634874563
   119 0.74640951941649 0.48699995791414 0.04301214645980
   134 2.57645736188706 2.72640454958680 3.17330569024822
   136 2.61537339014841 2.38316857627817 3.33358508809668
   139 1.61011390835533 2.19275335575127 3.03225603769190
   140 2.36562972682048 2.22800704303237 3.04970191250479
   143 1.96804074974131 1.98237578913612 3.16076649325042
   147 2.49380156502991 2.39517795482241 3.84484561746701
   149 2.61411172983722 2.59833812432377 2.20554371414157
   152 3.37739395838498 2.71383853194345 2.96483238248727
   156 2.60343559455180 2.14352665011852 2.17942620587961
   157 3.44016300443974 2.17770736699244 3.04416428273954
   163 3.52714391339744 2.31529220689290 2.70780283293066
   169 1.87413498945317 1.18170484277280 2.15098303712273
   171 1.28001534059694 0.96247683775979 2.13484970982175
   174 2.26319457316003 0.72225514933281 1.45711212902253
   177 2.22335756219400 0.28753838644634 1.39580152698042
   180 2.02383954199533 0.26020939804018 1.27197529925430
   185 1.81323131933324 0.00046503205560 1.38259029126803
   191 1.38297317953276 1.10591263058171 2.03781048998405
   195 1.19723273087974 2.28047466421060 1.95701480405579
   198 2.40954163480729 2.91484033843158 1.22362119411795
   199 2.42732871289138 3.04931911000740 1.56191836029799
   214 3.76962399933064 1.95934406155630 0.33291762213095
   215 0.17046006463600 1.36275100403691 3.93855989430036
   220 0.47887816318764 1.29627710164000 3.98119783415361
   230 2.70349786627886 1.69627691673854 0.13695515135311
   231 2.23465953729157 1.98536511860629 1.17853094708979
   235 2.10552629993415 1.27888612513133 0.78539255942009
   236 2.50871975312789 2.23118637485494 0.89343885698031
   240 1.96513656999544 1.67761161522551 1.07535426902161
   241 2.53854808686173 2.03231205416395 0.98752076067654
   243 2.55788887735232 2.17868427561931 0.11488356480779
   254 2.96188538589891 0.76520815153068 1.14372579249734
   260 2.77807205620175 3.13396912355107 1.58438670598452
   261 3.01021310371095 2.98670529532055 1.83982682649808
   264 3.12611917235406 3.35839051848316 2.07269972249246
   277 1.53151414796981 0.91554257268739 0.32707388102610
   284 0.41882073638015 2.35587666848016 1.78697807497273
   288 0.19473219780563 0.29735932594086 2.84796847830876
   290 3.86193632241871 0.07114968402154 2.88397720431296
   291 0.02925457703224 3.18836131155938 3.14773395398293
   292 0.93448341557385 0.08104858098117 2.87205300856101
   295 0.08599269458231 0.29393567238231 2.68266311276804
   300 2.79469946277698 0.01079011519853 0.58628396724638
   310 1.03643389423757 1.44606516532943 2.13666246780102
   311 1.00164948517057 2.08341777237119 2.02411331487359
   315 1.10380541854100 1.75297531322960 2.32149773737020
   332 2.98544425301824 3.32198495885373 2.44638898611462
   336 3.91616166122352 2.19370949009728 2.51786093213057
   339 0.81686452445695 2.32807269413348 2.05160747967497
   343 1.94880374504515 1.72466111733406 2.95026832222557
   346 1.15374628240436 1.81597960418484 3.05310168759675
   347 1.55799382874042 1.94105673690879 2.92837994452429
   354 0.90199303342557 1.71717507769492 2.68048736357350
   356 2.68989698905655 2.30392234502438 0.01774629338421
   358 3.61291382974751 0.73139448263795 0.48276534635158
   364 0.05950536638614 0.17446838439799 0.85034947880199
   365 3.64274723606902 0.68133095753414 0.05073459229792
   376 3.02235760904330 1.94841765177434 1.31502549377891
   380 3.49923836885537 2.35550973734255 0.06257505330697
   394 0.19737041068691 1.01061009560969 2.84152605151976
   396 0.03425589741114 0.42752728894098 2.61516109118549
   399 0.15745912616227 1.39158110409932 2.65680721405057
   403 0.17896424355003 1.88979226897636 2.82612189263301
   405 3.98405724831714 1.88315569961820 3.17380608955692
   406 0.22462758833446 0.94326516917374 3.63806337321601
   408 0.33926580362617 0.86501075952723 3.10254024229579
   410 0.46947619641996 0.97243012677171 3.71831851290980
   413 3.13317861593970 3.40232074513507 3.88456616117557
   422 3.71164584361300 1.07369624638444 3.93498021879611
   425 0.03901403481716 1.17368926503451 3.72535668953575
   429 2.92579397970872 3.95176651798539 2.92486872867953
   432 2.15333302349506 1.06535949883270 3.08681756344248
   436 2.06631276313498 1.16165185215275 1.82883901384074
   439 2.70718996662043 1.53051643739744 0.53572921649954
   440 3.32120916580637 1.29393977415991 0.75825844855023
   447 3.47944134267744 3.24692430352914 3.86359203103839
   457 1.50950063632372 0.63512525218841 2.50743555868654
   460 2.41947377699936 3.52037008846301 0.40569337630727
   473 3.48381773929009 0.19682509747900 1.64244293038115
   481 2.29960076550514 1.98093790180279 1.88666156000781
   488 0.07389584395179 3.74560769525660 2.00038972359657
   489 0.21526853620955 3.57735262565814 1.94583949547436
   500 2.14209416202892 2.11183522422527 1.15859312986697
   502 2.25017077793125 2.30179842616038 1.00337181843809
   510 2.26251724387354 2.77436733880724 1.85494586409843
   513 0.00851175470944 3.02108933794941 0.46190220816986
   519 0.17504043309863 2.94796101555791 2.54932801271352
   524 1.47065575359734 1.05822297563741 1.52790941470417
   529 1.47460148208058 2.73429922234587 2.99576997122857
   538 2.79753371513298 3.22928160478319 0.11380814230921
   544 0.19140124214369 0.67513676676988 1.64830242163845
   545 3.90753974865731 0.36401865277892 1.78789352935126
   553 2.91851978057995 2.68543531336716 2.17196536486300
   557 0.80343871509482 1.40361984835718 2.63096087821734
   559 0.35239620644107 1.26680546484640 2.60906598155813
   568 2.90720703337243 2.92569520947413 2.50077705406804
   569 3.13139782768527 2.91806928138917 2.90621803589289
   571 2.93594018919585 3.72618734556251 0.54739899470597
   573 1.44709309397369 0.46818241907773 0.10796349818407
   581 0.52552348030479 2.41740296303573 2.49258825605858
   582 0.57672102740842 2.04636096039684 2.80234420001091
   587 2.94574178740403 1.70064458288178 0.00170747586991
   605 0.74849227436603 3.23233270709131 0.37762256355389
   611 3.51737327860936 0.44690969682521 1.79183308549170
   625 0.96914787512777 2.92515877504427 0.94705656256314
   629 3.28829615003220 0.56752610568482 2.68295056022509
   630 3.18490349302973 0.21563468375702 2.98716999757327
   635 3.17323728786284 3.03004338715817 2.95112377108931
   636 3.17874937441810 3.37318613836815 2.68762611579357
   640 1.91250259157400 1.37528687642973 3.31544076919633
   645 1.34664834042661 3.96051416707332 1.77125301721338
   647 2.81785093841587 3.97006920276251 3.16711749037759
   648 2.84360431607525 3.41500108909210 3.47166847196955
   649 2.97674165408122 2.20132917449139 3.35697974637987
   650 2.97246032992109 2.14093807462694 3.87847723148156
   658 0.54535459383334 0.09903841895035 0.85954109392271
   660 3.64782479209353 2.51094046997647 0.64881868168176
   662 3.95286107893721 2.85427727158912 0.72671573277603
   663 0.03170863870933 1.15294185446257 2.86247180883632
   667 0.76692966133691 2.17648337489402 3.17188764180301
   668 3.86502598484645 3.12109620409113 2.85651266457800
   669 3.69827975361923 3.46087058425012 2.62414921997620
   673 3.25764193378591 1.20078112381224 3.46155010406037
   674 3.87423956833995 1.34006750957068 3.28983429414151
   678 0.58388557024925 2.95113218974959 0.38468780721321
   681 0.36576235963727 0.60130165022544 1.16844536507037
   691 2.37886681175975 1.84387339004039 1.71549816476859
   692 2.81070871367486 1.81256411156882 1.72959387969656
   695 0.92587715407876 1.30874633827998 2.23371449511784
   696 0.47779558506576 1.17057772081281 2.16623574482198
   698 1.62887957890251 2.62924387216384 2.86622076743481
   701 1.96956508088999 0.76961707145908 3.04624433888270
   711 2.68818000738401 3.43840480212476 0.46704137858656
   717 1.80024644020673 1.09758095169383 1.48116645023824
   718 1.98109100063291 0.88421320343548 1.31461520446037
   723 2.06876834066507 2.28993869923880 1.68794095682034
   724 1.49742541762715 2.29692648564491 2.09239628983877
   725 2.97291473053615 2.64633582262129 0.28761629400035
   726 3.47743096099970 2.55675074810563 0.20794493274273
   735 3.71952879696309 2.98184381359087 3.40151255049714
   736 3.48124284342939 2.90410282239878 3.02511912505726
   737 3.84489425718489 1.55182931490318 2.21533798395015
   738 0.13946647182046 1.38849981200409 1.83707620306314
   739 1.92610287211904 0.66434785564563 2.58443709507245
   740 2.08912826464942 0.87622467348282 2.45195757116082
   758 2.22320782237672 0.03100927842038 1.70394762859455
   760 3.36145095813418 2.38009400169290 3.19320167516317
   761 3.75386281210624 2.45854288373145 3.63653512868891
   762 0.24621386214502 1.78629603221418 3.92464481653975
   764 0.18413526892070 2.06664796310920 3.54325457981657
   777 3.33269506979517 0.17306398843399 3.73585426655119
   780 1.84552239769607 0.77895773968760 1.24390684730096
   783 1.75548930304466 3.79337529183701 1.81778821177090
   784 1.92083989237324 3.82955785247939 1.62961316305697
   791 1.94680038712985 3.03895230829963 2.16705984105542
   792 1.53340134828487 2.68406935156417 2.33933251350430
   795 3.67869801586771 2.84980873290788 0.04523790634204
   796 3.84468764808329 2.69743634093870 3.65873624558777
   797 1.91157057148427 1.61028665752221 2.33163565338515
   798 1.51514526401027 1.86950984449867 2.40873666247285
   799 3.55511787864405 3.56580868207310 0.01069649195839
   800 3.28306619730426 3.65807194901561 0.01244709308755
   806 0.94583659886291 3.21524469019708 3.97588860030455
   816 0.58874139737265 1.84945785425296 3.97689337918475
   817 0.53332191299066 2.17686790315520 3.51845443773930
   819 0.19245871974003 2.47270718373618 2.38789962653075
   821 1.33720173036523 2.73472319592306 1.06044626573575
   822 0.61830516128949 2.95176794567812 2.76610029587212
   826 3.14909348952557 0.64062212993043 0.65086639533571
   837 2.94725951377630 0.44019639299477 0.29303067885689
   838 2.52787691634920 1.28188984521411 0.55798033204212
   839 3.03833439874733 0.92601486348981 0.79093168415216
   842 1.13956125881974 3.84799288269166 3.48381395248933
   844 0.98736505910395 3.79759892555295 3.06911155395465
   847 3.83813016078810 2.13404275515416 0.70669887461427
   854 0.44478399833161 3.09057159978298 3.17001624867884
   862 1.79482173932947 3.19944569639657 3.37141345204983
   866 1.62511790427839 1.37240937164482 0.11855233190235
   869 3.76208229709970 0.15863545028395 3.68398844320339
   870 3.91559856043467 0.46305373721700 3.90571346052368
   871 3.86051112969465 3.51898240683653 0.46802768691690
   874 0.71214447956008 2.79575440508594 2.75261905880271
   877 3.89367220222169 3.88750667937925 3.78499192280911
   881 2.36769455008549 1.19093947905413 0.29713235483550
   882 2.80000874513443 3.71453888537446 1.66279706926274
   883 2.95442623533835 3.76014665731216 1.88076371898772
   884 1.96430972553678 1.17558071410080 0.46329131911332
   885 1.79723536094727 0.87179990196592 0.50427024219205
   890 3.22273351795060 1.07336943521526 1.55110405857104
   899 3.26916019150135 0.85096441776779 2.76372103077902
   900 3.05102657698809 1.01162469028540 3.33370800344745
   903 2.94510360794987 0.62401907765819 3.51876059809784
   904 3.22921050004504 0.45017936426963 3.88953755741287
   905 2.47313867337916 1.89189313609281 2.73587590288946
   907 0.89983890091781 1.64468688681673 0.23652140526173
   908 0.74914224832716 1.68779270963514 3.97134838638002
   909 1.77899914949435 3.33349280194387 1.82696685299534
   910 2.01016817601655 3.36474586295210 1.55943189640320
   911 2.63106611447495 1.00479170113897 3.47974288362761
   912 2.42185866678560 1.39915528506693 3.98909632283560
   913 2.24845117406233 1.16292870827410 2.82889288360183
   914 2.11491269901401 1.60383450786449 2.73575526599781
   915 3.34652149894047 1.01395382996235 1.68045693643367
   916 3.97385101507000 1.15376396453175 1.59142998479206
   917 0.01118385794012 3.33378952775311 2.08576595600856
   918 3.85225306186509 3.46728982987229 2.15591288475303
   920 1.17524653196671 0.52081261544511 1.60541077382016
   922 2.66852715655182 0.68295399315769 3.58236094234093
   923 2.56555882915154 0.62218208739712 0.07853612389517
   926 0.14170740898034 3.66893815683795 3.28868316842651
   927 3.97632746766998 0.07862702467021 3.03585040282567
   928 1.43023956095086 0.90839006523214 1.43400932680508
   933 2.29735918117577 0.27258041522156 2.24945612083913
   938 1.83926363975089 2.39327547523141 0.62416453781908
   941 0.79953899803774 3.62852917862904 3.64957712847738
   942 0.60731277811721 3.55167913931706 3.30410104962335
   946 2.31732161699445 0.91715825441460 1.82958173597950
   948 3.01817091117972 1.19381861288984 1.78717197769051
   949 3.27006475363735 2.82104242728235 1.66478191619439
   952 3.39980975616633 1.41854798217016 1.07411801321935
   954 3.92107876840841 3.02197989492484 1.80478566841295
   955 0.12801514847184 2.44288378714876 2.01787210137827
   957 0.89010011161072 3.97761928359766 2.25402130940247
   958 1.07066792687225 3.98156724266155 2.65193343568059
   959 1.30077960159959 3.27649229628992 3.97730598673340
   960 1.55294862478564 2.97441308450605 3.80306349423472
   966 2.34650384985530 0.72522167482356 2.23284303376461
   970 2.66811029285694 0.10592007315425 2.34495265737687
   971 2.63260926474812 3.93584799656051 2.56206857276814
   972 0.02364086006077 0.01143518877670 1.23950933060816
   977 1.47228285466426 0.36528827690491 3.72188758191492
   978 1.19061378823808 0.29542451344105 3.59632784445337
   980 2.09821330692618 0.21098173854399 2.44503683824116
   982 1.22130689683398 0.17909696045409 2.05506888050743
   983 1.43597586877968 0.21505549681213 2.37431489900123
   984 1.86929554436980 0.02400280275099 2.35600967755764
   989 3.84637144926776 3.98838356847521 1.03981934810985
   992 0.47242064556400 2.81325421013959 1.34655390394272
   995 3.14171247601915 3.68410502642389 0.94309735630628
   997 0.25473161190238 3.82488862705939 0.38327833272177
   998 0.27529740316612 0.02605679447220 0.51802266843659
  1000 0.30721639300579 2.20421325358558 0.86693762453687
  1001 0.39034479336262 2.63577001818662 0.89529894750401
  1002 0.27297844473705 3.96416918454657 0.14236024129543
  1003 0.28565958419091 0.12182176174468 0.20346669787972
  1007 2.82957912957191 1.72248302032995 2.80164435705967
  1010 0.27487358948400 3.51914858244757 1.58153897599465
  1011 0.09970149918454 3.15028639946252 1.49616822049578
  1012 3.23330362197482 2.16633828217747 1.32403912355191
  1015 3.75970402525102 3.15523105257295 1.09709778407695
  1016 3.67891647461234 3.60596491782740 0.88655132662418
  1018 3.10383959948002 0.56159642914860 2.38034393986604
  1019 3.07281516711600 1.90477892342504 3.14902349709917
  1020 3.07438109630478 1.33536364420832 3.45976804062220
  1021 2.93216769760129 1.11628210558187 3.33191834503975
  1022 2.76090904470195 1.23410105290929 2.86922581228221
  1023 2.22319308476939 0.00816876235694 2.64534998796074
  1026 0.67977692393278 2.70241977069059 0.70898351660202
  1028 3.76577676928068 2.04438320846427 2.23534748700050
  1030 3.05671867917158 1.00946187808818 2.53730104848730
  1032 3.24727523741789 1.35607983534554 2.22136575679552
  1036 3.87658153801650 2.18781198508171 1.96392250786660
  1037 3.32310316935013 2.38927259790893 1.78201151310433
  1038 2.97160224345956 0.85397736963389 2.34489707276798
  1039 3.13919500612667 1.13882058462507 1.93743095315550
  1040 3.70019360603638 1.87892002620769 1.09259151906096
  1043 1.01895259387904 3.56055640730738 1.81742374977822
  1047 2.72995202003462 2.95185967127299 1.08613419297181
  1048 0.75459576779969 3.48473730790768 1.46379172852956
  1049 0.84178330487845 2.99215895440164 1.31310584691332
  1050 3.19611318938725 2.87353499505305 1.31858310125969
  1051 2.91730303216538 3.06345340798813 1.28110284712348
  1057 1.65890978963171 3.48278560018040 3.03116139302048
  1059 1.99147056198733 3.77171795877020 2.59053098722661
  1060 3.15906264239585 2.54724205891599 1.08126790649853
  1061 2.87461821558426 2.59070077659803 0.92885267254580
  1071 1.28269802583978 2.44998040754769 3.63585088878524
  1073 1.20235741421548 1.60127643617203 3.27220523531477
  1091 0.67850596578593 0.56700805815168 1.09544025645059
  1096 0.71079736184512 0.22061319318494 0.86919643728756
  1097 0.94068233626208 0.54760694355661 0.33876954940503
  1098 1.73488513065404 3.07227016178254 3.10662250571206
  1100 1.30796989539047 2.45704687783222 3.23967528353666
  1101 0.83516511889645 2.41548679862664 3.21402367151259
  1105 1.68287731275069 1.35017381381563 3.40866269655330
  1106 1.61875139777212 0.82331483651844 3.23053474086857
  1109 1.72911521305421 3.52424609239648 3.30744250521819
  1113 0.73203130873970 2.77826456458375 3.88046567845910
  1115 0.82571446515684 2.53127533116884 3.80596038420998
  1120 1.41391136374981 3.73726831876085 3.59615257391934
  1121 1.61736015023484 0.17947585245126 3.77432636143008
  1122 0.51576470465335 2.69733408246500 3.58376444157382
  1123 0.64657923999538 2.48844300903697 3.54125214733517
  1124 0.71703900509004 0.90961073728412 3.22176849121666
  1125 1.07729857324181 0.55333965650496 3.15238541487766
  1127 1.28530657933755 0.76641586041812 3.01441912793881
  1128 0.98868957724048 1.13535643190475 3.04143642054090
  1131 1.45903478274810 1.88058926333044 0.33904471399158
  1133 2.32989736274955 2.24945082537861 3.96034174936674
  1134 1.90673331252179 2.39378551890619 0.13806432818618
  1135 2.06654785298925 1.53144864422883 3.83510952080642
  1136 1.71188362878450 1.35926158328947 0.23395049410052
  1137 1.96073112580829 1.91816464915696 3.76729671293268
  1138 1.66641329254085 2.10449561887282 3.96297631345672
  1140 2.37783796313403 2.65120248611459 2.93547600226670
  1141 2.53682938203346 2.79358954895131 2.52008885296012
  1142 0.64126236557944 1.13468690024680 0.84377679164670
  1143 0.72774694698459 1.20386322963790 0.40193354553393
  1145 1.93253552653658 2.85005863750423 2.88759738287866
  1146 2.09964951969739 3.09455169938920 2.47170717126661
  1147 0.96219490036965 0.90148406032475 0.51116524664867
  1148 0.83226303691767 0.92651614069632 0.88604260506090
  1164 3.09220976201266 1.86181346390771 2.34315421614199
  1166 2.90083578976264 2.05800080100757 2.10800257964285
  1167 3.38637242042167 2.16268525598138 2.35163997469962
  1168 3.13707823120546 2.33833856353350 2.09913841947663
  1169 2.04169281924976 0.04497357713908 0.70177341619652
  1170 2.36069481150718 3.95474493468676 0.47730565288426
  1172 2.20163957134564 0.25373418637294 0.16723885132627
  1173 1.93020366588831 0.32976559143492 0.33877433393310
  1174 0.02402450263791 1.30504540098157 1.30092075231067
  1176 0.23881347815669 1.02638212041803 0.99101970067224
  1177 3.57859619955934 1.45783948239699 1.02446101518237
  1205 2.91023322733723 0.14956921556693 1.02125930528022
  1206 3.07545788750128 0.37731275537516 1.01934101416306
  1212 3.06514093487915 3.98861692170210 1.13998171992358
  1213 3.27403539990402 0.15398739175344 1.17460696686987
  1229 0.89770583200788 1.71421124685472 1.77005219586445
  1238 0.76760254379044 1.58338052104428 1.07701291321781
  1239 1.09475101801073 1.60409571398749 1.36688262423833
  1332 1.54303421753429 2.04828950853018 0.67395794982589
  1333 1.78963830390727 1.90857613103298 1.03049244871003
  1335 1.42986297836976 2.00077456291058 1.19998502380184
  1336 1.39676969046628 2.23620043338832 0.89356272982349
  1337 1.28548638914291 3.12791903774186 1.84541384091663
  1339 1.13323360203451 2.84419154536668 1.52820604087021
  1345 1.17974866897280 2.84995713595046 2.29795347118844
  1346 1.03231965743532 2.47713304682291 1.99474487003559
  1352 1.93403070798584 3.38969354554372 0.76622364084215
  1354 1.99841987813272 3.13520910300329 1.10677688239844
  1355 1.67442420284472 3.17082074115642 0.60570567919939
  1356 1.67270725828614 2.86397971074133 0.89828050241147
  1377 2.14191346743363 3.85702409915629 3.43880391540466
  1378 2.05856329646476 0.12666503975806 3.61702385307381
  1385 2.25202627699929 0.32316296558901 3.34771211705269
  1386 2.32550445540774 0.07949331658447 3.19832255424910
  1395 3.53513360977222 1.50576072408724 0.35685881201421
  1396 3.75625195536849 1.24221767463919 0.20848665697337
  1400 3.49989268501727 1.32324582136638 0.68420083084164
  1401 3.71336665009527 1.08118541577341 0.53369763153281
  1437 0.27803481952538 1.72197791621586 1.41846144795491
  1439 0.30419578720682 1.73709570609425 1.53955483911794
  1440 0.20978598918961 1.84893751813562 1.39097374697112
  1441 0.23675028932104 1.89025620185257 1.55349953869693
  1450 2.32529430609812 3.00316630340442 3.80729668036077
  1451 2.48548975014255 3.25090185788514 3.92113348564224
  1455 2.32571595795437 3.10633673637728 3.57159592072364
  1456 2.45702128193501 3.32432007787343 3.64719311215902
  1458 0.83192703213910 1.75870593936707 0.86119523678892
  1459 1.05135041379617 2.09787537628486 0.62353511487920
  1460 0.68124323651020 2.08796855060195 0.60243254944542
  1461 0.82179924028269 2.25274385773982 0.54728955983208
edges 766
16      2      0
17      0      8
32     16     41
33     41     37
34     37     18
84     58     59
85     59     52
93     59     47
101     76     72
102     72     14
111     72     69
177    115     47
181     59      0
189    115      8
218    143    139
224    134    136
225    136    147
229    140    136
231    143    140
232    149    156
246    152    163
247    163    157
272    171    191
273    191    169
284    185      2
292    177    180
293    180    185
295    171     18
303    174    177
313    199    198
363    220    215
382    230    243
389    241    236
390    236    243
391    231    240
395    231    241
398    235    240
419    254    174
433    260    261
438    264    261
486     16    295
487    295    290
496    295    288
501    292    288
524    260    199
526     58    185
537    310    191
544    195    311
553    311    315
554    315    310
584    264    332
588    163    336
596    339    284
597    311    339
612    354    346
623    347    346
624    354    315
625    343    347
629    243    356
632    147    356
636    343    143
641    365    358
642    358    364
669    139    347
690    376    241
700    214    380
736     41    396
737    396    394
760     11    364
766    403    336
767    399    403
774    157    405
775    405    403
776    119    410
782    406    410
785    408    288
786    406    408
825    410    220
835    365    422
839    425    215
843    425    422
844    396    295
849    406    425
850    394    408
886    169    436
890    439    440
892    230    439
895    241    439
921    413    447
947    171    457
998     36    473
1021    156    481
1042    488    489
1045     36    488
1048     16    488
1049     14    489
1079    500    502
1081    231    500
1083    236    502
1086    198    502
1109    199    510
1112    149    510
1153    191    524
1172     69    529
1194    413    538
1214    544    545
1218     36    545
1220     37    544
1221     41    545
1242    149    553
1243    261    553
1256    557    559
1260    394    559
1261    354    557
1263    399    559
1289    568    569
1290    553    568
1292    332    568
1293    152    569
1294    134    569
1301    300    571
1307     52    573
1308    277    573
1333    581    582
1336    339    581
1337    403    582
1339    354    582
1355    230    587
1410    115    605
1431    545    611
1432    473    611
1476    115    625
1486    629    630
1487    396    629
1490    290    630
1491     98    630
1492    429    630
1507    635    636
1510    569    635
1512    429    636
1513    332    636
1525    343    640
1528    432    640
1540      2    645
1546    647    648
1547     98    647
1549    429    647
1550    413    648
1552    635    648
1553    649    650
1554    136    649
1557    356    650
1558    587    650
1559    380    650
1584      8    658
1586     11    658
1591    660    662
1595    513    662
1602    394    663
1605    399    663
1612    346    667
1614    582    667
1615    668    669
1617    519    668
1618    291    668
1619    636    669
1621    290    669
1631    673    674
1634    422    673
1635    405    674
1636    663    674
1637    425    674
1648    513    678
1649    605    678
1658    544    681
1660     11    681
1691    691    692
1692    481    691
1693    436    691
1694    231    691
1697    376    692
1705    695    696
1706    310    695
1707    557    695
1708    171    695
1710    559    696
1711     37    696
1716    139    698
1718    529    698
1729    432    701
1760    571    711
1761    538    711
1762    460    711
1779    717    718
1780    524    717
1781    436    717
1782    240    717
1784    174    718
1785    235    718
1800    723    724
1801    481    723
1802    510    723
1803    500    723
1806    195    724
1807    725    726
1808    356    725
1809    538    725
1811    380    726
1813    660    726
1839    735    736
1841    447    735
1842    291    735
1843    152    736
1844    635    736
1845    668    736
1846    737    738
1847    399    737
1850    696    738
1853    739    740
1855    701    739
1856    457    739
1859    169    740
1920    177    758
1922    760    761
1923    152    760
1924    649    760
1925    157    760
1927    380    761
1930    762    764
1932    214    762
1934    761    764
1935    215    762
1937    405    764
1980     98    777
1988    180    780
1989    718    780
1998    783    784
2001    645    783
2002    758    784
2004    185    784
2023    791    792
2024    510    791
2027    724    792
2028    698    792
2037    795    796
2038    726    795
2039    513    795
2040    447    795
2041    761    796
2043    735    796
2044    797    798
2045    169    797
2046    481    797
2048    315    798
2049    724    798
2050    347    798
2051    799    800
2054    447    799
2055    571    800
2056    777    800
2057    413    800
2077    605    806
2106    816    817
2108    762    816
2110    667    817
2111    764    817
2117    581    819
2118    519    819
2119    336    819
2126    625    821
2130    519    822
2133     72    822
2142    358    826
2173    826    837
2176    300    837
2177    838    839
2178    439    838
2180    235    838
2181    440    839
2182    826    839
2183    254    839
2192    842    844
2196     76    844
2199    292    844
2208    660    847
2210    214    847
2232    822    854
2233    291    854
2270    277    866
2278    869    870
2281    406    870
2283    777    869
2284    365    870
2286    513    871
2287    799    871
2296    581    874
2297    822    874
2298     69    874
2307    799    877
2308    869    877
2318    838    881
2322    882    883
2324    758    882
2325    260    882
2326    473    883
2328    264    883
2329    884    885
2331    881    884
2332    235    884
2333    277    885
2335    780    885
2352    254    890
2377    899    900
2378    663    899
2380    629    899
2381    673    900
2391    903    904
2392     98    903
2394    900    903
2395    777    904
2396    837    904
2397    365    904
2399    140    905
2401    156    905
2405    907    908
2407    866    907
2409    220    908
2411    816    908
2412    909    910
2413    791    909
2414    783    909
2416    199    910
2417    784    910
2419    911    912
2420    432    911
2424    881    912
2425    230    912
2426    913    914
2427    432    913
2429    740    913
2430    343    914
2431    905    914
2432    797    914
2433    915    916
2434    611    915
2435    890    915
2437    544    916
2439    738    916
2440    917    918
2442    519    917
2443    489    917
2444    264    918
2445    669    918
2446    488    918
2451     18    920
2454      2    920
2456    922    923
2458    911    922
2459    903    922
2461    881    923
2462    837    923
2470    926    927
2472    877    926
2473    291    926
2474    288    927
2475    869    927
2476    290    927
2478    780    928
2479    920    928
2480    524    928
2495    758    933
2513    502    938
2521    941    942
2523    842    941
2524    806    941
2525    926    942
2526    844    942
2527    854    942
2538    946    948
2540    174    946
2542    890    948
2543    436    946
2545    692    948
2549    261    949
2556    890    952
2557    440    952
2558    376    952
2562    954    955
2564    949    954
2565    917    954
2566    284    955
2568    819    955
2571    957    958
2573     14    957
2574     76    958
2576     16    957
2577    292    958
2578    959    960
2579    806    959
2580     47    959
2583     61    960
2584    862    960
2602    740    966
2603    946    966
2604    933    966
2615    970    971
2617    933    970
2618    883    970
2619    429    971
2621    332    971
2625     36    972
2628     11    972
2638    977    978
2641    573    977
2642    842    978
2644    119    978
2649    739    980
2652    933    980
2654    982    983
2655     18    982
2656    957    982
2657    645    982
2658    457    983
2659    958    983
2662    783    984
2663    980    984
2664    983    984
2679    364    989
2680    972    989
2690    284    992
2696    571    995
2702    997    998
2704    605    997
2705    658    998
2707    871    997
2708    364    998
2711   1000   1001
2714    992   1001
2716    847   1000
2717    662   1001
2718   1002   1003
2719    877   1002
2720    997   1002
2721    941   1002
2722    870   1003
2723    998   1003
2724    119   1003
2740    905   1007
2743   1010   1011
2744    489   1010
2746    972   1010
2747    954   1011
2748    992   1011
2756    376   1012
2759   1015   1016
2760   1011   1015
2762    662   1015
2763    989   1016
2764    995   1016
2765    871   1016
2770    629   1018
2771    970   1018
2772    611   1018
2773   1019   1020
2774    649   1019
2775   1007   1019
2776    157   1019
2777    587   1020
2779    673   1020
2780   1021   1022
2781    911   1021
2782   1020   1021
2783    900   1021
2784    913   1022
2785   1007   1022
2788    980   1023
2790    971   1023
2798    678   1026
2799   1001   1026
2800    625   1026
2805    737   1028
2808    336   1028
2811   1030   1032
2813    899   1030
2815    737   1032
2816   1022   1030
2828   1036   1037
2829    955   1036
2830   1028   1036
2832    949   1037
2834   1012   1037
2835   1038   1039
2836    966   1038
2837   1030   1038
2838   1018   1038
2839    948   1039
2840   1032   1039
2841    915   1039
2843    847   1040
2845   1012   1040
2853    645   1043
2856     14   1043
2863    198   1047
2866    711   1047
2867   1048   1049
2868   1010   1048
2869   1043   1048
2870      8   1048
2871    992   1049
2873    625   1049
2874   1050   1051
2875   1015   1050
2877    949   1050
2878    995   1051
2879   1047   1051
2880    260   1051
2898   1057   1059
2900     76   1057
2902    984   1059
2905   1023   1059
2906   1060   1061
2907    660   1060
2908   1050   1060
2909   1012   1060
2910    725   1061
2911   1047   1061
2912    236   1061
2942    960   1071
2950    346   1073
2953    908   1073
3006    681   1091
3007    920   1091
3020   1096   1097
3021      0   1096
3022   1091   1096
3023    658   1096
3024    573   1097
3026    119   1097
3028    862   1098
3029   1057   1098
3030    529   1098
3034   1100   1101
3035    139   1100
3036   1071   1100
3037    529   1100
3038    667   1101
3040    874   1101
3050   1105   1106
3051    866   1105
3052   1073   1105
3053    640   1105
3054    977   1106
3056    701   1106
3067    862   1109
3070   1057   1109
3077    678   1113
3080    806   1113
3083   1071   1115
3084   1113   1115
3098   1120   1121
3099    842   1120
3100   1109   1120
3101    959   1120
3102    977   1121
3104     52   1121
3105   1122   1123
3106    854   1122
3107    796   1122
3108   1113   1122
3109   1101   1123
3110    817   1123
3111   1115   1123
3112   1124   1125
3115    410   1124
3116    978   1125
3118    408   1124
3119    292   1125
3121   1127   1128
3122    457   1127
3123   1125   1127
3124   1106   1127
3125    557   1128
3126   1124   1128
3127   1073   1128
3139   1133   1134
3141    147   1133
3142     61   1134
3144    243   1133
3145    938   1134
3146   1135   1136
3147    912   1135
3149    640   1135
3150    884   1136
3151   1131   1136
3152    866   1136
3153   1137   1138
3154   1135   1137
3155   1133   1137
3156    143   1137
3157   1131   1138
3158   1134   1138
3159   1071   1138
3162   1140   1141
3164    140   1140
3165    149   1141
3167    134   1140
3168    568   1141
3169   1142   1143
3173    907   1143
3176    220   1143
3178   1145   1146
3179   1098   1145
3180   1140   1145
3181    698   1145
3182   1059   1146
3183   1141   1146
3184    791   1146
3185   1147   1148
3186   1097   1147
3187   1143   1147
3188    277   1147
3189   1091   1148
3190   1142   1148
3191    928   1148
3241   1164   1166
3243   1007   1164
3245    156   1166
3246   1032   1164
3248    692   1166
3249   1167   1168
3250   1028   1167
3251   1164   1167
3252    163   1167
3253   1037   1168
3254   1166   1168
3255    553   1168
3256   1169   1170
3259     58   1169
3260    460   1170
3262    180   1169
3263    300   1170
3265   1172   1173
3266    923   1172
3267   1170   1172
3269    885   1173
3270   1169   1173
3271     52   1173
3273   1174   1176
3275    916   1174
3277    681   1176
3280   1142   1176
3282   1040   1177
3283   1174   1177
3284    952   1177
3370   1205   1206
3372    177   1205
3373    254   1206
3375    300   1205
3376    826   1206
3393   1212   1213
3394    882   1212
3395    995   1212
3396   1205   1212
3397    473   1213
3398    989   1213
3399   1206   1213
3446    311   1229
3449    310   1229
3475   1238   1239
3476   1142   1238
3479    524   1239
3480   1229   1239
3777   1332   1333
3780    938   1332
3781    500   1333
3783   1131   1332
3784    240   1333
3786   1335   1336
3787   1239   1335
3788   1333   1335
3789    195   1335
3791   1332   1336
3792    821   1336
3794   1337   1339
3796    909   1337
3798    821   1339
3799   1043   1337
3801   1049   1339
3818   1345   1346
3819   1337   1345
3820     69   1345
3821    792   1345
3822   1339   1346
3823    339   1346
3824    195   1346
3842   1352   1354
3844    460   1352
3846    198   1354
3847     58   1352
3849    910   1354
3850   1355   1356
3851     47   1355
3852   1352   1355
3853     61   1355
3854    821   1356
3855   1354   1356
3856    938   1356
3921   1377   1378
3925   1172   1378
3927   1109   1377
3928   1121   1378
3946   1385   1386
3947    922   1385
3948   1378   1385
3949    701   1385
3950    647   1386
3951   1377   1386
3952   1023   1386
3978   1395   1396
3980    587   1395
3981    214   1395
3983    422   1396
3984    215   1396
3994   1400   1401
3995   1395   1400
3996    440   1400
3997   1177   1400
3998   1396   1401
3999    358   1401
4000   1176   1401
4114   1437   1439
4116   1238   1437
4118   1229   1439
4119   1174   1437
4121    738   1439
4122   1440   1441
4123   1040   1440
4124   1437   1440
4125   1000   1440
4126   1036   1441
4127   1439   1441
4128    284   1441
4154   1450   1451
4155    147   1450
4157     61   1450
4158    538   1451
4160    460   1451
4170   1455   1456
4171    862   1455
4172    134   1455
4173   1450   1455
4174   1377   1456
4175    648   1456
4176   1451   1456
4179   1458   1459
4181    907   1458
4182   1131   1459
4184   1238   1458
4185   1336   1459
4186   1460   1461
4187   1000   1460
4188   1458   1460
4189    816   1460
4190   1026   1461
4191   1459   1461
4192   1115   1461
polygons 447
0   1540   2451   2454   2655   2657
3     16     17   1540   2853   2869   2870
4     16   2454   3007   3021   3022
5   2573   2656   2657   2853   2856
7     32     33     34   2576   2655   2656
10   1584   1586   2628   2746   2868   2870
11     17   1584   3021   3023
13   1586   1660   3006   3022   3023
15   1214   1218   1658   1660   2625   2628
16   1049   2744   2856   2868   2869
17   1042   1048   1049   2573   2576
18     32   1045   1048   1218   1221
19     34   1220   1658   2451   3006   3007
21   1042   1045   2625   2744   2746
22     33   1214   1220   1221
23   3844   3852   3853   4154   4157   4160
27   3260   3267   3921   3925   4160   4174   4176
28     84     85   3259   3270   3271
29   3256   3259   3260   3844   3847
30   3104   3265   3271   3925   3928
31   2578   2584   3067   3100   3101
32     85     93   2580   3098   3101   3104
33     93     84   3847   3851   3852
34   2578   2580   2583   3851   3853
36   2583   2584   4157   4171   4173
37   2574   2659   2664   2898   2900   2902
38    101    102   2571   2573   2574
39   2001   2414   2853   3796   3799
40   2023   2413   3796   3819   3821
42    102    111   2856   3799   3819   3820
43   2413   2414   2662   2902   3182   3184
44   1172   1718   2028   3820   3821
45    111    101   1172   2900   3029   3030
47   1486   1492   2615   2619   2770   2771
48   2380   2770   2813   2837   2838
49   1491   1492   1547   1549
51   2394   2458   2459   2781   2783
54   1547   2392   2459   3946   3947   3950
56   1729   2420   2458   3947   3949
57   1549   2619   2790   3950   3952
58   1853   2602   2604   2649   2652
60   2420   2427   2780   2781   2784
61   1729   1853   1855   2427   2429
62   2429   2602   2784   2816   2836   2837
63   1486   1491   2377   2380   2392   2394
67    177   1410   2077   2579   2580
68   1307   2641   3102   3104
69     85    181   1307   3020   3021   3024
70   2638   2641   2644   3024   3026
71    177    189     17    181     93
73    189   1410   1584   2702   2704   2705
75   2638   2642   3098   3099   3102
76   2523   2524   2579   3099   3101
77   2523   2642   2644   2718   2721   2724
78   2705   2723   2724   3020   3023   3026
81   2077   2524   2704   2720   2721
82   2583   2942   3142   3158   3159
83   1716   1718   3035   3037
84    218   3035   3036   3153   3156   3159
85   3139   3141   3142   4155   4157
86   2584   2942   3028   3030   3036   3037
87    224    225   4155   4172   4173
88    229    224   3164   3167
89   3028   3167   3179   3180   4171   4172
90    218    231   1716   3164   3180   3181
91    229    231    225   3141   3155   3156
92    232   1242   3245   3254   3255
93    232   2399   2401   3162   3164   3165
94   1242   1290   3165   3168
95    246    247   1923   1925
96    224   1293   1294   1554   1923   1924
97   1924   1925   2774   2776
100   1289   1294   3162   3167   3168
101    246   1289   1290   1293   3249   3252   3255
102   2401   2740   3241   3243   3245
103    247   2775   2776   3243   3251   3252
104    229   1554   2399   2740   2774   2775
107   1856   2649   2658   2663   2664
108    272    273    947   1853   1856   1859
109    273    886   1153   1780   1781
110    886   1859   2543   2602   2603
111    284   1540   1998   2001   2004
112    292    293   1920   2002   2004
114    295    272   1153   2451   2479   2480
115    295    947   2654   2655   2658
119    303   1920   2495   2540   2603   2604
121   1779   1780   1989   2478   2480
122    292    303   1784   1988   1989
123   1779   1781   1784   2540   2543
124    284    293   1988   2454   2478   2479
125   1998   2002   2495   2652   2662   2663
126    313   1079   1086   1109   1802   1803
127   1800   1803   1806   3781   3788   3789
128   1086   2513   3846   3855   3856
129   1109   2024   2412   2413   2416
130   1806   2027   3818   3821   3824
131   2412   3794   3796   3798   3849   3854   3855
133   3786   3789   3792   3798   3822   3824
134    313   2416   3846   3849
135   1932   2108   2210   2716   4187   4189
136   2210   2843   3282   3981   3995   3997
139   3273   3280   3476   4116   4119
141   2405   2411   4181   4188   4189
143   3169   3173   3476   4181   4184
145    363   3169   3176   3280   3984   3998   4000
146   2405   2409   3173   3176
148   1932   1935   3978   3981   3984
149    363   1935   2108   2409   2411
150   4116   4124   4125   4184   4187   4188
151   2578   2579   2942   3080   3083   3084
152   1172   2298   3034   3037   3040
154   3028   3029   3067   3070
155   2192   2196   2900   3070   3099   3100
156    101   2133   2196   2232   2526   2527
159    111   2133   2297   2298
160    892   2178   2318   2424   2425
161    382   2425   3144   3147   3154   3155
162    389    390    382    892    895
163    391   1081   3781   3784
164    395    398    391    895   2178   2180
165    389    395   1079   1081   1083
166    390   1083   2513   3139   3144   3145
167   2331   2424   3146   3147   3150
169    398   2332   3150   3151   3777   3783   3784
171   2180   2318   2331   2332
173   1432   2352   2434   2435   3373   3397   3399
174   1920   2324   3372   3394   3396
176    419    303   3370   3372   3373
178    419   2352   2538   2540   2542
179   2435   2542   2839   2841
180   1432   2326   2618   2771   2772
181   2434   2772   2835   2838   2841
182   2325   2878   2880   3394   3395
183    433   2549   2874   2877   2880
184    438    433   2322   2325   2328
185    438   2440   2444   2549   2564   2565
186   2443   2565   2743   2744   2747
187   2564   2747   2760   2875   2877
188    998   2625   2680   3397   3398
191    998   1045   2326   2328   2444   2446
192   1528   1729   3050   3053   3056
193   2270   2329   2333   3150   3152
194   2456   3266   3925   3947   3948
195   1307   1308   2333   3269   3271
199   1308   2270   2641   3050   3051   3054
200   3054   3056   3102   3928   3948   3949
201   2714   2717   2748   2760   2762
202   2690   2711   2714   4122   4125   4128
203   2832   2834   2877   2908   2909
204   2208   2843   2845   2907   2909
205   2566   2829   4126   4128
207   2562   2566   2690   2747   2748
210   2196   2199   2574   2577
211    486    487   1048   1621   2445   2446
212    102   1049   2130   2133   2442   2443
213   1617   1618   2130   2232   2233
214   1615   1618   1621   2470   2473   2476
215    487    496   2474   2476
216   2233   2473   2525   2527
217    501    496    486   2571   2576   2577
219    501   2199   2470   2474   2525   2526
223   1301   2696   3375   3395   3396
224   1760   2696   2866   2878   2879
226   1301   1760   1762   3260   3263
227    292   3256   3262   3263   3372   3375
228   1762   2863   2866   3842   3844   3846
230    524   2002   2324   2325   2416   2417
231    313    524   2863   2879   2880
234    526   2004   2417   3842   3847   3849
235    293    526   3259   3262
240    537   1153   3449   3479   3480
241   1780   1782   3479   3784   3787   3788
243    544   3446   3480   3787   3789
244   1081   1692   1694   1801   1803
246    391   1693   1694   1781   1782
248    553    554   3446   3449
249    554    273    537   2044   2045   2048
250    544    553   1806   2048   2049
251    886   1692   1693   2045   2046
253   2039   2040   2054   2286   2287
254   1841   1842   2054   2307   2472   2473
255   1842   2043   2233   3106   3107
257   2472   2521   2525   2719   2721
258   1648   1649   2286   2704   2707
261   1293   1510   1843   1844
262   1289   1292   1507   1510   1513
263    438    584   1243   1290   1292
264    584   1513   1619   2444   2445
265    588   2808   3250   3252
266   1243   2549   2832   3253   3255
267   2119   2568   2808   2829   2830
268    588    246   1617   1843   1845   2118   2119
269   1507   1615   1619   1844   1845
270   2126   2873   3798   3801
271   2714   2799   2800   2871   2873
272    596   2690   2871   3801   3822   3823
273    544    597   3823   3824
274    596    597   3446   4118   4127   4128
275   1525   1528   2426   2427   2430
276    537    272   1706   1708
277   1859   2045   2426   2429   2432
279    612   1261   2950   3125   3127
280    947   1707   1708   3121   3122   3125
281   1855   1856   3056   3122   3124
284    623    612    624   2048   2050
285    625   2044   2050   2430   2432
286    623    625   1525   2950   3052   3053
287    624    554   1261   1706   1707
289   1355   2419   2425   2777   2781   2782
290    382    629   1355   1557   1558
291    632    629   3141   3144
294    636   1525   3149   3154   3156
295    231    636   2399   2430   2431
296    632    225   1553   1554   1557
297    641   2142   2173   2396   2397
298    642   2142   2679   3376   3398   3399
299    641    642   2284   2708   2722   2723
300   2679   2702   2707   2708   2763   2765
301   1301   2055   2056   2176   2395   2396
302   2051   2055   2287   2696   2764   2765
303   2173   2176   3370   3375   3376
304   2278   2283   2284   2395   2397
305   2270   2407   3173   3187   3188
306   2333   2335   2478   3185   3188   3191
307   3783   3791   4182   4185
309   1785   1989   2329   2332   2335
310   2480   3190   3191   3475   3476   3479
311   2407   3151   3152   4179   4181   4182
313    398   1779   1782   1785
314   1021   2046   2401   2431   2432
315    669   1716   2027   2028   2049   2050
316   1112   2024   3165   3183   3184
319    232   1021   1112   1801   1802
320    669    218    636    625
322   3142   3145   3850   3853   3856
323   1083   1086   2863   2911   2912
326   1761   1762   4158   4160
327   1761   1809   2866   2910   2911
328    629    390   1808   2910   2912
329    632   1808   1809   4154   4155   4158
331   1292   2621   2790   2905   3168   3182   3183
332   1512   1513   2619   2621
333   1294   1510   1552   4170   4172   4175
334    690    389   2756   2906   2909   2912
335   1557   1559   1807   1808   1811
336   1807   1813   2906   2907   2910
338    890    892   1355   3980   3995   3996
339    700   1558   1559   3980   3981
341   2558   2756   2845   3282   3284
342    690    890    895   2557   2558
343    700   1811   1813   2208   2210
345   2557   3284   3996   3997
348   1846   2433   2439   2815   2840   2841
349   2545   2839   2840   3241   3246   3248
350   2805   2815   3246   3250   3251
351   1697   2756   2834   3248   3253   3254
352   2439   3275   4114   4119   4121
353   1697   2542   2545   2556   2558
354   1846   2805   2830   4121   4126   4127
355    433    524   1109   1112   1242   1243
358    584   2328   2615   2618   2621
360   1263   1710   1846   1847   1850
361   1220   1711   1850   2437   2439
362   1260   1263   1602   1605
363     33    736    737   1260   1710   1711
364    736   1221   1431   1487   2770   2772
365    737   1487   1602   2378   2380
369   1605   1847   2378   2811   2813   2815
372   1410   1476   1649   2798   2800
373   3083   3157   3159   4182   4191   4192
376    177   1476   2126   3850   3851   3854
378    189   1476   2867   2870   2873
380   1595   2286   2759   2762   2765
382    760   1586   2705   2708
384   1595   1648   2717   2798   2799
386    760   2628   2679   2680
387    597    553    624   1333   1336   1339
388    596   1336   2117   2566   2568
389    766   1333   1337   2117   2119
390    767   1256   1261   1263   1337   1339
391    766    767   1847   2805   2808
393   1705   1706   1850   3449   4118   4121
395   2785   2811   2816   3243   3246
397   2381   2779   2782   2783
398    774   1631   1635   2773   2776   2779
399    775    767   1605   1635   1636
400    774    247    588    766    775
401    776   2644   3112   3115   3116
402    782    776   2281   2722   2724
403   2192   2199   2642   3116   3119
404    785    501   3112   3118   3119
405    782    786   3115   3118
406    786    785   2278   2281   2474   2475
407   2308   2470   2472   2475
408   1194   1760   1761   2055   2057
409   1194   1550   4158   4175   4176
411   1546   1547   1550   1980   2056   2057
412   2176   2462   3263   3266   3267
414   1980   2391   2392   2395
417   1612   2106   2110   2411   2950   2953
418    623    669   1612   3034   3035   3038
420   1591   1595   1813   2038   2039
422    921   2051   2054   2057
423    921   1194   1807   1809   2038   2040
424   1934   2041   2111   3105   3107   3110
425    774   1922   1925   1934   1937
426   1839   1843   1922   1923   2041   2043
427   1333   1614   2296   3038   3040
428   2117   2118   2130   2296   2297
429   1618   1839   1842   1845
430    775   1337   1614   1937   2110   2111
432   2638   3054   3116   3123   3124
434   2577   2658   2659   3119   3122   3123
436   1553   1559   1922   1924   1927
437   1811   1927   2037   2038   2041
439    921   1550   1552   1839   1841   1844
440   1490   1492   1512   1619   1621
441   1490   1491   1980   2283   2475   2476
444   1336   2296   2298   3818   3820   3823
445   1988   2335   3262   3269   3270
446   1308   3024   3186   3188
447    284    526     84    181     16
449    776    825   3026   3176   3186   3187
450    825   2409   2953   3115   3126   3127
454   2173   2177   2182   2318   2461   2462
456   1634   2777   2779   3978   3980   3983
458    835   1634   2381   2391   2394   2397
460   2142   2181   2182   3994   3996   3999
461    641    835   3983   3998   3999
462    839   1635   1637   1930   1935   1937
463    700   1927   1930   1932   1934
466    839    843   3983   3984
467    843   1631   1634   1637
468    844    487   1486   1487   1490
469     32    486    844    736
470    998   1218   1431   1432
473   2181   2183   2352   2556   2557
474    419   1784   1785   2177   2180   2183
475    395    690   1691   1694   1697
477   1021   1691   1692   3245   3248
478   2182   2183   3373   3376
479    786    849    850   1602   1636   1637
480    850    737    844    496    785
481    835    843    849   2281   2284
482    760    642   1660   3277   3999   4000
483   3006   3189   3190   3277   3280
484    363    839    849    782    825
485    850   1256   1260   3118   3125   3126
486     34    295   1705   1708   1711
488   1658   2437   3273   3275   3277
489    612   1339   1612   1614
491   1507   1512   1546   1549   1552
492   1528   2419   2420   3147   3149
493   1691   1693   2538   2543   2545
494    890   2177   2178   2181
495   2118   2442   2562   2565   2568
496   1591   2762   2875   2907   2908
497   1841   2037   2040   2043
501   1546   3950   3951   4174   4175
503   2322   2326   3393   3394   3397
506   1800   1801   2044   2046   2049
508   1042   2440   2443   2446
510   2798   3077   3084   4190   4192
511   2110   3038   3109   3110
512   1079   2513   3777   3780   3781
515   1800   1802   2023   2024   2027
516   1648   2037   2039   3077   3107   3108
518   1615   1617   2440   2442   2445
521   1718   3030   3179   3181
523   2001   2654   2657   2662   2664
524   1214   1431   2433   2434   2437
525   2287   2307   2707   2719   2720
527   1256   1705   1707   1710
531   1553   1558   2773   2774   2777
533   1855   2649   2788   3946   3949   3952
536   1649   2077   3077   3080
539   2126   2800   3792   4185   4190   4191
541   3051   3053   3146   3149   3152
542   2023   2028   3178   3181   3184
544   1591   2208   2711   2716   2717
545   1631   1636   2377   2378   2381
547   2051   2056   2283   2307   2308
548   2716   2843   4123   4125
552   2106   3110   3111   4186   4189   4192
553   3780   3791   3792   3854   3856
554   2329   2331   2461   3265   3266   3269
555   2322   2324   2495   2617   2618
556   1930   2106   2108   2111
558   1998   2412   2414   2417
559   3067   3927   4170   4171   4174
562   2521   2524   2527   3080   3106   3108
564   2232   2297   3040   3105   3106   3109
565   2405   2407   2953   3051   3052
566   3145   3157   3158   3780   3783
567   2391   2396   2456   2459   2462
568   2192   2521   2523   2526
571   2426   2431   2740   2784   2785
572   2278   2308   2718   2719   2722
573   2419   2424   2456   2458   2461
574   2377   2780   2783   2813   2816
575   2433   2435   2556   3275   3283   3284
576   2604   2617   2771   2836   2838
577   2479   3007   3189   3191
578   2615   2617   2652   2788   2790
580   2538   2603   2835   2836   2839
581   2562   2564   2828   2829   2832
582   2571   2654   2656   2659
583   2763   2764   3393   3395   3398
584   2680   2743   2746   2759   2760   2763
585   2663   2788   2902   2905
586   2743   2748   2867   2868   2871
587   2759   2764   2874   2875   2878
588   2702   2718   2720   2723
589   2711   2799   4186   4187   4190
590   2898   2905   3070   3927   3951   3952
591   2773   2775   2780   2782   2785
592   2828   2834   2845   4122   4123   4126
593   2828   2830   3249   3250   3253
594   2811   2835   2837   2840
595   3282   3283   4119   4123   4124
596   2867   2869   3794   3799   3801
597   2874   2879   2906   2908   2911
599   2898   3029   3178   3179   3182
600   3020   3022   3185   3186   3189
602   3034   3036   3083   3109   3111
603   3050   3052   3121   3124   3127
609   3098   3100   3921   3927   3928
610   3084   3105   3108   3111
612   3112   3121   3123   3126
613   3146   3151   3153   3154   3157
614   3139   3153   3155   3158
615   3162   3178   3180   3183
616   3169   3185   3187   3190
620   3241   3249   3251   3254
621   3256   3265   3267   3270
622   3273   3283   3994   3997   4000
628   3370   3393   3396   3399
630   3475   3786   3787   4179   4184   4185
631   3475   3480   4114   4116   4118
652   3777   3786   3788   3791
653   3794   3818   3819   3822
656   3842   3850   3852   3855
661   3921   3946   3948   3951
663   3978   3994   3995   3998
671   4114   4122   4124   4127
673   4154   4170   4173   4176
674   4179   4186   4188   4191
cells 64
0      0      3      4      5      7     10     11     13     15     16     17     18     19     21     22
1     23     27     28     29     30     31     32     33     34     36    559    609    621    673
2     37      5     38     39     40     42     43     44     45    521    523    542    582    599
3     47     48     49     51     54     56     57     58     60     61     62     63    533    574    576    578
4     32     67     68     69     70     11     71     73     75     76     77     78     81    588
5     82     83     84     85     86     36     87     88     89     90     91    521    614
6     92     93     94     95     96     97     88    100    101    102    103    104    620
7    107    108     58    109    110    111    112    114    115    119    121    122    123    124      0    125    523
8    126    127    128    129    130    131     40    133    134    512    515    553    652    653
9    135    136    139    141    143    145    146    148    149    150    548    595    622    663
10    151    152     86     45    154     76    155    156     31    159    562    564    568    602    610
11    160    161    162    163    164    165    166    167    169    171    512    566    613    614
12    173    174    176    178    179    119    180    181    503    555    576    580    628
13    182    183    184    185     21    186    187    188    191    503    508    583    584    587
14    167    192    193    194     56    195     30    199    200     68    492    541    554    573
15    201    202    203    204    205    187    207    496    544    548    581    592
16     17    210     38    211    212    213    214    215    156    216    217    219    508    518
17    182    223    174    224    226    227     29    228    230    231    112    134    234    235
18    240    241    163    243    127    244    246    109    248    249    250    251    506
19    253    254    255    216    257    258     81    497    516    525    536    562
20    261    262    263    264    185    265    266    267    268    269    101    495    518    581    593
21    270    271    243    272    202    133    273    150    274    539    589    630    631    671    674
22    275     61    276    249    108    277    279    280    281    284    285    286    192    287    603
23    289    104    290    291    275    294     91    295    296    161     60    492    531    571    591
24    297    298    299    223    300    301    302    303    304    525    547    572    583    588    628
25    121    241    305    169    193    306    307    143    309    310    311    313    616    630    652
26    314    285    315    316     93    319    320    295     90    506    515    542    615
27     85    322     23    228    128    323    326    327    328    329    166    291    656
28    331    154     57    332    333    100     89    262    491    501    559    590    599    615
29    162    334    328    290    335    336    338    339    341    342    343    204    136    345
30    348    349    350    351    179    352    353    341    354    575    592    593    595    620    671
31    129    355    125    331    230    184     43    316     94    358    263    555    558    578    585
32    360    361    362    363    364    365    348     48     22    369    181    524    594
33    322     82    372    307    373    376     34     67    151    510    536    539    553    566
34    372     73    378    380    271     10    258    382    384    201    386    300    584    586
35    387    388    389    390    391    360    267    393    274    205    354    287    248    527
36    395    103    391    369    265    350    397    398    399    400    545    574    591
37     77    401    402    403    404    405    406    257    219    407    568    572
38    408    326    409    411    412    226    414    194     27     54    301    501    567    661
39    311    417    286    373    418    141    294     84    320    511    541    552    565    602    613    674
40    224    336    380    253    302    408    420    422    423    327    496    587    597
41    424    425    426     95    427    428    213    255    429    430    389    400    268    511    564
42    155     37    432    210     75    403    107    200    281    434    533    585    590    609    661
43    436    437    335    439    261    426    423    333    409    296     87     96    329    497    673
44    429    439    269    440    422    254    411    441    214     49    407    491    547
45    428    212    388    272    444    159     42    207     16    186    495    586    596    653
46    445    195     28     69    446      4    235    124    447    306    577    600
47    401    432    199    305    446     70    449    450    146    565    603    612
48    454     51    297    289    160    456    397    458    338    460    461    494    567    573    663
49    456    398    462    148    463    339    425     97    436    466    467    531
50    468    440    211    191    358    364     47     18    469    264    470    332    180
51    353    178    473    474    246    475    123    164    342    313    493    494
52    351    334    266    355    475    231    323    126     92    244    203    183    319    477    165    597
53    445    227    122    474    309    412    171    454    478    303    176    554    621
54    270      3    378    447     71    376     33    111     39    131    234    558    596    656
55    424    384    135    437    420    343    463    510    516    544    552    556    589    610
56    441    406    479    480    468    215    365    414    304    458     63    481    467    545
57    482    483    466    299    382    449     13    402     78    461    145    484    481    600    616
58      7    280    434    363    480    485    404    469    217    486    115    527    582    612
59    477    314    102    277     62    251    349    395    110    493    571    580    594
60    139    483    393    488    352    361    276    240    114    486     19    310    577    631
61     15    482    478    473    460    488    345    470    173    298    188    386    524    575    622
62    387    489    427    130     44    418    315     83    444    273    284    152    250
63    149    484    450    390    489    279    362    485    417    479    405    462    430    399    556
