vertices 383
     0 1.02474308724503 3.98008833665637 1.08885390970102
     2 1.41161332297179 0.15446192053956 1.62228525612265
     8 0.91318837771339 3.86975990692006 1.09085987182015
    11 0.27492506650324 0.26763869362964 1.08181966786459
    14 0.87393066398232 3.68179476942965 2.18176372258329
    16 0.31760572998720 0.26083850384098 2.34203315287150
    18 1.16302868426917 0.61020246944762 1.95018708110511
    36 3.92239175480852 0.20886248575566 1.72756515262416
    37 0.50949510687980 0.73224886919222 2.04812661567811
    41 0.26062367485899 0.40129154733072 2.29106856562826
    47 1.45751769633132 3.42375093459216 0.59335567674442
    52 1.67942247498608 0.31903111640991 0.22727488997667
    58 1.87421830278951 3.83777075059286 0.90151332789747
    59 1.55010002754450 3.83061719462012 0.72422879229277
    61 1.90059522981796 2.93923140105870 0.11039009013787
    69 1.05820273560461 3.00928984515939 2.71177207407025
    72 0.95594508597966 3.21480264284618 2.70793781798861
    76 1.18155492742612 3.74408500335530 2.94799910553002
    98 3.11238802764278 0.30006651977046 3.36761951706799
   115 1.06607393029904 3.34547704867575 0.75807259063935
   119 0.80732289559303 0.55212349217100 0.11683772228832
   134 2.63704181827924 2.79165051061400 3.24675355555093
   136 2.67586739390472 2.44883897842580 3.40632817475308
   139 1.67127873114677 2.25841470735574 3.10562632596903
   140 2.42637137637360 2.29402582628533 3.12284341315051
   143 2.02887070868100 2.04837386766515 3.23374381254576
   147 2.55463191539005 2.46039801715476 3.91782691490039
   149 2.67493614512621 2.66493529315094 2.27849117757341
   152 3.43842205708728 2.77787638184342 3.03841533158075
   156 2.66415812793559 2.20957751503736 2.25228041819295
   157 3.50061257822580 2.24387049465718 3.11769662649785
   163 3.58740591757859 2.38131369351104 2.78234075078324
   169 1.93508922606027 1.24695556717601 2.22439912253237
   171 1.34155088404519 1.02736249475786 2.20900225385215
   174 2.32415408808048 0.78761189358100 1.53090995397959
   177 2.28464886019945 0.35304478237813 1.46952841601513
   180 2.08515003072194 0.32568523168398 1.34577818077947
   185 1.87454759221714 0.06563750246742 1.45642703460777
   191 1.44489613341214 1.17126257341524 2.11160711905370
   195 1.25675792634259 2.34550760408877 2.03106092477996
   198 2.47186344842742 2.98066486127996 1.29646524904532
   199 2.48948844391139 3.11557162620939 1.63478033218609
   214 3.83066062948673 2.02441654958613 0.40629277969173
   215 0.23159045108072 1.42768304920207 0.01213375533256
   220 0.53953964452739 1.36133815658491 0.05474721317560
   230 2.76459891024562 1.76145471835391 0.21007616350799
   231 2.29606266167385 2.05155095770059 1.25113622350372
   235 2.16696526001968 1.34420305391280 0.85863332648749
   236 2.56932637499487 2.29592874971074 0.96728525535681
   240 2.02649044281706 1.74378696035935 1.14845754118484
   241 2.59893575634521 2.09824304846150 1.06092258469562
   243 2.61891201029341 2.24351566059348 0.18809928246613
   254 3.02313947284552 0.83084490381189 1.21722343196211
   260 2.83950347186289 3.19989513289397 1.65725227975530
   261 3.07152945342169 3.05239944890448 1.91349514853107
   264 3.18781206635333 3.42427803248705 2.14677429503701
   277 1.59256918946478 0.98075853759686 0.40065654774209
   284 0.47968824521098 2.42096516630239 1.86054097188858
   288 0.25562539890944 0.36239786385285 2.92186537597086
   290 3.92315203824629 0.13650403357016 2.95796815503471
   291 0.09012363431707 3.25359572381149 3.22144671865968
   292 0.99561859515663 0.14578123943785 2.94604874774219
   295 0.14718515415662 0.35908116733269 2.75696720205638
   300 2.85582609650386 0.07642312829124 0.65975532991624
   310 1.09770230511412 1.51192692066754 2.21069774648669
   311 1.06258331152527 2.14951182598525 2.09783290932708
   315 1.16494536667107 1.81849437703078 2.39535906209368
   332 3.04663528472952 3.38779656137038 2.52046241158745
   336 3.97739928679656 2.25939471306006 2.59136227070886
   339 0.87869796253324 2.39292390511875 2.12520192023773
   343 2.00957585633712 1.79081585367838 3.02369681334175
   346 1.21469540924536 1.88110539834846 3.12674504528416
   347 1.61924108624795 2.00656774617883 3.00165491774898
   354 0.96316061578683 1.78241632325252 2.75413368846343
   356 2.75097615814141 2.36883255938557 0.09082831581818
   358 3.67401730865350 0.79687494889118 0.55649362299647
   364 0.12054121337566 0.23968395722685 0.92437872600852
   365 3.70380289065385 0.74668921452560 0.12432196124010
   376 3.08336364045398 2.01421830713299 1.38874330549250
   380 3.56013148987525 2.42063118248396 0.13577866995200
   394 0.25842311053438 1.07557222509031 2.91521640605069
   396 0.09517739337624 0.49362683191401 2.68894283243515
   399 0.21826161513566 1.45779510564084 2.73020297966726
   403 0.23998101955822 1.95514611031683 2.89954275754130
   405 0.04503633027703 1.94846039739955 3.24725309856319
   406 0.28550577553946 1.00838810469486 3.71176179302487
   408 0.40025367314605 0.92994626254517 3.17618946533156
   410 0.53021576484549 1.03758688196374 3.79198298033971
   413 3.19413892738714 3.46733218769556 3.95830198604089
   422 3.77267518394866 1.13862633785257 0.00858298052612
   425 0.10009729693815 1.23855520007933 3.79890555593521
   429 2.98682344052655 0.01740518923939 2.99876364491940
   432 2.21446755417756 1.13109180583423 3.16063078493854
   436 2.12697823004873 1.22687669731199 1.90273892825230
   439 2.76823553140974 1.59568180354217 0.60901074103773
   440 3.38243274642537 1.35928172925896 0.83172562624788
   447 3.54031981250003 3.31197459188033 3.93730118468390
   457 1.57065251826538 0.70050615632371 2.58117189200312
   460 2.48080675942549 3.58531789578443 0.47908357576337
   473 3.54510008760709 0.26230917976832 1.71631936140848
   481 2.36082174145683 2.04720681977769 1.95987103770899
   488 0.13482872854565 3.81131237142061 2.07407214344593
   489 0.27643213258816 3.64247612306475 2.01927081843139
   500 2.20388925250245 2.17745127853807 1.23106763564639
   502 2.31173799450097 2.36611532731194 1.07664791977474
   510 2.32347620177293 2.84037491650963 1.92776539473546
   513 0.06954433197207 3.08628346429996 0.53561466689627
   519 0.23573840893322 3.01304851455386 2.62288029604767
   524 1.53221849166870 1.12348379820602 1.60229492607329
   529 1.53583071161880 2.80003979571261 3.06888546612638
   538 2.85864933357212 3.29429821362357 0.18716692586720
   544 0.25276222024941 0.74050984709125 1.72222357892354
   545 3.96921731042104 0.42978856765251 1.86185061421482
   553 2.97879064422596 2.75187340072701 2.24520308152820
   557 0.86464496719853 1.46893087216938 2.70441664455904
   559 0.41404038618079 1.33240815682571 2.68225863323001
   568 2.96741450907331 2.99156027365453 2.57399128565798
   569 3.19150602320078 2.98325559252664 2.97973205974211
   571 2.99722986193098 3.79136215183679 0.62082668097376
   573 1.50820050987866 0.53333590361262 0.18158808889399
   581 0.58685314696505 2.48246225876161 2.56653671664196
   582 0.63781233663743 2.11157068941688 2.87603394860912
   587 3.00680551179875 1.76591698424608 0.07481893918510
   605 0.80949632554542 3.29759034457659 0.45135666699212
   611 3.57867464195744 0.51279505503575 1.86578861369452
   625 1.03050019611862 2.99051578108664 1.02092829880508
   629 3.34910486976053 0.63352855697485 2.75653438359313
   630 3.24556581342232 0.28103232066498 3.06108586286860
   635 3.23391932722630 3.09589462207973 3.02492559237629
   636 3.23962655644999 3.43868051071033 2.76157917743922
   640 1.97357348985504 1.44059537893273 3.38894240872743
   645 1.40801567964862 0.02542550271650 1.84512343646566
   647 2.87907982476078 0.03581988827458 3.24072064676030
   648 2.90489481177003 3.48025568315521 3.54566871728843
   649 3.03820958373032 2.26652247534519 3.42948675937409
   650 3.03353159625958 2.20599152274037 3.95161579374326
   658 0.60674856273138 0.16406925511478 0.93368465660611
   660 3.70883127425887 2.57619513017860 0.72251140236781
   662 0.01390371333444 2.91948521660240 0.80035461814950
   663 0.09197655478127 1.21871738198789 2.93627779871814
   667 0.82787020394016 2.24139487049455 3.24544780753913
   668 3.92578000711256 3.18628710840396 2.93031292566012
   669 3.75899808585807 3.52601273614081 2.69798605730203
   673 3.31802428719912 1.26619788690036 3.53462207371957
   674 3.93498812463832 1.40544724810103 3.36278872714937
   678 0.64483172554369 3.01627048334434 0.45837305414057
   681 0.42703776388225 0.66661094568197 1.24253194930910
   691 2.44012227298767 1.91015145450480 1.78884489418538
   692 2.87175730092368 1.87868801771874 1.80304522980596
   695 0.98686819037174 1.37426798129965 2.30802585901316
   696 0.53909126990564 1.23638930082615 2.24023226675885
   698 1.68963376619804 2.69539623549018 2.93959730856841
   701 2.03064493682901 0.83509565668578 3.11994628367431
   711 2.74928530932535 3.50339406847102 0.54041277508661
   717 1.86119869454244 1.16277355012261 1.55566654855166
   718 2.04221222475930 0.94922296420589 1.38866306928141
   723 2.12976751885777 2.35635139025614 1.76052727759808
   724 1.55751130789499 2.36254096814358 2.16610978638678
   725 3.03404742721343 2.71146862511240 0.36088528845572
   726 3.53826283781493 2.62196783923903 0.28125714453768
   735 3.78047087262877 3.04708835298615 3.47504836631631
   736 3.54283155750220 2.96953735577764 3.09904193356150
   737 3.90621550963669 1.61771715796969 2.28899119045937
   738 0.20078257458196 1.45435118806106 1.91091779224132
   739 1.98713237139938 0.72974466030598 2.65803219759299
   740 2.15010249478020 0.94177197806060 2.52529890149538
   758 2.28485192571879 0.09661247295759 1.77723642853141
   760 3.42235348626628 2.44510434307674 3.26599568293842
   761 3.81480868999769 2.52368900502536 3.71005857284267
   762 0.30728243106746 1.85151440935681 3.99814459466711
   764 0.24524864734946 2.13175541773222 3.61695086867996
   777 3.39381115442417 0.23844734640559 3.80959825372024
   780 1.90678026336764 0.84401298962181 1.31794398849498
   783 1.81696381671682 3.85847252251252 1.89180100344284
   784 1.98239597597229 3.89488683296379 1.70323651984283
   791 2.00764378315574 3.10516658991697 2.24072907105284
   792 1.59367028080116 2.74978959708168 2.41386112996812
   795 3.73946767891489 2.91494793209579 0.11864808595905
   796 3.90552465874391 2.76263648408085 3.73232673671219
   797 1.97254243942094 1.67631560746125 2.40530056863322
   798 1.57614731635067 1.93517933660501 2.48244501528781
   799 3.61607189394930 3.63105248880342 0.08465738710657
   800 3.34408503848062 3.72324268475481 0.08639640317888
   806 1.00675492419425 3.28059134365056 0.04962360934032
   816 0.64903573502806 1.91453567376713 0.05033870484411
   817 0.59390486758404 2.24167868480026 3.59234132399737
   819 0.25315455317652 2.53792080066448 2.46157754921675
   821 1.39936719081166 2.79953762300897 1.13449780487426
   822 0.67954813487337 3.01694249378815 2.83982605143062
   826 3.21031315203512 0.70619349444871 0.72459778923214
   837 3.00835744001763 0.50562598630944 0.36665341797646
   838 2.58914906614617 1.34714480430126 0.63142401313103
   839 3.09961900363369 0.99146751434993 0.86450772794828
   842 1.20064136298476 3.91325961617171 3.55765850353169
   844 1.04845677365543 3.86289018842006 3.14266715982910
   847 3.89918305773876 2.19933680579342 0.78040984818102
   854 0.50577597756839 3.15590405523501 3.24376517227070
   862 1.85597392381310 3.26463849318335 3.44532438740462
   866 1.68575618662055 1.43713358738265 0.19223421167022
   869 3.82300492466201 0.22401346432447 3.75787278739955
   870 3.97649143324832 0.52839556601688 3.97948390939670
   871 3.92152934339804 3.58422237037807 0.54185274489532
   874 0.77339338922348 2.86095429788522 2.82643044759196
   877 3.95461055467750 3.95273880480441 3.85896692795925
   881 2.42891804126404 1.25600458489809 0.37055634325675
   882 2.86158177495317 3.78043734154657 1.73572496391283
   883 3.01631475231291 3.82623111211008 1.95454342741662
   884 2.02581920631804 1.24078048294951 0.53674632354481
   885 1.85855293469818 0.93701035124694 0.57788469251188
   890 3.28389567442433 1.13907505336859 1.62466096153461
   899 3.32988220496117 0.91697036154661 2.83729598592273
   900 3.11185275262841 1.07752923845498 3.40702482854287
   903 3.00600199928796 0.68951623822121 3.59215561414791
   904 3.29034634352192 0.51557328700248 3.96318157568462
   905 2.53383966272207 1.95793685004070 2.80896331888135
   907 0.96075590329719 1.70919538460470 0.31101211731934
   908 0.80953814271951 1.75255033432242 0.04492141418789
   909 1.84053633110746 3.39914328977297 1.90086835121431
   910 2.07188718889415 3.43111678609891 1.63315343634904
   911 2.69191697893391 1.07034667239491 3.55322196217528
   912 2.48301225015671 1.46428246478119 0.06228290513086
   913 2.30963955516874 1.22888315344495 2.90245487675779
   914 2.17583671242525 1.66995901645059 2.80916837719540
   915 3.40782108488853 1.07962613417975 1.75420945921033
   916 0.03505017824300 1.21941483184599 1.66519308595904
   917 0.07189108132514 3.39838835710333 2.15957617903999
   918 3.91248974930081 3.53235274495041 2.23005110808698
   920 1.23661505100365 0.58604141822501 1.67909272032500
   922 2.72946909913528 0.74839605274008 3.65580990484383
   923 2.62664143747929 0.68756370185992 0.15221328252771
   926 0.20268157922970 3.73410924235643 3.36242298310763
   927 0.03733753862594 0.14394464470523 3.10954659520494
   928 1.49157879786020 0.97325413174197 1.50797446985679
   933 2.35891436996454 0.33785143028881 2.32277740336615
   938 1.90063841657242 2.45784893988508 0.69581334198499
   941 0.86043275730536 3.69369520087862 3.72351279893872
   942 0.66810408815131 3.61681630380986 3.37781508100788
   946 2.37821077461380 0.98249651964900 1.90342994969733
   948 3.07925822883405 1.25953682874041 1.86088022693543
   949 3.33129718018643 2.88659609971348 1.73862306691661
   952 3.46101923741582 1.48406909382643 1.14772042907093
   954 3.98189048878038 3.08704038796342 1.87878523766776
   955 0.18868829262469 2.50813685759782 2.09172171013711
   957 0.95099112609290 0.04254988514025 2.32803873215279
   958 1.13153285773437 0.04650723723567 2.72649266987115
   959 1.36191433979291 3.34194059715647 0.05102879825035
   960 1.61426430114560 3.03966034173617 3.87661319219304
   966 2.40754096982868 0.79086828212361 2.30626954655549
   970 2.72966097871604 0.17160455025982 2.41840449322992
   971 2.69412369516618 0.00117611267416 2.63600675979460
   972 0.08484445569391 0.07668037797520 1.31341623398516
   977 1.53332731817989 0.43046791614522 3.79578350755830
   978 1.25156049975367 0.36047067625598 3.67009364887304
   980 2.15957752997217 0.27584300169514 2.51854250414152
   982 1.28241951356948 0.24408060185516 2.12922945277790
   983 1.49695468113119 0.28019610199779 2.44825964055219
   984 1.93082874131817 0.08892749592596 2.42980903655177
   989 3.90758105111811 0.05371490935726 1.11375041050298
   992 0.53340435620815 2.87839175469585 1.42021168861909
   995 3.20310808566427 3.74921344480918 1.01676849968701
   997 0.31575119561028 3.89017774049211 0.45708038572955
   998 0.33637329155219 0.09114177824545 0.59171053826215
  1000 0.36797033455577 2.26946039798219 0.94048139420906
  1001 0.45120787948197 2.70094225747323 0.96882719978592
  1002 0.33393113749697 0.02935924760347 0.21634496613756
  1003 0.34664346433290 0.18692133321750 0.27741453164948
  1007 2.89027317042706 1.78864485804227 2.87467997066772
  1010 0.33595349988861 3.58424123908571 1.65518895605314
  1011 0.16084015060014 3.21547302730724 1.56976991791115
  1012 3.29428907473231 2.23191780490453 1.39766783038056
  1015 3.82080271205605 3.22047185053242 1.17067793719743
  1016 3.74004647077103 3.67108146652736 0.96027067438526
  1018 3.16492946894709 0.62751345966084 2.45410201851601
  1019 3.13383761824474 1.97126009476014 3.22232538289375
  1020 3.13539655797988 1.40054741163903 3.53295580197579
  1021 2.99328655003390 1.18191684854448 3.40530880072661
  1022 2.82177634494698 1.30001802078333 2.94256602978948
  1023 2.28451993786926 0.07333104036958 2.71896927081051
  1026 0.74067124641395 2.76757959015797 0.78246454693289
  1028 3.82704775992862 2.11019936278643 2.30877207660635
  1030 3.11760492308812 1.07536124410939 2.61081020345557
  1032 3.30821127140804 1.42176738466075 2.29481302454873
  1036 3.93765746301730 2.25344861369661 2.03786739969903
  1037 3.38403702589626 2.45487430499032 1.85571608302345
  1038 3.03262268138445 0.91986638929840 2.41853453630227
  1039 3.20030763221303 1.20455450552799 2.01120976809507
  1040 3.76130362644513 1.94435701680225 1.16615913005343
  1043 1.08000092703212 3.62526528069623 1.89082972291229
  1047 2.79115965382424 3.01741922425852 1.15937603859225
  1048 0.81604412919747 3.54967599950942 1.53741683312237
  1049 0.90317792989469 3.05738332306089 1.38678885656032
  1050 3.25743228596006 2.93916336563147 1.39202532562684
  1051 2.97870456140656 3.12924057553480 1.35442653712296
  1057 1.72005439072213 3.54821633347862 3.10525839257110
  1059 2.05287036392614 3.83705611762066 2.66430220719889
  1060 3.22024880154086 2.61268891207485 1.15476856527095
  1061 2.93581313550288 2.65611809540385 1.00237855614014
  1071 1.34403833403139 2.51548458257035 3.70949032747921
  1073 1.26319241599750 1.66629982281604 3.34558423976034
  1091 0.73991988514701 0.63223162655184 1.16948869394138
  1096 0.77219333654756 0.28569379981688 0.94334521438363
  1097 1.00180524717611 0.61277181426291 0.41272395945675
  1098 1.79566986679872 3.13724560284668 3.17952882874780
  1100 1.36922079185912 2.52245024951525 3.31328356150486
  1101 0.89625604370727 2.48097852265413 3.28763226906491
  1105 1.74349762460987 1.41509430638891 3.48211158467733
  1106 1.67979003774392 0.88875061095219 3.30405462277728
  1109 1.79028430251883 3.58955918254127 3.38127258423206
  1113 0.79293689133597 2.84344438726527 3.95403624761556
  1115 0.88656614623165 2.59669649271858 3.87955809287349
  1120 1.47495139466727 3.80257195451208 3.67002873188036
  1121 1.67835093897717 0.24487483584900 3.84820812321162
  1122 0.57687880629177 2.76261007202270 3.65761740104395
  1123 0.70756662321135 2.55398489462258 3.61520455505192
  1124 0.77771078041770 0.97460883733870 3.29525193957383
  1125 1.13816806760734 0.61816172017741 3.22597614531810
  1127 1.34656226670121 0.83176131717170 3.08768454852586
  1128 1.04974645401061 1.20077171297060 3.11468453422301
  1131 1.52039442292014 1.94617312564965 0.41280810784503
  1133 2.39056159959966 2.31444644838029 0.03348599560749
  1134 1.96792560196425 2.45864050230179 0.21127800072003
  1135 2.12735164960145 1.59676324961835 3.90835949158042
  1136 1.77288442537341 1.42491864627863 0.30695342185960
  1137 2.02189912140117 1.98383368552812 3.84075573492958
  1138 1.72794490712109 2.16983429239634 0.03647182082946
  1140 2.43855248633431 2.71669326400582 3.00909242115692
  1141 2.59780825581421 2.85981735586272 2.59302149630913
  1142 0.70247739937562 1.19984023034557 0.91762413614040
  1143 0.78882213298275 1.26889198002839 0.47608157483160
  1145 1.99249830999834 2.91602659587943 2.96109275431339
  1146 2.16026785922778 3.16082803333234 2.54539375657965
  1147 1.02332794523270 0.96671950645944 0.58516560965614
  1148 0.89354964810048 0.99174595364231 0.95995477297888
  1164 3.15297513427630 1.92784453283483 2.41613886734924
  1166 2.96178606653677 2.12389275926817 2.18091592562049
  1167 3.44645395766858 2.22821860281233 2.42466667686820
  1168 3.19785565695340 2.40373573081805 2.17226240485387
  1169 2.10310393906581 0.11040168571119 0.77513658320110
  1170 2.42185105703218 0.02034009884061 0.55078832180212
  1172 2.26283690500326 0.31911880159645 0.24096363018208
  1173 1.99154667522114 0.39506563893626 0.41239268582562
  1174 0.08519584217854 1.37054523456719 1.37470200232247
  1176 0.30009481018904 1.09159471894818 1.06482569905360
  1177 3.63964176128373 1.52331807252066 1.09810102940334
  1205 2.97138745776936 0.21520621603511 1.09484494738751
  1206 3.13673209454816 0.44307497543077 1.09292371935702
  1212 3.12652756221833 0.05390515254157 1.21381039685546
  1213 3.33556870170899 0.21936226473178 1.24850382738459
  1229 0.95879084564648 1.77979146605631 1.84397988228244
  1238 0.82852166851693 1.64853548478537 1.15065697677450
  1239 1.15597028140326 1.66944511009289 1.44077759779303
  1332 1.60333812645195 2.11188038879395 0.74390125719956
  1333 1.85228581523418 1.97264415580856 1.10361910746288
  1335 1.49016847175763 2.06512083544099 1.27425054678093
  1336 1.45754600570984 2.30208552751943 0.96707510090293
  1337 1.34645284185207 3.19287768119943 1.91894352738102
  1339 1.19486987859073 2.90902710537728 1.60209340439938
  1345 1.23959982992435 2.91531381399567 2.37312636471160
  1346 1.09240034002784 2.54076374707771 2.06875627166257
  1352 1.99514442280442 3.45466879947414 0.84000604040770
  1354 2.05984206717292 3.20055443684398 1.18026290215335
  1355 1.73575811541702 3.23610085818293 0.67974592081798
  1356 1.73412904897334 2.92889334578134 0.97246317350922
  1377 2.20306521768489 3.92237336412546 3.51260136348591
  1378 2.11968033918620 0.19212109250944 3.69083286162360
  1385 2.31315489399467 0.38877035090512 3.42135934912827
  1386 2.38670981230283 0.14495706979296 3.27192054670522
  1395 3.59627768564620 1.57092222571691 0.43032380361816
  1396 3.81737514138754 1.30724438373859 0.28212400561772
  1400 3.56095027630306 1.38855374536385 0.75774515200656
  1401 3.77445647921438 1.14632381144373 0.60725454233835
  1437 0.33901267922593 1.78704305688224 1.49183038289097
  1439 0.36537384763034 1.80232807254137 1.61380963117476
  1440 0.27040611671430 1.91463730777770 1.46410848078029
  1441 0.29758423422577 1.95630408053907 1.62779889885427
  1450 2.38644752695464 3.06831936170217 3.88059591351476
  1451 2.54678043766069 3.31599346393941 3.99457937872330
  1455 2.38686077295383 3.17133818257257 3.64553788620457
  1456 2.51839727612715 3.38940215540031 3.72123670258375
  1458 0.89318986301583 1.82515641539987 0.93307799121083
  1459 1.11252659810808 2.16329346158978 0.69706933821939
  1460 0.74213917741337 2.15312420899796 0.67579023837677
  1461 0.88270291969896 2.31803672028981 0.62067604030127
edges 766
16      2      0
17      0      8
32     16     41
33     41     37
34     37     18
84     58     59
85     59     52
93     59     47
101     76     72
102     72     14
111     72     69
177    115     47
181     59      0
189    115      8
218    143    139
224    134    136
225    136    147
229    140    136
231    143    140
232    149    156
246    152    163
247    163    157
272    171    191
273    191    169
284    185      2
292    177    180
293    180    185
295    171     18
303    174    177
313    199    198
363    220    215
382    230    243
389    241    236
390    236    243
391    231    240
395    231    241
398    235    240
419    254    174
433    260    261
438    264    261
486     16    295
487    295    290
496    295    288
501    292    288
524    260    199
526     58    185
537    310    191
544    195    311
553    311    315
554    315    310
584    264    332
588    163    336
596    339    284
597    311    339
612    354    346
623    347    346
624    354    315
625    343    347
629    243    356
632    147    356
636    343    143
641    365    358
642    358    364
669    139    347
690    376    241
700    214    380
736     41    396
737    396    394
760     11    364
766    403    336
767    399    403
774    157    405
775    405    403
776    119    410
782    406    410
785    408    288
786    406    408
825    410    220
835    365    422
839    425    215
843    425    422
844    396    295
849    406    425
850    394    408
886    169    436
890    439    440
892    230    439
895    241    439
921    413    447
947    171    457
998     36    473
1021    156    481
1042    488    489
1045     36    488
1048     16    488
1049     14    489
1079    500    502
1081    231    500
1083    236    502
1086    198    502
1109    199    510
1112    149    510
1153    191    524
1172     69    529
1194    413    538
1214    544    545
1218     36    545
1220     37    544
1221     41    545
1242    149    553
1243    261    553
1256    557    559
1260    394    559
1261    354    557
1263    399    559
1289    568    569
1290    553    568
1292    332    568
1293    152    569
1294    134    569
1301    300    571
1307     52    573
1308    277    573
1333    581    582
1336    339    581
1337    403    582
1339    354    582
1355    230    587
1410    115    605
1431    545    611
1432    473    611
1476    115    625
1486    629    630
1487    396    629
1490    290    630
1491     98    630
1492    429    630
1507    635    636
1510    569    635
1512    429    636
1513    332    636
1525    343    640
1528    432    640
1540      2    645
1546    647    648
1547     98    647
1549    429    647
1550    413    648
1552    635    648
1553    649    650
1554    136    649
1557    356    650
1558    587    650
1559    380    650
1584      8    658
1586     11    658
1591    660    662
1595    513    662
1602    394    663
1605    399    663
1612    346    667
1614    582    667
1615    668    669
1617    519    668
1618    291    668
1619    636    669
1621    290    669
1631    673    674
1634    422    673
1635    405    674
1636    663    674
1637    425    674
1648    513    678
1649    605    678
1658    544    681
1660     11    681
1691    691    692
1692    481    691
1693    436    691
1694    231    691
1697    376    692
1705    695    696
1706    310    695
1707    557    695
1708    171    695
1710    559    696
1711     37    696
1716    139    698
1718    529    698
1729    432    701
1760    571    711
1761    538    711
1762    460    711
1779    717    718
1780    524    717
1781    436    717
1782    240    717
1784    174    718
1785    235    718
1800    723    724
1801    481    723
1802    510    723
1803    500    723
1806    195    724
1807    725    726
1808    356    725
1809    538    725
1811    380    726
1813    660    726
1839    735    736
1841    447    735
1842    291    735
1843    152    736
1844    635    736
1845    668    736
1846    737    738
1847    399    737
1850    696    738
1853    739    740
1855    701    739
1856    457    739
1859    169    740
1920    177    758
1922    760    761
1923    152    760
1924    649    760
1925    157    760
1927    380    761
1930    762    764
1932    214    762
1934    761    764
1935    215    762
1937    405    764
1980     98    777
1988    180    780
1989    718    780
1998    783    784
2001    645    783
2002    758    784
2004    185    784
2023    791    792
2024    510    791
2027    724    792
2028    698    792
2037    795    796
2038    726    795
2039    513    795
2040    447    795
2041    761    796
2043    735    796
2044    797    798
2045    169    797
2046    481    797
2048    315    798
2049    724    798
2050    347    798
2051    799    800
2054    447    799
2055    571    800
2056    777    800
2057    413    800
2077    605    806
2106    816    817
2108    762    816
2110    667    817
2111    764    817
2117    581    819
2118    519    819
2119    336    819
2126    625    821
2130    519    822
2133     72    822
2142    358    826
2173    826    837
2176    300    837
2177    838    839
2178    439    838
2180    235    838
2181    440    839
2182    826    839
2183    254    839
2192    842    844
2196     76    844
2199    292    844
2208    660    847
2210    214    847
2232    822    854
2233    291    854
2270    277    866
2278    869    870
2281    406    870
2283    777    869
2284    365    870
2286    513    871
2287    799    871
2296    581    874
2297    822    874
2298     69    874
2307    799    877
2308    869    877
2318    838    881
2322    882    883
2324    758    882
2325    260    882
2326    473    883
2328    264    883
2329    884    885
2331    881    884
2332    235    884
2333    277    885
2335    780    885
2352    254    890
2377    899    900
2378    663    899
2380    629    899
2381    673    900
2391    903    904
2392     98    903
2394    900    903
2395    777    904
2396    837    904
2397    365    904
2399    140    905
2401    156    905
2405    907    908
2407    866    907
2409    220    908
2411    816    908
2412    909    910
2413    791    909
2414    783    909
2416    199    910
2417    784    910
2419    911    912
2420    432    911
2424    881    912
2425    230    912
2426    913    914
2427    432    913
2429    740    913
2430    343    914
2431    905    914
2432    797    914
2433    915    916
2434    611    915
2435    890    915
2437    544    916
2439    738    916
2440    917    918
2442    519    917
2443    489    917
2444    264    918
2445    669    918
2446    488    918
2451     18    920
2454      2    920
2456    922    923
2458    911    922
2459    903    922
2461    881    923
2462    837    923
2470    926    927
2472    877    926
2473    291    926
2474    288    927
2475    869    927
2476    290    927
2478    780    928
2479    920    928
2480    524    928
2495    758    933
2513    502    938
2521    941    942
2523    842    941
2524    806    941
2525    926    942
2526    844    942
2527    854    942
2538    946    948
2540    174    946
2542    890    948
2543    436    946
2545    692    948
2549    261    949
2556    890    952
2557    440    952
2558    376    952
2562    954    955
2564    949    954
2565    917    954
2566    284    955
2568    819    955
2571    957    958
2573     14    957
2574     76    958
2576     16    957
2577    292    958
2578    959    960
2579    806    959
2580     47    959
2583     61    960
2584    862    960
2602    740    966
2603    946    966
2604    933    966
2615    970    971
2617    933    970
2618    883    970
2619    429    971
2621    332    971
2625     36    972
2628     11    972
2638    977    978
2641    573    977
2642    842    978
2644    119    978
2649    739    980
2652    933    980
2654    982    983
2655     18    982
2656    957    982
2657    645    982
2658    457    983
2659    958    983
2662    783    984
2663    980    984
2664    983    984
2679    364    989
2680    972    989
2690    284    992
2696    571    995
2702    997    998
2704    605    997
2705    658    998
2707    871    997
2708    364    998
2711   1000   1001
2714    992   1001
2716    847   1000
2717    662   1001
2718   1002   1003
2719    877   1002
2720    997   1002
2721    941   1002
2722    870   1003
2723    998   1003
2724    119   1003
2740    905   1007
2743   1010   1011
2744    489   1010
2746    972   1010
2747    954   1011
2748    992   1011
2756    376   1012
2759   1015   1016
2760   1011   1015
2762    662   1015
2763    989   1016
2764    995   1016
2765    871   1016
2770    629   1018
2771    970   1018
2772    611   1018
2773   1019   1020
2774    649   1019
2775   1007   1019
2776    157   1019
2777    587   1020
2779    673   1020
2780   1021   1022
2781    911   1021
2782   1020   1021
2783    900   1021
2784    913   1022
2785   1007   1022
2788    980   1023
2790    971   1023
2798    678   1026
2799   1001   1026
2800    625   1026
2805    737   1028
2808    336   1028
2811   1030   1032
2813    899   1030
2815    737   1032
2816   1022   1030
2828   1036   1037
2829    955   1036
2830   1028   1036
2832    949   1037
2834   1012   1037
2835   1038   1039
2836    966   1038
2837   1030   1038
2838   1018   1038
2839    948   1039
2840   1032   1039
2841    915   1039
2843    847   1040
2845   1012   1040
2853    645   1043
2856     14   1043
2863    198   1047
2866    711   1047
2867   1048   1049
2868   1010   1048
2869   1043   1048
2870      8   1048
2871    992   1049
2873    625   1049
2874   1050   1051
2875   1015   1050
2877    949   1050
2878    995   1051
2879   1047   1051
2880    260   1051
2898   1057   1059
2900     76   1057
2902    984   1059
2905   1023   1059
2906   1060   1061
2907    660   1060
2908   1050   1060
2909   1012   1060
2910    725   1061
2911   1047   1061
2912    236   1061
2942    960   1071
2950    346   1073
2953    908   1073
3006    681   1091
3007    920   1091
3020   1096   1097
3021      0   1096
3022   1091   1096
3023    658   1096
3024    573   1097
3026    119   1097
3028    862   1098
3029   1057   1098
3030    529   1098
3034   1100   1101
3035    139   1100
3036   1071   1100
3037    529   1100
3038    667   1101
3040    874   1101
3050   1105   1106
3051    866   1105
3052   1073   1105
3053    640   1105
3054    977   1106
3056    701   1106
3067    862   1109
3070   1057   1109
3077    678   1113
3080    806   1113
3083   1071   1115
3084   1113   1115
3098   1120   1121
3099    842   1120
3100   1109   1120
3101    959   1120
3102    977   1121
3104     52   1121
3105   1122   1123
3106    854   1122
3107    796   1122
3108   1113   1122
3109   1101   1123
3110    817   1123
3111   1115   1123
3112   1124   1125
3115    410   1124
3116    978   1125
3118    408   1124
3119    292   1125
3121   1127   1128
3122    457   1127
3123   1125   1127
3124   1106   1127
3125    557   1128
3126   1124   1128
3127   1073   1128
3139   1133   1134
3141    147   1133
3142     61   1134
3144    243   1133
3145    938   1134
3146   1135   1136
3147    912   1135
3149    640   1135
3150    884   1136
3151   1131   1136
3152    866   1136
3153   1137   1138
3154   1135   1137
3155   1133   1137
3156    143   1137
3157   1131   1138
3158   1134   1138
3159   1071   1138
3162   1140   1141
3164    140   1140
3165    149   1141
3167    134   1140
3168    568   1141
3169   1142   1143
3173    907   1143
3176    220   1143
3178   1145   1146
3179   1098   1145
3180   1140   1145
3181    698   1145
3182   1059   1146
3183   1141   1146
3184    791   1146
3185   1147   1148
3186   1097   1147
3187   1143   1147
3188    277   1147
3189   1091   1148
3190   1142   1148
3191    928   1148
3241   1164   1166
3243   1007   1164
3245    156   1166
3246   1032   1164
3248    692   1166
3249   1167   1168
3250   1028   1167
3251   1164   1167
3252    163   1167
3253   1037   1168
3254   1166   1168
3255    553   1168
3256   1169   1170
3259     58   1169
3260    460   1170
3262    180   1169
3263    300   1170
3265   1172   1173
3266    923   1172
3267   1170   1172
3269    885   1173
3270   1169   1173
3271     52   1173
3273   1174   1176
3275    916   1174
3277    681   1176
3280   1142   1176
3282   1040   1177
3283   1174   1177
3284    952   1177
3370   1205   1206
3372    177   1205
3373    254   1206
3375    300   1205
3376    826   1206
3393   1212   1213
3394    882   1212
3395    995   1212
3396   1205   1212
3397    473   1213
3398    989   1213
3399   1206   1213
3446    311   1229
3449    310   1229
3475   1238   1239
3476   1142   1238
3479    524   1239
3480   1229   1239
3777   1332   1333
3780    938   1332
3781    500   1333
3783   1131   1332
3784    240   1333
3786   1335   1336
3787   1239   1335
3788   1333   1335
3789    195   1335
3791   1332   1336
3792    821   1336
3794   1337   1339
3796    909   1337
3798    821   1339
3799   1043   1337
3801   1049   1339
3818   1345   1346
3819   1337   1345
3820     69   1345
3821    792   1345
3822   1339   1346
3823    339   1346
3824    195   1346
3842   1352   1354
3844    460   1352
3846    198   1354
3847     58   1352
3849    910   1354
3850   1355   1356
3851     47   1355
3852   1352   1355
3853     61   1355
3854    821   1356
3855   1354   1356
3856    938   1356
3921   1377   1378
3925   1172   1378
3927   1109   1377
3928   1121   1378
3946   1385   1386
3947    922   1385
3948   1378   1385
3949    701   1385
3950    647   1386
3951   1377   1386
3952   1023   1386
3978   1395   1396
3980    587   1395
3981    214   1395
3983    422   1396
3984    215   1396
3994   1400   1401
3995   1395   1400
3996    440   1400
3997   1177   1400
3998   1396   1401
3999    358   1401
4000   1176   1401
4114   1437   1439
4116   1238   1437
4118   1229   1439
4119   1174   1437
4121    738   1439
4122   1440   1441
4123   1040   1440
4124   1437   1440
4125   1000   1440
4126   1036   1441
4127   1439   1441
4128    284   1441
4154   1450   1451
4155    147   1450
4157     61   1450
4158    538   1451
4160    460   1451
4170   1455   1456
4171    862   1455
4172    134   1455
4173   1450   1455
4174   1377   1456
4175    648   1456
4176   1451   1456
4179   1458   1459
4181    907   1458
4182   1131   1459
4184   1238   1458
4185   1336   1459
4186   1460   1461
4187   1000   1460
4188   1458   1460
4189    816   1460
4190   1026   1461
4191   1459   1461
4192   1115   1461
polygons 447
0   1540   2451   2454   2655   2657
3     16     17   1540   2853   2869   2870
4     16   2454   3007   3021   3022
5   2573   2656   2657   2853   2856
7     32     33     34   2576   2655   2656
10   1584   1586   2628   2746   2868   2870
11     17   1584   3021   3023
13   1586   1660   3006   3022   3023
15   1214   1218   1658   1660   2625   2628
16   1049   2744   2856   2868   2869
17   1042   1048   1049   2573   2576
18     32   1045   1048   1218   1221
19     34   1220   1658   2451   3006   3007
21   1042   1045   2625   2744   2746
22     33   1214   1220   1221
23   3844   3852   3853   4154   4157   4160
27   3260   3267   3921   3925   4160   4174   4176
28     84     85   3259   3270   3271
29   3256   3259   3260   3844   3847
30   3104   3265   3271   3925   3928
31   2578   2584   3067   3100   3101
32     85     93   2580   3098   3101   3104
33     93     84   3847   3851   3852
34   2578   2580   2583   3851   3853
36   2583   2584   4157   4171   4173
37   2574   2659   2664   2898   2900   2902
38    101    102   2571   2573   2574
39   2001   2414   2853   3796   3799
40   2023   2413   3796   3819   3821
42    102    111   2856   3799   3819   3820
43   2413   2414   2662   2902   3182   3184
44   1172   1718   2028   3820   3821
45    111    101   1172   2900   3029   3030
47   1486   1492   2615   2619   2770   2771
48   2380   2770   2813   2837   2838
49   1491   1492   1547   1549
51   2394   2458   2459   2781   2783
54   1547   2392   2459   3946   3947   3950
56   1729   2420   2458   3947   3949
57   1549   2619   2790   3950   3952
58   1853   2602   2604   2649   2652
60   2420   2427   2780   2781   2784
61   1729   1853   1855   2427   2429
62   2429   2602   2784   2816   2836   2837
63   1486   1491   2377   2380   2392   2394
67    177   1410   2077   2579   2580
68   1307   2641   3102   3104
69     85    181   1307   3020   3021   3024
70   2638   2641   2644   3024   3026
71    177    189     17    181     93
73    189   1410   1584   2702   2704   2705
75   2638   2642   3098   3099   3102
76   2523   2524   2579   3099   3101
77   2523   2642   2644   2718   2721   2724
78   2705   2723   2724   3020   3023   3026
81   2077   2524   2704   2720   2721
82   2583   2942   3142   3158   3159
83   1716   1718   3035   3037
84    218   3035   3036   3153   3156   3159
85   3139   3141   3142   4155   4157
86   2584   2942   3028   3030   3036   3037
87    224    225   4155   4172   4173
88    229    224   3164   3167
89   3028   3167   3179   3180   4171   4172
90    218    231   1716   3164   3180   3181
91    229    231    225   3141   3155   3156
92    232   1242   3245   3254   3255
93    232   2399   2401   3162   3164   3165
94   1242   1290   3165   3168
95    246    247   1923   1925
96    224   1293   1294   1554   1923   1924
97   1924   1925   2774   2776
100   1289   1294   3162   3167   3168
101    246   1289   1290   1293   3249   3252   3255
102   2401   2740   3241   3243   3245
103    247   2775   2776   3243   3251   3252
104    229   1554   2399   2740   2774   2775
107   1856   2649   2658   2663   2664
108    272    273    947   1853   1856   1859
109    273    886   1153   1780   1781
110    886   1859   2543   2602   2603
111    284   1540   1998   2001   2004
112    292    293   1920   2002   2004
114    295    272   1153   2451   2479   2480
115    295    947   2654   2655   2658
119    303   1920   2495   2540   2603   2604
121   1779   1780   1989   2478   2480
122    292    303   1784   1988   1989
123   1779   1781   1784   2540   2543
124    284    293   1988   2454   2478   2479
125   1998   2002   2495   2652   2662   2663
126    313   1079   1086   1109   1802   1803
127   1800   1803   1806   3781   3788   3789
128   1086   2513   3846   3855   3856
129   1109   2024   2412   2413   2416
130   1806   2027   3818   3821   3824
131   2412   3794   3796   3798   3849   3854   3855
133   3786   3789   3792   3798   3822   3824
134    313   2416   3846   3849
135   1932   2108   2210   2716   4187   4189
136   2210   2843   3282   3981   3995   3997
139   3273   3280   3476   4116   4119
141   2405   2411   4181   4188   4189
143   3169   3173   3476   4181   4184
145    363   3169   3176   3280   3984   3998   4000
146   2405   2409   3173   3176
148   1932   1935   3978   3981   3984
149    363   1935   2108   2409   2411
150   4116   4124   4125   4184   4187   4188
151   2578   2579   2942   3080   3083   3084
152   1172   2298   3034   3037   3040
154   3028   3029   3067   3070
155   2192   2196   2900   3070   3099   3100
156    101   2133   2196   2232   2526   2527
159    111   2133   2297   2298
160    892   2178   2318   2424   2425
161    382   2425   3144   3147   3154   3155
162    389    390    382    892    895
163    391   1081   3781   3784
164    395    398    391    895   2178   2180
165    389    395   1079   1081   1083
166    390   1083   2513   3139   3144   3145
167   2331   2424   3146   3147   3150
169    398   2332   3150   3151   3777   3783   3784
171   2180   2318   2331   2332
173   1432   2352   2434   2435   3373   3397   3399
174   1920   2324   3372   3394   3396
176    419    303   3370   3372   3373
178    419   2352   2538   2540   2542
179   2435   2542   2839   2841
180   1432   2326   2618   2771   2772
181   2434   2772   2835   2838   2841
182   2325   2878   2880   3394   3395
183    433   2549   2874   2877   2880
184    438    433   2322   2325   2328
185    438   2440   2444   2549   2564   2565
186   2443   2565   2743   2744   2747
187   2564   2747   2760   2875   2877
188    998   2625   2680   3397   3398
191    998   1045   2326   2328   2444   2446
192   1528   1729   3050   3053   3056
193   2270   2329   2333   3150   3152
194   2456   3266   3925   3947   3948
195   1307   1308   2333   3269   3271
199   1308   2270   2641   3050   3051   3054
200   3054   3056   3102   3928   3948   3949
201   2714   2717   2748   2760   2762
202   2690   2711   2714   4122   4125   4128
203   2832   2834   2877   2908   2909
204   2208   2843   2845   2907   2909
205   2566   2829   4126   4128
207   2562   2566   2690   2747   2748
210   2196   2199   2574   2577
211    486    487   1048   1621   2445   2446
212    102   1049   2130   2133   2442   2443
213   1617   1618   2130   2232   2233
214   1615   1618   1621   2470   2473   2476
215    487    496   2474   2476
216   2233   2473   2525   2527
217    501    496    486   2571   2576   2577
219    501   2199   2470   2474   2525   2526
223   1301   2696   3375   3395   3396
224   1760   2696   2866   2878   2879
226   1301   1760   1762   3260   3263
227    292   3256   3262   3263   3372   3375
228   1762   2863   2866   3842   3844   3846
230    524   2002   2324   2325   2416   2417
231    313    524   2863   2879   2880
234    526   2004   2417   3842   3847   3849
235    293    526   3259   3262
240    537   1153   3449   3479   3480
241   1780   1782   3479   3784   3787   3788
243    544   3446   3480   3787   3789
244   1081   1692   1694   1801   1803
246    391   1693   1694   1781   1782
248    553    554   3446   3449
249    554    273    537   2044   2045   2048
250    544    553   1806   2048   2049
251    886   1692   1693   2045   2046
253   2039   2040   2054   2286   2287
254   1841   1842   2054   2307   2472   2473
255   1842   2043   2233   3106   3107
257   2472   2521   2525   2719   2721
258   1648   1649   2286   2704   2707
261   1293   1510   1843   1844
262   1289   1292   1507   1510   1513
263    438    584   1243   1290   1292
264    584   1513   1619   2444   2445
265    588   2808   3250   3252
266   1243   2549   2832   3253   3255
267   2119   2568   2808   2829   2830
268    588    246   1617   1843   1845   2118   2119
269   1507   1615   1619   1844   1845
270   2126   2873   3798   3801
271   2714   2799   2800   2871   2873
272    596   2690   2871   3801   3822   3823
273    544    597   3823   3824
274    596    597   3446   4118   4127   4128
275   1525   1528   2426   2427   2430
276    537    272   1706   1708
277   1859   2045   2426   2429   2432
279    612   1261   2950   3125   3127
280    947   1707   1708   3121   3122   3125
281   1855   1856   3056   3122   3124
284    623    612    624   2048   2050
285    625   2044   2050   2430   2432
286    623    625   1525   2950   3052   3053
287    624    554   1261   1706   1707
289   1355   2419   2425   2777   2781   2782
290    382    629   1355   1557   1558
291    632    629   3141   3144
294    636   1525   3149   3154   3156
295    231    636   2399   2430   2431
296    632    225   1553   1554   1557
297    641   2142   2173   2396   2397
298    642   2142   2679   3376   3398   3399
299    641    642   2284   2708   2722   2723
300   2679   2702   2707   2708   2763   2765
301   1301   2055   2056   2176   2395   2396
302   2051   2055   2287   2696   2764   2765
303   2173   2176   3370   3375   3376
304   2278   2283   2284   2395   2397
305   2270   2407   3173   3187   3188
306   2333   2335   2478   3185   3188   3191
307   3783   3791   4182   4185
309   1785   1989   2329   2332   2335
310   2480   3190   3191   3475   3476   3479
311   2407   3151   3152   4179   4181   4182
313    398   1779   1782   1785
314   1021   2046   2401   2431   2432
315    669   1716   2027   2028   2049   2050
316   1112   2024   3165   3183   3184
319    232   1021   1112   1801   1802
320    669    218    636    625
322   3142   3145   3850   3853   3856
323   1083   1086   2863   2911   2912
326   1761   1762   4158   4160
327   1761   1809   2866   2910   2911
328    629    390   1808   2910   2912
329    632   1808   1809   4154   4155   4158
331   1292   2621   2790   2905   3168   3182   3183
332   1512   1513   2619   2621
333   1294   1510   1552   4170   4172   4175
334    690    389   2756   2906   2909   2912
335   1557   1559   1807   1808   1811
336   1807   1813   2906   2907   2910
338    890    892   1355   3980   3995   3996
339    700   1558   1559   3980   3981
341   2558   2756   2845   3282   3284
342    690    890    895   2557   2558
343    700   1811   1813   2208   2210
345   2557   3284   3996   3997
348   1846   2433   2439   2815   2840   2841
349   2545   2839   2840   3241   3246   3248
350   2805   2815   3246   3250   3251
351   1697   2756   2834   3248   3253   3254
352   2439   3275   4114   4119   4121
353   1697   2542   2545   2556   2558
354   1846   2805   2830   4121   4126   4127
355    433    524   1109   1112   1242   1243
358    584   2328   2615   2618   2621
360   1263   1710   1846   1847   1850
361   1220   1711   1850   2437   2439
362   1260   1263   1602   1605
363     33    736    737   1260   1710   1711
364    736   1221   1431   1487   2770   2772
365    737   1487   1602   2378   2380
369   1605   1847   2378   2811   2813   2815
372   1410   1476   1649   2798   2800
373   3083   3157   3159   4182   4191   4192
376    177   1476   2126   3850   3851   3854
378    189   1476   2867   2870   2873
380   1595   2286   2759   2762   2765
382    760   1586   2705   2708
384   1595   1648   2717   2798   2799
386    760   2628   2679   2680
387    597    553    624   1333   1336   1339
388    596   1336   2117   2566   2568
389    766   1333   1337   2117   2119
390    767   1256   1261   1263   1337   1339
391    766    767   1847   2805   2808
393   1705   1706   1850   3449   4118   4121
395   2785   2811   2816   3243   3246
397   2381   2779   2782   2783
398    774   1631   1635   2773   2776   2779
399    775    767   1605   1635   1636
400    774    247    588    766    775
401    776   2644   3112   3115   3116
402    782    776   2281   2722   2724
403   2192   2199   2642   3116   3119
404    785    501   3112   3118   3119
405    782    786   3115   3118
406    786    785   2278   2281   2474   2475
407   2308   2470   2472   2475
408   1194   1760   1761   2055   2057
409   1194   1550   4158   4175   4176
411   1546   1547   1550   1980   2056   2057
412   2176   2462   3263   3266   3267
414   1980   2391   2392   2395
417   1612   2106   2110   2411   2950   2953
418    623    669   1612   3034   3035   3038
420   1591   1595   1813   2038   2039
422    921   2051   2054   2057
423    921   1194   1807   1809   2038   2040
424   1934   2041   2111   3105   3107   3110
425    774   1922   1925   1934   1937
426   1839   1843   1922   1923   2041   2043
427   1333   1614   2296   3038   3040
428   2117   2118   2130   2296   2297
429   1618   1839   1842   1845
430    775   1337   1614   1937   2110   2111
432   2638   3054   3116   3123   3124
434   2577   2658   2659   3119   3122   3123
436   1553   1559   1922   1924   1927
437   1811   1927   2037   2038   2041
439    921   1550   1552   1839   1841   1844
440   1490   1492   1512   1619   1621
441   1490   1491   1980   2283   2475   2476
444   1336   2296   2298   3818   3820   3823
445   1988   2335   3262   3269   3270
446   1308   3024   3186   3188
447    284    526     84    181     16
449    776    825   3026   3176   3186   3187
450    825   2409   2953   3115   3126   3127
454   2173   2177   2182   2318   2461   2462
456   1634   2777   2779   3978   3980   3983
458    835   1634   2381   2391   2394   2397
460   2142   2181   2182   3994   3996   3999
461    641    835   3983   3998   3999
462    839   1635   1637   1930   1935   1937
463    700   1927   1930   1932   1934
466    839    843   3983   3984
467    843   1631   1634   1637
468    844    487   1486   1487   1490
469     32    486    844    736
470    998   1218   1431   1432
473   2181   2183   2352   2556   2557
474    419   1784   1785   2177   2180   2183
475    395    690   1691   1694   1697
477   1021   1691   1692   3245   3248
478   2182   2183   3373   3376
479    786    849    850   1602   1636   1637
480    850    737    844    496    785
481    835    843    849   2281   2284
482    760    642   1660   3277   3999   4000
483   3006   3189   3190   3277   3280
484    363    839    849    782    825
485    850   1256   1260   3118   3125   3126
486     34    295   1705   1708   1711
488   1658   2437   3273   3275   3277
489    612   1339   1612   1614
491   1507   1512   1546   1549   1552
492   1528   2419   2420   3147   3149
493   1691   1693   2538   2543   2545
494    890   2177   2178   2181
495   2118   2442   2562   2565   2568
496   1591   2762   2875   2907   2908
497   1841   2037   2040   2043
501   1546   3950   3951   4174   4175
503   2322   2326   3393   3394   3397
506   1800   1801   2044   2046   2049
508   1042   2440   2443   2446
510   2798   3077   3084   4190   4192
511   2110   3038   3109   3110
512   1079   2513   3777   3780   3781
515   1800   1802   2023   2024   2027
516   1648   2037   2039   3077   3107   3108
518   1615   1617   2440   2442   2445
521   1718   3030   3179   3181
523   2001   2654   2657   2662   2664
524   1214   1431   2433   2434   2437
525   2287   2307   2707   2719   2720
527   1256   1705   1707   1710
531   1553   1558   2773   2774   2777
533   1855   2649   2788   3946   3949   3952
536   1649   2077   3077   3080
539   2126   2800   3792   4185   4190   4191
541   3051   3053   3146   3149   3152
542   2023   2028   3178   3181   3184
544   1591   2208   2711   2716   2717
545   1631   1636   2377   2378   2381
547   2051   2056   2283   2307   2308
548   2716   2843   4123   4125
552   2106   3110   3111   4186   4189   4192
553   3780   3791   3792   3854   3856
554   2329   2331   2461   3265   3266   3269
555   2322   2324   2495   2617   2618
556   1930   2106   2108   2111
558   1998   2412   2414   2417
559   3067   3927   4170   4171   4174
562   2521   2524   2527   3080   3106   3108
564   2232   2297   3040   3105   3106   3109
565   2405   2407   2953   3051   3052
566   3145   3157   3158   3780   3783
567   2391   2396   2456   2459   2462
568   2192   2521   2523   2526
571   2426   2431   2740   2784   2785
572   2278   2308   2718   2719   2722
573   2419   2424   2456   2458   2461
574   2377   2780   2783   2813   2816
575   2433   2435   2556   3275   3283   3284
576   2604   2617   2771   2836   2838
577   2479   3007   3189   3191
578   2615   2617   2652   2788   2790
580   2538   2603   2835   2836   2839
581   2562   2564   2828   2829   2832
582   2571   2654   2656   2659
583   2763   2764   3393   3395   3398
584   2680   2743   2746   2759   2760   2763
585   2663   2788   2902   2905
586   2743   2748   2867   2868   2871
587   2759   2764   2874   2875   2878
588   2702   2718   2720   2723
589   2711   2799   4186   4187   4190
590   2898   2905   3070   3927   3951   3952
591   2773   2775   2780   2782   2785
592   2828   2834   2845   4122   4123   4126
593   2828   2830   3249   3250   3253
594   2811   2835   2837   2840
595   3282   3283   4119   4123   4124
596   2867   2869   3794   3799   3801
597   2874   2879   2906   2908   2911
599   2898   3029   3178   3179   3182
600   3020   3022   3185   3186   3189
602   3034   3036   3083   3109   3111
603   3050   3052   3121   3124   3127
609   3098   3100   3921   3927   3928
610   3084   3105   3108   3111
612   3112   3121   3123   3126
613   3146   3151   3153   3154   3157
614   3139   3153   3155   3158
615   3162   3178   3180   3183
616   3169   3185   3187   3190
620   3241   3249   3251   3254
621   3256   3265   3267   3270
622   3273   3283   3994   3997   4000
628   3370   3393   3396   3399
630   3475   3786   3787   4179   4184   4185
631   3475   3480   4114   4116   4118
652   3777   3786   3788   3791
653   3794   3818   3819   3822
656   3842   3850   3852   3855
661   3921   3946   3948   3951
663   3978   3994   3995   3998
671   4114   4122   4124   4127
673   4154   4170   4173   4176
674   4179   4186   4188   4191
cells 64
0      0      3      4      5      7     10     11     13     15     16     17     18     19     21     22
1     23     27     28     29     30     31     32     33     34     36    559    609    621    673
2     37      5     38     39     40     42     43     44     45    521    523    542    582    599
3     47     48     49     51     54     56     57     58     60     61     62     63    533    574    576    578
4     32     67     68     69     70     11     71     73     75     76     77     78     81    588
5     82     83     84     85     86     36     87     88     89     90     91    521    614
6     92     93     94     95     96     97     88    100    101    102    103    104    620
7    107    108     58    109    110    111    112    114    115    119    121    122    123    124      0    125    523
8    126    127    128    129    130    131     40    133    134    512    515    553    652    653
9    135    136    139    141    143    145    146    148    149    150    548    595    622    663
10    151    152     86     45    154     76    155    156     31    159    562    564    568    602    610
11    160    161    162    163    164    165    166    167    169    171    512    566    613    614
12    173    174    176    178    179    119    180    181    503    555    576    580    628
13    182    183    184    185     21    186    187    188    191    503    508    583    584    587
14    167    192    193    194     56    195     30    199    200     68    492    541    554    573
15    201    202    203    204    205    187    207    496    544    548    581    592
16     17    210     38    211    212    213    214    215    156    216    217    219    508    518
17    182    223    174    224    226    227     29    228    230    231    112    134    234    235
18    240    241    163    243    127    244    246    109    248    249    250    251    506
19    253    254    255    216    257    258     81    497    516    525    536    562
20    261    262    263    264    185    265    266    267    268    269    101    495    518    581    593
21    270    271    243    272    202    133    273    150    274    539    589    630    631    671    674
22    275     61    276    249    108    277    279    280    281    284    285    286    192    287    603
23    289    104    290    291    275    294     91    295    296    161     60    492    531    571    591
24    297    298    299    223    300    301    302    303    304    525    547    572    583    588    628
25    121    241    305    169    193    306    307    143    309    310    311    313    616    630    652
26    314    285    315    316     93    319    320    295     90    506    515    542    615
27     85    322     23    228    128    323    326    327    328    329    166    291    656
28    331    154     57    332    333    100     89    262    491    501    559    590    599    615
29    162    334    328    290    335    336    338    339    341    342    343    204    136    345
30    348    349    350    351    179    352    353    341    354    575    592    593    595    620    671
31    129    355    125    331    230    184     43    316     94    358    263    555    558    578    585
32    360    361    362    363    364    365    348     48     22    369    181    524    594
33    322     82    372    307    373    376     34     67    151    510    536    539    553    566
34    372     73    378    380    271     10    258    382    384    201    386    300    584    586
35    387    388    389    390    391    360    267    393    274    205    354    287    248    527
36    395    103    391    369    265    350    397    398    399    400    545    574    591
37     77    401    402    403    404    405    406    257    219    407    568    572
38    408    326    409    411    412    226    414    194     27     54    301    501    567    661
39    311    417    286    373    418    141    294     84    320    511    541    552    565    602    613    674
40    224    336    380    253    302    408    420    422    423    327    496    587    597
41    424    425    426     95    427    428    213    255    429    430    389    400    268    511    564
42    155     37    432    210     75    403    107    200    281    434    533    585    590    609    661
43    436    437    335    439    261    426    423    333    409    296     87     96    329    497    673
44    429    439    269    440    422    254    411    441    214     49    407    491    547
45    428    212    388    272    444    159     42    207     16    186    495    586    596    653
46    445    195     28     69    446      4    235    124    447    306    577    600
47    401    432    199    305    446     70    449    450    146    565    603    612
48    454     51    297    289    160    456    397    458    338    460    461    494    567    573    663
49    456    398    462    148    463    339    425     97    436    466    467    531
50    468    440    211    191    358    364     47     18    469    264    470    332    180
51    353    178    473    474    246    475    123    164    342    313    493    494
52    351    334    266    355    475    231    323    126     92    244    203    183    319    477    165    597
53    445    227    122    474    309    412    171    454    478    303    176    554    621
54    270      3    378    447     71    376     33    111     39    131    234    558    596    656
55    424    384    135    437    420    343    463    510    516    544    552    556    589    610
56    441    406    479    480    468    215    365    414    304    458     63    481    467    545
57    482    483    466    299    382    449     13    402     78    461    145    484    481    600    616
58      7    280    434    363    480    485    404    469    217    486    115    527    582    612
59    477    314    102    277     62    251    349    395    110    493    571    580    594
60    139    483    393    488    352    361    276    240    114    486     19    310    577    631
61     15    482    478    473    460    488    345    470    173    298    188    386    524    575    622
62    387    489    427    130     44    418    315     83    444    273    284    152    250
63    149    484    450    390    489    279    362    485    417    479    405    462    430    399    556
