vertices 383
     0 0.95691139989082 3.96462884656186 1.12421458593972
     2 1.34394748899882 0.13894977806316 1.65784586276827
     8 0.84541133477974 3.85440985953324 1.12626174830547
    11 0.20744342177504 0.25227543694887 1.11696385537695
    14 0.80669766952870 3.66667492064184 2.21747369018368
    16 0.24970071772361 0.24558914172375 2.37765479206789
    18 1.09548722428731 0.59468529550098 1.98553869957120
    36 3.85467458177508 0.19318764070400 1.76288356892162
    37 0.44200627244449 0.71669070661738 2.08393307279016
    41 0.19302542159315 0.38515734157657 2.32723641631093
    47 1.38976084537679 3.40805702726658 0.62872841055159
    52 1.61185615631056 0.30355218147361 0.26288967662139
    58 1.80652036657549 3.82233230584183 0.93712379162617
    59 1.48238455736537 3.81516913104346 0.75970447778616
    61 1.83283588993307 2.92365029795778 0.14609610909160
    69 0.99100868668712 2.99398872203468 2.74740901673738
    72 0.88876153957864 3.19990418179535 2.74339572010809
    76 1.11427242120759 3.72818961307663 2.98315119150783
    98 3.04482419217102 0.28448551259739 3.40358431731895
   115 0.99829783491435 3.32985612947297 0.79342149407376
   119 0.73990173841602 0.53683400843732 0.15233318442470
   134 2.56973905997738 2.77605565902237 3.28240989258903
   136 2.60865867243232 2.43304772146474 3.44254225020381
   139 1.60361220573601 2.24258083781136 3.14143051809112
   140 2.35900282994205 2.27791980373017 3.15876105238922
   143 1.96151739461740 2.03228993663163 3.26978955307193
   147 2.48709464914848 2.44502044203132 3.95384077880526
   149 2.60749686725382 2.64810684345986 2.31471482280231
   152 3.37065650728916 2.76336413000627 3.07399567167471
   156 2.59676918676828 2.19350779955025 2.28858816250160
   157 3.43331204956767 2.22769135604602 3.15327956250361
   163 3.52028584807777 2.36520206728545 2.81722685384038
   169 1.86750608975088 1.23171413651324 2.26007351795995
   171 1.27376733518956 1.01202153615756 2.24452846143663
   174 2.25663019401850 0.77213816231043 1.56647249473317
   177 2.21691484319750 0.33738562595744 1.50505430276965
   180 2.01736040790791 0.31001560859424 1.38123204196651
   185 1.80668844939381 0.05001573905953 1.49194446267615
   191 1.37704722719390 1.15594212129893 2.14715295332070
   195 1.19018011831648 2.33026371829919 2.06666429608081
   198 2.40360525058547 2.96468510205735 1.33262686966386
   199 2.42131043877428 3.09934943125878 1.67107372888848
   214 3.76297515330572 2.00916046748750 0.44217929450046
   215 0.16382736825748 1.41276279561579 0.04787740320143
   220 0.47225058900938 1.34631257478114 0.09057531629082
   230 2.69689185801554 1.74623531572323 0.24605783051064
   231 2.22827712283048 2.03526885848148 1.28719700569768
   235 2.09893502403102 1.32890268084548 0.89480850694470
   236 2.50180118499728 2.28076656656608 1.00272942112750
   240 1.95858678799002 1.72742189306565 1.18427486876993
   241 2.53158510376539 2.08222601706595 1.09665324266221
   243 2.55118679237433 2.22841439975376 0.22399205532604
   254 2.95535865266767 0.81511663979202 1.25289263052206
   260 2.77142380866926 3.18361968372480 1.69353118602759
   261 3.00362579312126 3.03628644298587 1.94907564426495
   264 3.11959991947705 3.40809734345054 2.18204978207870
   277 1.52494583840408 0.96529866636248 0.43629979635783
   284 0.41225337260744 2.40562381105706 1.89636888514788
   288 0.18812800008588 0.34721372414188 2.95724866766466
   290 3.85526294224163 0.12100231849156 2.99324872541748
   291 0.02259841564874 3.23816272332982 3.25706423441230
   292 0.92790192404670 0.13080683002296 2.98136747076332
   295 0.07942010643723 0.34380227079109 2.79194773183247
   300 2.78794927119399 0.06079947202850 0.69560069618334
   310 1.03003966896385 1.49633501323252 2.24609608957168
   311 0.99508573460365 2.13349195832068 2.13360696546065
   315 1.09729119072419 1.80300247692246 2.43077431415514
   332 2.97887418004158 3.37158770008763 2.55578211934735
   336 3.90972199778245 2.24352068748401 2.62714083915547
   339 0.81048534560551 2.37782495849791 2.16110454656513
   343 1.94215049876011 1.77472130646076 3.05930112038028
   346 1.14735289120193 1.86580120418015 3.16235445431046
   347 1.55151187027671 1.99097890712032 3.03755636747790
   354 0.89551539281941 1.76705570033304 2.78973040113749
   356 2.68326447278674 2.35377669469098 0.12681183684462
   358 3.60625321582259 0.78123322380631 0.59199098922693
   364 0.05299743196668 0.22420886596119 0.95951943755844
   365 3.63607218291154 0.73113306197332 0.15998512346183
   376 3.01583388485444 1.99833713020129 1.42440164044132
   380 3.49259781875749 2.40544560259678 0.17171863617062
   394 0.19083167697863 1.06056135523307 2.95087866287436
   396 0.02773052765905 0.47732241524366 2.72449824923462
   399 0.15093985900805 1.44157534278462 2.76608899123273
   403 0.17243545209345 1.93964037785857 2.93537406685402
   405 3.97745929823912 1.93299958657002 3.28309764072965
   406 0.21806837384959 0.99321450523488 3.74724457695088
   408 0.33268433011484 0.91499453809940 3.21187018013335
   410 0.46292901566756 1.02238623703297 3.82752479082489
   413 3.12654010555367 3.45211884231650 3.99389590399543
   422 3.70498510071501 1.12364219008423 0.04419155615253
   425 0.03239073476166 1.22368767378333 3.83457083093951
   429 2.91914712056733 0.00166904023334 3.03431691501025
   432 2.14639578829058 1.11522454411711 3.19578771736044
   436 2.05953571964548 1.21152757413148 1.93819651786272
   439 2.70053566441789 1.58037703904624 0.64489205267368
   440 3.31567498112169 1.34380361355166 0.86713259680371
   447 3.47275689603926 3.29676907843223 3.97291933475824
   457 1.50285414252270 0.68507547629838 2.61665076276187
   460 2.41283931759176 3.57010010652163 0.51495193082896
   473 3.47724658288993 0.24656222407567 1.75171236846722
   481 2.29298755824207 2.03094504250137 1.99579304112237
   488 0.06739487433253 3.79549340247263 2.10967291725096
   489 0.20878494217607 3.62714880004388 2.05513732779485
   500 2.13560881564673 2.16186394619537 1.26712618048952
   502 2.24364541786705 2.35117177647922 1.11235273540440
   510 2.25571522186986 2.82435163126598 1.96376833646245
   513 0.00185101089249 3.07100891197167 0.57124421697958
   519 0.16837436955956 2.99773488721545 2.65870547130121
   524 1.46430403373801 1.10807956207715 1.63749364347649
   529 1.46793209294557 2.78398259875917 3.10524212749809
   538 2.79091612728101 3.27902714519032 0.22306068068443
   544 0.18498204002097 0.72493737145993 1.75772866828620
   545 3.90122361566608 0.41385614908356 1.89727145019931
   553 2.91192156879590 2.73515116092128 2.28115317354879
   557 0.79692584251463 1.45360318416856 2.74019806025963
   559 0.34587341698670 1.31684060796955 2.71834300344518
   568 2.90064149470955 2.97542673421050 2.61011445055481
   569 3.12466291351731 2.96769134762399 3.01534476547787
   571 2.92933784900470 3.77594772871253 0.65669455380074
   573 1.44054326440117 0.51801213351257 0.21715562602879
   581 0.51902382485249 2.46707969926204 2.60206754319875
   582 0.57018126424369 2.09622282706849 2.91163014471526
   587 2.93904363182809 1.75054994681638 0.11087957392197
   605 0.74191138000234 3.28212416773711 0.48696133689490
   611 3.51084771806462 0.49677686776646 1.90119217094354
   625 0.96269472465483 2.97500117973874 1.05626647152622
   629 3.28165610444415 0.61735101600444 2.79219951073942
   630 3.17817354692502 0.26544118712601 3.09652607609809
   635 3.16662418590432 3.07992287887039 3.06035460429644
   636 3.17217679680649 3.42286400703806 2.79694570736479
   640 1.90575016375882 1.42516001742840 3.42444171008105
   645 1.34036245553099 0.01004521106181 1.88053568200792
   647 2.81127065139036 0.01996454266612 3.27643162486450
   648 2.83698721022322 3.46483994494266 3.58099088714501
   649 2.97005227377415 2.25122343252874 3.46589189537828
   650 2.96576519121075 2.19086733218977 3.98758924446650
   658 0.53876111380126 0.14883668421973 0.96886329006597
   660 3.64123456356292 2.56084309839194 0.75819370850372
   662 3.94620045458331 2.90414941270567 0.83607768773699
   663 0.02517740803086 1.20288166828460 2.97179546531504
   667 0.76041566671082 2.22636965027037 3.28127370671940
   668 3.85836547304607 3.17088438438850 2.96582611059930
   669 3.69157804574382 3.51066303809103 2.73339986354973
   673 3.25093845333293 1.25067567857633 3.57076075740283
   674 3.86767875106041 1.39001922675442 3.39908028420284
   678 0.57726799534314 3.00099413592965 0.49398926764714
   681 0.35939625389837 0.65105974756602 1.27770129095381
   691 2.37232672162853 1.89377641388198 1.82451510181056
   692 2.80410428344333 1.86242369997233 1.83865648727369
   695 0.91930917453166 1.35880909192087 2.34328951819656
   696 0.47125857288321 1.22061610941860 2.27559349914797
   698 1.62228452928177 2.67896886661031 2.97553947360058
   701 1.96277496531635 0.81974579671362 3.15528436564397
   711 2.68155181889028 3.48811495880303 0.57631008269560
   717 1.79306672613197 1.14730532295578 1.59065858737997
   718 1.97450467371437 0.93398997160283 1.42408240065228
   723 2.06184418773735 2.34039098402403 1.79661825974787
   724 1.49038180366105 2.34693006775406 2.20172788936184
   725 2.96628019635880 2.69623357974230 0.39675565054690
   726 3.47080235682801 2.60668956289261 0.31708905931813
   735 3.71290648598413 3.03168920824760 3.51079877100926
   736 3.47470102054128 2.95394360213105 3.13438808748533
   737 3.83844510302027 1.60170190528021 2.32465727159460
   738 0.13299923560292 1.43837866802193 1.94645231396269
   739 1.91933129075424 0.71444527645875 2.69364167908418
   740 2.08239048763123 0.92631112379455 2.56115191698183
   758 2.21684253903837 0.08081232320190 1.81319301854729
   760 3.35463503293315 2.42992565076295 3.30218000248433
   761 3.74720712785407 2.50841146655920 3.74581178875233
   762 0.23950721046863 1.83616903953002 0.03404952049150
   764 0.17748563204687 2.11652897557913 3.65262311336541
   777 3.32602980265842 0.22292092115347 3.84514554125962
   780 1.83888587706015 0.82858212611504 1.35327238207662
   783 1.74898316581381 3.84300616146476 1.92706978781202
   784 1.91432232043751 3.87919511757255 1.73886974756671
   791 1.94026121826800 3.08919859312746 2.27679877513144
   792 1.52659891861001 2.73402469674772 2.44934366076474
   795 3.67200807286228 2.89971600486931 0.15449120891547
   796 3.83803108337012 2.74735012862409 3.76801785919394
   797 1.90496790608477 1.66035829110241 2.44070737111377
   798 1.50849525926600 1.91957171218146 2.51789967990796
   799 3.54840458887075 3.61566017144117 0.12004003072465
   800 3.27641285531318 3.70787675211593 0.12178785662461
   806 0.93919955155387 3.26505604466153 0.08528967282719
   816 0.58209374873888 1.89937729187204 0.08642741870106
   817 0.52662659883513 2.22676249239642 3.62788247996268
   819 0.18585751692672 2.52237068561440 2.49726528065845
   821 1.33168461165652 2.78400149676105 1.16985199663591
   822 0.61166208352434 3.00155629524539 2.87558951641976
   826 3.14238226745643 0.69051172272105 0.76017988687995
   837 2.94055091428936 0.49007837626689 0.40239992769850
   838 2.52139725267067 1.33190296617215 0.66730745052695
   839 3.03188488035895 0.97574213764008 0.90013716732937
   842 1.13298069468946 3.89783917230334 3.59315899539093
   844 0.98075901700441 3.84743470309549 3.17843998562064
   847 3.83152589458263 2.18391943140626 0.81607979822665
   854 0.43811701360099 3.14037907390061 3.27937825090841
   862 1.78818520682161 3.24906797913621 3.48069196506856
   866 1.61862576253145 1.42226048637961 0.22786240654504
   869 3.75545245504983 0.20850201878853 3.79326005316569
   870 3.90894654263894 0.51285707912786 0.01494969451621
   871 3.85384943773993 3.56884248875835 0.57743243256837
   874 0.70558361890546 2.84542311166038 2.86213596530123
   877 3.88703782184190 3.93741758091299 3.89425887667173
   881 2.36105955095816 1.24080951426002 0.40628100607509
   882 2.79345927981926 3.76443340252631 1.77200030038883
   883 2.94785733119252 3.81001535509411 1.99003253180303
   884 1.95767323259630 1.22544895202170 0.57243100394360
   885 1.79059617695243 0.92155268258100 0.61345581059563
   890 3.21633284281476 1.12324156349933 1.66031715833532
   899 3.26255182274582 0.90084785232662 2.87296559194459
   900 3.04439335929141 1.06157239772951 3.44299466210676
   903 2.93843451672172 0.67392518375057 3.62804506605088
   904 3.22256893899602 0.50002266128337 3.99883392757859
   905 2.46646898988635 1.94188877762644 2.84491848277194
   907 0.89304354800561 1.69477448177021 0.34606493185829
   908 0.74239488673166 1.73789934779181 0.08092563454128
   909 1.77252609857224 3.38341240348872 1.93644534570479
   910 2.00381221842493 3.41497380298292 1.66885252172152
   911 2.62445897675758 1.05465349699324 3.58901918335963
   912 2.41523611069064 1.44903341691353 0.09813635229203
   913 2.24156420235637 1.21277767700309 2.93778785633052
   914 2.10818240469795 1.65384678716426 2.84467145029842
   915 3.34015084575944 1.06378287549851 1.78976217163276
   916 3.96732105559715 1.20359633566751 1.70079412818481
   917 0.00457042481599 3.38349411490717 2.19511355312860
   918 3.84552797721035 3.51706529266716 2.26530069182798
   920 1.16890840069250 0.57055273315956 1.71476062182746
   922 2.66191024039427 0.73285696828074 3.69162146388876
   923 2.55889133695549 0.67206766937704 0.18786015317771
   926 0.13506518981468 3.71884253687169 3.39801748954696
   927 3.96969147839157 0.12847893377223 3.14517362776130
   928 1.42376396302604 0.95794787988790 1.54341462004340
   933 2.29088559204314 0.32229698514978 2.35860873286269
   938 1.83277648085747 2.44273730926006 0.73213205626598
   941 0.79294243475694 3.67842838217215 3.75894068731748
   942 0.60069293726577 3.60157223201321 3.41344688344244
   946 2.31074709980304 0.96693317755383 1.93890707304365
   948 3.01156581973736 1.24375558158608 1.89641483740733
   949 3.26337751500869 2.87069395283302 1.77406076497807
   952 3.39392021732705 1.46832759692908 1.18333074890167
   954 3.91449280934264 3.07172117396421 1.91413085268054
   955 0.12147224437039 2.49256136489190 2.12721271754219
   957 0.88363074410785 0.02719321752715 2.36336015244852
   958 1.06409754779154 0.03124592061469 2.76137537110967
   959 1.29422242459549 3.32626226468717 0.08669050343433
   960 1.54648439481077 3.02400897529609 3.91226796198033
   966 2.33996653962366 0.77518833397430 2.34197446222778
   970 2.66143755147420 0.15579674657261 2.45419495062905
   971 2.62581369949924 3.98571112217168 2.67142041874124
   972 0.01719638630309 0.06108449978807 1.34902467076034
   977 1.46568763461453 0.41516484971275 3.83115613637376
   978 1.18409075463165 0.34526376090289 3.70566055180722
   980 2.09167592885441 0.26063721657692 2.55420624506009
   982 1.21506094438651 0.22860077354991 2.16438374405687
   983 1.42959713082051 0.26468813113313 2.48355042868593
   984 1.86288723432195 0.07374531056566 2.46530984572806
   989 3.83971400199454 0.03802470179200 1.14912525361514
   992 0.46583396391933 2.86308506951381 1.45594970054054
   995 3.13514296309458 3.73385744356158 1.05245128583669
   997 0.24816201935796 3.87482425088036 0.49267885022033
   998 0.26871281813312 0.07583858487552 0.62731143949302
  1000 0.30064525657272 2.25412219615753 0.97629903005723
  1001 0.38374216413104 2.68558818289106 1.00462713068855
  1002 0.26642177580139 0.01412216408342 0.25173908768255
  1003 0.27908347593574 0.17158273101124 0.31277697331973
  1007 2.82298299416418 1.77245219516760 2.91071198994360
  1010 0.26835623186001 3.56894050395259 1.69092026332113
  1011 0.09314381021864 3.20006943454384 1.60553021965674
  1012 3.22669218912079 2.21619419834535 1.43341840129822
  1015 3.75310031642013 3.20501648243092 1.20639328844692
  1016 3.67230621284139 3.65577676352123 0.99590190837237
  1018 3.09730723876748 0.61143689708183 2.48965959560916
  1019 3.06614392918206 1.95481237494559 3.25806130360782
  1020 3.06777281166070 1.38517628089212 3.56897074654000
  1021 2.92563552625473 1.16615070899026 3.44119786627806
  1022 2.75432829010251 1.28395780713107 2.97826557688471
  1023 2.21661878037902 0.05799301538088 2.75455503021167
  1026 0.67320125673390 2.75224704792594 0.81823384274912
  1028 3.75933869804943 2.09416316866176 2.34458525606560
  1030 3.05009170252332 1.05936720928546 2.64646122658365
  1032 3.24063761721101 1.40585030110323 2.33064583348538
  1036 3.87014911386438 2.23757204619713 2.07324322197451
  1037 3.31641651421319 2.43912616298527 1.89122842120426
  1038 2.96504570756319 0.90398271023068 2.45416425773506
  1039 3.13267027759884 1.18872053821048 2.04687100060403
  1040 3.69366185037928 1.92877754512688 1.20205252351496
  1043 1.01254181053422 3.61018810879735 1.92669667249259
  1047 2.72335772368446 3.00153598275821 1.19546557481985
  1048 0.74823346636211 3.53441390058659 1.57312415548975
  1049 0.83528195758381 3.04203714930653 1.42254270853562
  1050 3.18941911294685 2.92319606099286 1.42788262163788
  1051 2.91064789503336 3.11308363324417 1.39039050135229
  1057 1.65227732714358 3.53263603921559 3.14076753666754
  1059 1.98503492371563 3.82167444191087 2.69984675435366
  1060 3.15242107593886 2.59706268078887 1.19065905127730
  1061 2.86799171916833 2.64049432747026 1.03827345795729
  1071 1.27627054392462 2.49962207718945 3.74492817086628
  1073 1.19591889631524 1.65119736777028 3.38133611751259
  1091 0.67190789089663 0.61680044860223 1.20471830180883
  1096 0.70421630451047 0.27042881268393 0.97851115694438
  1097 0.93410416912007 0.59739471686861 0.44807920759672
  1098 1.72824613045154 3.12203645803486 3.21611112103538
  1100 1.30146239291181 2.50679603777065 3.34901184617214
  1101 0.82858847520495 2.46518286508352 3.32340506827092
  1105 1.67618832687622 1.39997956336838 3.51761998496090
  1106 1.61204132349061 0.87333584666409 3.33957318990662
  1109 1.72244864813720 3.57405886174325 3.41679812287776
  1113 0.72528741781189 2.82812789734431 3.98984040062185
  1115 0.81891397939939 2.58106451409883 3.91531316774848
  1120 1.40736668522017 3.78707442247054 3.70548884445618
  1121 1.61085394206749 0.22932983678972 3.88363066580524
  1122 0.50901684487534 2.74721099772448 3.69314273583709
  1123 0.63984557828120 2.53825380137291 3.65065645012213
  1124 0.71042004160329 0.95955002935980 3.33106906894088
  1125 1.07071139671675 0.60318097408154 3.26160561391819
  1127 1.27866877344076 0.81632760773347 3.12353872792460
  1128 0.98211793815651 1.18524961886411 3.15062919658403
  1131 1.45251076301461 1.92992579876146 0.44824952906934
  1133 2.32311809335324 2.29916329820024 0.06940959086621
  1134 1.90025356280654 2.44332571853636 0.24702695873676
  1135 2.06011832037294 1.58121936727666 3.94422639433609
  1136 1.70535598068922 1.40899432121630 0.34316934899247
  1137 1.95419475343393 1.96799698182383 3.87644733674049
  1138 1.66015406755864 2.15404278009987 0.07194447654969
  1140 2.37120345512725 2.70091454008916 3.04467532729539
  1141 2.53019955401444 2.84333866162397 2.62938121403983
  1142 0.63451052311443 1.18438033658696 0.95320083258256
  1143 0.72105027034144 1.25374967515424 0.51133922128242
  1145 1.92592519772320 2.89976273368205 2.99689357862958
  1146 2.09301510526998 3.14450678824494 2.58106878407580
  1147 0.95558778666411 0.95123307541283 0.62053686197125
  1148 0.82559141111620 0.97620840186082 0.99542102500939
  1164 3.08554217995916 1.91174262912700 2.45242613400904
  1166 2.89418811983694 2.10795946884571 2.21721145011454
  1167 3.37958078899649 2.21255730548998 2.46092324535781
  1168 3.13035118254002 2.38820852916317 2.20837647419308
  1169 2.03528323805480 0.09484428508563 0.81095511012145
  1170 2.35403083266833 0.00476349804705 0.58663521426047
  1172 2.19500393528539 0.30367299914322 0.27660486742235
  1173 1.92371393265087 0.37964494650892 0.44798864006917
  1174 0.01744766864696 1.35488080386215 1.41033335651213
  1176 0.23236267337659 1.07611225330470 1.10030731990791
  1177 3.57213057455713 1.50752287467987 1.13387988375453
  1205 2.90342203706469 0.19955477484260 1.13050713608835
  1206 3.06874348040367 0.42740206722748 1.12854779156547
  1212 3.05857055901375 0.03834487091467 1.24940180264645
  1213 3.26755710972724 0.20374244188143 1.28400213495544
  1229 0.89123411475597 1.76416969018279 1.87951880252637
  1238 0.76100764119385 1.63327028534562 1.18652638077863
  1239 1.08813418286533 1.65399026459554 1.47639078673013
  1332 1.53574863697470 2.09679316606376 0.78111918469003
  1333 1.78347258739848 1.95765305766304 1.13930984007234
  1335 1.42285607653040 2.05010812715835 1.30943620642097
  1336 1.39020479528068 2.28631550577926 1.00281600189133
  1337 1.27905625467847 3.17753986849388 1.95487816829546
  1339 1.12722889974342 2.89371421344373 1.63808811776208
  1345 1.17249012777755 2.90012021972118 2.40853740713953
  1346 1.02528025413532 2.52648505633781 2.10448227996220
  1352 1.92739145408827 3.43948635189326 0.87560088265769
  1354 1.99203566064470 3.18486044372191 1.21632752719082
  1355 1.66770399660309 3.22061158166658 0.71508443252609
  1356 1.66606818504630 2.91311212482329 1.00808657367543
  1377 2.13526724473490 3.90685201389327 3.54814630446298
  1378 2.05189983081437 0.17653211234551 3.72639651701674
  1385 2.24544168603065 0.37309582696800 3.45695064365050
  1386 2.31892717384499 0.12941967735318 3.30757079462199
  1395 3.52852804409536 1.55559815121194 0.46608569132104
  1396 3.74958059573213 1.29214211273678 0.31773427195354
  1400 3.49335795853394 1.37296283173566 0.79350044128808
  1401 3.70670384248743 1.13101845212594 0.64293680703648
  1437 0.27150408756236 1.77190795479097 1.52794220694782
  1439 0.29768534866347 1.78698340893632 1.64894348114618
  1440 0.20328692599087 1.89881581430873 1.50046290224332
  1441 0.23025232760293 1.94010885932284 1.66290641536481
  1450 2.31861622524465 3.05270010067591 3.91646049378711
  1451 2.47891410105153 3.30066050807754 0.03040813863308
  1455 2.31901684913220 3.15592519543068 3.68071985124224
  1456 2.45044501416194 3.37412118493917 3.75645773126311
  1458 0.82516650065036 1.80793372010580 0.97146501212549
  1459 1.04484065449362 2.14771507028900 0.73292647615623
  1460 0.67441876026839 2.13792201396457 0.71192030398683
  1461 0.81506355109985 2.30275259893166 0.65663826809037
edges 766
16      2      0
17      0      8
32     16     41
33     41     37
34     37     18
84     58     59
85     59     52
93     59     47
101     76     72
102     72     14
111     72     69
177    115     47
181     59      0
189    115      8
218    143    139
224    134    136
225    136    147
229    140    136
231    143    140
232    149    156
246    152    163
247    163    157
272    171    191
273    191    169
284    185      2
292    177    180
293    180    185
295    171     18
303    174    177
313    199    198
363    220    215
382    230    243
389    241    236
390    236    243
391    231    240
395    231    241
398    235    240
419    254    174
433    260    261
438    264    261
486     16    295
487    295    290
496    295    288
501    292    288
524    260    199
526     58    185
537    310    191
544    195    311
553    311    315
554    315    310
584    264    332
588    163    336
596    339    284
597    311    339
612    354    346
623    347    346
624    354    315
625    343    347
629    243    356
632    147    356
636    343    143
641    365    358
642    358    364
669    139    347
690    376    241
700    214    380
736     41    396
737    396    394
760     11    364
766    403    336
767    399    403
774    157    405
775    405    403
776    119    410
782    406    410
785    408    288
786    406    408
825    410    220
835    365    422
839    425    215
843    425    422
844    396    295
849    406    425
850    394    408
886    169    436
890    439    440
892    230    439
895    241    439
921    413    447
947    171    457
998     36    473
1021    156    481
1042    488    489
1045     36    488
1048     16    488
1049     14    489
1079    500    502
1081    231    500
1083    236    502
1086    198    502
1109    199    510
1112    149    510
1153    191    524
1172     69    529
1194    413    538
1214    544    545
1218     36    545
1220     37    544
1221     41    545
1242    149    553
1243    261    553
1256    557    559
1260    394    559
1261    354    557
1263    399    559
1289    568    569
1290    553    568
1292    332    568
1293    152    569
1294    134    569
1301    300    571
1307     52    573
1308    277    573
1333    581    582
1336    339    581
1337    403    582
1339    354    582
1355    230    587
1410    115    605
1431    545    611
1432    473    611
1476    115    625
1486    629    630
1487    396    629
1490    290    630
1491     98    630
1492    429    630
1507    635    636
1510    569    635
1512    429    636
1513    332    636
1525    343    640
1528    432    640
1540      2    645
1546    647    648
1547     98    647
1549    429    647
1550    413    648
1552    635    648
1553    649    650
1554    136    649
1557    356    650
1558    587    650
1559    380    650
1584      8    658
1586     11    658
1591    660    662
1595    513    662
1602    394    663
1605    399    663
1612    346    667
1614    582    667
1615    668    669
1617    519    668
1618    291    668
1619    636    669
1621    290    669
1631    673    674
1634    422    673
1635    405    674
1636    663    674
1637    425    674
1648    513    678
1649    605    678
1658    544    681
1660     11    681
1691    691    692
1692    481    691
1693    436    691
1694    231    691
1697    376    692
1705    695    696
1706    310    695
1707    557    695
1708    171    695
1710    559    696
1711     37    696
1716    139    698
1718    529    698
1729    432    701
1760    571    711
1761    538    711
1762    460    711
1779    717    718
1780    524    717
1781    436    717
1782    240    717
1784    174    718
1785    235    718
1800    723    724
1801    481    723
1802    510    723
1803    500    723
1806    195    724
1807    725    726
1808    356    725
1809    538    725
1811    380    726
1813    660    726
1839    735    736
1841    447    735
1842    291    735
1843    152    736
1844    635    736
1845    668    736
1846    737    738
1847    399    737
1850    696    738
1853    739    740
1855    701    739
1856    457    739
1859    169    740
1920    177    758
1922    760    761
1923    152    760
1924    649    760
1925    157    760
1927    380    761
1930    762    764
1932    214    762
1934    761    764
1935    215    762
1937    405    764
1980     98    777
1988    180    780
1989    718    780
1998    783    784
2001    645    783
2002    758    784
2004    185    784
2023    791    792
2024    510    791
2027    724    792
2028    698    792
2037    795    796
2038    726    795
2039    513    795
2040    447    795
2041    761    796
2043    735    796
2044    797    798
2045    169    797
2046    481    797
2048    315    798
2049    724    798
2050    347    798
2051    799    800
2054    447    799
2055    571    800
2056    777    800
2057    413    800
2077    605    806
2106    816    817
2108    762    816
2110    667    817
2111    764    817
2117    581    819
2118    519    819
2119    336    819
2126    625    821
2130    519    822
2133     72    822
2142    358    826
2173    826    837
2176    300    837
2177    838    839
2178    439    838
2180    235    838
2181    440    839
2182    826    839
2183    254    839
2192    842    844
2196     76    844
2199    292    844
2208    660    847
2210    214    847
2232    822    854
2233    291    854
2270    277    866
2278    869    870
2281    406    870
2283    777    869
2284    365    870
2286    513    871
2287    799    871
2296    581    874
2297    822    874
2298     69    874
2307    799    877
2308    869    877
2318    838    881
2322    882    883
2324    758    882
2325    260    882
2326    473    883
2328    264    883
2329    884    885
2331    881    884
2332    235    884
2333    277    885
2335    780    885
2352    254    890
2377    899    900
2378    663    899
2380    629    899
2381    673    900
2391    903    904
2392     98    903
2394    900    903
2395    777    904
2396    837    904
2397    365    904
2399    140    905
2401    156    905
2405    907    908
2407    866    907
2409    220    908
2411    816    908
2412    909    910
2413    791    909
2414    783    909
2416    199    910
2417    784    910
2419    911    912
2420    432    911
2424    881    912
2425    230    912
2426    913    914
2427    432    913
2429    740    913
2430    343    914
2431    905    914
2432    797    914
2433    915    916
2434    611    915
2435    890    915
2437    544    916
2439    738    916
2440    917    918
2442    519    917
2443    489    917
2444    264    918
2445    669    918
2446    488    918
2451     18    920
2454      2    920
2456    922    923
2458    911    922
2459    903    922
2461    881    923
2462    837    923
2470    926    927
2472    877    926
2473    291    926
2474    288    927
2475    869    927
2476    290    927
2478    780    928
2479    920    928
2480    524    928
2495    758    933
2513    502    938
2521    941    942
2523    842    941
2524    806    941
2525    926    942
2526    844    942
2527    854    942
2538    946    948
2540    174    946
2542    890    948
2543    436    946
2545    692    948
2549    261    949
2556    890    952
2557    440    952
2558    376    952
2562    954    955
2564    949    954
2565    917    954
2566    284    955
2568    819    955
2571    957    958
2573     14    957
2574     76    958
2576     16    957
2577    292    958
2578    959    960
2579    806    959
2580     47    959
2583     61    960
2584    862    960
2602    740    966
2603    946    966
2604    933    966
2615    970    971
2617    933    970
2618    883    970
2619    429    971
2621    332    971
2625     36    972
2628     11    972
2638    977    978
2641    573    977
2642    842    978
2644    119    978
2649    739    980
2652    933    980
2654    982    983
2655     18    982
2656    957    982
2657    645    982
2658    457    983
2659    958    983
2662    783    984
2663    980    984
2664    983    984
2679    364    989
2680    972    989
2690    284    992
2696    571    995
2702    997    998
2704    605    997
2705    658    998
2707    871    997
2708    364    998
2711   1000   1001
2714    992   1001
2716    847   1000
2717    662   1001
2718   1002   1003
2719    877   1002
2720    997   1002
2721    941   1002
2722    870   1003
2723    998   1003
2724    119   1003
2740    905   1007
2743   1010   1011
2744    489   1010
2746    972   1010
2747    954   1011
2748    992   1011
2756    376   1012
2759   1015   1016
2760   1011   1015
2762    662   1015
2763    989   1016
2764    995   1016
2765    871   1016
2770    629   1018
2771    970   1018
2772    611   1018
2773   1019   1020
2774    649   1019
2775   1007   1019
2776    157   1019
2777    587   1020
2779    673   1020
2780   1021   1022
2781    911   1021
2782   1020   1021
2783    900   1021
2784    913   1022
2785   1007   1022
2788    980   1023
2790    971   1023
2798    678   1026
2799   1001   1026
2800    625   1026
2805    737   1028
2808    336   1028
2811   1030   1032
2813    899   1030
2815    737   1032
2816   1022   1030
2828   1036   1037
2829    955   1036
2830   1028   1036
2832    949   1037
2834   1012   1037
2835   1038   1039
2836    966   1038
2837   1030   1038
2838   1018   1038
2839    948   1039
2840   1032   1039
2841    915   1039
2843    847   1040
2845   1012   1040
2853    645   1043
2856     14   1043
2863    198   1047
2866    711   1047
2867   1048   1049
2868   1010   1048
2869   1043   1048
2870      8   1048
2871    992   1049
2873    625   1049
2874   1050   1051
2875   1015   1050
2877    949   1050
2878    995   1051
2879   1047   1051
2880    260   1051
2898   1057   1059
2900     76   1057
2902    984   1059
2905   1023   1059
2906   1060   1061
2907    660   1060
2908   1050   1060
2909   1012   1060
2910    725   1061
2911   1047   1061
2912    236   1061
2942    960   1071
2950    346   1073
2953    908   1073
3006    681   1091
3007    920   1091
3020   1096   1097
3021      0   1096
3022   1091   1096
3023    658   1096
3024    573   1097
3026    119   1097
3028    862   1098
3029   1057   1098
3030    529   1098
3034   1100   1101
3035    139   1100
3036   1071   1100
3037    529   1100
3038    667   1101
3040    874   1101
3050   1105   1106
3051    866   1105
3052   1073   1105
3053    640   1105
3054    977   1106
3056    701   1106
3067    862   1109
3070   1057   1109
3077    678   1113
3080    806   1113
3083   1071   1115
3084   1113   1115
3098   1120   1121
3099    842   1120
3100   1109   1120
3101    959   1120
3102    977   1121
3104     52   1121
3105   1122   1123
3106    854   1122
3107    796   1122
3108   1113   1122
3109   1101   1123
3110    817   1123
3111   1115   1123
3112   1124   1125
3115    410   1124
3116    978   1125
3118    408   1124
3119    292   1125
3121   1127   1128
3122    457   1127
3123   1125   1127
3124   1106   1127
3125    557   1128
3126   1124   1128
3127   1073   1128
3139   1133   1134
3141    147   1133
3142     61   1134
3144    243   1133
3145    938   1134
3146   1135   1136
3147    912   1135
3149    640   1135
3150    884   1136
3151   1131   1136
3152    866   1136
3153   1137   1138
3154   1135   1137
3155   1133   1137
3156    143   1137
3157   1131   1138
3158   1134   1138
3159   1071   1138
3162   1140   1141
3164    140   1140
3165    149   1141
3167    134   1140
3168    568   1141
3169   1142   1143
3173    907   1143
3176    220   1143
3178   1145   1146
3179   1098   1145
3180   1140   1145
3181    698   1145
3182   1059   1146
3183   1141   1146
3184    791   1146
3185   1147   1148
3186   1097   1147
3187   1143   1147
3188    277   1147
3189   1091   1148
3190   1142   1148
3191    928   1148
3241   1164   1166
3243   1007   1164
3245    156   1166
3246   1032   1164
3248    692   1166
3249   1167   1168
3250   1028   1167
3251   1164   1167
3252    163   1167
3253   1037   1168
3254   1166   1168
3255    553   1168
3256   1169   1170
3259     58   1169
3260    460   1170
3262    180   1169
3263    300   1170
3265   1172   1173
3266    923   1172
3267   1170   1172
3269    885   1173
3270   1169   1173
3271     52   1173
3273   1174   1176
3275    916   1174
3277    681   1176
3280   1142   1176
3282   1040   1177
3283   1174   1177
3284    952   1177
3370   1205   1206
3372    177   1205
3373    254   1206
3375    300   1205
3376    826   1206
3393   1212   1213
3394    882   1212
3395    995   1212
3396   1205   1212
3397    473   1213
3398    989   1213
3399   1206   1213
3446    311   1229
3449    310   1229
3475   1238   1239
3476   1142   1238
3479    524   1239
3480   1229   1239
3777   1332   1333
3780    938   1332
3781    500   1333
3783   1131   1332
3784    240   1333
3786   1335   1336
3787   1239   1335
3788   1333   1335
3789    195   1335
3791   1332   1336
3792    821   1336
3794   1337   1339
3796    909   1337
3798    821   1339
3799   1043   1337
3801   1049   1339
3818   1345   1346
3819   1337   1345
3820     69   1345
3821    792   1345
3822   1339   1346
3823    339   1346
3824    195   1346
3842   1352   1354
3844    460   1352
3846    198   1354
3847     58   1352
3849    910   1354
3850   1355   1356
3851     47   1355
3852   1352   1355
3853     61   1355
3854    821   1356
3855   1354   1356
3856    938   1356
3921   1377   1378
3925   1172   1378
3927   1109   1377
3928   1121   1378
3946   1385   1386
3947    922   1385
3948   1378   1385
3949    701   1385
3950    647   1386
3951   1377   1386
3952   1023   1386
3978   1395   1396
3980    587   1395
3981    214   1395
3983    422   1396
3984    215   1396
3994   1400   1401
3995   1395   1400
3996    440   1400
3997   1177   1400
3998   1396   1401
3999    358   1401
4000   1176   1401
4114   1437   1439
4116   1238   1437
4118   1229   1439
4119   1174   1437
4121    738   1439
4122   1440   1441
4123   1040   1440
4124   1437   1440
4125   1000   1440
4126   1036   1441
4127   1439   1441
4128    284   1441
4154   1450   1451
4155    147   1450
4157     61   1450
4158    538   1451
4160    460   1451
4170   1455   1456
4171    862   1455
4172    134   1455
4173   1450   1455
4174   1377   1456
4175    648   1456
4176   1451   1456
4179   1458   1459
4181    907   1458
4182   1131   1459
4184   1238   1458
4185   1336   1459
4186   1460   1461
4187   1000   1460
4188   1458   1460
4189    816   1460
4190   1026   1461
4191   1459   1461
4192   1115   1461
polygons 447
0   1540   2451   2454   2655   2657
3     16     17   1540   2853   2869   2870
4     16   2454   3007   3021   3022
5   2573   2656   2657   2853   2856
7     32     33     34   2576   2655   2656
10   1584   1586   2628   2746   2868   2870
11     17   1584   3021   3023
13   1586   1660   3006   3022   3023
15   1214   1218   1658   1660   2625   2628
16   1049   2744   2856   2868   2869
17   1042   1048   1049   2573   2576
18     32   1045   1048   1218   1221
19     34   1220   1658   2451   3006   3007
21   1042   1045   2625   2744   2746
22     33   1214   1220   1221
23   3844   3852   3853   4154   4157   4160
27   3260   3267   3921   3925   4160   4174   4176
28     84     85   3259   3270   3271
29   3256   3259   3260   3844   3847
30   3104   3265   3271   3925   3928
31   2578   2584   3067   3100   3101
32     85     93   2580   3098   3101   3104
33     93     84   3847   3851   3852
34   2578   2580   2583   3851   3853
36   2583   2584   4157   4171   4173
37   2574   2659   2664   2898   2900   2902
38    101    102   2571   2573   2574
39   2001   2414   2853   3796   3799
40   2023   2413   3796   3819   3821
42    102    111   2856   3799   3819   3820
43   2413   2414   2662   2902   3182   3184
44   1172   1718   2028   3820   3821
45    111    101   1172   2900   3029   3030
47   1486   1492   2615   2619   2770   2771
48   2380   2770   2813   2837   2838
49   1491   1492   1547   1549
51   2394   2458   2459   2781   2783
54   1547   2392   2459   3946   3947   3950
56   1729   2420   2458   3947   3949
57   1549   2619   2790   3950   3952
58   1853   2602   2604   2649   2652
60   2420   2427   2780   2781   2784
61   1729   1853   1855   2427   2429
62   2429   2602   2784   2816   2836   2837
63   1486   1491   2377   2380   2392   2394
67    177   1410   2077   2579   2580
68   1307   2641   3102   3104
69     85    181   1307   3020   3021   3024
70   2638   2641   2644   3024   3026
71    177    189     17    181     93
73    189   1410   1584   2702   2704   2705
75   2638   2642   3098   3099   3102
76   2523   2524   2579   3099   3101
77   2523   2642   2644   2718   2721   2724
78   2705   2723   2724   3020   3023   3026
81   2077   2524   2704   2720   2721
82   2583   2942   3142   3158   3159
83   1716   1718   3035   3037
84    218   3035   3036   3153   3156   3159
85   3139   3141   3142   4155   4157
86   2584   2942   3028   3030   3036   3037
87    224    225   4155   4172   4173
88    229    224   3164   3167
89   3028   3167   3179   3180   4171   4172
90    218    231   1716   3164   3180   3181
91    229    231    225   3141   3155   3156
92    232   1242   3245   3254   3255
93    232   2399   2401   3162   3164   3165
94   1242   1290   3165   3168
95    246    247   1923   1925
96    224   1293   1294   1554   1923   1924
97   1924   1925   2774   2776
100   1289   1294   3162   3167   3168
101    246   1289   1290   1293   3249   3252   3255
102   2401   2740   3241   3243   3245
103    247   2775   2776   3243   3251   3252
104    229   1554   2399   2740   2774   2775
107   1856   2649   2658   2663   2664
108    272    273    947   1853   1856   1859
109    273    886   1153   1780   1781
110    886   1859   2543   2602   2603
111    284   1540   1998   2001   2004
112    292    293   1920   2002   2004
114    295    272   1153   2451   2479   2480
115    295    947   2654   2655   2658
119    303   1920   2495   2540   2603   2604
121   1779   1780   1989   2478   2480
122    292    303   1784   1988   1989
123   1779   1781   1784   2540   2543
124    284    293   1988   2454   2478   2479
125   1998   2002   2495   2652   2662   2663
126    313   1079   1086   1109   1802   1803
127   1800   1803   1806   3781   3788   3789
128   1086   2513   3846   3855   3856
129   1109   2024   2412   2413   2416
130   1806   2027   3818   3821   3824
131   2412   3794   3796   3798   3849   3854   3855
133   3786   3789   3792   3798   3822   3824
134    313   2416   3846   3849
135   1932   2108   2210   2716   4187   4189
136   2210   2843   3282   3981   3995   3997
139   3273   3280   3476   4116   4119
141   2405   2411   4181   4188   4189
143   3169   3173   3476   4181   4184
145    363   3169   3176   3280   3984   3998   4000
146   2405   2409   3173   3176
148   1932   1935   3978   3981   3984
149    363   1935   2108   2409   2411
150   4116   4124   4125   4184   4187   4188
151   2578   2579   2942   3080   3083   3084
152   1172   2298   3034   3037   3040
154   3028   3029   3067   3070
155   2192   2196   2900   3070   3099   3100
156    101   2133   2196   2232   2526   2527
159    111   2133   2297   2298
160    892   2178   2318   2424   2425
161    382   2425   3144   3147   3154   3155
162    389    390    382    892    895
163    391   1081   3781   3784
164    395    398    391    895   2178   2180
165    389    395   1079   1081   1083
166    390   1083   2513   3139   3144   3145
167   2331   2424   3146   3147   3150
169    398   2332   3150   3151   3777   3783   3784
171   2180   2318   2331   2332
173   1432   2352   2434   2435   3373   3397   3399
174   1920   2324   3372   3394   3396
176    419    303   3370   3372   3373
178    419   2352   2538   2540   2542
179   2435   2542   2839   2841
180   1432   2326   2618   2771   2772
181   2434   2772   2835   2838   2841
182   2325   2878   2880   3394   3395
183    433   2549   2874   2877   2880
184    438    433   2322   2325   2328
185    438   2440   2444   2549   2564   2565
186   2443   2565   2743   2744   2747
187   2564   2747   2760   2875   2877
188    998   2625   2680   3397   3398
191    998   1045   2326   2328   2444   2446
192   1528   1729   3050   3053   3056
193   2270   2329   2333   3150   3152
194   2456   3266   3925   3947   3948
195   1307   1308   2333   3269   3271
199   1308   2270   2641   3050   3051   3054
200   3054   3056   3102   3928   3948   3949
201   2714   2717   2748   2760   2762
202   2690   2711   2714   4122   4125   4128
203   2832   2834   2877   2908   2909
204   2208   2843   2845   2907   2909
205   2566   2829   4126   4128
207   2562   2566   2690   2747   2748
210   2196   2199   2574   2577
211    486    487   1048   1621   2445   2446
212    102   1049   2130   2133   2442   2443
213   1617   1618   2130   2232   2233
214   1615   1618   1621   2470   2473   2476
215    487    496   2474   2476
216   2233   2473   2525   2527
217    501    496    486   2571   2576   2577
219    501   2199   2470   2474   2525   2526
223   1301   2696   3375   3395   3396
224   1760   2696   2866   2878   2879
226   1301   1760   1762   3260   3263
227    292   3256   3262   3263   3372   3375
228   1762   2863   2866   3842   3844   3846
230    524   2002   2324   2325   2416   2417
231    313    524   2863   2879   2880
234    526   2004   2417   3842   3847   3849
235    293    526   3259   3262
240    537   1153   3449   3479   3480
241   1780   1782   3479   3784   3787   3788
243    544   3446   3480   3787   3789
244   1081   1692   1694   1801   1803
246    391   1693   1694   1781   1782
248    553    554   3446   3449
249    554    273    537   2044   2045   2048
250    544    553   1806   2048   2049
251    886   1692   1693   2045   2046
253   2039   2040   2054   2286   2287
254   1841   1842   2054   2307   2472   2473
255   1842   2043   2233   3106   3107
257   2472   2521   2525   2719   2721
258   1648   1649   2286   2704   2707
261   1293   1510   1843   1844
262   1289   1292   1507   1510   1513
263    438    584   1243   1290   1292
264    584   1513   1619   2444   2445
265    588   2808   3250   3252
266   1243   2549   2832   3253   3255
267   2119   2568   2808   2829   2830
268    588    246   1617   1843   1845   2118   2119
269   1507   1615   1619   1844   1845
270   2126   2873   3798   3801
271   2714   2799   2800   2871   2873
272    596   2690   2871   3801   3822   3823
273    544    597   3823   3824
274    596    597   3446   4118   4127   4128
275   1525   1528   2426   2427   2430
276    537    272   1706   1708
277   1859   2045   2426   2429   2432
279    612   1261   2950   3125   3127
280    947   1707   1708   3121   3122   3125
281   1855   1856   3056   3122   3124
284    623    612    624   2048   2050
285    625   2044   2050   2430   2432
286    623    625   1525   2950   3052   3053
287    624    554   1261   1706   1707
289   1355   2419   2425   2777   2781   2782
290    382    629   1355   1557   1558
291    632    629   3141   3144
294    636   1525   3149   3154   3156
295    231    636   2399   2430   2431
296    632    225   1553   1554   1557
297    641   2142   2173   2396   2397
298    642   2142   2679   3376   3398   3399
299    641    642   2284   2708   2722   2723
300   2679   2702   2707   2708   2763   2765
301   1301   2055   2056   2176   2395   2396
302   2051   2055   2287   2696   2764   2765
303   2173   2176   3370   3375   3376
304   2278   2283   2284   2395   2397
305   2270   2407   3173   3187   3188
306   2333   2335   2478   3185   3188   3191
307   3783   3791   4182   4185
309   1785   1989   2329   2332   2335
310   2480   3190   3191   3475   3476   3479
311   2407   3151   3152   4179   4181   4182
313    398   1779   1782   1785
314   1021   2046   2401   2431   2432
315    669   1716   2027   2028   2049   2050
316   1112   2024   3165   3183   3184
319    232   1021   1112   1801   1802
320    669    218    636    625
322   3142   3145   3850   3853   3856
323   1083   1086   2863   2911   2912
326   1761   1762   4158   4160
327   1761   1809   2866   2910   2911
328    629    390   1808   2910   2912
329    632   1808   1809   4154   4155   4158
331   1292   2621   2790   2905   3168   3182   3183
332   1512   1513   2619   2621
333   1294   1510   1552   4170   4172   4175
334    690    389   2756   2906   2909   2912
335   1557   1559   1807   1808   1811
336   1807   1813   2906   2907   2910
338    890    892   1355   3980   3995   3996
339    700   1558   1559   3980   3981
341   2558   2756   2845   3282   3284
342    690    890    895   2557   2558
343    700   1811   1813   2208   2210
345   2557   3284   3996   3997
348   1846   2433   2439   2815   2840   2841
349   2545   2839   2840   3241   3246   3248
350   2805   2815   3246   3250   3251
351   1697   2756   2834   3248   3253   3254
352   2439   3275   4114   4119   4121
353   1697   2542   2545   2556   2558
354   1846   2805   2830   4121   4126   4127
355    433    524   1109   1112   1242   1243
358    584   2328   2615   2618   2621
360   1263   1710   1846   1847   1850
361   1220   1711   1850   2437   2439
362   1260   1263   1602   1605
363     33    736    737   1260   1710   1711
364    736   1221   1431   1487   2770   2772
365    737   1487   1602   2378   2380
369   1605   1847   2378   2811   2813   2815
372   1410   1476   1649   2798   2800
373   3083   3157   3159   4182   4191   4192
376    177   1476   2126   3850   3851   3854
378    189   1476   2867   2870   2873
380   1595   2286   2759   2762   2765
382    760   1586   2705   2708
384   1595   1648   2717   2798   2799
386    760   2628   2679   2680
387    597    553    624   1333   1336   1339
388    596   1336   2117   2566   2568
389    766   1333   1337   2117   2119
390    767   1256   1261   1263   1337   1339
391    766    767   1847   2805   2808
393   1705   1706   1850   3449   4118   4121
395   2785   2811   2816   3243   3246
397   2381   2779   2782   2783
398    774   1631   1635   2773   2776   2779
399    775    767   1605   1635   1636
400    774    247    588    766    775
401    776   2644   3112   3115   3116
402    782    776   2281   2722   2724
403   2192   2199   2642   3116   3119
404    785    501   3112   3118   3119
405    782    786   3115   3118
406    786    785   2278   2281   2474   2475
407   2308   2470   2472   2475
408   1194   1760   1761   2055   2057
409   1194   1550   4158   4175   4176
411   1546   1547   1550   1980   2056   2057
412   2176   2462   3263   3266   3267
414   1980   2391   2392   2395
417   1612   2106   2110   2411   2950   2953
418    623    669   1612   3034   3035   3038
420   1591   1595   1813   2038   2039
422    921   2051   2054   2057
423    921   1194   1807   1809   2038   2040
424   1934   2041   2111   3105   3107   3110
425    774   1922   1925   1934   1937
426   1839   1843   1922   1923   2041   2043
427   1333   1614   2296   3038   3040
428   2117   2118   2130   2296   2297
429   1618   1839   1842   1845
430    775   1337   1614   1937   2110   2111
432   2638   3054   3116   3123   3124
434   2577   2658   2659   3119   3122   3123
436   1553   1559   1922   1924   1927
437   1811   1927   2037   2038   2041
439    921   1550   1552   1839   1841   1844
440   1490   1492   1512   1619   1621
441   1490   1491   1980   2283   2475   2476
444   1336   2296   2298   3818   3820   3823
445   1988   2335   3262   3269   3270
446   1308   3024   3186   3188
447    284    526     84    181     16
449    776    825   3026   3176   3186   3187
450    825   2409   2953   3115   3126   3127
454   2173   2177   2182   2318   2461   2462
456   1634   2777   2779   3978   3980   3983
458    835   1634   2381   2391   2394   2397
460   2142   2181   2182   3994   3996   3999
461    641    835   3983   3998   3999
462    839   1635   1637   1930   1935   1937
463    700   1927   1930   1932   1934
466    839    843   3983   3984
467    843   1631   1634   1637
468    844    487   1486   1487   1490
469     32    486    844    736
470    998   1218   1431   1432
473   2181   2183   2352   2556   2557
474    419   1784   1785   2177   2180   2183
475    395    690   1691   1694   1697
477   1021   1691   1692   3245   3248
478   2182   2183   3373   3376
479    786    849    850   1602   1636   1637
480    850    737    844    496    785
481    835    843    849   2281   2284
482    760    642   1660   3277   3999   4000
483   3006   3189   3190   3277   3280
484    363    839    849    782    825
485    850   1256   1260   3118   3125   3126
486     34    295   1705   1708   1711
488   1658   2437   3273   3275   3277
489    612   1339   1612   1614
491   1507   1512   1546   1549   1552
492   1528   2419   2420   3147   3149
493   1691   1693   2538   2543   2545
494    890   2177   2178   2181
495   2118   2442   2562   2565   2568
496   1591   2762   2875   2907   2908
497   1841   2037   2040   2043
501   1546   3950   3951   4174   4175
503   2322   2326   3393   3394   3397
506   1800   1801   2044   2046   2049
508   1042   2440   2443   2446
510   2798   3077   3084   4190   4192
511   2110   3038   3109   3110
512   1079   2513   3777   3780   3781
515   1800   1802   2023   2024   2027
516   1648   2037   2039   3077   3107   3108
518   1615   1617   2440   2442   2445
521   1718   3030   3179   3181
523   2001   2654   2657   2662   2664
524   1214   1431   2433   2434   2437
525   2287   2307   2707   2719   2720
527   1256   1705   1707   1710
531   1553   1558   2773   2774   2777
533   1855   2649   2788   3946   3949   3952
536   1649   2077   3077   3080
539   2126   2800   3792   4185   4190   4191
541   3051   3053   3146   3149   3152
542   2023   2028   3178   3181   3184
544   1591   2208   2711   2716   2717
545   1631   1636   2377   2378   2381
547   2051   2056   2283   2307   2308
548   2716   2843   4123   4125
552   2106   3110   3111   4186   4189   4192
553   3780   3791   3792   3854   3856
554   2329   2331   2461   3265   3266   3269
555   2322   2324   2495   2617   2618
556   1930   2106   2108   2111
558   1998   2412   2414   2417
559   3067   3927   4170   4171   4174
562   2521   2524   2527   3080   3106   3108
564   2232   2297   3040   3105   3106   3109
565   2405   2407   2953   3051   3052
566   3145   3157   3158   3780   3783
567   2391   2396   2456   2459   2462
568   2192   2521   2523   2526
571   2426   2431   2740   2784   2785
572   2278   2308   2718   2719   2722
573   2419   2424   2456   2458   2461
574   2377   2780   2783   2813   2816
575   2433   2435   2556   3275   3283   3284
576   2604   2617   2771   2836   2838
577   2479   3007   3189   3191
578   2615   2617   2652   2788   2790
580   2538   2603   2835   2836   2839
581   2562   2564   2828   2829   2832
582   2571   2654   2656   2659
583   2763   2764   3393   3395   3398
584   2680   2743   2746   2759   2760   2763
585   2663   2788   2902   2905
586   2743   2748   2867   2868   2871
587   2759   2764   2874   2875   2878
588   2702   2718   2720   2723
589   2711   2799   4186   4187   4190
590   2898   2905   3070   3927   3951   3952
591   2773   2775   2780   2782   2785
592   2828   2834   2845   4122   4123   4126
593   2828   2830   3249   3250   3253
594   2811   2835   2837   2840
595   3282   3283   4119   4123   4124
596   2867   2869   3794   3799   3801
597   2874   2879   2906   2908   2911
599   2898   3029   3178   3179   3182
600   3020   3022   3185   3186   3189
602   3034   3036   3083   3109   3111
603   3050   3052   3121   3124   3127
609   3098   3100   3921   3927   3928
610   3084   3105   3108   3111
612   3112   3121   3123   3126
613   3146   3151   3153   3154   3157
614   3139   3153   3155   3158
615   3162   3178   3180   3183
616   3169   3185   3187   3190
620   3241   3249   3251   3254
621   3256   3265   3267   3270
622   3273   3283   3994   3997   4000
628   3370   3393   3396   3399
630   3475   3786   3787   4179   4184   4185
631   3475   3480   4114   4116   4118
652   3777   3786   3788   3791
653   3794   3818   3819   3822
656   3842   3850   3852   3855
661   3921   3946   3948   3951
663   3978   3994   3995   3998
671   4114   4122   4124   4127
673   4154   4170   4173   4176
674   4179   4186   4188   4191
cells 64
0      0      3      4      5      7     10     11     13     15     16     17     18     19     21     22
1     23     27     28     29     30     31     32     33     34     36    559    609    621    673
2     37      5     38     39     40     42     43     44     45    521    523    542    582    599
3     47     48     49     51     54     56     57     58     60     61     62     63    533    574    576    578
4     32     67     68     69     70     11     71     73     75     76     77     78     81    588
5     82     83     84     85     86     36     87     88     89     90     91    521    614
6     92     93     94     95     96     97     88    100    101    102    103    104    620
7    107    108     58    109    110    111    112    114    115    119    121    122    123    124      0    125    523
8    126    127    128    129    130    131     40    133    134    512    515    553    652    653
9    135    136    139    141    143    145    146    148    149    150    548    595    622    663
10    151    152     86     45    154     76    155    156     31    159    562    564    568    602    610
11    160    161    162    163    164    165    166    167    169    171    512    566    613    614
12    173    174    176    178    179    119    180    181    503    555    576    580    628
13    182    183    184    185     21    186    187    188    191    503    508    583    584    587
14    167    192    193    194     56    195     30    199    200     68    492    541    554    573
15    201    202    203    204    205    187    207    496    544    548    581    592
16     17    210     38    211    212    213    214    215    156    216    217    219    508    518
17    182    223    174    224    226    227     29    228    230    231    112    134    234    235
18    240    241    163    243    127    244    246    109    248    249    250    251    506
19    253    254    255    216    257    258     81    497    516    525    536    562
20    261    262    263    264    185    265    266    267    268    269    101    495    518    581    593
21    270    271    243    272    202    133    273    150    274    539    589    630    631    671    674
22    275     61    276    249    108    277    279    280    281    284    285    286    192    287    603
23    289    104    290    291    275    294     91    295    296    161     60    492    531    571    591
24    297    298    299    223    300    301    302    303    304    525    547    572    583    588    628
25    121    241    305    169    193    306    307    143    309    310    311    313    616    630    652
26    314    285    315    316     93    319    320    295     90    506    515    542    615
27     85    322     23    228    128    323    326    327    328    329    166    291    656
28    331    154     57    332    333    100     89    262    491    501    559    590    599    615
29    162    334    328    290    335    336    338    339    341    342    343    204    136    345
30    348    349    350    351    179    352    353    341    354    575    592    593    595    620    671
31    129    355    125    331    230    184     43    316     94    358    263    555    558    578    585
32    360    361    362    363    364    365    348     48     22    369    181    524    594
33    322     82    372    307    373    376     34     67    151    510    536    539    553    566
34    372     73    378    380    271     10    258    382    384    201    386    300    584    586
35    387    388    389    390    391    360    267    393    274    205    354    287    248    527
36    395    103    391    369    265    350    397    398    399    400    545    574    591
37     77    401    402    403    404    405    406    257    219    407    568    572
38    408    326    409    411    412    226    414    194     27     54    301    501    567    661
39    311    417    286    373    418    141    294     84    320    511    541    552    565    602    613    674
40    224    336    380    253    302    408    420    422    423    327    496    587    597
41    424    425    426     95    427    428    213    255    429    430    389    400    268    511    564
42    155     37    432    210     75    403    107    200    281    434    533    585    590    609    661
43    436    437    335    439    261    426    423    333    409    296     87     96    329    497    673
44    429    439    269    440    422    254    411    441    214     49    407    491    547
45    428    212    388    272    444    159     42    207     16    186    495    586    596    653
46    445    195     28     69    446      4    235    124    447    306    577    600
47    401    432    199    305    446     70    449    450    146    565    603    612
48    454     51    297    289    160    456    397    458    338    460    461    494    567    573    663
49    456    398    462    148    463    339    425     97    436    466    467    531
50    468    440    211    191    358    364     47     18    469    264    470    332    180
51    353    178    473    474    246    475    123    164    342    313    493    494
52    351    334    266    355    475    231    323    126     92    244    203    183    319    477    165    597
53    445    227    122    474    309    412    171    454    478    303    176    554    621
54    270      3    378    447     71    376     33    111     39    131    234    558    596    656
55    424    384    135    437    420    343    463    510    516    544    552    556    589    610
56    441    406    479    480    468    215    365    414    304    458     63    481    467    545
57    482    483    466    299    382    449     13    402     78    461    145    484    481    600    616
58      7    280    434    363    480    485    404    469    217    486    115    527    582    612
59    477    314    102    277     62    251    349    395    110    493    571    580    594
60    139    483    393    488    352    361    276    240    114    486     19    310    577    631
61     15    482    478    473    460    488    345    470    173    298    188    386    524    575    622
62    387    489    427    130     44    418    315     83    444    273    284    152    250
63    149    484    450    390    489    279    362    485    417    479    405    462    430    399    556
