vertices 383
     0 0.96185413223653 3.97889826637137 1.12597725701151
     2 1.34823141815974 0.15371474315637 1.66009049196771
     8 0.85048923086089 3.86847140572437 1.12778966737404
    11 0.21123105703219 0.26456998423839 1.12054846553769
    14 0.81135405970462 3.67835454301043 2.21821723668610
    16 0.25581562087950 0.25681996237506 2.37980340299485
    18 1.09937900094987 0.60776791481003 1.98826125551593
    36 3.85938218541992 0.20748590729009 1.76591911046764
    37 0.44704180066560 0.72929932862790 2.08496104523404
    41 0.19775276255163 0.39985022805693 2.32713692136572
    47 1.39610932735241 3.42204644064098 0.63006718013936
    52 1.61729574488964 0.31599863296038 0.26543189368518
    58 1.81299319829297 3.83661988060722 0.93843434566319
    59 1.48863448952743 3.82939733452369 0.76078246552616
    61 1.83905505700980 2.93806382979163 0.14938509459589
    69 0.99644465062634 3.00651584198417 2.74743300513330
    72 0.89439227764041 3.21082660368066 2.74413451308452
    76 1.12001508212940 3.74163177953820 2.98514296691651
    98 3.05103050946243 0.29731627028574 3.40388467609777
   115 1.00408333963307 3.34363591763860 0.79512153048301
   119 0.74458263845408 0.54831307797381 0.15451133116908
   134 2.57581031685130 2.79011707895051 3.28543424038844
   136 2.61433733527204 2.44621040724278 3.44455429642520
   139 1.60979680117143 2.25633075425861 3.14328665904987
   140 2.36472217562448 2.29210301455885 3.16114530614591
   143 1.96645166129638 2.04639457351495 3.27179992845623
   147 2.49392468826103 2.45683971930911 3.95636089299080
   149 2.61360705540913 2.66608157422026 2.31520870451419
   152 3.37868416659042 2.77422992490719 3.07696466152111
   156 2.60296936223035 2.20711400651611 2.28880489753903
   157 3.44041600820791 2.24148684822667 3.15651079426704
   163 3.52678508560333 2.37925876524508 2.82094495610324
   169 1.87374149403494 1.24259983538465 2.26310188233963
   171 1.27831647427856 1.02553159087416 2.24558370805543
   174 2.26218710155147 0.78434171223221 1.56801630904901
   177 2.22235765682901 0.35047076638823 1.50748322412955
   180 2.02343463848976 0.32343314197127 1.38401732794507
   185 1.81347053481064 0.06495291852424 1.49387336053303
   191 1.38025918187300 1.16692833392465 2.14979444925855
   195 1.19610041866209 2.34210452224014 2.06603517126864
   198 2.40772849513502 2.97885115799075 1.33447744679923
   199 2.42568774276562 3.11310155296519 1.67139349414610
   214 3.76986713608102 2.02068771788433 0.44330710127659
   215 0.17091834310031 1.42177799246906 0.04914386062322
   220 0.47735283056109 1.35550182233683 0.09113265634902
   230 2.70354306101299 1.75692801964194 0.24771289987623
   231 2.23407424676152 2.05012742398349 1.29164083191252
   235 2.10665043264836 1.33949851742588 0.89382419008088
   236 2.51006268345871 2.29380839591557 1.00515146424917
   240 1.96564540843438 1.74287663278861 1.18774591844137
   241 2.53953873452469 2.09605225694763 1.09913789642493
   243 2.55858848681353 2.24019003305255 0.22589392040871
   254 2.96162201104173 0.82794759548210 1.25534881259823
   260 2.77970627958881 3.20027102633678 1.69396539383278
   261 3.01100982818901 3.05277158606662 1.95154176843291
   264 3.12749933564021 3.42374897823665 2.18480494290123
   277 1.53111795087475 0.97799458248082 0.43846594150710
   284 0.41767093705334 2.41762566506612 1.89715771287165
   288 0.19323455204643 0.35788410306503 2.96016677113561
   290 3.86296322039325 0.13335459483424 2.99645217754917
   291 0.02881463549357 3.25032424266566 3.25869761632374
   292 0.93433636828709 0.14143256530765 2.98423633486628
   295 0.08544986866184 0.35471741214460 2.79665737875610
   300 2.79601274307601 0.07262782526133 0.69629728861904
   310 1.03643070690640 1.50565932209830 2.24879010365536
   311 1.00101045367883 2.14594757404864 2.13357176529553
   315 1.10411243583673 1.81359508993671 2.43378684081841
   332 2.98546456096814 3.38796162808580 2.55812985477922
   336 3.91564719530044 2.25721695966683 2.62846541887536
   339 0.81757101589892 2.38904518462228 2.16066790852228
   343 1.94710957595489 1.78875449911499 3.06412811173458
   346 1.15225417714794 1.87704554439107 3.16434288384724
   347 1.55798678160849 2.00294125147915 3.03893138215370
   354 0.90228643438734 1.77799923282750 2.79215062980192
   356 2.68999988734338 2.36441086583906 0.12879338226245
   358 3.61333176638236 0.79419615056250 0.59473055180589
   364 0.05822759017254 0.23712184669877 0.96404502948871
   365 3.64313299084366 0.74402115196425 0.16201440079140
   376 3.02166251614442 2.01156681419998 1.42559541149014
   380 3.49886120052149 2.41595933539506 0.17339418792299
   394 0.19628945804032 1.07061898073076 2.95231437703136
   396 0.03217291655648 0.49283737858297 2.72652513420786
   399 0.15582372168805 1.45513567888220 2.76729853768651
   403 0.17832080944723 1.95172417128797 2.93685235031462
   405 3.98381206311353 1.94503578310961 3.28423021362385
   406 0.22332183288083 1.00369911647908 3.75041877040466
   408 0.33838664476265 0.92445073211919 3.21363044620717
   410 0.46743523978875 1.03282167998330 3.83029451161759
   413 3.13279899477364 3.46383038430796 3.99557160087031
   422 3.71185700357139 1.13338599322408 0.04672341740768
   425 0.03921321211357 1.23264147056944 3.83682310506395
   429 2.92569419471722 0.01490623682693 3.03567763728182
   432 2.15512018795399 1.12942578329399 3.20041623180567
   436 2.06654167839932 1.22330678550267 1.93994213815658
   439 2.70751916019837 1.59199861798249 0.64660969549142
   440 3.31199129408803 1.35604375465464 0.87236464844824
   447 3.47941481835450 3.30803522489821 3.97452584343444
   457 1.50901683744639 0.69714646889770 2.61969935949406
   460 2.42063058775137 3.58234692440301 0.51600212792229
   473 3.48409501636748 0.26063341901910 1.75459134377265
   481 2.30046008669507 2.04514804328530 1.99760429706872
   488 0.07217332958851 3.80887846779007 2.11167591279457
   489 0.21449490676622 3.63900605820435 2.05597159797970
   500 2.14377036140888 2.17355415446613 1.27249568230364
   502 2.25127285830885 2.36488774909571 1.11602349232689
   510 2.26425151253014 2.83790536979988 1.96737146173243
   513 0.00880502383906 3.08203217095152 0.57273791196894
   519 0.17435447128655 3.00955426492372 2.65925791402954
   524 1.47010207683755 1.12010944098445 1.63901416505121
   529 1.47588015311407 2.79948831147942 3.10312199759799
   538 2.79769271687119 3.29140116231830 0.22410591591566
   544 0.19062096890929 0.73791790128660 1.75913079465486
   545 3.90670896377557 0.42772245490264 1.89925784649280
   553 2.91563165496608 2.75301631845938 2.28261195539176
   557 0.80404124376496 1.46370027310399 2.74223926047373
   559 0.35336045790280 1.32782365405134 2.71904345616000
   568 2.90376410711166 2.99094184385081 2.60984362621725
   569 3.12916685799851 2.98184627804750 3.01840833775065
   571 2.93649856813197 3.78863291231164 0.65744602974901
   573 1.44682385933039 0.52967996766834 0.21971395924316
   581 0.52574231712309 2.47976539354515 2.60301601989412
   582 0.57659467828226 2.10763014788964 2.91377413141733
   587 2.94644199842940 1.76210469659380 0.11180205702775
   605 0.74794689116738 3.29462775818012 0.48856138881197
   611 3.51726987639271 0.51075576409260 1.90334923600783
   625 0.96864018772355 2.98725731442191 1.05987884341154
   629 3.28711361744093 0.63229228518847 2.79420135037562
   630 3.18382333338904 0.27833802113137 3.09875646394231
   635 3.17184478395042 3.09372092511431 3.06333192925708
   636 3.17763452305088 3.43739386700456 2.79956818770228
   640 1.91288613480326 1.43760986242243 3.42781228053282
   645 1.34468072425081 0.02419902958625 1.88323520240580
   647 2.81809053806560 0.03363706220199 3.27757335022118
   648 2.84434618276466 3.47696888045179 3.58379420733165
   649 2.97893632065308 2.26245862596004 3.46757188021144
   650 2.97319183122472 2.20122081632741 3.98929060772678
   658 0.54630249357065 0.16044255057681 0.97210175687793
   660 3.64735149787415 2.57229116626854 0.75930667627088
   662 3.95318345154582 2.91573710579191 0.83710166037958
   663 0.02821814692326 1.21573703185120 2.97384217980900
   667 0.76594267374366 2.23646465494468 3.28175348643967
   668 3.86429118488878 3.18302378657752 2.96811706095539
   669 3.69764247055046 3.52282116773559 2.73625316343644
   673 3.25583076887823 1.26286437141161 3.57117673934195
   674 3.87271588142823 1.40137768142269 3.39880369955920
   678 0.58349222350279 3.01237362664803 0.49581474104513
   681 0.36415900850245 0.66438365330549 1.28159157069667
   691 2.37923534964033 1.90895004987675 1.82782869780855
   692 2.81097951655912 1.87747337160665 1.84194110144916
   695 0.92642467475787 1.36887463096497 2.34566454282925
   696 0.47788346629659 1.23217832460182 2.27812765150979
   698 1.62771826610329 2.69564898529694 2.97602016641313
   701 1.97000828780659 0.83092849537452 3.15906934005736
   711 2.68841595147062 3.50075349315607 0.57717776817709
   717 1.80518471781742 1.16040636734905 1.59329603997516
   718 1.98087279644527 0.94605331361124 1.42542096468781
   723 2.07185828712493 2.35041554443822 1.80098974514077
   724 1.49829091644257 2.35874072208978 2.20326457188026
   725 2.97335854333133 2.70730674268425 0.39875629318254
   726 3.47670626819683 2.61762809690994 0.31921999735131
   735 3.71923048346220 3.04357764516708 3.51208069806517
   736 3.48270134188538 2.96659078746574 3.13747167964671
   737 3.84467658386020 1.61564723082185 2.32625687033367
   738 0.13943175576301 1.45197948725543 1.94826588113574
   739 1.92640555522214 0.72561282397152 2.69633950836153
   740 2.08900319387646 0.93800388437581 2.56298414689862
   758 2.22274877154403 0.09473358273767 1.81405466624597
   760 3.36300852435685 2.44118228886184 3.30419716965692
   761 3.75388938679086 2.51971726241452 3.74725767091660
   762 0.24716940027046 1.84766476845509 0.03413776946612
   764 0.18479226842341 2.12746274011848 3.65385304872949
   777 3.33319049803934 0.23525827403889 3.84726772290737
   780 1.84630638404657 0.84228068018480 1.35568577007591
   783 1.75590662883857 3.85691128346456 1.93027845244947
   784 1.92168618755794 3.89392537862987 1.74086512916347
   791 1.94532270500646 3.10075921708052 2.27376543615953
   792 1.53238656840604 2.74663574794267 2.44647859626179
   795 3.67832839884510 2.91065275069491 0.15584185510510
   796 3.84432502429421 2.75834962339497 3.76963984749793
   797 1.91131555633447 1.67327857361640 2.44456451071897
   798 1.51588495819631 1.93089272666931 2.52115451618229
   799 3.55566018308450 3.62761934583298 0.12240740689154
   800 3.28305495725122 3.72012790858223 0.12411930564791
   806 0.94553107385102 3.27766093157701 0.08624115240768
   816 0.58649440576315 1.90995953720485 0.08504982357239
   817 0.53253756742601 2.23648583483726 3.62928013029242
   819 0.19126996683488 2.53563860922648 2.49839815864701
   821 1.33026446991479 2.80049897310813 1.17196101234325
   822 0.61938895196413 3.01364367679146 2.87558613358107
   826 3.15041987505446 0.70334607173989 0.76201411844968
   837 2.94808226391038 0.50245437373617 0.40317888603110
   838 2.52735496782583 1.34226210784259 0.66791434822796
   839 3.03747574059655 0.98976289440210 0.90249164404466
   842 1.13927236327737 3.90991556747566 3.59498948508682
   844 0.98737654489377 3.85964070298355 3.17940288047491
   847 3.83804240673137 2.19565951604095 0.81725542939092
   854 0.44511229048280 3.15286183423195 3.28084968185070
   862 1.79541380487178 3.26326100753740 3.48354738329387
   866 1.62223909440236 1.43237185979662 0.22956288922616
   869 3.76146219577901 0.22078644523630 3.79612223239488
   870 3.91512645009859 0.52566122497146 0.01778844171542
   871 3.86075620672920 3.58071564984790 0.57864736476643
   874 0.71255033565227 2.85882184465152 2.86214872766305
   877 3.89324932478608 3.94856321949383 3.89756424708684
   881 2.36832123531361 1.25191780424099 0.40850150395261
   882 2.80116331173709 3.77841960265322 1.77203540223115
   883 2.95686036623901 3.82491906084983 1.99246837475788
   884 1.96606618495854 1.23711176434346 0.57483930947944
   885 1.79822406451415 0.93434722525260 0.61593512950915
   890 3.22114868478712 1.13676305267623 1.66279432281741
   899 3.26745569954631 0.91526309086819 2.87497170531193
   900 3.05001691557738 1.07496131082151 3.44341811651044
   903 2.94456873972158 0.68644851812301 3.62867854511825
   904 3.22951077440298 0.51264585266584 0.00058108341811
   905 2.47250829765286 1.95524249075588 2.84717939495396
   907 0.90122133742179 1.70173311905606 0.34842572982552
   908 0.74806691356246 1.74547975193672 0.07959276834360
   909 1.77941049635209 3.39609923200493 1.93710405038013
   910 2.01011936549841 3.42697013447561 1.66944823318344
   911 2.62992423167814 1.06776022467567 3.59012492054978
   912 2.42211378585652 1.46032152510352 0.10061167553677
   913 2.25011772789928 1.22777144357973 2.94265058117496
   914 2.11532265021509 1.66729363380057 2.84909101303925
   915 3.34492550026901 1.07767201131374 1.79178451277796
   916 3.97386152407855 1.21707101926779 1.70234964179021
   917 0.00992618019510 3.39431760991963 2.19680644620522
   918 3.84997066781955 3.52910490322146 2.26793872172510
   920 1.17380010859296 0.58343853086015 1.71621530396454
   922 2.66776057336472 0.74521150812733 3.69270813271558
   923 2.56580409826150 0.68432669877668 0.18920976835735
   926 0.14153843537033 3.72976132004220 3.39966264441119
   927 3.97608762969858 0.14071559127958 3.14650001425890
   928 1.42992859792720 0.97143068745235 1.54522942832946
   933 2.29755881584973 0.33595673680515 2.36065569314075
   938 1.83919789649693 2.45643000923885 0.74069529408692
   941 0.79872339677587 3.68947682925199 3.76095524878670
   942 0.60638783551722 3.61253242310052 3.41489871947361
   946 2.31618854654433 0.98022368451806 1.94090801384004
   948 3.01848687123088 1.25656032494169 1.89878370653757
   949 3.27157879939374 2.88591908391660 1.77680757360782
   952 3.39380871509423 1.48210151252907 1.18589268825036
   954 3.92001503613413 3.08415982780268 1.91671276773414
   955 0.12624645073469 2.50578523327283 2.12940970000308
   957 0.88790947040650 0.04031164371567 2.36580839671282
   958 1.06943808185011 0.04344389475842 2.76512026130085
   959 1.30052361765800 3.33970081014916 0.08778234567822
   960 1.55245068951172 3.03861999014551 3.91466665318624
   966 2.34546941989745 0.78773148304442 2.34446628784574
   970 2.67009231066710 0.16934956875607 2.45588184575054
   971 2.63549263902503 3.99818421424470 2.67374661858957
   972 0.02241917881429 0.07517699110797 1.34925613514564
   977 1.47212434990460 0.42658160622811 3.83407446615163
   978 1.18915002781392 0.35644534498950 3.70732094588474
   980 2.09830741042371 0.27340804336903 2.55675880349533
   982 1.21812084330052 0.24289480856965 2.16751352001094
   983 1.43344798054468 0.27838097056736 2.48691988004883
   984 1.86893934238430 0.08586219841366 2.46757304747804
   989 3.84727954393847 0.05252845807364 1.15176924540268
   992 0.47198947499208 2.87472602765727 1.45667901586697
   995 3.14243842686422 3.74638563903805 1.05368594520460
   997 0.25404084333013 3.88603342895392 0.49386230014322
   998 0.27494431637276 0.08780320903098 0.62917663660005
  1000 0.30569828731026 2.26535001571686 0.97705774109246
  1001 0.38960845883671 2.69751364433481 1.00567725455830
  1002 0.27190436232932 0.02472791719776 0.25390651112902
  1003 0.28487757733800 0.18380908905686 0.31550824992665
  1007 2.82814095288628 1.78645398991970 2.91259700987632
  1010 0.27402699557927 3.58074735183671 1.69182384192959
  1011 0.09950092849321 3.21253425205822 1.60653046616524
  1012 3.23320390400844 2.22912688001684 1.43423179122655
  1015 3.75968006664711 3.21767973736194 1.20793956655201
  1016 3.67906460683605 3.66773297407598 0.99735687791073
  1018 3.10281854093129 0.62592572031668 2.49170641314526
  1019 3.07324435766002 1.96917352456549 3.26124193824762
  1020 3.07401060388340 1.39740476336044 3.56986402906470
  1021 2.93134294533205 1.17940480763246 3.44196005501591
  1022 2.75980282508476 1.29842324592930 2.98142594395453
  1023 2.22355682667175 0.07018754900139 2.75715264138217
  1026 0.67880872430726 2.76397330420334 0.81999512046984
  1028 3.76549840812633 2.10871983276678 2.34616718083565
  1030 3.05602354189970 1.07313194186124 2.64926659078143
  1032 3.24722702534364 1.42043176459614 2.33177472827666
  1036 3.87561620914789 2.25168078979157 2.07599199330527
  1037 3.32357096009507 2.45225337368234 1.89413195856004
  1038 2.97067815029682 0.91661653389905 2.45621821470706
  1039 3.13862569036857 1.20200643435302 2.04723323149385
  1040 3.69975196884359 1.94131005457448 1.20181300293880
  1043 1.01692827691987 3.62234435439248 1.92778565156848
  1047 2.73029771228660 3.01656227903279 1.19530847699631
  1048 0.75356080246359 3.54692871993584 1.57441504105757
  1049 0.84196452119045 3.05341114180343 1.42287654944992
  1050 3.19796129628912 2.93862678806050 1.42880702699552
  1051 2.91893490123870 3.12946049917126 1.39098815731642
  1057 1.65937655356563 3.54547419409007 3.14089934936844
  1059 1.99093016561058 3.83312228265840 2.70187535365258
  1060 3.15991041216524 2.61003840647672 1.19075477644892
  1061 2.87527902058036 2.65365291346708 1.03813154616622
  1071 1.28191545688884 2.51448899341322 3.74892701381203
  1073 1.20028985768135 1.66045397380758 3.38341929719400
  1091 0.67960138037894 0.62939555965870 1.20824156379240
  1096 0.71166087593449 0.28206013093849 0.98185646274959
  1097 0.94039668257490 0.60951557838500 0.45099099984165
  1098 1.73421181163880 3.13396532929394 3.21314214995762
  1100 1.30778268564374 2.52029429812329 3.35014444010447
  1101 0.83526665940167 2.47944342978741 3.32407423627239
  1105 1.68104271923406 1.41069175906750 3.52108129658662
  1106 1.61907984219070 0.88490457422130 3.34282218143313
  1109 1.72995449472978 3.58687884583746 3.41852630061180
  1113 0.73268735371432 2.83956045870675 3.99044579812085
  1115 0.82659728393149 2.59433045394268 3.91633968856729
  1120 1.41315430099798 3.79978729950089 3.70750742195422
  1121 1.61602794242198 0.24207931823479 3.88604154847889
  1122 0.51735237525269 2.75886807658617 3.69484377964446
  1123 0.64749540983764 2.55178521967686 3.65254039293898
  1124 0.71535824158393 0.96948613090038 3.33235554126183
  1125 1.07597050085281 0.61355484908007 3.26392755038985
  1127 1.28549921729007 0.82819486110147 3.12540007696995
  1128 0.98825986432167 1.19689222263833 3.15178314762220
  1131 1.45931082411940 1.94842645407849 0.45119166872984
  1133 2.33025450117107 2.31166562116245 0.07164741508851
  1134 1.90589706920880 2.45719677974480 0.25072583867173
  1135 2.06403121329365 1.59426369854309 3.94628349874342
  1136 1.71081188907965 1.42380117643801 0.34321032869175
  1137 1.96047454200540 1.98164218361573 3.87891180168661
  1138 1.66461311564795 2.16946034797413 0.07650613679967
  1140 2.37698918344647 2.71529354937339 3.04741322310895
  1141 2.53703992937294 2.86011871967742 2.62851569829593
  1142 0.64312195715977 1.19737309820039 0.95472645960739
  1143 0.72864804473203 1.26425350882448 0.51427234223624
  1145 1.92857633277278 2.91606634024708 2.99812949623141
  1146 2.09832560201745 3.15947138353199 2.58230275165592
  1147 0.96223968281877 0.96404638165400 0.62304666075510
  1148 0.83346823608600 0.98956464524827 0.99762237469201
  1164 3.09191707980521 1.92576721737853 2.45192399218600
  1166 2.90114242548890 2.12116479340205 2.21715109491028
  1167 3.38470207673184 2.22524285428361 2.46053080771227
  1168 3.13741479487048 2.40041348426448 2.20884807647635
  1169 2.04099296253030 0.10732048098817 0.81267069198115
  1170 2.36145182315852 0.01634562946282 0.58726643886539
  1172 2.20214099208589 0.31549934103967 0.27760823736597
  1173 1.92991343330229 0.39172074785540 0.45014548532267
  1174 0.02446363510818 1.36771923479760 1.41149017515245
  1176 0.23828669709708 1.08905790749057 1.10299404263583
  1177 3.57731315696342 1.52206293105844 1.13442440913907
  1205 2.91225236641236 0.21169246265799 1.13248799206159
  1206 3.07699537260576 0.43888900417296 1.13094008304311
  1212 3.06581079303683 0.05183031492900 1.25053248985725
  1213 3.27433352790645 0.21724138373923 1.28561788201287
  1229 0.89677993935296 1.77590946776810 1.88063500941473
  1238 0.76680320757148 1.64409717777875 1.18639684605115
  1239 1.09528020942110 1.66562260424091 1.47711885562834
  1332 1.54698487054506 2.11721569748290 0.79247167908876
  1333 1.79077687132930 1.97380360792602 1.14389177754846
  1335 1.43081494926864 2.06438937309877 1.31150420129598
  1336 1.39517295261046 2.29723788189156 1.00448360794316
  1337 1.28339745598724 3.19083692271851 1.95431491192130
  1339 1.12933087670114 2.90757441470134 1.63419873668232
  1345 1.18173672026879 2.90891599340358 2.40198219487269
  1346 1.03308415004660 2.53769167851824 2.10282692357830
  1352 1.93441792507310 3.45116291524805 0.87686958892865
  1354 1.99752053545768 3.19936644000491 1.21473076127808
  1355 1.67634050170418 3.23336297340227 0.71727679440761
  1356 1.67418395986312 2.93155211216580 1.00632345644465
  1377 2.14233445607639 3.91966925320303 3.54981748638951
  1378 2.05899246822377 0.18939604742030 3.72781302951874
  1385 2.25168251373887 0.38582349791148 3.45910581492768
  1386 2.32542641967135 0.14168644710855 3.30942078341531
  1395 3.53537382980837 1.56725602715337 0.46788254554633
  1396 3.75691272295739 1.30247276412846 0.32003886809468
  1400 3.49917640358972 1.38648035530537 0.79470701342743
  1401 3.71381104274727 1.14278242753668 0.64489336844839
  1437 0.27734060328928 1.78158142234727 1.52655220912889
  1439 0.30426720657410 1.79782291660186 1.65271126610801
  1440 0.20690395781756 1.91240709385240 1.49784932246564
  1441 0.23489289540206 1.95563109322529 1.66684589379568
  1450 2.32629026118703 3.06775828347754 3.91829990670520
  1451 2.48594819942552 3.31312092052223 0.03156493191554
  1455 2.32688026125187 3.16981754156828 3.68538432215286
  1456 2.45780283292992 3.38605117989480 3.75996964037538
  1458 0.83390149137685 1.83044711416219 0.95699963997494
  1459 1.05159080303968 2.16011837780241 0.73392713692164
  1460 0.68242183629314 2.14853509352109 0.71092602999073
  1461 0.82225006175848 2.31347106173582 0.65717722733276
edges 766
16      2      0
17      0      8
32     16     41
33     41     37
34     37     18
84     58     59
85     59     52
93     59     47
101     76     72
102     72     14
111     72     69
177    115     47
181     59      0
189    115      8
218    143    139
224    134    136
225    136    147
229    140    136
231    143    140
232    149    156
246    152    163
247    163    157
272    171    191
273    191    169
284    185      2
292    177    180
293    180    185
295    171     18
303    174    177
313    199    198
363    220    215
382    230    243
389    241    236
390    236    243
391    231    240
395    231    241
398    235    240
419    254    174
433    260    261
438    264    261
486     16    295
487    295    290
496    295    288
501    292    288
524    260    199
526     58    185
537    310    191
544    195    311
553    311    315
554    315    310
584    264    332
588    163    336
596    339    284
597    311    339
612    354    346
623    347    346
624    354    315
625    343    347
629    243    356
632    147    356
636    343    143
641    365    358
642    358    364
669    139    347
690    376    241
700    214    380
736     41    396
737    396    394
760     11    364
766    403    336
767    399    403
774    157    405
775    405    403
776    119    410
782    406    410
785    408    288
786    406    408
825    410    220
835    365    422
839    425    215
843    425    422
844    396    295
849    406    425
850    394    408
886    169    436
890    439    440
892    230    439
895    241    439
921    413    447
947    171    457
998     36    473
1021    156    481
1042    488    489
1045     36    488
1048     16    488
1049     14    489
1079    500    502
1081    231    500
1083    236    502
1086    198    502
1109    199    510
1112    149    510
1153    191    524
1172     69    529
1194    413    538
1214    544    545
1218     36    545
1220     37    544
1221     41    545
1242    149    553
1243    261    553
1256    557    559
1260    394    559
1261    354    557
1263    399    559
1289    568    569
1290    553    568
1292    332    568
1293    152    569
1294    134    569
1301    300    571
1307     52    573
1308    277    573
1333    581    582
1336    339    581
1337    403    582
1339    354    582
1355    230    587
1410    115    605
1431    545    611
1432    473    611
1476    115    625
1486    629    630
1487    396    629
1490    290    630
1491     98    630
1492    429    630
1507    635    636
1510    569    635
1512    429    636
1513    332    636
1525    343    640
1528    432    640
1540      2    645
1546    647    648
1547     98    647
1549    429    647
1550    413    648
1552    635    648
1553    649    650
1554    136    649
1557    356    650
1558    587    650
1559    380    650
1584      8    658
1586     11    658
1591    660    662
1595    513    662
1602    394    663
1605    399    663
1612    346    667
1614    582    667
1615    668    669
1617    519    668
1618    291    668
1619    636    669
1621    290    669
1631    673    674
1634    422    673
1635    405    674
1636    663    674
1637    425    674
1648    513    678
1649    605    678
1658    544    681
1660     11    681
1691    691    692
1692    481    691
1693    436    691
1694    231    691
1697    376    692
1705    695    696
1706    310    695
1707    557    695
1708    171    695
1710    559    696
1711     37    696
1716    139    698
1718    529    698
1729    432    701
1760    571    711
1761    538    711
1762    460    711
1779    717    718
1780    524    717
1781    436    717
1782    240    717
1784    174    718
1785    235    718
1800    723    724
1801    481    723
1802    510    723
1803    500    723
1806    195    724
1807    725    726
1808    356    725
1809    538    725
1811    380    726
1813    660    726
1839    735    736
1841    447    735
1842    291    735
1843    152    736
1844    635    736
1845    668    736
1846    737    738
1847    399    737
1850    696    738
1853    739    740
1855    701    739
1856    457    739
1859    169    740
1920    177    758
1922    760    761
1923    152    760
1924    649    760
1925    157    760
1927    380    761
1930    762    764
1932    214    762
1934    761    764
1935    215    762
1937    405    764
1980     98    777
1988    180    780
1989    718    780
1998    783    784
2001    645    783
2002    758    784
2004    185    784
2023    791    792
2024    510    791
2027    724    792
2028    698    792
2037    795    796
2038    726    795
2039    513    795
2040    447    795
2041    761    796
2043    735    796
2044    797    798
2045    169    797
2046    481    797
2048    315    798
2049    724    798
2050    347    798
2051    799    800
2054    447    799
2055    571    800
2056    777    800
2057    413    800
2077    605    806
2106    816    817
2108    762    816
2110    667    817
2111    764    817
2117    581    819
2118    519    819
2119    336    819
2126    625    821
2130    519    822
2133     72    822
2142    358    826
2173    826    837
2176    300    837
2177    838    839
2178    439    838
2180    235    838
2181    440    839
2182    826    839
2183    254    839
2192    842    844
2196     76    844
2199    292    844
2208    660    847
2210    214    847
2232    822    854
2233    291    854
2270    277    866
2278    869    870
2281    406    870
2283    777    869
2284    365    870
2286    513    871
2287    799    871
2296    581    874
2297    822    874
2298     69    874
2307    799    877
2308    869    877
2318    838    881
2322    882    883
2324    758    882
2325    260    882
2326    473    883
2328    264    883
2329    884    885
2331    881    884
2332    235    884
2333    277    885
2335    780    885
2352    254    890
2377    899    900
2378    663    899
2380    629    899
2381    673    900
2391    903    904
2392     98    903
2394    900    903
2395    777    904
2396    837    904
2397    365    904
2399    140    905
2401    156    905
2405    907    908
2407    866    907
2409    220    908
2411    816    908
2412    909    910
2413    791    909
2414    783    909
2416    199    910
2417    784    910
2419    911    912
2420    432    911
2424    881    912
2425    230    912
2426    913    914
2427    432    913
2429    740    913
2430    343    914
2431    905    914
2432    797    914
2433    915    916
2434    611    915
2435    890    915
2437    544    916
2439    738    916
2440    917    918
2442    519    917
2443    489    917
2444    264    918
2445    669    918
2446    488    918
2451     18    920
2454      2    920
2456    922    923
2458    911    922
2459    903    922
2461    881    923
2462    837    923
2470    926    927
2472    877    926
2473    291    926
2474    288    927
2475    869    927
2476    290    927
2478    780    928
2479    920    928
2480    524    928
2495    758    933
2513    502    938
2521    941    942
2523    842    941
2524    806    941
2525    926    942
2526    844    942
2527    854    942
2538    946    948
2540    174    946
2542    890    948
2543    436    946
2545    692    948
2549    261    949
2556    890    952
2557    440    952
2558    376    952
2562    954    955
2564    949    954
2565    917    954
2566    284    955
2568    819    955
2571    957    958
2573     14    957
2574     76    958
2576     16    957
2577    292    958
2578    959    960
2579    806    959
2580     47    959
2583     61    960
2584    862    960
2602    740    966
2603    946    966
2604    933    966
2615    970    971
2617    933    970
2618    883    970
2619    429    971
2621    332    971
2625     36    972
2628     11    972
2638    977    978
2641    573    977
2642    842    978
2644    119    978
2649    739    980
2652    933    980
2654    982    983
2655     18    982
2656    957    982
2657    645    982
2658    457    983
2659    958    983
2662    783    984
2663    980    984
2664    983    984
2679    364    989
2680    972    989
2690    284    992
2696    571    995
2702    997    998
2704    605    997
2705    658    998
2707    871    997
2708    364    998
2711   1000   1001
2714    992   1001
2716    847   1000
2717    662   1001
2718   1002   1003
2719    877   1002
2720    997   1002
2721    941   1002
2722    870   1003
2723    998   1003
2724    119   1003
2740    905   1007
2743   1010   1011
2744    489   1010
2746    972   1010
2747    954   1011
2748    992   1011
2756    376   1012
2759   1015   1016
2760   1011   1015
2762    662   1015
2763    989   1016
2764    995   1016
2765    871   1016
2770    629   1018
2771    970   1018
2772    611   1018
2773   1019   1020
2774    649   1019
2775   1007   1019
2776    157   1019
2777    587   1020
2779    673   1020
2780   1021   1022
2781    911   1021
2782   1020   1021
2783    900   1021
2784    913   1022
2785   1007   1022
2788    980   1023
2790    971   1023
2798    678   1026
2799   1001   1026
2800    625   1026
2805    737   1028
2808    336   1028
2811   1030   1032
2813    899   1030
2815    737   1032
2816   1022   1030
2828   1036   1037
2829    955   1036
2830   1028   1036
2832    949   1037
2834   1012   1037
2835   1038   1039
2836    966   1038
2837   1030   1038
2838   1018   1038
2839    948   1039
2840   1032   1039
2841    915   1039
2843    847   1040
2845   1012   1040
2853    645   1043
2856     14   1043
2863    198   1047
2866    711   1047
2867   1048   1049
2868   1010   1048
2869   1043   1048
2870      8   1048
2871    992   1049
2873    625   1049
2874   1050   1051
2875   1015   1050
2877    949   1050
2878    995   1051
2879   1047   1051
2880    260   1051
2898   1057   1059
2900     76   1057
2902    984   1059
2905   1023   1059
2906   1060   1061
2907    660   1060
2908   1050   1060
2909   1012   1060
2910    725   1061
2911   1047   1061
2912    236   1061
2942    960   1071
2950    346   1073
2953    908   1073
3006    681   1091
3007    920   1091
3020   1096   1097
3021      0   1096
3022   1091   1096
3023    658   1096
3024    573   1097
3026    119   1097
3028    862   1098
3029   1057   1098
3030    529   1098
3034   1100   1101
3035    139   1100
3036   1071   1100
3037    529   1100
3038    667   1101
3040    874   1101
3050   1105   1106
3051    866   1105
3052   1073   1105
3053    640   1105
3054    977   1106
3056    701   1106
3067    862   1109
3070   1057   1109
3077    678   1113
3080    806   1113
3083   1071   1115
3084   1113   1115
3098   1120   1121
3099    842   1120
3100   1109   1120
3101    959   1120
3102    977   1121
3104     52   1121
3105   1122   1123
3106    854   1122
3107    796   1122
3108   1113   1122
3109   1101   1123
3110    817   1123
3111   1115   1123
3112   1124   1125
3115    410   1124
3116    978   1125
3118    408   1124
3119    292   1125
3121   1127   1128
3122    457   1127
3123   1125   1127
3124   1106   1127
3125    557   1128
3126   1124   1128
3127   1073   1128
3139   1133   1134
3141    147   1133
3142     61   1134
3144    243   1133
3145    938   1134
3146   1135   1136
3147    912   1135
3149    640   1135
3150    884   1136
3151   1131   1136
3152    866   1136
3153   1137   1138
3154   1135   1137
3155   1133   1137
3156    143   1137
3157   1131   1138
3158   1134   1138
3159   1071   1138
3162   1140   1141
3164    140   1140
3165    149   1141
3167    134   1140
3168    568   1141
3169   1142   1143
3173    907   1143
3176    220   1143
3178   1145   1146
3179   1098   1145
3180   1140   1145
3181    698   1145
3182   1059   1146
3183   1141   1146
3184    791   1146
3185   1147   1148
3186   1097   1147
3187   1143   1147
3188    277   1147
3189   1091   1148
3190   1142   1148
3191    928   1148
3241   1164   1166
3243   1007   1164
3245    156   1166
3246   1032   1164
3248    692   1166
3249   1167   1168
3250   1028   1167
3251   1164   1167
3252    163   1167
3253   1037   1168
3254   1166   1168
3255    553   1168
3256   1169   1170
3259     58   1169
3260    460   1170
3262    180   1169
3263    300   1170
3265   1172   1173
3266    923   1172
3267   1170   1172
3269    885   1173
3270   1169   1173
3271     52   1173
3273   1174   1176
3275    916   1174
3277    681   1176
3280   1142   1176
3282   1040   1177
3283   1174   1177
3284    952   1177
3370   1205   1206
3372    177   1205
3373    254   1206
3375    300   1205
3376    826   1206
3393   1212   1213
3394    882   1212
3395    995   1212
3396   1205   1212
3397    473   1213
3398    989   1213
3399   1206   1213
3446    311   1229
3449    310   1229
3475   1238   1239
3476   1142   1238
3479    524   1239
3480   1229   1239
3777   1332   1333
3780    938   1332
3781    500   1333
3783   1131   1332
3784    240   1333
3786   1335   1336
3787   1239   1335
3788   1333   1335
3789    195   1335
3791   1332   1336
3792    821   1336
3794   1337   1339
3796    909   1337
3798    821   1339
3799   1043   1337
3801   1049   1339
3818   1345   1346
3819   1337   1345
3820     69   1345
3821    792   1345
3822   1339   1346
3823    339   1346
3824    195   1346
3842   1352   1354
3844    460   1352
3846    198   1354
3847     58   1352
3849    910   1354
3850   1355   1356
3851     47   1355
3852   1352   1355
3853     61   1355
3854    821   1356
3855   1354   1356
3856    938   1356
3921   1377   1378
3925   1172   1378
3927   1109   1377
3928   1121   1378
3946   1385   1386
3947    922   1385
3948   1378   1385
3949    701   1385
3950    647   1386
3951   1377   1386
3952   1023   1386
3978   1395   1396
3980    587   1395
3981    214   1395
3983    422   1396
3984    215   1396
3994   1400   1401
3995   1395   1400
3996    440   1400
3997   1177   1400
3998   1396   1401
3999    358   1401
4000   1176   1401
4114   1437   1439
4116   1238   1437
4118   1229   1439
4119   1174   1437
4121    738   1439
4122   1440   1441
4123   1040   1440
4124   1437   1440
4125   1000   1440
4126   1036   1441
4127   1439   1441
4128    284   1441
4154   1450   1451
4155    147   1450
4157     61   1450
4158    538   1451
4160    460   1451
4170   1455   1456
4171    862   1455
4172    134   1455
4173   1450   1455
4174   1377   1456
4175    648   1456
4176   1451   1456
4179   1458   1459
4181    907   1458
4182   1131   1459
4184   1238   1458
4185   1336   1459
4186   1460   1461
4187   1000   1460
4188   1458   1460
4189    816   1460
4190   1026   1461
4191   1459   1461
4192   1115   1461
polygons 447
0   1540   2451   2454   2655   2657
3     16     17   1540   2853   2869   2870
4     16   2454   3007   3021   3022
5   2573   2656   2657   2853   2856
7     32     33     34   2576   2655   2656
10   1584   1586   2628   2746   2868   2870
11     17   1584   3021   3023
13   1586   1660   3006   3022   3023
15   1214   1218   1658   1660   2625   2628
16   1049   2744   2856   2868   2869
17   1042   1048   1049   2573   2576
18     32   1045   1048   1218   1221
19     34   1220   1658   2451   3006   3007
21   1042   1045   2625   2744   2746
22     33   1214   1220   1221
23   3844   3852   3853   4154   4157   4160
27   3260   3267   3921   3925   4160   4174   4176
28     84     85   3259   3270   3271
29   3256   3259   3260   3844   3847
30   3104   3265   3271   3925   3928
31   2578   2584   3067   3100   3101
32     85     93   2580   3098   3101   3104
33     93     84   3847   3851   3852
34   2578   2580   2583   3851   3853
36   2583   2584   4157   4171   4173
37   2574   2659   2664   2898   2900   2902
38    101    102   2571   2573   2574
39   2001   2414   2853   3796   3799
40   2023   2413   3796   3819   3821
42    102    111   2856   3799   3819   3820
43   2413   2414   2662   2902   3182   3184
44   1172   1718   2028   3820   3821
45    111    101   1172   2900   3029   3030
47   1486   1492   2615   2619   2770   2771
48   2380   2770   2813   2837   2838
49   1491   1492   1547   1549
51   2394   2458   2459   2781   2783
54   1547   2392   2459   3946   3947   3950
56   1729   2420   2458   3947   3949
57   1549   2619   2790   3950   3952
58   1853   2602   2604   2649   2652
60   2420   2427   2780   2781   2784
61   1729   1853   1855   2427   2429
62   2429   2602   2784   2816   2836   2837
63   1486   1491   2377   2380   2392   2394
67    177   1410   2077   2579   2580
68   1307   2641   3102   3104
69     85    181   1307   3020   3021   3024
70   2638   2641   2644   3024   3026
71    177    189     17    181     93
73    189   1410   1584   2702   2704   2705
75   2638   2642   3098   3099   3102
76   2523   2524   2579   3099   3101
77   2523   2642   2644   2718   2721   2724
78   2705   2723   2724   3020   3023   3026
81   2077   2524   2704   2720   2721
82   2583   2942   3142   3158   3159
83   1716   1718   3035   3037
84    218   3035   3036   3153   3156   3159
85   3139   3141   3142   4155   4157
86   2584   2942   3028   3030   3036   3037
87    224    225   4155   4172   4173
88    229    224   3164   3167
89   3028   3167   3179   3180   4171   4172
90    218    231   1716   3164   3180   3181
91    229    231    225   3141   3155   3156
92    232   1242   3245   3254   3255
93    232   2399   2401   3162   3164   3165
94   1242   1290   3165   3168
95    246    247   1923   1925
96    224   1293   1294   1554   1923   1924
97   1924   1925   2774   2776
100   1289   1294   3162   3167   3168
101    246   1289   1290   1293   3249   3252   3255
102   2401   2740   3241   3243   3245
103    247   2775   2776   3243   3251   3252
104    229   1554   2399   2740   2774   2775
107   1856   2649   2658   2663   2664
108    272    273    947   1853   1856   1859
109    273    886   1153   1780   1781
110    886   1859   2543   2602   2603
111    284   1540   1998   2001   2004
112    292    293   1920   2002   2004
114    295    272   1153   2451   2479   2480
115    295    947   2654   2655   2658
119    303   1920   2495   2540   2603   2604
121   1779   1780   1989   2478   2480
122    292    303   1784   1988   1989
123   1779   1781   1784   2540   2543
124    284    293   1988   2454   2478   2479
125   1998   2002   2495   2652   2662   2663
126    313   1079   1086   1109   1802   1803
127   1800   1803   1806   3781   3788   3789
128   1086   2513   3846   3855   3856
129   1109   2024   2412   2413   2416
130   1806   2027   3818   3821   3824
131   2412   3794   3796   3798   3849   3854   3855
133   3786   3789   3792   3798   3822   3824
134    313   2416   3846   3849
135   1932   2108   2210   2716   4187   4189
136   2210   2843   3282   3981   3995   3997
139   3273   3280   3476   4116   4119
141   2405   2411   4181   4188   4189
143   3169   3173   3476   4181   4184
145    363   3169   3176   3280   3984   3998   4000
146   2405   2409   3173   3176
148   1932   1935   3978   3981   3984
149    363   1935   2108   2409   2411
150   4116   4124   4125   4184   4187   4188
151   2578   2579   2942   3080   3083   3084
152   1172   2298   3034   3037   3040
154   3028   3029   3067   3070
155   2192   2196   2900   3070   3099   3100
156    101   2133   2196   2232   2526   2527
159    111   2133   2297   2298
160    892   2178   2318   2424   2425
161    382   2425   3144   3147   3154   3155
162    389    390    382    892    895
163    391   1081   3781   3784
164    395    398    391    895   2178   2180
165    389    395   1079   1081   1083
166    390   1083   2513   3139   3144   3145
167   2331   2424   3146   3147   3150
169    398   2332   3150   3151   3777   3783   3784
171   2180   2318   2331   2332
173   1432   2352   2434   2435   3373   3397   3399
174   1920   2324   3372   3394   3396
176    419    303   3370   3372   3373
178    419   2352   2538   2540   2542
179   2435   2542   2839   2841
180   1432   2326   2618   2771   2772
181   2434   2772   2835   2838   2841
182   2325   2878   2880   3394   3395
183    433   2549   2874   2877   2880
184    438    433   2322   2325   2328
185    438   2440   2444   2549   2564   2565
186   2443   2565   2743   2744   2747
187   2564   2747   2760   2875   2877
188    998   2625   2680   3397   3398
191    998   1045   2326   2328   2444   2446
192   1528   1729   3050   3053   3056
193   2270   2329   2333   3150   3152
194   2456   3266   3925   3947   3948
195   1307   1308   2333   3269   3271
199   1308   2270   2641   3050   3051   3054
200   3054   3056   3102   3928   3948   3949
201   2714   2717   2748   2760   2762
202   2690   2711   2714   4122   4125   4128
203   2832   2834   2877   2908   2909
204   2208   2843   2845   2907   2909
205   2566   2829   4126   4128
207   2562   2566   2690   2747   2748
210   2196   2199   2574   2577
211    486    487   1048   1621   2445   2446
212    102   1049   2130   2133   2442   2443
213   1617   1618   2130   2232   2233
214   1615   1618   1621   2470   2473   2476
215    487    496   2474   2476
216   2233   2473   2525   2527
217    501    496    486   2571   2576   2577
219    501   2199   2470   2474   2525   2526
223   1301   2696   3375   3395   3396
224   1760   2696   2866   2878   2879
226   1301   1760   1762   3260   3263
227    292   3256   3262   3263   3372   3375
228   1762   2863   2866   3842   3844   3846
230    524   2002   2324   2325   2416   2417
231    313    524   2863   2879   2880
234    526   2004   2417   3842   3847   3849
235    293    526   3259   3262
240    537   1153   3449   3479   3480
241   1780   1782   3479   3784   3787   3788
243    544   3446   3480   3787   3789
244   1081   1692   1694   1801   1803
246    391   1693   1694   1781   1782
248    553    554   3446   3449
249    554    273    537   2044   2045   2048
250    544    553   1806   2048   2049
251    886   1692   1693   2045   2046
253   2039   2040   2054   2286   2287
254   1841   1842   2054   2307   2472   2473
255   1842   2043   2233   3106   3107
257   2472   2521   2525   2719   2721
258   1648   1649   2286   2704   2707
261   1293   1510   1843   1844
262   1289   1292   1507   1510   1513
263    438    584   1243   1290   1292
264    584   1513   1619   2444   2445
265    588   2808   3250   3252
266   1243   2549   2832   3253   3255
267   2119   2568   2808   2829   2830
268    588    246   1617   1843   1845   2118   2119
269   1507   1615   1619   1844   1845
270   2126   2873   3798   3801
271   2714   2799   2800   2871   2873
272    596   2690   2871   3801   3822   3823
273    544    597   3823   3824
274    596    597   3446   4118   4127   4128
275   1525   1528   2426   2427   2430
276    537    272   1706   1708
277   1859   2045   2426   2429   2432
279    612   1261   2950   3125   3127
280    947   1707   1708   3121   3122   3125
281   1855   1856   3056   3122   3124
284    623    612    624   2048   2050
285    625   2044   2050   2430   2432
286    623    625   1525   2950   3052   3053
287    624    554   1261   1706   1707
289   1355   2419   2425   2777   2781   2782
290    382    629   1355   1557   1558
291    632    629   3141   3144
294    636   1525   3149   3154   3156
295    231    636   2399   2430   2431
296    632    225   1553   1554   1557
297    641   2142   2173   2396   2397
298    642   2142   2679   3376   3398   3399
299    641    642   2284   2708   2722   2723
300   2679   2702   2707   2708   2763   2765
301   1301   2055   2056   2176   2395   2396
302   2051   2055   2287   2696   2764   2765
303   2173   2176   3370   3375   3376
304   2278   2283   2284   2395   2397
305   2270   2407   3173   3187   3188
306   2333   2335   2478   3185   3188   3191
307   3783   3791   4182   4185
309   1785   1989   2329   2332   2335
310   2480   3190   3191   3475   3476   3479
311   2407   3151   3152   4179   4181   4182
313    398   1779   1782   1785
314   1021   2046   2401   2431   2432
315    669   1716   2027   2028   2049   2050
316   1112   2024   3165   3183   3184
319    232   1021   1112   1801   1802
320    669    218    636    625
322   3142   3145   3850   3853   3856
323   1083   1086   2863   2911   2912
326   1761   1762   4158   4160
327   1761   1809   2866   2910   2911
328    629    390   1808   2910   2912
329    632   1808   1809   4154   4155   4158
331   1292   2621   2790   2905   3168   3182   3183
332   1512   1513   2619   2621
333   1294   1510   1552   4170   4172   4175
334    690    389   2756   2906   2909   2912
335   1557   1559   1807   1808   1811
336   1807   1813   2906   2907   2910
338    890    892   1355   3980   3995   3996
339    700   1558   1559   3980   3981
341   2558   2756   2845   3282   3284
342    690    890    895   2557   2558
343    700   1811   1813   2208   2210
345   2557   3284   3996   3997
348   1846   2433   2439   2815   2840   2841
349   2545   2839   2840   3241   3246   3248
350   2805   2815   3246   3250   3251
351   1697   2756   2834   3248   3253   3254
352   2439   3275   4114   4119   4121
353   1697   2542   2545   2556   2558
354   1846   2805   2830   4121   4126   4127
355    433    524   1109   1112   1242   1243
358    584   2328   2615   2618   2621
360   1263   1710   1846   1847   1850
361   1220   1711   1850   2437   2439
362   1260   1263   1602   1605
363     33    736    737   1260   1710   1711
364    736   1221   1431   1487   2770   2772
365    737   1487   1602   2378   2380
369   1605   1847   2378   2811   2813   2815
372   1410   1476   1649   2798   2800
373   3083   3157   3159   4182   4191   4192
376    177   1476   2126   3850   3851   3854
378    189   1476   2867   2870   2873
380   1595   2286   2759   2762   2765
382    760   1586   2705   2708
384   1595   1648   2717   2798   2799
386    760   2628   2679   2680
387    597    553    624   1333   1336   1339
388    596   1336   2117   2566   2568
389    766   1333   1337   2117   2119
390    767   1256   1261   1263   1337   1339
391    766    767   1847   2805   2808
393   1705   1706   1850   3449   4118   4121
395   2785   2811   2816   3243   3246
397   2381   2779   2782   2783
398    774   1631   1635   2773   2776   2779
399    775    767   1605   1635   1636
400    774    247    588    766    775
401    776   2644   3112   3115   3116
402    782    776   2281   2722   2724
403   2192   2199   2642   3116   3119
404    785    501   3112   3118   3119
405    782    786   3115   3118
406    786    785   2278   2281   2474   2475
407   2308   2470   2472   2475
408   1194   1760   1761   2055   2057
409   1194   1550   4158   4175   4176
411   1546   1547   1550   1980   2056   2057
412   2176   2462   3263   3266   3267
414   1980   2391   2392   2395
417   1612   2106   2110   2411   2950   2953
418    623    669   1612   3034   3035   3038
420   1591   1595   1813   2038   2039
422    921   2051   2054   2057
423    921   1194   1807   1809   2038   2040
424   1934   2041   2111   3105   3107   3110
425    774   1922   1925   1934   1937
426   1839   1843   1922   1923   2041   2043
427   1333   1614   2296   3038   3040
428   2117   2118   2130   2296   2297
429   1618   1839   1842   1845
430    775   1337   1614   1937   2110   2111
432   2638   3054   3116   3123   3124
434   2577   2658   2659   3119   3122   3123
436   1553   1559   1922   1924   1927
437   1811   1927   2037   2038   2041
439    921   1550   1552   1839   1841   1844
440   1490   1492   1512   1619   1621
441   1490   1491   1980   2283   2475   2476
444   1336   2296   2298   3818   3820   3823
445   1988   2335   3262   3269   3270
446   1308   3024   3186   3188
447    284    526     84    181     16
449    776    825   3026   3176   3186   3187
450    825   2409   2953   3115   3126   3127
454   2173   2177   2182   2318   2461   2462
456   1634   2777   2779   3978   3980   3983
458    835   1634   2381   2391   2394   2397
460   2142   2181   2182   3994   3996   3999
461    641    835   3983   3998   3999
462    839   1635   1637   1930   1935   1937
463    700   1927   1930   1932   1934
466    839    843   3983   3984
467    843   1631   1634   1637
468    844    487   1486   1487   1490
469     32    486    844    736
470    998   1218   1431   1432
473   2181   2183   2352   2556   2557
474    419   1784   1785   2177   2180   2183
475    395    690   1691   1694   1697
477   1021   1691   1692   3245   3248
478   2182   2183   3373   3376
479    786    849    850   1602   1636   1637
480    850    737    844    496    785
481    835    843    849   2281   2284
482    760    642   1660   3277   3999   4000
483   3006   3189   3190   3277   3280
484    363    839    849    782    825
485    850   1256   1260   3118   3125   3126
486     34    295   1705   1708   1711
488   1658   2437   3273   3275   3277
489    612   1339   1612   1614
491   1507   1512   1546   1549   1552
492   1528   2419   2420   3147   3149
493   1691   1693   2538   2543   2545
494    890   2177   2178   2181
495   2118   2442   2562   2565   2568
496   1591   2762   2875   2907   2908
497   1841   2037   2040   2043
501   1546   3950   3951   4174   4175
503   2322   2326   3393   3394   3397
506   1800   1801   2044   2046   2049
508   1042   2440   2443   2446
510   2798   3077   3084   4190   4192
511   2110   3038   3109   3110
512   1079   2513   3777   3780   3781
515   1800   1802   2023   2024   2027
516   1648   2037   2039   3077   3107   3108
518   1615   1617   2440   2442   2445
521   1718   3030   3179   3181
523   2001   2654   2657   2662   2664
524   1214   1431   2433   2434   2437
525   2287   2307   2707   2719   2720
527   1256   1705   1707   1710
531   1553   1558   2773   2774   2777
533   1855   2649   2788   3946   3949   3952
536   1649   2077   3077   3080
539   2126   2800   3792   4185   4190   4191
541   3051   3053   3146   3149   3152
542   2023   2028   3178   3181   3184
544   1591   2208   2711   2716   2717
545   1631   1636   2377   2378   2381
547   2051   2056   2283   2307   2308
548   2716   2843   4123   4125
552   2106   3110   3111   4186   4189   4192
553   3780   3791   3792   3854   3856
554   2329   2331   2461   3265   3266   3269
555   2322   2324   2495   2617   2618
556   1930   2106   2108   2111
558   1998   2412   2414   2417
559   3067   3927   4170   4171   4174
562   2521   2524   2527   3080   3106   3108
564   2232   2297   3040   3105   3106   3109
565   2405   2407   2953   3051   3052
566   3145   3157   3158   3780   3783
567   2391   2396   2456   2459   2462
568   2192   2521   2523   2526
571   2426   2431   2740   2784   2785
572   2278   2308   2718   2719   2722
573   2419   2424   2456   2458   2461
574   2377   2780   2783   2813   2816
575   2433   2435   2556   3275   3283   3284
576   2604   2617   2771   2836   2838
577   2479   3007   3189   3191
578   2615   2617   2652   2788   2790
580   2538   2603   2835   2836   2839
581   2562   2564   2828   2829   2832
582   2571   2654   2656   2659
583   2763   2764   3393   3395   3398
584   2680   2743   2746   2759   2760   2763
585   2663   2788   2902   2905
586   2743   2748   2867   2868   2871
587   2759   2764   2874   2875   2878
588   2702   2718   2720   2723
589   2711   2799   4186   4187   4190
590   2898   2905   3070   3927   3951   3952
591   2773   2775   2780   2782   2785
592   2828   2834   2845   4122   4123   4126
593   2828   2830   3249   3250   3253
594   2811   2835   2837   2840
595   3282   3283   4119   4123   4124
596   2867   2869   3794   3799   3801
597   2874   2879   2906   2908   2911
599   2898   3029   3178   3179   3182
600   3020   3022   3185   3186   3189
602   3034   3036   3083   3109   3111
603   3050   3052   3121   3124   3127
609   3098   3100   3921   3927   3928
610   3084   3105   3108   3111
612   3112   3121   3123   3126
613   3146   3151   3153   3154   3157
614   3139   3153   3155   3158
615   3162   3178   3180   3183
616   3169   3185   3187   3190
620   3241   3249   3251   3254
621   3256   3265   3267   3270
622   3273   3283   3994   3997   4000
628   3370   3393   3396   3399
630   3475   3786   3787   4179   4184   4185
631   3475   3480   4114   4116   4118
652   3777   3786   3788   3791
653   3794   3818   3819   3822
656   3842   3850   3852   3855
661   3921   3946   3948   3951
663   3978   3994   3995   3998
671   4114   4122   4124   4127
673   4154   4170   4173   4176
674   4179   4186   4188   4191
cells 64
0      0      3      4      5      7     10     11     13     15     16     17     18     19     21     22
1     23     27     28     29     30     31     32     33     34     36    559    609    621    673
2     37      5     38     39     40     42     43     44     45    521    523    542    582    599
3     47     48     49     51     54     56     57     58     60     61     62     63    533    574    576    578
4     32     67     68     69     70     11     71     73     75     76     77     78     81    588
5     82     83     84     85     86     36     87     88     89     90     91    521    614
6     92     93     94     95     96     97     88    100    101    102    103    104    620
7    107    108     58    109    110    111    112    114    115    119    121    122    123    124      0    125    523
8    126    127    128    129    130    131     40    133    134    512    515    553    652    653
9    135    136    139    141    143    145    146    148    149    150    548    595    622    663
10    151    152     86     45    154     76    155    156     31    159    562    564    568    602    610
11    160    161    162    163    164    165    166    167    169    171    512    566    613    614
12    173    174    176    178    179    119    180    181    503    555    576    580    628
13    182    183    184    185     21    186    187    188    191    503    508    583    584    587
14    167    192    193    194     56    195     30    199    200     68    492    541    554    573
15    201    202    203    204    205    187    207    496    544    548    581    592
16     17    210     38    211    212    213    214    215    156    216    217    219    508    518
17    182    223    174    224    226    227     29    228    230    231    112    134    234    235
18    240    241    163    243    127    244    246    109    248    249    250    251    506
19    253    254    255    216    257    258     81    497    516    525    536    562
20    261    262    263    264    185    265    266    267    268    269    101    495    518    581    593
21    270    271    243    272    202    133    273    150    274    539    589    630    631    671    674
22    275     61    276    249    108    277    279    280    281    284    285    286    192    287    603
23    289    104    290    291    275    294     91    295    296    161     60    492    531    571    591
24    297    298    299    223    300    301    302    303    304    525    547    572    583    588    628
25    121    241    305    169    193    306    307    143    309    310    311    313    616    630    652
26    314    285    315    316     93    319    320    295     90    506    515    542    615
27     85    322     23    228    128    323    326    327    328    329    166    291    656
28    331    154     57    332    333    100     89    262    491    501    559    590    599    615
29    162    334    328    290    335    336    338    339    341    342    343    204    136    345
30    348    349    350    351    179    352    353    341    354    575    592    593    595    620    671
31    129    355    125    331    230    184     43    316     94    358    263    555    558    578    585
32    360    361    362    363    364    365    348     48     22    369    181    524    594
33    322     82    372    307    373    376     34     67    151    510    536    539    553    566
34    372     73    378    380    271     10    258    382    384    201    386    300    584    586
35    387    388    389    390    391    360    267    393    274    205    354    287    248    527
36    395    103    391    369    265    350    397    398    399    400    545    574    591
37     77    401    402    403    404    405    406    257    219    407    568    572
38    408    326    409    411    412    226    414    194     27     54    301    501    567    661
39    311    417    286    373    418    141    294     84    320    511    541    552    565    602    613    674
40    224    336    380    253    302    408    420    422    423    327    496    587    597
41    424    425    426     95    427    428    213    255    429    430    389    400    268    511    564
42    155     37    432    210     75    403    107    200    281    434    533    585    590    609    661
43    436    437    335    439    261    426    423    333    409    296     87     96    329    497    673
44    429    439    269    440    422    254    411    441    214     49    407    491    547
45    428    212    388    272    444    159     42    207     16    186    495    586    596    653
46    445    195     28     69    446      4    235    124    447    306    577    600
47    401    432    199    305    446     70    449    450    146    565    603    612
48    454     51    297    289    160    456    397    458    338    460    461    494    567    573    663
49    456    398    462    148    463    339    425     97    436    466    467    531
50    468    440    211    191    358    364     47     18    469    264    470    332    180
51    353    178    473    474    246    475    123    164    342    313    493    494
52    351    334    266    355    475    231    323    126     92    244    203    183    319    477    165    597
53    445    227    122    474    309    412    171    454    478    303    176    554    621
54    270      3    378    447     71    376     33    111     39    131    234    558    596    656
55    424    384    135    437    420    343    463    510    516    544    552    556    589    610
56    441    406    479    480    468    215    365    414    304    458     63    481    467    545
57    482    483    466    299    382    449     13    402     78    461    145    484    481    600    616
58      7    280    434    363    480    485    404    469    217    486    115    527    582    612
59    477    314    102    277     62    251    349    395    110    493    571    580    594
60    139    483    393    488    352    361    276    240    114    486     19    310    577    631
61     15    482    478    473    460    488    345    470    173    298    188    386    524    575    622
62    387    489    427    130     44    418    315     83    444    273    284    152    250
63    149    484    450    390    489    279    362    485    417    479    405    462    430    399    556
