vertices 383
     0 0.97203728704962 0.03159926504858 1.06955597438830
     2 1.35902187359853 0.20609245483580 1.60392648468913
     8 0.86076501325559 3.92152175910083 1.07154351917750
    11 0.22266892854923 0.31825620287966 1.06297149521960
    14 0.82299960691113 3.73283681274970 2.16295643875673
    16 0.26548867033403 0.31128620854418 2.32388667363846
    18 1.11058220703845 0.66088320840219 1.93144636222465
    36 3.86994960188131 0.25971111390765 1.70890906177866
    37 0.45801978631419 0.78244464670734 2.02983017145212
    41 0.20865281448627 0.45095747945332 2.27328761024712
    47 1.40590831606179 3.47431677185471 0.57383138524729
    52 1.62790881493516 0.36923295227071 0.20941204958406
    58 1.82290924084312 3.88934359345772 0.88276610287405
    59 1.49858725167534 3.88213251750580 0.70488503175823
    61 1.84891059584682 2.99039548356487 0.09317319303260
    69 1.00786336882730 3.06028694242218 2.69224152075387
    72 0.90577191077628 3.26611431667511 2.68827998086616
    76 1.13117080286808 3.79365415851744 2.92813728577633
    98 3.06147249705675 0.35031874403600 3.34949889102527
   115 1.01408292609946 3.39616995825794 0.73867657351043
   119 0.75587267627656 0.60251121856802 0.09821866483944
   134 2.58671021490851 2.84256675265532 3.22922390740659
   136 2.62559905386158 2.49860064212588 3.38994121870298
   139 1.61977791009955 2.30837646837337 3.08783730720912
   140 2.37562303023403 2.34339570112963 3.10574944617126
   143 1.97767773041164 2.09773069356222 3.21683825821821
   147 2.50401497179762 2.51064870634944 3.90111183130963
   149 2.62414487514935 2.71428241758554 2.26121915963559
   152 3.38779805526740 2.83035915445297 3.02058575180108
   156 2.61361226797788 2.25866588807978 2.23511848577727
   157 3.45092280381912 2.29279470043424 3.10005188980146
   163 3.53791855637288 2.43062350923789 2.76273065469875
   169 1.88406091393364 1.29688135893173 2.20695542268733
   171 1.28872949991908 1.07892562578537 2.18937305437888
   174 2.27286234619295 0.83772968018193 1.51215147256934
   177 2.23261239300847 0.40311699289976 1.45121712497452
   180 2.03330161096945 0.37593472785911 1.32743283458546
   185 1.82289892988959 0.11700504636592 1.43773759819726
   191 1.39080943329212 1.22100445823249 2.09325566495123
   195 1.20861293361100 2.39616591176093 2.01105592051485
   198 2.41721094250628 3.03040531576776 1.27983924513778
   199 2.43525068325912 3.16426891538183 1.61761536108530
   214 3.77964257857771 2.07488457825096 0.38831031214719
   215 0.18047823939928 1.47766546583316 3.99375944720908
   220 0.48876604818771 1.41109811404252 0.03618843343589
   230 2.71338417054947 1.81142503599699 0.19276935054791
   231 2.24390423274562 2.10079653989192 1.23579880963175
   235 2.11539563526475 1.39386173256460 0.84019838647003
   236 2.51962703472826 2.34756891604065 0.94872313104874
   240 1.97489060500966 1.79330456681757 1.13178898696955
   241 2.54958770381980 2.14769316924746 1.04328531437384
   243 2.56809002179265 2.29459154576270 0.17065821761851
   254 2.97147273537218 0.88056796271633 1.19940576106585
   260 2.78809634738944 3.25024969169650 1.64011850001076
   261 3.02008673207839 3.10319741467627 1.89532619225872
   264 3.13572504678969 3.47436052884297 2.12781774145710
   277 1.54130354325665 1.03128565049755 0.38256411166439
   284 0.42854132409532 2.47156013500880 1.84206201600360
   288 0.20430567464408 0.41268368351316 2.90333814835363
   290 3.87202450723805 0.18667964687569 2.93933126325903
   291 0.03925381543416 3.30395833694856 3.20288920140623
   292 0.94426817292881 0.19671403530877 2.92728196632919
   295 0.09552559612939 0.40921345897821 2.73817623186625
   300 2.80501205243910 0.12580668042102 0.64141743647253
   310 1.04606980791501 1.56000495354493 2.19186651252421
   311 1.01146977210858 2.19814031788116 2.07872576568031
   315 1.11371789057542 1.86771476300697 2.37697020198202
   332 2.99518788249606 3.43826498377882 2.50138623960558
   336 3.92568361652436 2.30928685257357 2.57316830807593
   339 0.82606363914170 2.44376869814990 2.10623054970020
   343 1.95862115958506 1.83977424120035 3.00666223219683
   346 1.16331437264360 1.93142270787968 3.10846650678888
   347 1.56766780835757 2.05628155726931 2.98392081321646
   354 0.91188785367549 1.83235014322941 2.73599004461744
   356 2.69979764527806 2.41934961733136 0.07371802620016
   358 3.62294702849084 0.84697255259131 0.53826717212989
   364 0.06899413512939 0.29033166129620 0.90610417630435
   365 3.65283795389508 0.79702777172260 0.10617293111797
   376 3.03209656452514 2.06372316898204 1.37005244193264
   380 3.50917462435863 2.47067947602299 0.11832487569660
   394 0.20691614835434 1.12591735248017 2.89667281380163
   396 0.04357516771038 0.54322627168094 2.67039265989326
   399 0.16713888193878 1.50649632855364 2.71223277571560
   403 0.18871815750594 2.00523008247200 2.88158449279158
   405 3.99399969736755 1.99863758746989 3.22912154503998
   406 0.23433258346283 1.05848723899950 3.69375498140765
   408 0.34897287899214 0.98013620005968 3.15786180847645
   410 0.47908476512641 1.08758930642723 3.77391643999451
   413 3.14308446552110 3.51801642670436 3.93969253811882
   422 3.72170630374699 1.18884787777805 3.99057864785891
   425 0.04901571599383 1.28867243885452 3.78091614665348
   429 2.93569338746711 0.06726182401942 2.97975514289317
   432 2.16381686793796 1.18107164465192 3.14282271363770
   436 2.07681789781162 1.27712989140983 1.88383742806153
   439 2.71723651527825 1.64599492298317 0.59135807718846
   440 3.32751758047445 1.40941735235243 0.81487921897915
   447 3.48957167826162 3.36242717756873 3.91872637183649
   457 1.51914886652476 0.75055005834739 2.56304640472737
   460 2.42945940266183 3.63628802077758 0.46102781075737
   473 3.49355395994981 0.31277909221206 1.69781252681210
   481 2.30962484116616 2.09602040155309 1.94246062295772
   488 0.08336688619582 3.86108140108197 2.05569968544083
   489 0.22479497769728 3.69296836647026 2.00105361049914
   500 2.15171060793205 2.22681443809013 1.21632015131136
   502 2.25983910172190 2.41886038017925 1.05968578873827
   510 2.27316812423919 2.88954648930776 1.91174606067335
   513 0.01854544695039 3.13639492088810 0.51701320122732
   519 0.18516952368704 3.06360478811315 2.60431605604984
   524 1.47973207105401 1.17375248388237 1.58230844180546
   529 1.48476354004779 2.85038708868001 3.05038200758862
   538 2.80740781491103 3.34518046692629 0.16918652896675
   544 0.20065102958943 0.79083560498928 1.70316124295892
   545 3.91639251494831 0.47957362306400 1.84287684356115
   553 2.92838455468773 2.80152469943169 2.22763346417887
   557 0.81340322589320 1.51848306469136 2.68658307767700
   559 0.36189784197000 1.38162237053918 2.66457860709204
   568 2.91694523524796 3.04164751313833 2.55588296368548
   569 3.14169705455128 3.03435593235250 2.96207630894985
   571 2.94576072246687 3.84203039399397 0.60260401648922
   573 1.45682789024231 0.58372028320791 0.16353401973676
   581 0.53517953916840 2.53335608775600 2.54726066979667
   582 0.58655538819699 2.16174732828478 2.85771045177542
   587 2.95591173414640 1.81597862774448 0.05730322604942
   605 0.75829078445367 3.34799211120903 0.43274088729285
   611 3.52694883161274 0.56237303674720 1.84688137061472
   625 0.97850178940382 3.04061805347639 1.00266775313742
   629 3.29810572784960 0.68315614342356 2.73838032633563
   630 3.19492776811351 0.33128519349914 3.04230415516222
   635 3.18312100502080 3.14545936933597 3.00662817699547
   636 3.18847822778279 3.48922819871804 2.74284919297031
   640 1.92267397789756 1.49078878091468 3.37132521415518
   645 1.35548509024317 0.07711204585093 1.82655772027655
   647 2.82763539119487 0.08557990721706 3.22222782840949
   648 2.85350380878142 3.53054784519171 3.52688494210323
   649 2.98694852254626 2.31666437419604 3.41350080868057
   650 2.98262005529317 2.25612723183047 3.93430276345648
   658 0.55520541104324 0.21467176570898 0.91473250516366
   660 3.65758426015653 2.62627961417253 0.70385283063720
   662 3.96288530810360 2.96974167276793 0.78178011582362
   663 0.04142241152860 1.26818007376864 2.91766372016161
   667 0.77663645108617 2.29180406010747 3.22682449934138
   668 3.87506401612292 3.23673152235533 2.91178833988607
   669 3.70840045712658 3.57655653648561 2.67956291390464
   673 3.26775295269105 1.31618028707762 3.51702063939193
   674 3.88403793741721 1.45526170135195 3.34522693164667
   678 0.59379982260229 3.06658028150669 0.43993726226236
   681 0.37482630495338 0.71719749027611 1.22393243061475
   691 2.38866695850772 1.95926767914663 1.77163136137436
   692 2.82075173440959 1.92808868114017 1.78559070926453
   695 0.93608899765836 1.42334708369588 2.28848598431567
   696 0.48743525523647 1.28532527311119 2.22140231253271
   698 1.63875780966819 2.74524529634253 2.92139207794855
   701 1.97962081325568 0.88464156489165 3.10209335959098
   711 2.69809508898402 3.55441826846897 0.52233592358202
   717 1.81209347618600 1.21353887002256 1.53577511394968
   718 1.99080044559574 1.00003914202168 1.36927764334267
   723 2.07986725811939 2.40350117081358 1.74526214407759
   724 1.50886332822825 2.41197091555526 2.14751772047618
   725 2.98288139538846 2.76167751998378 0.34340998256202
   726 3.48730879404778 2.67196396559859 0.26373501777463
   735 3.72946652350065 3.09733384729294 3.45676817386310
   736 3.49099962696580 3.01962139490960 3.08052306477991
   737 3.85441235312535 1.66726290958673 2.27056002364154
   738 0.14904840610894 1.50386097599708 1.89218349958045
   739 1.93618077882280 0.77947310573029 2.64010572890998
   740 2.09912671425566 0.99136074859916 2.50761820943002
   758 2.23221708427060 0.14675323944517 1.75934354440429
   760 3.37210910502699 2.49564847481021 3.24952607099855
   761 3.76389476958499 2.57396000629713 3.69183697231362
   762 0.25646525880398 1.90171100734462 3.97954972134205
   764 0.19420830212755 2.18200055418141 3.59831223581876
   777 3.34272472649000 0.28854261175147 3.79113175069597
   780 1.85546607567913 0.89526187254304 1.29895716744286
   783 1.76504585166018 3.90967949512184 1.87309671711315
   784 1.93041676088825 3.94586340914225 1.68500250901600
   791 1.95643628132954 3.15320943606792 2.22069066382873
   792 1.54393952435010 2.79924201793759 2.39206385536042
   795 3.68881250828244 2.96514626268992 0.10062817625271
   796 3.85471977168576 2.81271447264223 3.71402155823793
   797 1.92152228052482 1.72523873130227 2.38757671332881
   798 1.52539502525601 1.98433840705267 2.46443587038227
   799 3.56536043959363 3.68133373811267 0.06579548116248
   800 3.29304244988505 3.77377735329338 0.06754766568768
   806 0.95582390993458 3.33083261319864 0.03080130481883
   816 0.59885892417427 1.96479376183174 0.03138885863869
   817 0.54352416488956 2.29219024227195 3.57337296380966
   819 0.20241497682971 2.58866540785969 2.44294034939536
   821 1.34324271267654 2.85216635062689 1.11537535588787
   822 0.62837394614909 3.06740613400748 2.82070089632710
   826 3.15930177397872 0.75605514394964 0.70607108472115
   837 2.95743128414244 0.55562797609433 0.34800887272649
   838 2.53734283581614 1.39684551855768 0.61308039180269
   839 3.04767540525289 1.04196721516004 0.84647155234148
   842 1.14934370304358 3.96352247220411 3.53886950356882
   844 0.99725589504190 3.91314565916366 3.12422998477865
   847 3.84800271781357 2.24940937118241 0.76174278298131
   854 0.45490291487537 3.20616249158689 3.22507677510709
   862 1.80482928680191 3.31570332644146 3.42676385684255
   866 1.63458383527633 1.48780851408039 0.17389433762751
   869 3.77196350709835 0.27410728286855 3.73934103658057
   870 3.92558124558750 0.57875021632520 3.96120620443078
   871 3.87056358976757 3.63447769544359 0.52291587289211
   874 0.72196757462312 2.91177831179988 2.80712451973209
   877 3.90359806803790 0.00278497348923 3.84037814382093
   881 2.37764750843120 1.30633728528960 0.35279369038367
   882 2.80967812313308 3.82997921097531 1.71833023057035
   883 2.96416324333953 3.87566841921004 1.93610882974720
   884 1.97431401373075 1.29100676035495 0.51898400617265
   885 1.80719937775794 0.98757891205769 0.55981721525667
   890 3.23195427855808 1.18889146042691 1.60674356511471
   899 3.27889184327655 0.96643312836866 2.81916088015419
   900 3.06088396261844 1.12686811094700 3.38889988375560
   903 2.95503938096359 0.73941858551416 3.57393883285409
   904 3.23914570066992 0.56573170324105 3.94480369003614
   905 2.48329048817621 2.00697139725046 2.79192569935788
   907 0.91056919198041 1.75944418564273 0.29116901330190
   908 0.75960343511827 1.80254615994788 0.02570639555091
   909 1.78846697324430 3.44878467280504 1.88157553905170
   910 2.01921035073195 3.47899500432189 1.61425621333055
   911 2.64083743050773 1.12030454919396 3.53498815177630
   912 2.43175576262901 1.51452306763708 0.04509389987897
   913 2.25882589391547 1.27865706032944 2.88524860424004
   914 2.12516114940097 1.71884626672711 2.79213941931208
   915 3.35555547105424 1.12963957631730 1.73570772392625
   916 3.98359557737142 1.26931460940622 1.64652597054254
   917 0.02109584970375 3.44964949583956 2.14083934311562
   918 3.86238550106262 3.58302629721295 2.21092565065109
   920 1.18425604378550 0.63664206901006 1.66056353336592
   922 2.67832901990880 0.79835726952298 3.63762732992589
   923 2.57555665697521 0.73761887435094 0.13365387511037
   926 0.15167113716019 3.78421622343511 3.34380956197043
   927 3.98622009117113 0.19416230232746 3.09091817231159
   928 1.43967543560128 1.02479917623721 1.48895041192018
   933 2.30672990252771 0.38862501923035 2.30521326195765
   938 1.84874305691904 2.51006267369206 0.68391751278546
   941 0.80937279816645 3.74384787431276 3.70458458680757
   942 0.61724509954899 3.66700704871260 3.35919408465415
   946 2.32704023351479 1.03301662431059 1.88471869696487
   948 3.02819222291164 1.30908004470284 1.84257786511035
   949 3.28030185030537 2.93728948753530 1.72017904830284
   952 3.40734739823350 1.53435780095841 1.12972892370508
   954 3.93092826547635 3.13786922650241 1.85994398252140
   955 0.13778953495627 2.55877308270300 2.07307368761000
   957 0.89945999458001 0.09385050556024 2.30908642694884
   958 1.08041255004148 0.09749839941427 2.70680680438066
   959 1.31048248972694 3.39222511629001 0.03228521163708
   960 1.56234119613437 3.09074703836923 3.85865980086625
   966 2.35608176599031 0.84049720348130 2.28861711056996
   970 2.67811912503181 0.22146311202092 2.40043605804912
   971 2.64298687978156 0.05143592137091 2.61722013185572
   972 0.03293611801938 0.12766660938788 1.29396337177766
   977 1.48212838892110 0.48072115732492 3.77722974827545
   978 1.20015407351216 0.41094579340162 3.65143062602215
   980 2.10779632949507 0.32720125328430 2.50074732288359
   982 1.23002970469346 0.29565347500665 2.11019123732964
   983 1.44511191374871 0.33123065051055 2.42976628032212
   984 1.87849177304888 0.13992906002620 2.41127819690790
   989 3.85644202500470 0.10465394208178 1.09505806645571
   992 0.48226518562822 2.92878644027803 1.40148349859753
   995 3.15144652169921 3.79997301062678 0.99817749408499
   997 0.26446254020655 3.94011475737902 0.43818256071818
   998 0.28508122234861 0.14175553447159 0.57328015426490
  1000 0.31694446398661 2.31948523788946 0.92202525874177
  1001 0.40022463287159 2.75136322042022 0.95050110055996
  1002 0.28265785833607 0.07931848664775 0.19736671616106
  1003 0.29540676781895 0.23760161321621 0.25870170310123
  1007 2.83945652411568 1.83763758502840 2.85763662261133
  1010 0.28446896268603 3.63477154466677 1.63653197312628
  1011 0.10944919208587 3.26604337056990 1.55126073708905
  1012 3.24327026197420 2.28177525476503 1.37903574778736
  1015 3.76954952836745 3.27100010074678 1.15238028278966
  1016 3.68879470057857 3.72163172986740 0.94164471977307
  1018 3.11335190412388 0.67717958550776 2.43559550132178
  1019 3.08294692618289 2.01969301898011 3.20514307223813
  1020 3.08424739516437 1.45101641848191 3.51526469832008
  1021 2.94174507891068 1.23176688658498 3.38713948126547
  1022 2.77069372073430 1.34968683808731 2.92529015452657
  1023 2.23292309276849 0.12384569068959 2.70094984064369
  1026 0.68954151097128 2.81794777114190 0.76445966721284
  1028 3.77534163966010 2.16008624451073 2.29081867795696
  1030 3.06661574004596 1.12483858027502 2.59308317746212
  1032 3.25734429669246 1.47196854783874 2.27665829459815
  1036 3.88614957148033 2.30357510830448 2.01919422075131
  1037 3.33335056931927 2.50475345574005 1.83761703967118
  1038 2.98124158590168 0.96898905941016 2.40028278798189
  1039 3.14885200924779 1.25422817585122 1.99207756182047
  1040 3.70989106990874 1.99440538868993 1.14729987746228
  1043 1.02816475735861 3.67672379270068 1.87274103343017
  1047 2.73978429758136 3.06801701082598 1.14125081845553
  1048 0.76365605619350 3.60075970152612 1.51893051031625
  1049 0.85133474003664 3.10749237043115 1.36786933064343
  1050 3.20635229369474 2.98976700147572 1.37382720876018
  1051 2.92735972913853 3.17980435137363 1.33637824392442
  1057 1.66889255800120 3.59837029721576 3.08537854373531
  1059 2.00076308276782 3.88693303056414 2.64576451370094
  1060 3.16910739550248 2.66285781292841 1.13616236307315
  1061 2.88458774558520 2.70640771339980 0.98365265065423
  1071 1.29191882848713 2.56606248812896 3.69183965410312
  1073 1.21188994418451 1.71623692641230 3.32791078458259
  1091 0.68838083980386 0.68275709327757 1.15085356341691
  1096 0.72060606955422 0.33618840046827 0.92441906238503
  1097 0.95043394354968 0.66326574096301 0.39407839737857
  1098 1.74489949021738 3.18802780047000 3.16119614476892
  1100 1.31756109017772 2.57287724013759 3.29476296353742
  1101 0.84506772606744 2.53150039868042 3.26895170526870
  1105 1.69275739331395 1.46560634788455 3.46468275678447
  1106 1.62880146852102 0.93850716416266 3.28642832475848
  1109 1.73920082273033 3.63995969856241 3.36249856563912
  1113 0.74234396678403 2.89364587474392 3.93542751626103
  1115 0.83610605502982 2.64706778645473 3.86105849609534
  1120 1.42357968967803 3.85295878270436 3.65124100139598
  1121 1.62688964177235 0.29504184433857 3.82952858574848
  1122 0.52618550971502 2.81270923439942 3.63880502546155
  1123 0.65685037917819 2.60423821562221 3.59626416583502
  1124 0.72686250271949 1.02480116615164 3.27712339128569
  1125 1.08700054988962 0.66885663819293 3.20793011613693
  1127 1.29505632081000 0.88180905295879 3.07019096034083
  1128 0.99847999379053 1.25059981334876 3.09700393250882
  1131 1.46862154572745 1.99777487755516 0.39455066920048
  1133 2.34043352288327 2.36540986324647 0.01630712633698
  1134 1.91614602773037 2.51034575511922 0.19444674041645
  1135 2.07592227461511 1.64711482560432 3.89090360893436
  1136 1.72150833746944 1.47512973005064 0.28943549486086
  1137 1.97036034116608 2.03367402100039 3.82293758557643
  1138 1.67498955497882 2.22093985393822 0.01926915623230
  1140 2.38788130643848 2.76719727926518 2.99113458748197
  1141 2.54693282960745 2.90954627491933 2.57531456625754
  1142 0.65168250486017 1.25064854818691 0.89877237329929
  1143 0.73802698371654 1.31912351297553 0.45712645595559
  1145 1.94239232406358 2.96614490327242 2.94290253437064
  1146 2.10964566951717 3.20986694089129 2.52677059517461
  1147 0.97205815702892 1.01726779672273 0.56631317224377
  1148 0.84234924173325 1.04247956007816 0.94119767366699
  1164 3.10239847617740 1.97713044055347 2.39843954796067
  1166 2.91101905817757 2.17319066374823 2.16353556177822
  1167 3.39689810185695 2.27810976641474 2.40691214810162
  1168 3.14747660156589 2.45374725682080 2.15460965203036
  1169 2.05092657998397 0.16042633629564 0.75732177524044
  1170 2.37074440090055 0.06972490679903 0.53239513913180
  1172 2.21156727001124 0.36900607115558 0.22220249442191
  1173 1.93968210457806 0.44520942163613 0.39421695014592
  1174 0.03397236721172 1.42056953523452 1.35584213093226
  1176 0.24826652124117 1.14227152588157 1.04642856767753
  1177 3.58808619315217 1.57395707603897 1.07935603889807
  1205 2.92076146114572 0.26468762399869 1.07669553654385
  1206 3.08567078902286 0.49208770123551 1.07491186662577
  1212 3.07486432928252 0.10459373584390 1.19485048293726
  1213 3.28345533307947 0.26988069678039 1.22955600124119
  1229 0.90723336647330 1.82926457194221 1.82482079896100
  1238 0.77736803628033 1.69860910195286 1.13171096274952
  1239 1.10463927423416 1.71938526031889 1.42159699156006
  1332 1.55530832094065 2.16838633239571 0.73651399500189
  1333 1.79808194168970 2.02678938574751 1.08729397931247
  1335 1.44103249187523 2.11804688632457 1.25471589122293
  1336 1.40645713523035 2.35058586448512 0.94899451374488
  1337 1.29477966023246 3.24418105772283 1.90005011991938
  1339 1.14103089737770 2.96076857465466 1.58135538830268
  1345 1.19189770785497 2.96429142104949 2.34876463688206
  1346 1.04372014620863 2.59418664017105 2.04848412963605
  1352 1.94401296330129 3.50539444633511 0.82117886567356
  1354 2.00754198767757 3.25141552392312 1.16114883868729
  1355 1.68466503630387 3.28650554768139 0.66066082479357
  1356 1.68267629974236 2.98193594176343 0.95180044057758
  1377 2.15186084066180 3.97268074945061 3.49387533292531
  1378 2.06856199378722 0.24220066073251 3.67199191568999
  1385 2.26173163990485 0.43849265775298 3.40310311538984
  1386 2.33520888875257 0.19484661578189 3.25367292768719
  1395 3.54504860607714 1.62125564184842 0.41236385950150
  1396 3.76634676492204 1.35744889133782 0.26396826546866
  1400 3.50957540721820 1.43920095392957 0.73938709218418
  1401 3.72342562065482 1.19677447388173 0.58913505317221
  1437 0.28779816373938 1.83687559529787 1.47296643321036
  1439 0.31400924104929 1.85220259553681 1.59489286034532
  1440 0.21915607084808 1.96453122959218 1.44531220915823
  1441 0.24624671040481 2.00614069918177 1.60886628711978
  1450 2.33541193733263 3.11973968981081 3.86299375407760
  1451 2.49527675254350 3.36673783184578 3.97647082290069
  1455 2.33590512772037 3.22270753172992 3.62748491594547
  1456 2.46681396273995 3.43999671929246 3.70259817712256
  1458 0.84229736553219 1.87628612191748 0.91322022547517
  1459 1.06135799079347 2.21327966421073 0.67886525516541
  1460 0.69169623718949 2.20322319779735 0.65721978923068
  1461 0.83198600970937 2.36792343881235 0.60253994748736
edges 766
16      2      0
17      0      8
32     16     41
33     41     37
34     37     18
84     58     59
85     59     52
93     59     47
101     76     72
102     72     14
111     72     69
177    115     47
181     59      0
189    115      8
218    143    139
224    134    136
225    136    147
229    140    136
231    143    140
232    149    156
246    152    163
247    163    157
272    171    191
273    191    169
284    185      2
292    177    180
293    180    185
295    171     18
303    174    177
313    199    198
363    220    215
382    230    243
389    241    236
390    236    243
391    231    240
395    231    241
398    235    240
419    254    174
433    260    261
438    264    261
486     16    295
487    295    290
496    295    288
501    292    288
524    260    199
526     58    185
537    310    191
544    195    311
553    311    315
554    315    310
584    264    332
588    163    336
596    339    284
597    311    339
612    354    346
623    347    346
624    354    315
625    343    347
629    243    356
632    147    356
636    343    143
641    365    358
642    358    364
669    139    347
690    376    241
700    214    380
736     41    396
737    396    394
760     11    364
766    403    336
767    399    403
774    157    405
775    405    403
776    119    410
782    406    410
785    408    288
786    406    408
825    410    220
835    365    422
839    425    215
843    425    422
844    396    295
849    406    425
850    394    408
886    169    436
890    439    440
892    230    439
895    241    439
921    413    447
947    171    457
998     36    473
1021    156    481
1042    488    489
1045     36    488
1048     16    488
1049     14    489
1079    500    502
1081    231    500
1083    236    502
1086    198    502
1109    199    510
1112    149    510
1153    191    524
1172     69    529
1194    413    538
1214    544    545
1218     36    545
1220     37    544
1221     41    545
1242    149    553
1243    261    553
1256    557    559
1260    394    559
1261    354    557
1263    399    559
1289    568    569
1290    553    568
1292    332    568
1293    152    569
1294    134    569
1301    300    571
1307     52    573
1308    277    573
1333    581    582
1336    339    581
1337    403    582
1339    354    582
1355    230    587
1410    115    605
1431    545    611
1432    473    611
1476    115    625
1486    629    630
1487    396    629
1490    290    630
1491     98    630
1492    429    630
1507    635    636
1510    569    635
1512    429    636
1513    332    636
1525    343    640
1528    432    640
1540      2    645
1546    647    648
1547     98    647
1549    429    647
1550    413    648
1552    635    648
1553    649    650
1554    136    649
1557    356    650
1558    587    650
1559    380    650
1584      8    658
1586     11    658
1591    660    662
1595    513    662
1602    394    663
1605    399    663
1612    346    667
1614    582    667
1615    668    669
1617    519    668
1618    291    668
1619    636    669
1621    290    669
1631    673    674
1634    422    673
1635    405    674
1636    663    674
1637    425    674
1648    513    678
1649    605    678
1658    544    681
1660     11    681
1691    691    692
1692    481    691
1693    436    691
1694    231    691
1697    376    692
1705    695    696
1706    310    695
1707    557    695
1708    171    695
1710    559    696
1711     37    696
1716    139    698
1718    529    698
1729    432    701
1760    571    711
1761    538    711
1762    460    711
1779    717    718
1780    524    717
1781    436    717
1782    240    717
1784    174    718
1785    235    718
1800    723    724
1801    481    723
1802    510    723
1803    500    723
1806    195    724
1807    725    726
1808    356    725
1809    538    725
1811    380    726
1813    660    726
1839    735    736
1841    447    735
1842    291    735
1843    152    736
1844    635    736
1845    668    736
1846    737    738
1847    399    737
1850    696    738
1853    739    740
1855    701    739
1856    457    739
1859    169    740
1920    177    758
1922    760    761
1923    152    760
1924    649    760
1925    157    760
1927    380    761
1930    762    764
1932    214    762
1934    761    764
1935    215    762
1937    405    764
1980     98    777
1988    180    780
1989    718    780
1998    783    784
2001    645    783
2002    758    784
2004    185    784
2023    791    792
2024    510    791
2027    724    792
2028    698    792
2037    795    796
2038    726    795
2039    513    795
2040    447    795
2041    761    796
2043    735    796
2044    797    798
2045    169    797
2046    481    797
2048    315    798
2049    724    798
2050    347    798
2051    799    800
2054    447    799
2055    571    800
2056    777    800
2057    413    800
2077    605    806
2106    816    817
2108    762    816
2110    667    817
2111    764    817
2117    581    819
2118    519    819
2119    336    819
2126    625    821
2130    519    822
2133     72    822
2142    358    826
2173    826    837
2176    300    837
2177    838    839
2178    439    838
2180    235    838
2181    440    839
2182    826    839
2183    254    839
2192    842    844
2196     76    844
2199    292    844
2208    660    847
2210    214    847
2232    822    854
2233    291    854
2270    277    866
2278    869    870
2281    406    870
2283    777    869
2284    365    870
2286    513    871
2287    799    871
2296    581    874
2297    822    874
2298     69    874
2307    799    877
2308    869    877
2318    838    881
2322    882    883
2324    758    882
2325    260    882
2326    473    883
2328    264    883
2329    884    885
2331    881    884
2332    235    884
2333    277    885
2335    780    885
2352    254    890
2377    899    900
2378    663    899
2380    629    899
2381    673    900
2391    903    904
2392     98    903
2394    900    903
2395    777    904
2396    837    904
2397    365    904
2399    140    905
2401    156    905
2405    907    908
2407    866    907
2409    220    908
2411    816    908
2412    909    910
2413    791    909
2414    783    909
2416    199    910
2417    784    910
2419    911    912
2420    432    911
2424    881    912
2425    230    912
2426    913    914
2427    432    913
2429    740    913
2430    343    914
2431    905    914
2432    797    914
2433    915    916
2434    611    915
2435    890    915
2437    544    916
2439    738    916
2440    917    918
2442    519    917
2443    489    917
2444    264    918
2445    669    918
2446    488    918
2451     18    920
2454      2    920
2456    922    923
2458    911    922
2459    903    922
2461    881    923
2462    837    923
2470    926    927
2472    877    926
2473    291    926
2474    288    927
2475    869    927
2476    290    927
2478    780    928
2479    920    928
2480    524    928
2495    758    933
2513    502    938
2521    941    942
2523    842    941
2524    806    941
2525    926    942
2526    844    942
2527    854    942
2538    946    948
2540    174    946
2542    890    948
2543    436    946
2545    692    948
2549    261    949
2556    890    952
2557    440    952
2558    376    952
2562    954    955
2564    949    954
2565    917    954
2566    284    955
2568    819    955
2571    957    958
2573     14    957
2574     76    958
2576     16    957
2577    292    958
2578    959    960
2579    806    959
2580     47    959
2583     61    960
2584    862    960
2602    740    966
2603    946    966
2604    933    966
2615    970    971
2617    933    970
2618    883    970
2619    429    971
2621    332    971
2625     36    972
2628     11    972
2638    977    978
2641    573    977
2642    842    978
2644    119    978
2649    739    980
2652    933    980
2654    982    983
2655     18    982
2656    957    982
2657    645    982
2658    457    983
2659    958    983
2662    783    984
2663    980    984
2664    983    984
2679    364    989
2680    972    989
2690    284    992
2696    571    995
2702    997    998
2704    605    997
2705    658    998
2707    871    997
2708    364    998
2711   1000   1001
2714    992   1001
2716    847   1000
2717    662   1001
2718   1002   1003
2719    877   1002
2720    997   1002
2721    941   1002
2722    870   1003
2723    998   1003
2724    119   1003
2740    905   1007
2743   1010   1011
2744    489   1010
2746    972   1010
2747    954   1011
2748    992   1011
2756    376   1012
2759   1015   1016
2760   1011   1015
2762    662   1015
2763    989   1016
2764    995   1016
2765    871   1016
2770    629   1018
2771    970   1018
2772    611   1018
2773   1019   1020
2774    649   1019
2775   1007   1019
2776    157   1019
2777    587   1020
2779    673   1020
2780   1021   1022
2781    911   1021
2782   1020   1021
2783    900   1021
2784    913   1022
2785   1007   1022
2788    980   1023
2790    971   1023
2798    678   1026
2799   1001   1026
2800    625   1026
2805    737   1028
2808    336   1028
2811   1030   1032
2813    899   1030
2815    737   1032
2816   1022   1030
2828   1036   1037
2829    955   1036
2830   1028   1036
2832    949   1037
2834   1012   1037
2835   1038   1039
2836    966   1038
2837   1030   1038
2838   1018   1038
2839    948   1039
2840   1032   1039
2841    915   1039
2843    847   1040
2845   1012   1040
2853    645   1043
2856     14   1043
2863    198   1047
2866    711   1047
2867   1048   1049
2868   1010   1048
2869   1043   1048
2870      8   1048
2871    992   1049
2873    625   1049
2874   1050   1051
2875   1015   1050
2877    949   1050
2878    995   1051
2879   1047   1051
2880    260   1051
2898   1057   1059
2900     76   1057
2902    984   1059
2905   1023   1059
2906   1060   1061
2907    660   1060
2908   1050   1060
2909   1012   1060
2910    725   1061
2911   1047   1061
2912    236   1061
2942    960   1071
2950    346   1073
2953    908   1073
3006    681   1091
3007    920   1091
3020   1096   1097
3021      0   1096
3022   1091   1096
3023    658   1096
3024    573   1097
3026    119   1097
3028    862   1098
3029   1057   1098
3030    529   1098
3034   1100   1101
3035    139   1100
3036   1071   1100
3037    529   1100
3038    667   1101
3040    874   1101
3050   1105   1106
3051    866   1105
3052   1073   1105
3053    640   1105
3054    977   1106
3056    701   1106
3067    862   1109
3070   1057   1109
3077    678   1113
3080    806   1113
3083   1071   1115
3084   1113   1115
3098   1120   1121
3099    842   1120
3100   1109   1120
3101    959   1120
3102    977   1121
3104     52   1121
3105   1122   1123
3106    854   1122
3107    796   1122
3108   1113   1122
3109   1101   1123
3110    817   1123
3111   1115   1123
3112   1124   1125
3115    410   1124
3116    978   1125
3118    408   1124
3119    292   1125
3121   1127   1128
3122    457   1127
3123   1125   1127
3124   1106   1127
3125    557   1128
3126   1124   1128
3127   1073   1128
3139   1133   1134
3141    147   1133
3142     61   1134
3144    243   1133
3145    938   1134
3146   1135   1136
3147    912   1135
3149    640   1135
3150    884   1136
3151   1131   1136
3152    866   1136
3153   1137   1138
3154   1135   1137
3155   1133   1137
3156    143   1137
3157   1131   1138
3158   1134   1138
3159   1071   1138
3162   1140   1141
3164    140   1140
3165    149   1141
3167    134   1140
3168    568   1141
3169   1142   1143
3173    907   1143
3176    220   1143
3178   1145   1146
3179   1098   1145
3180   1140   1145
3181    698   1145
3182   1059   1146
3183   1141   1146
3184    791   1146
3185   1147   1148
3186   1097   1147
3187   1143   1147
3188    277   1147
3189   1091   1148
3190   1142   1148
3191    928   1148
3241   1164   1166
3243   1007   1164
3245    156   1166
3246   1032   1164
3248    692   1166
3249   1167   1168
3250   1028   1167
3251   1164   1167
3252    163   1167
3253   1037   1168
3254   1166   1168
3255    553   1168
3256   1169   1170
3259     58   1169
3260    460   1170
3262    180   1169
3263    300   1170
3265   1172   1173
3266    923   1172
3267   1170   1172
3269    885   1173
3270   1169   1173
3271     52   1173
3273   1174   1176
3275    916   1174
3277    681   1176
3280   1142   1176
3282   1040   1177
3283   1174   1177
3284    952   1177
3370   1205   1206
3372    177   1205
3373    254   1206
3375    300   1205
3376    826   1206
3393   1212   1213
3394    882   1212
3395    995   1212
3396   1205   1212
3397    473   1213
3398    989   1213
3399   1206   1213
3446    311   1229
3449    310   1229
3475   1238   1239
3476   1142   1238
3479    524   1239
3480   1229   1239
3777   1332   1333
3780    938   1332
3781    500   1333
3783   1131   1332
3784    240   1333
3786   1335   1336
3787   1239   1335
3788   1333   1335
3789    195   1335
3791   1332   1336
3792    821   1336
3794   1337   1339
3796    909   1337
3798    821   1339
3799   1043   1337
3801   1049   1339
3818   1345   1346
3819   1337   1345
3820     69   1345
3821    792   1345
3822   1339   1346
3823    339   1346
3824    195   1346
3842   1352   1354
3844    460   1352
3846    198   1354
3847     58   1352
3849    910   1354
3850   1355   1356
3851     47   1355
3852   1352   1355
3853     61   1355
3854    821   1356
3855   1354   1356
3856    938   1356
3921   1377   1378
3925   1172   1378
3927   1109   1377
3928   1121   1378
3946   1385   1386
3947    922   1385
3948   1378   1385
3949    701   1385
3950    647   1386
3951   1377   1386
3952   1023   1386
3978   1395   1396
3980    587   1395
3981    214   1395
3983    422   1396
3984    215   1396
3994   1400   1401
3995   1395   1400
3996    440   1400
3997   1177   1400
3998   1396   1401
3999    358   1401
4000   1176   1401
4114   1437   1439
4116   1238   1437
4118   1229   1439
4119   1174   1437
4121    738   1439
4122   1440   1441
4123   1040   1440
4124   1437   1440
4125   1000   1440
4126   1036   1441
4127   1439   1441
4128    284   1441
4154   1450   1451
4155    147   1450
4157     61   1450
4158    538   1451
4160    460   1451
4170   1455   1456
4171    862   1455
4172    134   1455
4173   1450   1455
4174   1377   1456
4175    648   1456
4176   1451   1456
4179   1458   1459
4181    907   1458
4182   1131   1459
4184   1238   1458
4185   1336   1459
4186   1460   1461
4187   1000   1460
4188   1458   1460
4189    816   1460
4190   1026   1461
4191   1459   1461
4192   1115   1461
polygons 447
0   1540   2451   2454   2655   2657
3     16     17   1540   2853   2869   2870
4     16   2454   3007   3021   3022
5   2573   2656   2657   2853   2856
7     32     33     34   2576   2655   2656
10   1584   1586   2628   2746   2868   2870
11     17   1584   3021   3023
13   1586   1660   3006   3022   3023
15   1214   1218   1658   1660   2625   2628
16   1049   2744   2856   2868   2869
17   1042   1048   1049   2573   2576
18     32   1045   1048   1218   1221
19     34   1220   1658   2451   3006   3007
21   1042   1045   2625   2744   2746
22     33   1214   1220   1221
23   3844   3852   3853   4154   4157   4160
27   3260   3267   3921   3925   4160   4174   4176
28     84     85   3259   3270   3271
29   3256   3259   3260   3844   3847
30   3104   3265   3271   3925   3928
31   2578   2584   3067   3100   3101
32     85     93   2580   3098   3101   3104
33     93     84   3847   3851   3852
34   2578   2580   2583   3851   3853
36   2583   2584   4157   4171   4173
37   2574   2659   2664   2898   2900   2902
38    101    102   2571   2573   2574
39   2001   2414   2853   3796   3799
40   2023   2413   3796   3819   3821
42    102    111   2856   3799   3819   3820
43   2413   2414   2662   2902   3182   3184
44   1172   1718   2028   3820   3821
45    111    101   1172   2900   3029   3030
47   1486   1492   2615   2619   2770   2771
48   2380   2770   2813   2837   2838
49   1491   1492   1547   1549
51   2394   2458   2459   2781   2783
54   1547   2392   2459   3946   3947   3950
56   1729   2420   2458   3947   3949
57   1549   2619   2790   3950   3952
58   1853   2602   2604   2649   2652
60   2420   2427   2780   2781   2784
61   1729   1853   1855   2427   2429
62   2429   2602   2784   2816   2836   2837
63   1486   1491   2377   2380   2392   2394
67    177   1410   2077   2579   2580
68   1307   2641   3102   3104
69     85    181   1307   3020   3021   3024
70   2638   2641   2644   3024   3026
71    177    189     17    181     93
73    189   1410   1584   2702   2704   2705
75   2638   2642   3098   3099   3102
76   2523   2524   2579   3099   3101
77   2523   2642   2644   2718   2721   2724
78   2705   2723   2724   3020   3023   3026
81   2077   2524   2704   2720   2721
82   2583   2942   3142   3158   3159
83   1716   1718   3035   3037
84    218   3035   3036   3153   3156   3159
85   3139   3141   3142   4155   4157
86   2584   2942   3028   3030   3036   3037
87    224    225   4155   4172   4173
88    229    224   3164   3167
89   3028   3167   3179   3180   4171   4172
90    218    231   1716   3164   3180   3181
91    229    231    225   3141   3155   3156
92    232   1242   3245   3254   3255
93    232   2399   2401   3162   3164   3165
94   1242   1290   3165   3168
95    246    247   1923   1925
96    224   1293   1294   1554   1923   1924
97   1924   1925   2774   2776
100   1289   1294   3162   3167   3168
101    246   1289   1290   1293   3249   3252   3255
102   2401   2740   3241   3243   3245
103    247   2775   2776   3243   3251   3252
104    229   1554   2399   2740   2774   2775
107   1856   2649   2658   2663   2664
108    272    273    947   1853   1856   1859
109    273    886   1153   1780   1781
110    886   1859   2543   2602   2603
111    284   1540   1998   2001   2004
112    292    293   1920   2002   2004
114    295    272   1153   2451   2479   2480
115    295    947   2654   2655   2658
119    303   1920   2495   2540   2603   2604
121   1779   1780   1989   2478   2480
122    292    303   1784   1988   1989
123   1779   1781   1784   2540   2543
124    284    293   1988   2454   2478   2479
125   1998   2002   2495   2652   2662   2663
126    313   1079   1086   1109   1802   1803
127   1800   1803   1806   3781   3788   3789
128   1086   2513   3846   3855   3856
129   1109   2024   2412   2413   2416
130   1806   2027   3818   3821   3824
131   2412   3794   3796   3798   3849   3854   3855
133   3786   3789   3792   3798   3822   3824
134    313   2416   3846   3849
135   1932   2108   2210   2716   4187   4189
136   2210   2843   3282   3981   3995   3997
139   3273   3280   3476   4116   4119
141   2405   2411   4181   4188   4189
143   3169   3173   3476   4181   4184
145    363   3169   3176   3280   3984   3998   4000
146   2405   2409   3173   3176
148   1932   1935   3978   3981   3984
149    363   1935   2108   2409   2411
150   4116   4124   4125   4184   4187   4188
151   2578   2579   2942   3080   3083   3084
152   1172   2298   3034   3037   3040
154   3028   3029   3067   3070
155   2192   2196   2900   3070   3099   3100
156    101   2133   2196   2232   2526   2527
159    111   2133   2297   2298
160    892   2178   2318   2424   2425
161    382   2425   3144   3147   3154   3155
162    389    390    382    892    895
163    391   1081   3781   3784
164    395    398    391    895   2178   2180
165    389    395   1079   1081   1083
166    390   1083   2513   3139   3144   3145
167   2331   2424   3146   3147   3150
169    398   2332   3150   3151   3777   3783   3784
171   2180   2318   2331   2332
173   1432   2352   2434   2435   3373   3397   3399
174   1920   2324   3372   3394   3396
176    419    303   3370   3372   3373
178    419   2352   2538   2540   2542
179   2435   2542   2839   2841
180   1432   2326   2618   2771   2772
181   2434   2772   2835   2838   2841
182   2325   2878   2880   3394   3395
183    433   2549   2874   2877   2880
184    438    433   2322   2325   2328
185    438   2440   2444   2549   2564   2565
186   2443   2565   2743   2744   2747
187   2564   2747   2760   2875   2877
188    998   2625   2680   3397   3398
191    998   1045   2326   2328   2444   2446
192   1528   1729   3050   3053   3056
193   2270   2329   2333   3150   3152
194   2456   3266   3925   3947   3948
195   1307   1308   2333   3269   3271
199   1308   2270   2641   3050   3051   3054
200   3054   3056   3102   3928   3948   3949
201   2714   2717   2748   2760   2762
202   2690   2711   2714   4122   4125   4128
203   2832   2834   2877   2908   2909
204   2208   2843   2845   2907   2909
205   2566   2829   4126   4128
207   2562   2566   2690   2747   2748
210   2196   2199   2574   2577
211    486    487   1048   1621   2445   2446
212    102   1049   2130   2133   2442   2443
213   1617   1618   2130   2232   2233
214   1615   1618   1621   2470   2473   2476
215    487    496   2474   2476
216   2233   2473   2525   2527
217    501    496    486   2571   2576   2577
219    501   2199   2470   2474   2525   2526
223   1301   2696   3375   3395   3396
224   1760   2696   2866   2878   2879
226   1301   1760   1762   3260   3263
227    292   3256   3262   3263   3372   3375
228   1762   2863   2866   3842   3844   3846
230    524   2002   2324   2325   2416   2417
231    313    524   2863   2879   2880
234    526   2004   2417   3842   3847   3849
235    293    526   3259   3262
240    537   1153   3449   3479   3480
241   1780   1782   3479   3784   3787   3788
243    544   3446   3480   3787   3789
244   1081   1692   1694   1801   1803
246    391   1693   1694   1781   1782
248    553    554   3446   3449
249    554    273    537   2044   2045   2048
250    544    553   1806   2048   2049
251    886   1692   1693   2045   2046
253   2039   2040   2054   2286   2287
254   1841   1842   2054   2307   2472   2473
255   1842   2043   2233   3106   3107
257   2472   2521   2525   2719   2721
258   1648   1649   2286   2704   2707
261   1293   1510   1843   1844
262   1289   1292   1507   1510   1513
263    438    584   1243   1290   1292
264    584   1513   1619   2444   2445
265    588   2808   3250   3252
266   1243   2549   2832   3253   3255
267   2119   2568   2808   2829   2830
268    588    246   1617   1843   1845   2118   2119
269   1507   1615   1619   1844   1845
270   2126   2873   3798   3801
271   2714   2799   2800   2871   2873
272    596   2690   2871   3801   3822   3823
273    544    597   3823   3824
274    596    597   3446   4118   4127   4128
275   1525   1528   2426   2427   2430
276    537    272   1706   1708
277   1859   2045   2426   2429   2432
279    612   1261   2950   3125   3127
280    947   1707   1708   3121   3122   3125
281   1855   1856   3056   3122   3124
284    623    612    624   2048   2050
285    625   2044   2050   2430   2432
286    623    625   1525   2950   3052   3053
287    624    554   1261   1706   1707
289   1355   2419   2425   2777   2781   2782
290    382    629   1355   1557   1558
291    632    629   3141   3144
294    636   1525   3149   3154   3156
295    231    636   2399   2430   2431
296    632    225   1553   1554   1557
297    641   2142   2173   2396   2397
298    642   2142   2679   3376   3398   3399
299    641    642   2284   2708   2722   2723
300   2679   2702   2707   2708   2763   2765
301   1301   2055   2056   2176   2395   2396
302   2051   2055   2287   2696   2764   2765
303   2173   2176   3370   3375   3376
304   2278   2283   2284   2395   2397
305   2270   2407   3173   3187   3188
306   2333   2335   2478   3185   3188   3191
307   3783   3791   4182   4185
309   1785   1989   2329   2332   2335
310   2480   3190   3191   3475   3476   3479
311   2407   3151   3152   4179   4181   4182
313    398   1779   1782   1785
314   1021   2046   2401   2431   2432
315    669   1716   2027   2028   2049   2050
316   1112   2024   3165   3183   3184
319    232   1021   1112   1801   1802
320    669    218    636    625
322   3142   3145   3850   3853   3856
323   1083   1086   2863   2911   2912
326   1761   1762   4158   4160
327   1761   1809   2866   2910   2911
328    629    390   1808   2910   2912
329    632   1808   1809   4154   4155   4158
331   1292   2621   2790   2905   3168   3182   3183
332   1512   1513   2619   2621
333   1294   1510   1552   4170   4172   4175
334    690    389   2756   2906   2909   2912
335   1557   1559   1807   1808   1811
336   1807   1813   2906   2907   2910
338    890    892   1355   3980   3995   3996
339    700   1558   1559   3980   3981
341   2558   2756   2845   3282   3284
342    690    890    895   2557   2558
343    700   1811   1813   2208   2210
345   2557   3284   3996   3997
348   1846   2433   2439   2815   2840   2841
349   2545   2839   2840   3241   3246   3248
350   2805   2815   3246   3250   3251
351   1697   2756   2834   3248   3253   3254
352   2439   3275   4114   4119   4121
353   1697   2542   2545   2556   2558
354   1846   2805   2830   4121   4126   4127
355    433    524   1109   1112   1242   1243
358    584   2328   2615   2618   2621
360   1263   1710   1846   1847   1850
361   1220   1711   1850   2437   2439
362   1260   1263   1602   1605
363     33    736    737   1260   1710   1711
364    736   1221   1431   1487   2770   2772
365    737   1487   1602   2378   2380
369   1605   1847   2378   2811   2813   2815
372   1410   1476   1649   2798   2800
373   3083   3157   3159   4182   4191   4192
376    177   1476   2126   3850   3851   3854
378    189   1476   2867   2870   2873
380   1595   2286   2759   2762   2765
382    760   1586   2705   2708
384   1595   1648   2717   2798   2799
386    760   2628   2679   2680
387    597    553    624   1333   1336   1339
388    596   1336   2117   2566   2568
389    766   1333   1337   2117   2119
390    767   1256   1261   1263   1337   1339
391    766    767   1847   2805   2808
393   1705   1706   1850   3449   4118   4121
395   2785   2811   2816   3243   3246
397   2381   2779   2782   2783
398    774   1631   1635   2773   2776   2779
399    775    767   1605   1635   1636
400    774    247    588    766    775
401    776   2644   3112   3115   3116
402    782    776   2281   2722   2724
403   2192   2199   2642   3116   3119
404    785    501   3112   3118   3119
405    782    786   3115   3118
406    786    785   2278   2281   2474   2475
407   2308   2470   2472   2475
408   1194   1760   1761   2055   2057
409   1194   1550   4158   4175   4176
411   1546   1547   1550   1980   2056   2057
412   2176   2462   3263   3266   3267
414   1980   2391   2392   2395
417   1612   2106   2110   2411   2950   2953
418    623    669   1612   3034   3035   3038
420   1591   1595   1813   2038   2039
422    921   2051   2054   2057
423    921   1194   1807   1809   2038   2040
424   1934   2041   2111   3105   3107   3110
425    774   1922   1925   1934   1937
426   1839   1843   1922   1923   2041   2043
427   1333   1614   2296   3038   3040
428   2117   2118   2130   2296   2297
429   1618   1839   1842   1845
430    775   1337   1614   1937   2110   2111
432   2638   3054   3116   3123   3124
434   2577   2658   2659   3119   3122   3123
436   1553   1559   1922   1924   1927
437   1811   1927   2037   2038   2041
439    921   1550   1552   1839   1841   1844
440   1490   1492   1512   1619   1621
441   1490   1491   1980   2283   2475   2476
444   1336   2296   2298   3818   3820   3823
445   1988   2335   3262   3269   3270
446   1308   3024   3186   3188
447    284    526     84    181     16
449    776    825   3026   3176   3186   3187
450    825   2409   2953   3115   3126   3127
454   2173   2177   2182   2318   2461   2462
456   1634   2777   2779   3978   3980   3983
458    835   1634   2381   2391   2394   2397
460   2142   2181   2182   3994   3996   3999
461    641    835   3983   3998   3999
462    839   1635   1637   1930   1935   1937
463    700   1927   1930   1932   1934
466    839    843   3983   3984
467    843   1631   1634   1637
468    844    487   1486   1487   1490
469     32    486    844    736
470    998   1218   1431   1432
473   2181   2183   2352   2556   2557
474    419   1784   1785   2177   2180   2183
475    395    690   1691   1694   1697
477   1021   1691   1692   3245   3248
478   2182   2183   3373   3376
479    786    849    850   1602   1636   1637
480    850    737    844    496    785
481    835    843    849   2281   2284
482    760    642   1660   3277   3999   4000
483   3006   3189   3190   3277   3280
484    363    839    849    782    825
485    850   1256   1260   3118   3125   3126
486     34    295   1705   1708   1711
488   1658   2437   3273   3275   3277
489    612   1339   1612   1614
491   1507   1512   1546   1549   1552
492   1528   2419   2420   3147   3149
493   1691   1693   2538   2543   2545
494    890   2177   2178   2181
495   2118   2442   2562   2565   2568
496   1591   2762   2875   2907   2908
497   1841   2037   2040   2043
501   1546   3950   3951   4174   4175
503   2322   2326   3393   3394   3397
506   1800   1801   2044   2046   2049
508   1042   2440   2443   2446
510   2798   3077   3084   4190   4192
511   2110   3038   3109   3110
512   1079   2513   3777   3780   3781
515   1800   1802   2023   2024   2027
516   1648   2037   2039   3077   3107   3108
518   1615   1617   2440   2442   2445
521   1718   3030   3179   3181
523   2001   2654   2657   2662   2664
524   1214   1431   2433   2434   2437
525   2287   2307   2707   2719   2720
527   1256   1705   1707   1710
531   1553   1558   2773   2774   2777
533   1855   2649   2788   3946   3949   3952
536   1649   2077   3077   3080
539   2126   2800   3792   4185   4190   4191
541   3051   3053   3146   3149   3152
542   2023   2028   3178   3181   3184
544   1591   2208   2711   2716   2717
545   1631   1636   2377   2378   2381
547   2051   2056   2283   2307   2308
548   2716   2843   4123   4125
552   2106   3110   3111   4186   4189   4192
553   3780   3791   3792   3854   3856
554   2329   2331   2461   3265   3266   3269
555   2322   2324   2495   2617   2618
556   1930   2106   2108   2111
558   1998   2412   2414   2417
559   3067   3927   4170   4171   4174
562   2521   2524   2527   3080   3106   3108
564   2232   2297   3040   3105   3106   3109
565   2405   2407   2953   3051   3052
566   3145   3157   3158   3780   3783
567   2391   2396   2456   2459   2462
568   2192   2521   2523   2526
571   2426   2431   2740   2784   2785
572   2278   2308   2718   2719   2722
573   2419   2424   2456   2458   2461
574   2377   2780   2783   2813   2816
575   2433   2435   2556   3275   3283   3284
576   2604   2617   2771   2836   2838
577   2479   3007   3189   3191
578   2615   2617   2652   2788   2790
580   2538   2603   2835   2836   2839
581   2562   2564   2828   2829   2832
582   2571   2654   2656   2659
583   2763   2764   3393   3395   3398
584   2680   2743   2746   2759   2760   2763
585   2663   2788   2902   2905
586   2743   2748   2867   2868   2871
587   2759   2764   2874   2875   2878
588   2702   2718   2720   2723
589   2711   2799   4186   4187   4190
590   2898   2905   3070   3927   3951   3952
591   2773   2775   2780   2782   2785
592   2828   2834   2845   4122   4123   4126
593   2828   2830   3249   3250   3253
594   2811   2835   2837   2840
595   3282   3283   4119   4123   4124
596   2867   2869   3794   3799   3801
597   2874   2879   2906   2908   2911
599   2898   3029   3178   3179   3182
600   3020   3022   3185   3186   3189
602   3034   3036   3083   3109   3111
603   3050   3052   3121   3124   3127
609   3098   3100   3921   3927   3928
610   3084   3105   3108   3111
612   3112   3121   3123   3126
613   3146   3151   3153   3154   3157
614   3139   3153   3155   3158
615   3162   3178   3180   3183
616   3169   3185   3187   3190
620   3241   3249   3251   3254
621   3256   3265   3267   3270
622   3273   3283   3994   3997   4000
628   3370   3393   3396   3399
630   3475   3786   3787   4179   4184   4185
631   3475   3480   4114   4116   4118
652   3777   3786   3788   3791
653   3794   3818   3819   3822
656   3842   3850   3852   3855
661   3921   3946   3948   3951
663   3978   3994   3995   3998
671   4114   4122   4124   4127
673   4154   4170   4173   4176
674   4179   4186   4188   4191
cells 64
0      0      3      4      5      7     10     11     13     15     16     17     18     19     21     22
1     23     27     28     29     30     31     32     33     34     36    559    609    621    673
2     37      5     38     39     40     42     43     44     45    521    523    542    582    599
3     47     48     49     51     54     56     57     58     60     61     62     63    533    574    576    578
4     32     67     68     69     70     11     71     73     75     76     77     78     81    588
5     82     83     84     85     86     36     87     88     89     90     91    521    614
6     92     93     94     95     96     97     88    100    101    102    103    104    620
7    107    108     58    109    110    111    112    114    115    119    121    122    123    124      0    125    523
8    126    127    128    129    130    131     40    133    134    512    515    553    652    653
9    135    136    139    141    143    145    146    148    149    150    548    595    622    663
10    151    152     86     45    154     76    155    156     31    159    562    564    568    602    610
11    160    161    162    163    164    165    166    167    169    171    512    566    613    614
12    173    174    176    178    179    119    180    181    503    555    576    580    628
13    182    183    184    185     21    186    187    188    191    503    508    583    584    587
14    167    192    193    194     56    195     30    199    200     68    492    541    554    573
15    201    202    203    204    205    187    207    496    544    548    581    592
16     17    210     38    211    212    213    214    215    156    216    217    219    508    518
17    182    223    174    224    226    227     29    228    230    231    112    134    234    235
18    240    241    163    243    127    244    246    109    248    249    250    251    506
19    253    254    255    216    257    258     81    497    516    525    536    562
20    261    262    263    264    185    265    266    267    268    269    101    495    518    581    593
21    270    271    243    272    202    133    273    150    274    539    589    630    631    671    674
22    275     61    276    249    108    277    279    280    281    284    285    286    192    287    603
23    289    104    290    291    275    294     91    295    296    161     60    492    531    571    591
24    297    298    299    223    300    301    302    303    304    525    547    572    583    588    628
25    121    241    305    169    193    306    307    143    309    310    311    313    616    630    652
26    314    285    315    316     93    319    320    295     90    506    515    542    615
27     85    322     23    228    128    323    326    327    328    329    166    291    656
28    331    154     57    332    333    100     89    262    491    501    559    590    599    615
29    162    334    328    290    335    336    338    339    341    342    343    204    136    345
30    348    349    350    351    179    352    353    341    354    575    592    593    595    620    671
31    129    355    125    331    230    184     43    316     94    358    263    555    558    578    585
32    360    361    362    363    364    365    348     48     22    369    181    524    594
33    322     82    372    307    373    376     34     67    151    510    536    539    553    566
34    372     73    378    380    271     10    258    382    384    201    386    300    584    586
35    387    388    389    390    391    360    267    393    274    205    354    287    248    527
36    395    103    391    369    265    350    397    398    399    400    545    574    591
37     77    401    402    403    404    405    406    257    219    407    568    572
38    408    326    409    411    412    226    414    194     27     54    301    501    567    661
39    311    417    286    373    418    141    294     84    320    511    541    552    565    602    613    674
40    224    336    380    253    302    408    420    422    423    327    496    587    597
41    424    425    426     95    427    428    213    255    429    430    389    400    268    511    564
42    155     37    432    210     75    403    107    200    281    434    533    585    590    609    661
43    436    437    335    439    261    426    423    333    409    296     87     96    329    497    673
44    429    439    269    440    422    254    411    441    214     49    407    491    547
45    428    212    388    272    444    159     42    207     16    186    495    586    596    653
46    445    195     28     69    446      4    235    124    447    306    577    600
47    401    432    199    305    446     70    449    450    146    565    603    612
48    454     51    297    289    160    456    397    458    338    460    461    494    567    573    663
49    456    398    462    148    463    339    425     97    436    466    467    531
50    468    440    211    191    358    364     47     18    469    264    470    332    180
51    353    178    473    474    246    475    123    164    342    313    493    494
52    351    334    266    355    475    231    323    126     92    244    203    183    319    477    165    597
53    445    227    122    474    309    412    171    454    478    303    176    554    621
54    270      3    378    447     71    376     33    111     39    131    234    558    596    656
55    424    384    135    437    420    343    463    510    516    544    552    556    589    610
56    441    406    479    480    468    215    365    414    304    458     63    481    467    545
57    482    483    466    299    382    449     13    402     78    461    145    484    481    600    616
58      7    280    434    363    480    485    404    469    217    486    115    527    582    612
59    477    314    102    277     62    251    349    395    110    493    571    580    594
60    139    483    393    488    352    361    276    240    114    486     19    310    577    631
61     15    482    478    473    460    488    345    470    173    298    188    386    524    575    622
62    387    489    427    130     44    418    315     83    444    273    284    152    250
63    149    484    450    390    489    279    362    485    417    479    405    462    430    399    556
