vertices 383
     0 0.88528108558279 3.92149415587446 1.11148343528643
     2 1.27227983029545 0.09590879927014 1.64551120998263
     8 0.77390566867663 3.81135262542882 1.11349832538480
    11 0.13587799300359 0.20859391287684 1.10459555682737
    14 0.73571290577936 3.62310217550685 2.20482113113156
    16 0.17844833284430 0.20177707923474 2.36542855148731
    18 1.02383019570111 0.55113613263074 1.97311018643626
    36 3.78312696743553 0.14979052122566 1.75052726296764
    37 0.37087240107856 0.67289427245161 2.07149590595455
    41 0.12168549511201 0.34138392794865 2.31490952605053
    47 1.31869670253787 3.36453544705689 0.61586878000359
    52 1.54073160941787 0.25970060472432 0.25082087025079
    58 1.73558345335634 3.77922583252030 0.92456676176742
    59 1.41134671339867 3.77203346758064 0.74689044800299
    61 1.76173458258068 2.88039655762986 0.13431163030206
    69 0.92032503814264 2.95049213104661 2.73439643357062
    72 0.81816620459214 3.15636121093505 2.73040848040164
    76 1.04361252450646 3.68422051234714 2.97021803389744
    98 2.97405171058811 0.24072441085372 3.39119091414129
   115 0.92702881270267 3.28636172985518 0.78064427324743
   119 0.66874260341861 0.49298677841807 0.13989756416659
   134 2.49912590263436 2.73267332220093 3.27048090960124
   136 2.53803042262733 2.38912706600663 3.43094760821216
   139 1.53253680400752 2.19878972171067 3.12929626923797
   140 2.28818504187964 2.23394457218067 3.14693147808528
   143 1.89044727805505 1.98830435150293 3.25800887017789
   147 2.41645285629057 2.40115706357224 3.94216788312647
   149 2.53668544092130 2.60450645169690 2.30261756514977
   152 3.30012387555884 2.72025166730002 3.06194034603393
   156 2.52606875940639 2.14936446865119 2.27650673882744
   157 3.36303971929518 2.18351915367148 3.14132935352032
   163 3.45002828382800 2.32120593502170 2.80456487866332
   169 1.79666056598525 1.18755934418088 2.24818101894327
   171 1.20203663541685 0.96885767231062 2.23144674248855
   174 2.18561474637278 0.72822726499716 1.55392308605648
   177 2.14560545748989 0.29355868819088 1.49276962188832
   180 1.94617441986277 0.26629120265130 1.36896181422974
   185 1.73565181188233 0.00688748882483 1.47944766824740
   191 1.30463267913020 1.11173189940058 2.13478857247042
   195 1.12037286557209 2.28654447209117 2.05341374482931
   198 2.33113097816074 2.92085656233978 1.32092284010284
   199 2.34902681452493 3.05508003252900 1.65900566496601
   214 3.69219335497929 1.96534829440191 0.42987489826821
   215 0.09302318606582 1.36848914179226 0.03543853562119
   220 0.40138805987366 1.30197570711302 0.07798998246937
   230 2.62600942515947 1.70212038526545 0.23409041750822
   231 2.15690949836162 1.99132189508953 1.27627237507793
   235 2.02802778619896 1.28465394347252 0.88210605994078
   236 2.43166315429013 2.23754601673346 0.99034978936592
   240 1.88759187405346 1.68366780594455 1.17274471937924
   241 2.46154750570464 2.03824734936165 1.08463554644392
   243 2.48053459256798 2.18484288294173 0.21200525983888
   254 2.88427269646725 0.77113146692131 1.24080280206881
   260 2.70064434403967 3.14027994057723 1.68148786189527
   261 2.93272181906294 2.99310277429896 1.93682762493834
   264 3.04851692662999 3.36457600764934 2.16954465803438
   277 1.45398640553473 0.92163497617157 0.42407593187812
   284 0.34126701408159 2.36193842459361 1.88380675791827
   288 0.11711802038520 0.30326999888790 2.94492251153514
   290 3.78453346079138 0.07714638215312 2.98092297345451
   291 3.95181246024818 3.19438544770232 3.24459538482678
   292 0.85694927135897 0.08710050855650 2.96894995539393
   295 0.00836172869548 0.29982803612183 2.77967329831066
   300 2.71738908371055 0.01657498392130 0.68313305206494
   310 0.95884627150030 1.45140175643779 2.23353877484052
   311 0.92413791187791 2.08907913873874 2.12074843679495
   315 1.02633193771036 1.75864554274948 2.41848694210610
   332 2.90790084287129 3.32830214922892 2.54317892597499
   336 3.83852151743645 2.19972561346161 2.61478344509944
   339 0.73909118086395 2.33414120642637 2.14824736937956
   343 1.87126600147847 1.73050244241754 3.04766542502300
   346 1.07612043524742 1.82193717722483 3.15004875880568
   347 1.48042153671210 1.94692853038639 3.02540403844998
   354 0.82450853298771 1.72302450703987 2.77749300775926
   356 2.61242010003219 2.30988191861029 0.11494847093285
   358 3.53548420211164 0.73741389220350 0.57977079340294
   364 3.98184944742449 0.18060375968825 0.94746227681946
   365 3.56534101605868 0.68739840241197 0.14771223572445
   376 2.94480811361563 1.95432393539465 1.41183018179953
   380 3.42177722609966 2.36135838189823 0.15968395530328
   394 0.11974019650629 1.01650402821707 2.93837978517121
   396 3.95653481092894 0.43359848871894 2.71205129258666
   399 0.07988209790480 1.39732223103426 2.75377683688910
   403 0.10142017931564 1.89574943186836 2.92310908869632
   405 3.90659224839727 1.88913112420407 3.27073180785289
   406 0.14705965467822 0.94912767637280 3.73514775596240
   408 0.26170278025192 0.87082866203591 3.19946741185674
   410 0.39186816398083 0.97826696581654 3.81536417134440
   413 3.05569711688515 3.40838802161589 3.98141715613113
   422 3.63422727562066 1.07953600690929 0.03202266492962
   425 3.96156867987176 1.17945576754796 3.82238489139051
   429 2.84831518642251 3.95775284434914 3.02161474720578
   432 2.07609176512563 1.07143803098465 3.18402816292036
   436 1.98908040648218 1.16763100558382 1.92563258195631
   439 2.62976883469273 1.53649641522852 0.63278790054573
   440 3.24221124060276 1.29991334200749 0.85573501872222
   447 3.40205528919934 3.25291052492874 3.96044651054687
   457 1.43191077482116 0.64108298822702 2.60448748166559
   460 2.34202749662323 3.52653550801277 0.50262810271388
   473 3.40626722903221 0.20299767540776 1.73939475350668
   481 2.22217048611071 1.98675271002500 1.98378648183151
   488 3.99623089097795 3.75157834814091 2.09731629427077
   489 0.13762550084724 3.58338471722467 2.04272566539039
   500 2.06449375421690 2.11761087226572 1.25652394568812
   502 2.17259557759514 2.30844202016859 1.10071197776979
   510 2.18534769924527 2.78022075973471 1.95248999125859
   513 3.93108756855843 3.02698743985896 0.55874503993557
   519 0.09765433660001 2.95400557375416 2.64611955360215
   524 1.39283302752176 1.06422164106225 1.62445298423596
   529 1.39722780396886 2.74053414020524 3.09240350067250
   538 2.72004435216854 3.23543659248486 0.21075817250832
   544 0.11364844867339 0.68120487230138 1.74503795100443
   545 3.82961787462084 0.37002512780792 1.88468470808257
   553 2.84102698445621 2.69166368704517 2.26903509575996
   557 0.72598291185127 1.40933217427780 2.72801453931529
   559 0.27475190864000 1.27249984996743 2.70606987447534
   568 2.82966176714429 2.93187078063325 2.59761565306796
   569 3.05408460407654 2.92438542722133 3.00336908144107
   571 2.85842503132102 3.73231478150243 0.64427718611071
   573 1.36954463489966 0.47418101874961 0.20500026005580
   581 0.44793912485809 2.42357621446867 2.58924733669357
   582 0.49921120677145 2.05229639088621 2.89929210925227
   587 2.86837125234350 1.70656434093155 0.09875174688719
   605 0.67096597410717 3.23838502189649 0.47446834622409
   611 3.43975484010533 0.45287841267975 1.88864945220321
   625 0.89143908835380 2.93112902550785 1.04410551951570
   629 3.21077648619603 0.57356900533648 2.77992562364791
   630 3.10747437079865 0.22168394985092 3.08402177742178
   635 3.09574931732471 3.03599533408975 3.04812716388649
   636 3.10119925593028 3.37940197451431 2.78451223362194
   640 1.83511588846053 1.38129215763476 3.41261194969498
   645 1.26872136815706 3.96695962337445 1.86817790715624
   647 2.74032131764348 3.97606115846186 3.26395834971438
   648 2.76611922363779 3.42100824718018 3.56855190577237
   649 2.89938688756193 2.20724769421717 3.45441099656486
   650 2.89508797566661 2.14679635831874 3.97561806840149
   658 0.46785367981273 0.10507748134242 0.95642003234078
   660 3.57028930713830 2.51685775860389 0.74562463993417
   662 3.87543416913421 2.86024404801601 0.82353470544236
   663 3.95414199855795 1.15881340983107 2.95934690727905
   667 0.68936878228703 2.18239007323652 3.26866200314565
   668 3.78760078322423 3.12713716335294 2.95342499181952
   669 3.62089001166829 3.46693488214558 2.72111931551774
   673 3.18024999528888 1.20672491744198 3.55854285340079
   674 3.79671071791891 1.34592116645767 3.38679425213533
   678 0.50640916031073 2.95709412605182 0.48158823822254
   681 0.28793076033336 0.60745066654507 1.26544753453832
   691 2.30134302818971 1.84981945172401 1.81276508788099
   692 2.73328425821019 1.81856420268446 1.82680615014419
   695 0.84852412818777 1.31435007408530 2.33041633761931
   696 0.40020740056131 1.17624513323324 2.26309871059215
   698 1.55139014693608 2.63544164227297 2.96308496929647
   701 1.89214601846677 0.77540977059042 3.14339238845187
   711 2.61070765710511 3.44460842136822 0.56395894135080
   717 1.72358363677099 1.10375784546864 1.57780079053957
   718 1.90353801982066 0.89032820001673 1.41127474112224
   723 1.99178312087229 2.29512409353906 1.78569875300753
   724 1.42058288679046 2.30272584011922 2.18924193298528
   725 2.89546257952411 2.65225555134398 0.38474062252101
   726 3.39994637140634 2.56261493294153 0.30506858798324
   735 3.64206409806103 2.98782480564850 3.49841262298762
   736 3.40370310982007 2.91009686611002 3.12208183617567
   737 3.76725116527348 1.55778739276560 2.31222449586835
   738 0.06185178674879 1.39442657649236 1.93391141274604
   739 1.84869185741087 0.67018092776563 2.68151067214829
   740 2.01168381160448 0.88206057886927 2.54902825093175
   758 2.14535250232649 0.03709892416149 1.80090842199125
   760 3.28428545335783 2.38610243098094 3.29054969623622
   761 3.67643997343831 2.46449296507611 3.73345807024416
   762 0.16887793617012 1.79224168285494 0.02140061828898
   764 0.10672715416329 2.07256867507986 3.64007304288552
   777 3.25526616855313 0.17904173828545 3.83276736133662
   780 1.76806333532802 0.78527622521673 1.34072655605609
   783 1.67786041942857 3.79970073282633 1.91471434552930
   784 1.84322214939703 3.83588383498492 1.72657060629449
   791 1.86920997133124 3.04442748083628 2.26328878818565
   792 1.45618473371350 2.68992340096794 2.43519094950258
   795 3.60130884106481 2.85572032877223 0.14219904507150
   796 3.76726430630094 2.70332433912757 3.75565204717823
   797 1.83410726615064 1.61604707878823 2.42882023965004
   798 1.43781030767221 1.87521720721165 2.50582059033089
   799 3.47777866696216 3.57180329361482 0.10753713488723
   800 3.20561317016228 3.66414219154427 0.10928819896306
   806 0.86838979670980 3.22126858602355 0.07264653856433
   816 0.51134740208938 1.85536306933887 0.07347870761086
   817 0.45597222263145 2.18277358476335 3.61521274805405
   819 0.11500039639541 2.47888244938134 2.48471198305946
   821 1.25811304782557 2.74152068259679 1.15720881015781
   822 0.54089247532169 2.95781010582644 2.86273050085059
   826 3.07173877556057 0.64658111338610 0.74774614542784
   837 2.86989040598685 0.44615520128954 0.38981544613459
   838 2.45021048204395 1.28765108693625 0.65481629154928
   839 2.96061789828654 0.93218868684171 0.88795063761538
   842 1.06203032059262 3.85399154243022 3.58063678547530
   844 0.90987616449646 3.80360483543744 3.16595684845146
   847 3.76063874122919 2.13997334517750 0.80350812626078
   854 0.36739219174153 3.09659341412053 3.26683815635482
   862 1.71738407483658 3.20575439565735 3.46835057318473
   866 1.54745024897174 1.37836870208522 0.21547251928600
   869 3.68458952682617 0.16460978506482 3.78093523253206
   870 3.83814611076544 0.46911998102424 0.00271608923503
   871 3.78309257730503 3.52496487292776 0.56477790836293
   874 0.63462904326312 2.80195813791862 2.84920997358351
   877 3.81619890837944 3.89339659907440 3.88195444226692
   881 2.29023166323816 1.19688918166186 0.39420375214963
   882 2.72243311831358 3.72049812656409 1.75981502061149
   883 2.87687904366802 3.76614186008879 1.97770322605077
   884 1.88686667397700 1.18154185787800 0.56037612182898
   885 1.71977797594421 0.87790757987138 0.60129342428521
   890 3.14496762542277 1.07936167323202 1.64816639852817
   899 3.19160821356388 0.85693690693727 2.86069949951342
   900 2.97352696020413 1.01750345295093 3.43058395318493
   903 2.86763631592047 0.62996434430578 3.61563063434886
   904 3.15174221081228 0.45618810003784 3.98644454585329
   905 2.39575891536036 1.89770399139353 2.83310984732308
   907 0.82268375935015 1.65035540866451 0.33314775631671
   908 0.67188404537155 1.69345038395363 0.06787658889972
   909 1.70133572190881 3.33939298548876 1.92360327202881
   910 1.93233162662292 3.37021233350487 1.65615321900198
   911 2.55353014389729 1.01078865252332 3.57663921354475
   912 2.34437457644172 1.40509494400232 0.08630894060773
   913 2.17116375412283 1.16901194644445 2.92625414425411
   914 2.03757326842963 1.60961991277936 2.83312713216921
   915 3.26867641888308 1.02001562814449 1.77735524490210
   916 3.89630507761493 1.15977100738410 1.68826249750739
   917 3.93370676319968 3.33992755188599 2.18259106327483
   918 3.77486981405013 3.47337560595451 2.25271232604010
   920 1.09739178787874 0.52693479202169 1.70227142914111
   922 2.59100249767364 0.68890162545393 3.67926761696765
   923 2.48811482872820 0.62814485383820 0.17537696220168
   926 0.06425119805832 3.67482793292915 3.38553397636659
   927 3.89884299211762 0.08462563273276 3.13267752515446
   928 1.35256828824597 0.91476090063966 1.53078259253921
   933 2.21965419766750 0.27879684238100 2.34656640506175
   938 1.76160867869537 2.39980248374481 0.72293864617349
   941 0.72202761936092 3.63443616325611 3.74638089327341
   942 0.52984065931534 3.55758987743875 3.40093753646955
   946 2.23976338157674 0.92329285436658 1.92643475224772
   948 2.94073838908310 1.19970344021086 1.88413879813575
   949 3.19272355790731 2.82733805196394 1.76173987950587
   952 3.32133397778703 1.42466240554218 1.17116745072277
   954 3.84357534002389 3.02812697300463 1.90164445613917
   955 0.05048136674887 2.44903075276963 2.11475028805926
   957 0.81238832566804 3.98391470140133 2.35084884889090
   958 0.99311498784431 3.98773427676388 2.74868097776180
   959 1.22321873418746 3.28257832549915 0.07409091001954
   960 1.47525729425054 2.98075244262270 3.90010539039980
   966 2.26888596852501 0.73111440252042 2.32995995856386
   970 2.59067514795025 0.11192520712620 2.44194972276167
   971 2.55533108428002 3.94187457066056 2.65892268276069
   972 3.94590557207728 0.01772300556909 1.33608126765053
   977 1.39478138879218 0.37124253287500 3.81883227707257
   978 1.11297950540530 0.30141463666837 3.69316965480621
   980 2.02059486486026 0.21727201339317 2.54212938268917
   982 1.14332584248877 0.18553136772287 2.15192203477793
   983 1.35816461035511 0.22133104790389 2.47130269266246
   984 1.79151708686707 0.03017103063091 2.45291901496950
   989 3.76895859044642 3.99468804287038 1.13671627611957
   992 0.39491695264977 2.81925242764994 1.44331963346381
   995 3.06416330885497 3.69024198803315 1.03992539090843
   997 0.17717678906125 3.83075881397380 0.48003497406664
   998 0.19776456305165 0.03212210220413 0.61492462598005
  1000 0.22966670389220 2.21010243345028 0.96376688961060
  1001 0.31285680143565 2.64179273054214 0.99217559295123
  1002 0.19540146422133 3.97000412321477 0.23916531724626
  1003 0.20811074685118 0.12791914704879 0.30036702441284
  1007 2.75208589803624 1.72832432382316 2.89885438456010
  1010 0.19726169584120 3.52518539881161 1.67833202063114
  1011 0.02215540055010 3.15637729409524 1.59300085859591
  1012 3.15584914962451 2.17229892366719 1.42083131331952
  1015 3.68220024735581 3.16132607727544 1.19400997975110
  1016 3.60142526985278 3.61201782254140 0.98338545873680
  1018 3.02619456729662 0.56761905891252 2.47724309760401
  1019 2.99542835631659 1.91051942841582 3.24628617596095
  1020 2.99688174117116 1.34141742353907 3.55677130060144
  1021 2.85454738413101 1.12226529370452 3.42880622555618
  1022 2.68337611496509 1.24012462122638 2.96646599545443
  1023 2.14563587772646 0.01423385800273 2.74239392245821
  1026 0.60223983516895 2.70841720171209 0.80597574095306
  1028 3.68815449663994 2.05045223387475 2.33233871162563
  1030 2.97923396972359 1.01539665971432 2.63442125340120
  1032 3.16986120483552 1.36222766053738 2.31828264771105
  1036 3.79896092575218 2.19390596055348 2.06082980386202
  1037 3.24576472153618 2.39525207313542 1.87905612635781
  1038 2.89401010352094 0.85976023873239 2.44185240878846
  1039 3.06160895040641 1.14476740083720 2.03407868973396
  1040 3.62262562183543 1.88489820353241 1.18926319815705
  1043 0.94118273218020 3.56682160280769 1.91435395421965
  1047 2.65244390784942 2.95812096153745 1.18297632100579
  1048 0.67676311334528 3.49094181358311 1.56064673814330
  1049 0.76415561450237 2.99807541249272 1.40980393398482
  1050 3.11877395388619 2.87982428054112 1.41547802568225
  1051 2.83988860499005 3.06979375119339 1.37801091250422
  1057 1.58146023157922 3.48880990189297 3.12763031025787
  1059 1.91373320802763 3.77759286453563 2.68742195652803
  1060 3.08164233856782 2.55327662222860 1.17801812810260
  1061 2.79716567989188 2.59677408005723 1.02556205421358
  1071 1.20493996021331 2.45621906226732 3.73305776175011
  1073 1.12471228327866 1.60702193193641 3.36929304939915
  1091 0.60101440412564 0.57309594540413 1.19241091718610
  1096 0.63327897733717 0.22662897321733 0.96608830315651
  1097 0.86313704632894 0.55365761910603 0.43569708386677
  1098 1.65744990685317 3.07837086507121 3.20323828294329
  1100 1.23036023353496 2.46317225160192 3.33651151537874
  1101 0.75768573471214 2.42168200139186 3.31079607405799
  1105 1.60537831435009 1.35613953014207 3.50588512819373
  1106 1.54133409395242 0.82917591860284 3.32770128371432
  1109 1.65170928073862 3.53032316495060 3.40425922426411
  1113 0.65472440584183 2.78420173622600 3.97724503259689
  1115 0.74844870524865 2.53737742175223 3.90279340731050
  1120 1.33633158619831 3.74333527590128 3.69298667647503
  1121 1.53972106870201 0.18549328770882 3.87120980103229
  1122 0.43850050210417 2.70326623225485 3.68057529813862
  1123 0.56926097452241 2.49453900033006 3.63804840588171
  1124 0.63952073986294 0.91545796237282 3.31870834250914
  1125 0.99972896484912 0.55932776081524 3.24940962413056
  1127 1.20776248585850 0.77235924041993 3.11153344626368
  1128 0.91115986620887 1.14123194509236 3.13846385496339
  1131 1.38142714067956 1.88728324026701 0.43604748816291
  1133 2.25267885858160 2.25563207341691 0.05754115055386
  1134 1.82905280996962 2.40021634617646 0.23543442409793
  1135 1.98883929328103 1.53752020873186 3.93223558818454
  1136 1.63428431306681 1.36540950035758 0.33094757259335
  1137 1.88314142331135 1.92416456948832 3.86436492173300
  1138 1.58839090828859 2.11088514851816 0.06031361837566
  1140 2.30041548792522 2.65739978677454 3.03253950432773
  1141 2.45943084800619 2.79976622998476 2.61697801918049
  1142 0.56399358763856 1.14086217637266 0.94056947557468
  1143 0.65041463018971 1.20974803101604 0.49879662319888
  1145 1.85503780129208 2.85629235017484 2.98451455188132
  1146 2.02220759562227 3.10046274817780 2.56852493871767
  1147 0.88469527298624 0.90758933442599 0.60802201832879
  1148 0.75485809185828 0.93269734991631 0.98290144743604
  1164 3.01484678060087 1.86772176250455 2.44006926438234
  1166 2.82346838683751 2.06385957413401 2.20501769747335
  1167 3.30915379613029 2.16864003096875 2.44854991006786
  1168 3.05980238411442 2.34428985519106 2.19612733898293
  1169 1.96392975255220 0.05094288271401 0.79880450606349
  1170 2.28327749830766 3.96051455130468 0.57413866429787
  1172 2.12416757810598 0.25963014566766 0.26401478183574
  1173 1.85254013791089 0.33573474581803 0.43575494264053
  1174 3.94656276022021 1.31103876898131 1.39768434584929
  1176 0.16114423063864 1.03252718111153 1.08798741821675
  1177 3.50093984147439 1.46408343917007 1.12121058431357
  1205 2.83301339410844 0.15539627788393 1.11823318442047
  1206 2.99810574974875 0.38299677612701 1.11637160826335
  1212 2.98758808562094 3.99479900549963 1.23672092294691
  1213 3.19635553937832 0.16013430619801 1.27138083213728
  1229 0.82007317787638 1.72001055940059 1.86674871862881
  1238 0.69007098521086 1.58925350754427 1.17367827554236
  1239 1.01726903833281 1.60999297544140 1.46355041393063
  1332 1.46654220521535 2.05619547368130 0.77390490720184
  1333 1.71153814423512 1.91569028317712 1.12803021594047
  1335 1.35291628682202 2.00750131362239 1.29665737408182
  1336 1.31919303706565 2.24172819502264 0.99052486134753
  1337 1.20774808562353 3.13422593116785 1.94206294067834
  1339 1.05487455825691 2.85062623401248 1.62423420000921
  1345 1.10320038506118 2.85546276983637 2.39301390753234
  1346 0.95546333591378 2.48376948948696 2.09101964479687
  1352 1.85658396764936 3.39576662291666 0.86300132599459
  1354 1.92061629433049 3.14149294519847 1.20330779889185
  1355 1.59708669740867 3.17688794129591 0.70248260786562
  1356 1.59525802436888 2.87099474378380 0.99445325554494
  1377 2.06445133768371 3.86307806767817 3.53562781138041
  1378 1.98112165989194 0.13267068725420 3.71380696287265
  1385 2.17446321840144 0.32908201498777 3.44467121023362
  1386 2.24794070757916 0.08542125285817 3.29526382611204
  1395 3.45765610834428 1.51174505038935 0.45386355182505
  1396 3.67884876574884 1.24809020140919 0.30548052298290
  1400 3.42231741880408 1.32942169767947 0.78107254055379
  1401 3.63594803063652 1.08720629055720 0.63067493038845
  1437 0.20049802038088 1.72771575606723 1.51505361955843
  1439 0.22667743485945 1.74291914948389 1.63648343596730
  1440 0.13208999304193 1.85495662870583 1.48749881780701
  1441 0.15910455236800 1.89639254171832 1.65043925346177
  1450 2.24790610455280 3.00960716756286 3.90438022735028
  1451 2.40796011694529 3.25703127719185 0.01806389916814
  1455 2.24835786975327 3.11269353792494 3.66875749413190
  1456 2.37949398704210 3.33038300352044 3.74415274616822
  1458 0.75464163271565 1.76554019675350 0.95676978771137
  1459 0.97387641404485 2.10383208654900 0.72043742472596
  1460 0.60400286554952 2.09384168151304 0.69913160575713
  1461 0.74444787324977 2.25857873052709 0.64417992256137
edges 766
16      2      0
17      0      8
32     16     41
33     41     37
34     37     18
84     58     59
85     59     52
93     59     47
101     76     72
102     72     14
111     72     69
177    115     47
181     59      0
189    115      8
218    143    139
224    134    136
225    136    147
229    140    136
231    143    140
232    149    156
246    152    163
247    163    157
272    171    191
273    191    169
284    185      2
292    177    180
293    180    185
295    171     18
303    174    177
313    199    198
363    220    215
382    230    243
389    241    236
390    236    243
391    231    240
395    231    241
398    235    240
419    254    174
433    260    261
438    264    261
486     16    295
487    295    290
496    295    288
501    292    288
524    260    199
526     58    185
537    310    191
544    195    311
553    311    315
554    315    310
584    264    332
588    163    336
596    339    284
597    311    339
612    354    346
623    347    346
624    354    315
625    343    347
629    243    356
632    147    356
636    343    143
641    365    358
642    358    364
669    139    347
690    376    241
700    214    380
736     41    396
737    396    394
760     11    364
766    403    336
767    399    403
774    157    405
775    405    403
776    119    410
782    406    410
785    408    288
786    406    408
825    410    220
835    365    422
839    425    215
843    425    422
844    396    295
849    406    425
850    394    408
886    169    436
890    439    440
892    230    439
895    241    439
921    413    447
947    171    457
998     36    473
1021    156    481
1042    488    489
1045     36    488
1048     16    488
1049     14    489
1079    500    502
1081    231    500
1083    236    502
1086    198    502
1109    199    510
1112    149    510
1153    191    524
1172     69    529
1194    413    538
1214    544    545
1218     36    545
1220     37    544
1221     41    545
1242    149    553
1243    261    553
1256    557    559
1260    394    559
1261    354    557
1263    399    559
1289    568    569
1290    553    568
1292    332    568
1293    152    569
1294    134    569
1301    300    571
1307     52    573
1308    277    573
1333    581    582
1336    339    581
1337    403    582
1339    354    582
1355    230    587
1410    115    605
1431    545    611
1432    473    611
1476    115    625
1486    629    630
1487    396    629
1490    290    630
1491     98    630
1492    429    630
1507    635    636
1510    569    635
1512    429    636
1513    332    636
1525    343    640
1528    432    640
1540      2    645
1546    647    648
1547     98    647
1549    429    647
1550    413    648
1552    635    648
1553    649    650
1554    136    649
1557    356    650
1558    587    650
1559    380    650
1584      8    658
1586     11    658
1591    660    662
1595    513    662
1602    394    663
1605    399    663
1612    346    667
1614    582    667
1615    668    669
1617    519    668
1618    291    668
1619    636    669
1621    290    669
1631    673    674
1634    422    673
1635    405    674
1636    663    674
1637    425    674
1648    513    678
1649    605    678
1658    544    681
1660     11    681
1691    691    692
1692    481    691
1693    436    691
1694    231    691
1697    376    692
1705    695    696
1706    310    695
1707    557    695
1708    171    695
1710    559    696
1711     37    696
1716    139    698
1718    529    698
1729    432    701
1760    571    711
1761    538    711
1762    460    711
1779    717    718
1780    524    717
1781    436    717
1782    240    717
1784    174    718
1785    235    718
1800    723    724
1801    481    723
1802    510    723
1803    500    723
1806    195    724
1807    725    726
1808    356    725
1809    538    725
1811    380    726
1813    660    726
1839    735    736
1841    447    735
1842    291    735
1843    152    736
1844    635    736
1845    668    736
1846    737    738
1847    399    737
1850    696    738
1853    739    740
1855    701    739
1856    457    739
1859    169    740
1920    177    758
1922    760    761
1923    152    760
1924    649    760
1925    157    760
1927    380    761
1930    762    764
1932    214    762
1934    761    764
1935    215    762
1937    405    764
1980     98    777
1988    180    780
1989    718    780
1998    783    784
2001    645    783
2002    758    784
2004    185    784
2023    791    792
2024    510    791
2027    724    792
2028    698    792
2037    795    796
2038    726    795
2039    513    795
2040    447    795
2041    761    796
2043    735    796
2044    797    798
2045    169    797
2046    481    797
2048    315    798
2049    724    798
2050    347    798
2051    799    800
2054    447    799
2055    571    800
2056    777    800
2057    413    800
2077    605    806
2106    816    817
2108    762    816
2110    667    817
2111    764    817
2117    581    819
2118    519    819
2119    336    819
2126    625    821
2130    519    822
2133     72    822
2142    358    826
2173    826    837
2176    300    837
2177    838    839
2178    439    838
2180    235    838
2181    440    839
2182    826    839
2183    254    839
2192    842    844
2196     76    844
2199    292    844
2208    660    847
2210    214    847
2232    822    854
2233    291    854
2270    277    866
2278    869    870
2281    406    870
2283    777    869
2284    365    870
2286    513    871
2287    799    871
2296    581    874
2297    822    874
2298     69    874
2307    799    877
2308    869    877
2318    838    881
2322    882    883
2324    758    882
2325    260    882
2326    473    883
2328    264    883
2329    884    885
2331    881    884
2332    235    884
2333    277    885
2335    780    885
2352    254    890
2377    899    900
2378    663    899
2380    629    899
2381    673    900
2391    903    904
2392     98    903
2394    900    903
2395    777    904
2396    837    904
2397    365    904
2399    140    905
2401    156    905
2405    907    908
2407    866    907
2409    220    908
2411    816    908
2412    909    910
2413    791    909
2414    783    909
2416    199    910
2417    784    910
2419    911    912
2420    432    911
2424    881    912
2425    230    912
2426    913    914
2427    432    913
2429    740    913
2430    343    914
2431    905    914
2432    797    914
2433    915    916
2434    611    915
2435    890    915
2437    544    916
2439    738    916
2440    917    918
2442    519    917
2443    489    917
2444    264    918
2445    669    918
2446    488    918
2451     18    920
2454      2    920
2456    922    923
2458    911    922
2459    903    922
2461    881    923
2462    837    923
2470    926    927
2472    877    926
2473    291    926
2474    288    927
2475    869    927
2476    290    927
2478    780    928
2479    920    928
2480    524    928
2495    758    933
2513    502    938
2521    941    942
2523    842    941
2524    806    941
2525    926    942
2526    844    942
2527    854    942
2538    946    948
2540    174    946
2542    890    948
2543    436    946
2545    692    948
2549    261    949
2556    890    952
2557    440    952
2558    376    952
2562    954    955
2564    949    954
2565    917    954
2566    284    955
2568    819    955
2571    957    958
2573     14    957
2574     76    958
2576     16    957
2577    292    958
2578    959    960
2579    806    959
2580     47    959
2583     61    960
2584    862    960
2602    740    966
2603    946    966
2604    933    966
2615    970    971
2617    933    970
2618    883    970
2619    429    971
2621    332    971
2625     36    972
2628     11    972
2638    977    978
2641    573    977
2642    842    978
2644    119    978
2649    739    980
2652    933    980
2654    982    983
2655     18    982
2656    957    982
2657    645    982
2658    457    983
2659    958    983
2662    783    984
2663    980    984
2664    983    984
2679    364    989
2680    972    989
2690    284    992
2696    571    995
2702    997    998
2704    605    997
2705    658    998
2707    871    997
2708    364    998
2711   1000   1001
2714    992   1001
2716    847   1000
2717    662   1001
2718   1002   1003
2719    877   1002
2720    997   1002
2721    941   1002
2722    870   1003
2723    998   1003
2724    119   1003
2740    905   1007
2743   1010   1011
2744    489   1010
2746    972   1010
2747    954   1011
2748    992   1011
2756    376   1012
2759   1015   1016
2760   1011   1015
2762    662   1015
2763    989   1016
2764    995   1016
2765    871   1016
2770    629   1018
2771    970   1018
2772    611   1018
2773   1019   1020
2774    649   1019
2775   1007   1019
2776    157   1019
2777    587   1020
2779    673   1020
2780   1021   1022
2781    911   1021
2782   1020   1021
2783    900   1021
2784    913   1022
2785   1007   1022
2788    980   1023
2790    971   1023
2798    678   1026
2799   1001   1026
2800    625   1026
2805    737   1028
2808    336   1028
2811   1030   1032
2813    899   1030
2815    737   1032
2816   1022   1030
2828   1036   1037
2829    955   1036
2830   1028   1036
2832    949   1037
2834   1012   1037
2835   1038   1039
2836    966   1038
2837   1030   1038
2838   1018   1038
2839    948   1039
2840   1032   1039
2841    915   1039
2843    847   1040
2845   1012   1040
2853    645   1043
2856     14   1043
2863    198   1047
2866    711   1047
2867   1048   1049
2868   1010   1048
2869   1043   1048
2870      8   1048
2871    992   1049
2873    625   1049
2874   1050   1051
2875   1015   1050
2877    949   1050
2878    995   1051
2879   1047   1051
2880    260   1051
2898   1057   1059
2900     76   1057
2902    984   1059
2905   1023   1059
2906   1060   1061
2907    660   1060
2908   1050   1060
2909   1012   1060
2910    725   1061
2911   1047   1061
2912    236   1061
2942    960   1071
2950    346   1073
2953    908   1073
3006    681   1091
3007    920   1091
3020   1096   1097
3021      0   1096
3022   1091   1096
3023    658   1096
3024    573   1097
3026    119   1097
3028    862   1098
3029   1057   1098
3030    529   1098
3034   1100   1101
3035    139   1100
3036   1071   1100
3037    529   1100
3038    667   1101
3040    874   1101
3050   1105   1106
3051    866   1105
3052   1073   1105
3053    640   1105
3054    977   1106
3056    701   1106
3067    862   1109
3070   1057   1109
3077    678   1113
3080    806   1113
3083   1071   1115
3084   1113   1115
3098   1120   1121
3099    842   1120
3100   1109   1120
3101    959   1120
3102    977   1121
3104     52   1121
3105   1122   1123
3106    854   1122
3107    796   1122
3108   1113   1122
3109   1101   1123
3110    817   1123
3111   1115   1123
3112   1124   1125
3115    410   1124
3116    978   1125
3118    408   1124
3119    292   1125
3121   1127   1128
3122    457   1127
3123   1125   1127
3124   1106   1127
3125    557   1128
3126   1124   1128
3127   1073   1128
3139   1133   1134
3141    147   1133
3142     61   1134
3144    243   1133
3145    938   1134
3146   1135   1136
3147    912   1135
3149    640   1135
3150    884   1136
3151   1131   1136
3152    866   1136
3153   1137   1138
3154   1135   1137
3155   1133   1137
3156    143   1137
3157   1131   1138
3158   1134   1138
3159   1071   1138
3162   1140   1141
3164    140   1140
3165    149   1141
3167    134   1140
3168    568   1141
3169   1142   1143
3173    907   1143
3176    220   1143
3178   1145   1146
3179   1098   1145
3180   1140   1145
3181    698   1145
3182   1059   1146
3183   1141   1146
3184    791   1146
3185   1147   1148
3186   1097   1147
3187   1143   1147
3188    277   1147
3189   1091   1148
3190   1142   1148
3191    928   1148
3241   1164   1166
3243   1007   1164
3245    156   1166
3246   1032   1164
3248    692   1166
3249   1167   1168
3250   1028   1167
3251   1164   1167
3252    163   1167
3253   1037   1168
3254   1166   1168
3255    553   1168
3256   1169   1170
3259     58   1169
3260    460   1170
3262    180   1169
3263    300   1170
3265   1172   1173
3266    923   1172
3267   1170   1172
3269    885   1173
3270   1169   1173
3271     52   1173
3273   1174   1176
3275    916   1174
3277    681   1176
3280   1142   1176
3282   1040   1177
3283   1174   1177
3284    952   1177
3370   1205   1206
3372    177   1205
3373    254   1206
3375    300   1205
3376    826   1206
3393   1212   1213
3394    882   1212
3395    995   1212
3396   1205   1212
3397    473   1213
3398    989   1213
3399   1206   1213
3446    311   1229
3449    310   1229
3475   1238   1239
3476   1142   1238
3479    524   1239
3480   1229   1239
3777   1332   1333
3780    938   1332
3781    500   1333
3783   1131   1332
3784    240   1333
3786   1335   1336
3787   1239   1335
3788   1333   1335
3789    195   1335
3791   1332   1336
3792    821   1336
3794   1337   1339
3796    909   1337
3798    821   1339
3799   1043   1337
3801   1049   1339
3818   1345   1346
3819   1337   1345
3820     69   1345
3821    792   1345
3822   1339   1346
3823    339   1346
3824    195   1346
3842   1352   1354
3844    460   1352
3846    198   1354
3847     58   1352
3849    910   1354
3850   1355   1356
3851     47   1355
3852   1352   1355
3853     61   1355
3854    821   1356
3855   1354   1356
3856    938   1356
3921   1377   1378
3925   1172   1378
3927   1109   1377
3928   1121   1378
3946   1385   1386
3947    922   1385
3948   1378   1385
3949    701   1385
3950    647   1386
3951   1377   1386
3952   1023   1386
3978   1395   1396
3980    587   1395
3981    214   1395
3983    422   1396
3984    215   1396
3994   1400   1401
3995   1395   1400
3996    440   1400
3997   1177   1400
3998   1396   1401
3999    358   1401
4000   1176   1401
4114   1437   1439
4116   1238   1437
4118   1229   1439
4119   1174   1437
4121    738   1439
4122   1440   1441
4123   1040   1440
4124   1437   1440
4125   1000   1440
4126   1036   1441
4127   1439   1441
4128    284   1441
4154   1450   1451
4155    147   1450
4157     61   1450
4158    538   1451
4160    460   1451
4170   1455   1456
4171    862   1455
4172    134   1455
4173   1450   1455
4174   1377   1456
4175    648   1456
4176   1451   1456
4179   1458   1459
4181    907   1458
4182   1131   1459
4184   1238   1458
4185   1336   1459
4186   1460   1461
4187   1000   1460
4188   1458   1460
4189    816   1460
4190   1026   1461
4191   1459   1461
4192   1115   1461
polygons 447
0   1540   2451   2454   2655   2657
3     16     17   1540   2853   2869   2870
4     16   2454   3007   3021   3022
5   2573   2656   2657   2853   2856
7     32     33     34   2576   2655   2656
10   1584   1586   2628   2746   2868   2870
11     17   1584   3021   3023
13   1586   1660   3006   3022   3023
15   1214   1218   1658   1660   2625   2628
16   1049   2744   2856   2868   2869
17   1042   1048   1049   2573   2576
18     32   1045   1048   1218   1221
19     34   1220   1658   2451   3006   3007
21   1042   1045   2625   2744   2746
22     33   1214   1220   1221
23   3844   3852   3853   4154   4157   4160
27   3260   3267   3921   3925   4160   4174   4176
28     84     85   3259   3270   3271
29   3256   3259   3260   3844   3847
30   3104   3265   3271   3925   3928
31   2578   2584   3067   3100   3101
32     85     93   2580   3098   3101   3104
33     93     84   3847   3851   3852
34   2578   2580   2583   3851   3853
36   2583   2584   4157   4171   4173
37   2574   2659   2664   2898   2900   2902
38    101    102   2571   2573   2574
39   2001   2414   2853   3796   3799
40   2023   2413   3796   3819   3821
42    102    111   2856   3799   3819   3820
43   2413   2414   2662   2902   3182   3184
44   1172   1718   2028   3820   3821
45    111    101   1172   2900   3029   3030
47   1486   1492   2615   2619   2770   2771
48   2380   2770   2813   2837   2838
49   1491   1492   1547   1549
51   2394   2458   2459   2781   2783
54   1547   2392   2459   3946   3947   3950
56   1729   2420   2458   3947   3949
57   1549   2619   2790   3950   3952
58   1853   2602   2604   2649   2652
60   2420   2427   2780   2781   2784
61   1729   1853   1855   2427   2429
62   2429   2602   2784   2816   2836   2837
63   1486   1491   2377   2380   2392   2394
67    177   1410   2077   2579   2580
68   1307   2641   3102   3104
69     85    181   1307   3020   3021   3024
70   2638   2641   2644   3024   3026
71    177    189     17    181     93
73    189   1410   1584   2702   2704   2705
75   2638   2642   3098   3099   3102
76   2523   2524   2579   3099   3101
77   2523   2642   2644   2718   2721   2724
78   2705   2723   2724   3020   3023   3026
81   2077   2524   2704   2720   2721
82   2583   2942   3142   3158   3159
83   1716   1718   3035   3037
84    218   3035   3036   3153   3156   3159
85   3139   3141   3142   4155   4157
86   2584   2942   3028   3030   3036   3037
87    224    225   4155   4172   4173
88    229    224   3164   3167
89   3028   3167   3179   3180   4171   4172
90    218    231   1716   3164   3180   3181
91    229    231    225   3141   3155   3156
92    232   1242   3245   3254   3255
93    232   2399   2401   3162   3164   3165
94   1242   1290   3165   3168
95    246    247   1923   1925
96    224   1293   1294   1554   1923   1924
97   1924   1925   2774   2776
100   1289   1294   3162   3167   3168
101    246   1289   1290   1293   3249   3252   3255
102   2401   2740   3241   3243   3245
103    247   2775   2776   3243   3251   3252
104    229   1554   2399   2740   2774   2775
107   1856   2649   2658   2663   2664
108    272    273    947   1853   1856   1859
109    273    886   1153   1780   1781
110    886   1859   2543   2602   2603
111    284   1540   1998   2001   2004
112    292    293   1920   2002   2004
114    295    272   1153   2451   2479   2480
115    295    947   2654   2655   2658
119    303   1920   2495   2540   2603   2604
121   1779   1780   1989   2478   2480
122    292    303   1784   1988   1989
123   1779   1781   1784   2540   2543
124    284    293   1988   2454   2478   2479
125   1998   2002   2495   2652   2662   2663
126    313   1079   1086   1109   1802   1803
127   1800   1803   1806   3781   3788   3789
128   1086   2513   3846   3855   3856
129   1109   2024   2412   2413   2416
130   1806   2027   3818   3821   3824
131   2412   3794   3796   3798   3849   3854   3855
133   3786   3789   3792   3798   3822   3824
134    313   2416   3846   3849
135   1932   2108   2210   2716   4187   4189
136   2210   2843   3282   3981   3995   3997
139   3273   3280   3476   4116   4119
141   2405   2411   4181   4188   4189
143   3169   3173   3476   4181   4184
145    363   3169   3176   3280   3984   3998   4000
146   2405   2409   3173   3176
148   1932   1935   3978   3981   3984
149    363   1935   2108   2409   2411
150   4116   4124   4125   4184   4187   4188
151   2578   2579   2942   3080   3083   3084
152   1172   2298   3034   3037   3040
154   3028   3029   3067   3070
155   2192   2196   2900   3070   3099   3100
156    101   2133   2196   2232   2526   2527
159    111   2133   2297   2298
160    892   2178   2318   2424   2425
161    382   2425   3144   3147   3154   3155
162    389    390    382    892    895
163    391   1081   3781   3784
164    395    398    391    895   2178   2180
165    389    395   1079   1081   1083
166    390   1083   2513   3139   3144   3145
167   2331   2424   3146   3147   3150
169    398   2332   3150   3151   3777   3783   3784
171   2180   2318   2331   2332
173   1432   2352   2434   2435   3373   3397   3399
174   1920   2324   3372   3394   3396
176    419    303   3370   3372   3373
178    419   2352   2538   2540   2542
179   2435   2542   2839   2841
180   1432   2326   2618   2771   2772
181   2434   2772   2835   2838   2841
182   2325   2878   2880   3394   3395
183    433   2549   2874   2877   2880
184    438    433   2322   2325   2328
185    438   2440   2444   2549   2564   2565
186   2443   2565   2743   2744   2747
187   2564   2747   2760   2875   2877
188    998   2625   2680   3397   3398
191    998   1045   2326   2328   2444   2446
192   1528   1729   3050   3053   3056
193   2270   2329   2333   3150   3152
194   2456   3266   3925   3947   3948
195   1307   1308   2333   3269   3271
199   1308   2270   2641   3050   3051   3054
200   3054   3056   3102   3928   3948   3949
201   2714   2717   2748   2760   2762
202   2690   2711   2714   4122   4125   4128
203   2832   2834   2877   2908   2909
204   2208   2843   2845   2907   2909
205   2566   2829   4126   4128
207   2562   2566   2690   2747   2748
210   2196   2199   2574   2577
211    486    487   1048   1621   2445   2446
212    102   1049   2130   2133   2442   2443
213   1617   1618   2130   2232   2233
214   1615   1618   1621   2470   2473   2476
215    487    496   2474   2476
216   2233   2473   2525   2527
217    501    496    486   2571   2576   2577
219    501   2199   2470   2474   2525   2526
223   1301   2696   3375   3395   3396
224   1760   2696   2866   2878   2879
226   1301   1760   1762   3260   3263
227    292   3256   3262   3263   3372   3375
228   1762   2863   2866   3842   3844   3846
230    524   2002   2324   2325   2416   2417
231    313    524   2863   2879   2880
234    526   2004   2417   3842   3847   3849
235    293    526   3259   3262
240    537   1153   3449   3479   3480
241   1780   1782   3479   3784   3787   3788
243    544   3446   3480   3787   3789
244   1081   1692   1694   1801   1803
246    391   1693   1694   1781   1782
248    553    554   3446   3449
249    554    273    537   2044   2045   2048
250    544    553   1806   2048   2049
251    886   1692   1693   2045   2046
253   2039   2040   2054   2286   2287
254   1841   1842   2054   2307   2472   2473
255   1842   2043   2233   3106   3107
257   2472   2521   2525   2719   2721
258   1648   1649   2286   2704   2707
261   1293   1510   1843   1844
262   1289   1292   1507   1510   1513
263    438    584   1243   1290   1292
264    584   1513   1619   2444   2445
265    588   2808   3250   3252
266   1243   2549   2832   3253   3255
267   2119   2568   2808   2829   2830
268    588    246   1617   1843   1845   2118   2119
269   1507   1615   1619   1844   1845
270   2126   2873   3798   3801
271   2714   2799   2800   2871   2873
272    596   2690   2871   3801   3822   3823
273    544    597   3823   3824
274    596    597   3446   4118   4127   4128
275   1525   1528   2426   2427   2430
276    537    272   1706   1708
277   1859   2045   2426   2429   2432
279    612   1261   2950   3125   3127
280    947   1707   1708   3121   3122   3125
281   1855   1856   3056   3122   3124
284    623    612    624   2048   2050
285    625   2044   2050   2430   2432
286    623    625   1525   2950   3052   3053
287    624    554   1261   1706   1707
289   1355   2419   2425   2777   2781   2782
290    382    629   1355   1557   1558
291    632    629   3141   3144
294    636   1525   3149   3154   3156
295    231    636   2399   2430   2431
296    632    225   1553   1554   1557
297    641   2142   2173   2396   2397
298    642   2142   2679   3376   3398   3399
299    641    642   2284   2708   2722   2723
300   2679   2702   2707   2708   2763   2765
301   1301   2055   2056   2176   2395   2396
302   2051   2055   2287   2696   2764   2765
303   2173   2176   3370   3375   3376
304   2278   2283   2284   2395   2397
305   2270   2407   3173   3187   3188
306   2333   2335   2478   3185   3188   3191
307   3783   3791   4182   4185
309   1785   1989   2329   2332   2335
310   2480   3190   3191   3475   3476   3479
311   2407   3151   3152   4179   4181   4182
313    398   1779   1782   1785
314   1021   2046   2401   2431   2432
315    669   1716   2027   2028   2049   2050
316   1112   2024   3165   3183   3184
319    232   1021   1112   1801   1802
320    669    218    636    625
322   3142   3145   3850   3853   3856
323   1083   1086   2863   2911   2912
326   1761   1762   4158   4160
327   1761   1809   2866   2910   2911
328    629    390   1808   2910   2912
329    632   1808   1809   4154   4155   4158
331   1292   2621   2790   2905   3168   3182   3183
332   1512   1513   2619   2621
333   1294   1510   1552   4170   4172   4175
334    690    389   2756   2906   2909   2912
335   1557   1559   1807   1808   1811
336   1807   1813   2906   2907   2910
338    890    892   1355   3980   3995   3996
339    700   1558   1559   3980   3981
341   2558   2756   2845   3282   3284
342    690    890    895   2557   2558
343    700   1811   1813   2208   2210
345   2557   3284   3996   3997
348   1846   2433   2439   2815   2840   2841
349   2545   2839   2840   3241   3246   3248
350   2805   2815   3246   3250   3251
351   1697   2756   2834   3248   3253   3254
352   2439   3275   4114   4119   4121
353   1697   2542   2545   2556   2558
354   1846   2805   2830   4121   4126   4127
355    433    524   1109   1112   1242   1243
358    584   2328   2615   2618   2621
360   1263   1710   1846   1847   1850
361   1220   1711   1850   2437   2439
362   1260   1263   1602   1605
363     33    736    737   1260   1710   1711
364    736   1221   1431   1487   2770   2772
365    737   1487   1602   2378   2380
369   1605   1847   2378   2811   2813   2815
372   1410   1476   1649   2798   2800
373   3083   3157   3159   4182   4191   4192
376    177   1476   2126   3850   3851   3854
378    189   1476   2867   2870   2873
380   1595   2286   2759   2762   2765
382    760   1586   2705   2708
384   1595   1648   2717   2798   2799
386    760   2628   2679   2680
387    597    553    624   1333   1336   1339
388    596   1336   2117   2566   2568
389    766   1333   1337   2117   2119
390    767   1256   1261   1263   1337   1339
391    766    767   1847   2805   2808
393   1705   1706   1850   3449   4118   4121
395   2785   2811   2816   3243   3246
397   2381   2779   2782   2783
398    774   1631   1635   2773   2776   2779
399    775    767   1605   1635   1636
400    774    247    588    766    775
401    776   2644   3112   3115   3116
402    782    776   2281   2722   2724
403   2192   2199   2642   3116   3119
404    785    501   3112   3118   3119
405    782    786   3115   3118
406    786    785   2278   2281   2474   2475
407   2308   2470   2472   2475
408   1194   1760   1761   2055   2057
409   1194   1550   4158   4175   4176
411   1546   1547   1550   1980   2056   2057
412   2176   2462   3263   3266   3267
414   1980   2391   2392   2395
417   1612   2106   2110   2411   2950   2953
418    623    669   1612   3034   3035   3038
420   1591   1595   1813   2038   2039
422    921   2051   2054   2057
423    921   1194   1807   1809   2038   2040
424   1934   2041   2111   3105   3107   3110
425    774   1922   1925   1934   1937
426   1839   1843   1922   1923   2041   2043
427   1333   1614   2296   3038   3040
428   2117   2118   2130   2296   2297
429   1618   1839   1842   1845
430    775   1337   1614   1937   2110   2111
432   2638   3054   3116   3123   3124
434   2577   2658   2659   3119   3122   3123
436   1553   1559   1922   1924   1927
437   1811   1927   2037   2038   2041
439    921   1550   1552   1839   1841   1844
440   1490   1492   1512   1619   1621
441   1490   1491   1980   2283   2475   2476
444   1336   2296   2298   3818   3820   3823
445   1988   2335   3262   3269   3270
446   1308   3024   3186   3188
447    284    526     84    181     16
449    776    825   3026   3176   3186   3187
450    825   2409   2953   3115   3126   3127
454   2173   2177   2182   2318   2461   2462
456   1634   2777   2779   3978   3980   3983
458    835   1634   2381   2391   2394   2397
460   2142   2181   2182   3994   3996   3999
461    641    835   3983   3998   3999
462    839   1635   1637   1930   1935   1937
463    700   1927   1930   1932   1934
466    839    843   3983   3984
467    843   1631   1634   1637
468    844    487   1486   1487   1490
469     32    486    844    736
470    998   1218   1431   1432
473   2181   2183   2352   2556   2557
474    419   1784   1785   2177   2180   2183
475    395    690   1691   1694   1697
477   1021   1691   1692   3245   3248
478   2182   2183   3373   3376
479    786    849    850   1602   1636   1637
480    850    737    844    496    785
481    835    843    849   2281   2284
482    760    642   1660   3277   3999   4000
483   3006   3189   3190   3277   3280
484    363    839    849    782    825
485    850   1256   1260   3118   3125   3126
486     34    295   1705   1708   1711
488   1658   2437   3273   3275   3277
489    612   1339   1612   1614
491   1507   1512   1546   1549   1552
492   1528   2419   2420   3147   3149
493   1691   1693   2538   2543   2545
494    890   2177   2178   2181
495   2118   2442   2562   2565   2568
496   1591   2762   2875   2907   2908
497   1841   2037   2040   2043
501   1546   3950   3951   4174   4175
503   2322   2326   3393   3394   3397
506   1800   1801   2044   2046   2049
508   1042   2440   2443   2446
510   2798   3077   3084   4190   4192
511   2110   3038   3109   3110
512   1079   2513   3777   3780   3781
515   1800   1802   2023   2024   2027
516   1648   2037   2039   3077   3107   3108
518   1615   1617   2440   2442   2445
521   1718   3030   3179   3181
523   2001   2654   2657   2662   2664
524   1214   1431   2433   2434   2437
525   2287   2307   2707   2719   2720
527   1256   1705   1707   1710
531   1553   1558   2773   2774   2777
533   1855   2649   2788   3946   3949   3952
536   1649   2077   3077   3080
539   2126   2800   3792   4185   4190   4191
541   3051   3053   3146   3149   3152
542   2023   2028   3178   3181   3184
544   1591   2208   2711   2716   2717
545   1631   1636   2377   2378   2381
547   2051   2056   2283   2307   2308
548   2716   2843   4123   4125
552   2106   3110   3111   4186   4189   4192
553   3780   3791   3792   3854   3856
554   2329   2331   2461   3265   3266   3269
555   2322   2324   2495   2617   2618
556   1930   2106   2108   2111
558   1998   2412   2414   2417
559   3067   3927   4170   4171   4174
562   2521   2524   2527   3080   3106   3108
564   2232   2297   3040   3105   3106   3109
565   2405   2407   2953   3051   3052
566   3145   3157   3158   3780   3783
567   2391   2396   2456   2459   2462
568   2192   2521   2523   2526
571   2426   2431   2740   2784   2785
572   2278   2308   2718   2719   2722
573   2419   2424   2456   2458   2461
574   2377   2780   2783   2813   2816
575   2433   2435   2556   3275   3283   3284
576   2604   2617   2771   2836   2838
577   2479   3007   3189   3191
578   2615   2617   2652   2788   2790
580   2538   2603   2835   2836   2839
581   2562   2564   2828   2829   2832
582   2571   2654   2656   2659
583   2763   2764   3393   3395   3398
584   2680   2743   2746   2759   2760   2763
585   2663   2788   2902   2905
586   2743   2748   2867   2868   2871
587   2759   2764   2874   2875   2878
588   2702   2718   2720   2723
589   2711   2799   4186   4187   4190
590   2898   2905   3070   3927   3951   3952
591   2773   2775   2780   2782   2785
592   2828   2834   2845   4122   4123   4126
593   2828   2830   3249   3250   3253
594   2811   2835   2837   2840
595   3282   3283   4119   4123   4124
596   2867   2869   3794   3799   3801
597   2874   2879   2906   2908   2911
599   2898   3029   3178   3179   3182
600   3020   3022   3185   3186   3189
602   3034   3036   3083   3109   3111
603   3050   3052   3121   3124   3127
609   3098   3100   3921   3927   3928
610   3084   3105   3108   3111
612   3112   3121   3123   3126
613   3146   3151   3153   3154   3157
614   3139   3153   3155   3158
615   3162   3178   3180   3183
616   3169   3185   3187   3190
620   3241   3249   3251   3254
621   3256   3265   3267   3270
622   3273   3283   3994   3997   4000
628   3370   3393   3396   3399
630   3475   3786   3787   4179   4184   4185
631   3475   3480   4114   4116   4118
652   3777   3786   3788   3791
653   3794   3818   3819   3822
656   3842   3850   3852   3855
661   3921   3946   3948   3951
663   3978   3994   3995   3998
671   4114   4122   4124   4127
673   4154   4170   4173   4176
674   4179   4186   4188   4191
cells 64
0      0      3      4      5      7     10     11     13     15     16     17     18     19     21     22
1     23     27     28     29     30     31     32     33     34     36    559    609    621    673
2     37      5     38     39     40     42     43     44     45    521    523    542    582    599
3     47     48     49     51     54     56     57     58     60     61     62     63    533    574    576    578
4     32     67     68     69     70     11     71     73     75     76     77     78     81    588
5     82     83     84     85     86     36     87     88     89     90     91    521    614
6     92     93     94     95     96     97     88    100    101    102    103    104    620
7    107    108     58    109    110    111    112    114    115    119    121    122    123    124      0    125    523
8    126    127    128    129    130    131     40    133    134    512    515    553    652    653
9    135    136    139    141    143    145    146    148    149    150    548    595    622    663
10    151    152     86     45    154     76    155    156     31    159    562    564    568    602    610
11    160    161    162    163    164    165    166    167    169    171    512    566    613    614
12    173    174    176    178    179    119    180    181    503    555    576    580    628
13    182    183    184    185     21    186    187    188    191    503    508    583    584    587
14    167    192    193    194     56    195     30    199    200     68    492    541    554    573
15    201    202    203    204    205    187    207    496    544    548    581    592
16     17    210     38    211    212    213    214    215    156    216    217    219    508    518
17    182    223    174    224    226    227     29    228    230    231    112    134    234    235
18    240    241    163    243    127    244    246    109    248    249    250    251    506
19    253    254    255    216    257    258     81    497    516    525    536    562
20    261    262    263    264    185    265    266    267    268    269    101    495    518    581    593
21    270    271    243    272    202    133    273    150    274    539    589    630    631    671    674
22    275     61    276    249    108    277    279    280    281    284    285    286    192    287    603
23    289    104    290    291    275    294     91    295    296    161     60    492    531    571    591
24    297    298    299    223    300    301    302    303    304    525    547    572    583    588    628
25    121    241    305    169    193    306    307    143    309    310    311    313    616    630    652
26    314    285    315    316     93    319    320    295     90    506    515    542    615
27     85    322     23    228    128    323    326    327    328    329    166    291    656
28    331    154     57    332    333    100     89    262    491    501    559    590    599    615
29    162    334    328    290    335    336    338    339    341    342    343    204    136    345
30    348    349    350    351    179    352    353    341    354    575    592    593    595    620    671
31    129    355    125    331    230    184     43    316     94    358    263    555    558    578    585
32    360    361    362    363    364    365    348     48     22    369    181    524    594
33    322     82    372    307    373    376     34     67    151    510    536    539    553    566
34    372     73    378    380    271     10    258    382    384    201    386    300    584    586
35    387    388    389    390    391    360    267    393    274    205    354    287    248    527
36    395    103    391    369    265    350    397    398    399    400    545    574    591
37     77    401    402    403    404    405    406    257    219    407    568    572
38    408    326    409    411    412    226    414    194     27     54    301    501    567    661
39    311    417    286    373    418    141    294     84    320    511    541    552    565    602    613    674
40    224    336    380    253    302    408    420    422    423    327    496    587    597
41    424    425    426     95    427    428    213    255    429    430    389    400    268    511    564
42    155     37    432    210     75    403    107    200    281    434    533    585    590    609    661
43    436    437    335    439    261    426    423    333    409    296     87     96    329    497    673
44    429    439    269    440    422    254    411    441    214     49    407    491    547
45    428    212    388    272    444    159     42    207     16    186    495    586    596    653
46    445    195     28     69    446      4    235    124    447    306    577    600
47    401    432    199    305    446     70    449    450    146    565    603    612
48    454     51    297    289    160    456    397    458    338    460    461    494    567    573    663
49    456    398    462    148    463    339    425     97    436    466    467    531
50    468    440    211    191    358    364     47     18    469    264    470    332    180
51    353    178    473    474    246    475    123    164    342    313    493    494
52    351    334    266    355    475    231    323    126     92    244    203    183    319    477    165    597
53    445    227    122    474    309    412    171    454    478    303    176    554    621
54    270      3    378    447     71    376     33    111     39    131    234    558    596    656
55    424    384    135    437    420    343    463    510    516    544    552    556    589    610
56    441    406    479    480    468    215    365    414    304    458     63    481    467    545
57    482    483    466    299    382    449     13    402     78    461    145    484    481    600    616
58      7    280    434    363    480    485    404    469    217    486    115    527    582    612
59    477    314    102    277     62    251    349    395    110    493    571    580    594
60    139    483    393    488    352    361    276    240    114    486     19    310    577    631
61     15    482    478    473    460    488    345    470    173    298    188    386    524    575    622
62    387    489    427    130     44    418    315     83    444    273    284    152    250
63    149    484    450    390    489    279    362    485    417    479    405    462    430    399    556
