vertices 383
     0 0.96728120450179 3.81501169267198 1.14936366245612
     2 1.35440989641012 3.98921946828073 1.68258458884076
     8 0.85567806745242 3.70475171152136 1.15144623261397
    11 0.21784817962411 0.10329151883885 1.14172579671935
    14 0.81643527040309 3.51758420173230 2.24258784331846
    16 0.25973634211071 0.09685299679075 2.40232938076261
    18 1.10595739601604 0.44558772962045 2.01036681137003
    36 3.86504735560050 0.04384599678677 1.78762412923220
    37 0.45194489491750 0.56782039496057 2.10888647960689
    41 0.20322169829239 0.23623958850515 2.35209894393405
    47 1.39949861353473 3.25883409119813 0.65402647335944
    52 1.62174055576452 0.15464889378061 0.28740721904570
    58 1.81618536598262 3.67265595990714 0.96211848283470
    59 1.49212231661876 3.66553658985460 0.78495091209052
    61 1.84262435437720 2.77410032749374 0.17027450213893
    69 1.00037064447664 2.84481215671916 2.77287411100580
    72 0.89803813089840 3.05080217658370 2.76883953334096
    76 1.12367322443785 3.57945267522884 3.00852653150098
    98 3.05436716750836 0.13557754310220 3.42852487522366
   115 1.00829352107780 3.18063291031169 0.81861453485150
   119 0.74987524668306 0.38807664500832 0.17715456415482
   134 2.57898470226136 2.62663942436545 3.30673026248055
   136 2.61793124252827 2.28428791969412 3.46647386889367
   139 1.61327275013274 2.09368780902639 3.16596854854150
   140 2.36852481366857 2.12922046216439 3.18300155363902
   143 1.97131330952742 1.88353913989874 3.29399620741099
   147 2.49638180985210 2.29619109291806 3.97788034184790
   149 2.61695076419066 2.49891747129694 2.33924387277326
   152 3.37979103713683 2.61375208660074 3.09843316879257
   156 2.60612082160563 2.04492971198285 2.31311451641475
   157 3.44218913539236 2.07922338385364 3.17761866282241
   163 3.52914272661478 2.21653134267842 2.84232718567074
   169 1.87712310024578 1.08306603491815 2.28441174429619
   171 1.28427557715729 0.86252624554611 2.26979044207046
   174 2.26642481434812 0.62335934465558 1.59150371745580
   177 2.22702830766327 0.18847340356293 1.52978310863982
   180 2.02728912868963 0.16098782472254 1.40590838133223
   185 1.81645651899710 3.90035712480660 1.51685667963588
   191 1.38811352759891 1.00735380605039 2.17180847921094
   195 1.19859418990843 2.18127495753104 2.09238840663699
   198 2.41484243176379 2.81575653768005 1.35674153076511
   199 2.43231848669274 2.95086383621565 1.69555873942022
   214 3.77244954144542 1.86028946519637 0.46692728114240
   215 0.17336085035923 1.26444225809574 0.07274085438944
   220 0.48188388148369 1.19806338846010 0.11558591836130
   230 2.70647848213942 1.59764292255231 0.27047695280187
   231 2.23829177361917 1.88649885857462 1.31047789801647
   235 2.10858846123389 1.18051297000242 0.92000006406405
   236 2.51055566429611 2.13123195804691 1.02755069501517
   240 1.96831901566289 1.57862675477706 1.20825699072370
   241 2.54023201103995 1.93349630645454 1.12108163804172
   243 2.56050393747085 2.07925601563523 0.24840036784443
   254 2.96521140736700 0.66644916020960 1.27741997123094
   260 2.78086326807877 3.03416014516399 1.71799810271854
   261 3.01318092474817 2.88668579042232 1.97372356868729
   264 3.12935628234426 3.25887153075369 2.20697380277039
   277 1.53458116404978 0.81623476932591 0.46095009206257
   284 0.42192720410711 2.25669853450372 1.92134340757086
   288 0.19797666113545 0.19862161204940 2.98193850905706
   290 3.86468043677511 3.97219259108244 3.01797990466993
   291 0.03211427590027 3.08932631811110 3.28194942464468
   292 0.93761794108846 3.98195650443199 3.00614311509235
   295 0.08927451321674 0.19523360430689 2.81652835213499
   300 2.79722160670132 3.91234214114305 0.72056018022521
   310 1.03962822732976 1.34875519012652 2.27092983650479
   311 1.00464580063850 1.98526110985890 2.15892246881754
   315 1.10671688307311 1.65480981868928 2.45544906229889
   332 2.98852431738225 3.22209955409940 2.58082832136597
   336 3.91955641117555 2.09466501544758 2.65195392248046
   339 0.82053206466174 2.22888777618673 2.18640172655789
   343 1.95218330049513 1.62588928746068 3.08286230262463
   346 1.15714126010431 1.71718167769539 3.18710874738980
   347 1.56113910991087 1.84240974420679 3.06213499090212
   354 0.90498050963221 1.61859388473323 2.81436543668858
   356 2.69279836004035 2.20498870100053 0.15106788685096
   358 3.61577988843283 0.63235293681857 0.61661970019281
   364 0.06292708309715 0.07513651440673 0.98392314620084
   365 3.64555812045093 0.58217553832744 0.18468987136018
   376 3.02553937079804 1.84964540397259 1.44941622274625
   380 3.50206160837967 2.25689943208100 0.19615161935291
   394 0.20071561675980 0.91204238936488 2.97584227700503
   396 0.03778637624296 0.32831674869509 2.74936965894449
   399 0.16071208661958 1.29325175609219 2.79082820742758
   403 0.18210395853961 1.79092953217576 2.96005581834850
   405 3.98698818235325 1.78425675339939 3.30789879415729
   406 0.22786636341816 0.84471912618948 3.77172993662690
   408 0.34244169812499 0.76663591110228 3.23667934514169
   410 0.47280175376188 0.87393874421817 3.85208610554006
   413 3.13613131997472 3.30315591286458 0.01878477042546
   422 3.71448755380491 0.97511472768961 0.06879023864044
   425 0.04196107950764 1.07533236902568 3.85917309291430
   429 2.92869478384190 3.85283730285512 3.05943479581832
   432 2.15569375581315 0.96615826015464 3.22021275829166
   436 2.06868102067941 1.06268780336444 1.96327218921435
   439 2.70999505487116 1.43155196367568 0.66942912903618
   440 3.32823391502240 1.19503015394940 0.89084359710033
   447 3.48215103024756 3.14796160306917 3.99779981639651
   457 1.51276796990827 0.53623849232772 2.64118750766096
   460 2.42233424044430 3.42091787328247 0.53973224404193
   473 3.48696822025449 0.09740588353218 1.77642438828598
   481 2.30246000033007 1.88239644727520 2.02024095142440
   488 0.07735134526781 3.64670986997221 2.13444601530114
   489 0.21866942228292 3.47828646485798 2.08000708656941
   500 2.14540918164879 2.01334042374336 1.29008072038573
   502 2.25338314565562 2.20110574417227 1.13637722284426
   510 2.26471300068801 2.67573090368015 1.98743041700903
   513 0.01129207942551 2.92243448207173 0.59616702459414
   519 0.17775619269597 2.84886627195876 2.68372580495181
   524 1.47446672919373 0.95922988130801 1.66300918231959
   529 1.47728963092489 2.63465778999138 3.13055422167637
   538 2.80047157186605 3.12988202057222 0.24781631787168
   544 0.19506477543094 0.57595674707639 1.78289990707357
   545 3.91166262643442 0.26502396920025 1.92230113416970
   553 2.92149078397562 2.58585875807727 2.30568809621891
   557 0.80635712844632 1.30546217847665 2.76474857150714
   559 0.35572684435909 1.16867195173053 2.74303340012661
   568 2.91031058967800 2.82622098343019 2.63507056163467
   569 3.13390054394050 2.81822878480640 3.03970214146237
   571 2.93897455275348 3.62688477936736 0.68160071382608
   573 1.45018984884825 0.36924505958449 0.24173738543070
   581 0.52876592818303 2.31797184723735 2.62732343988085
   582 0.57978963189347 1.94756585653539 2.93636223534767
   587 2.94842827710610 1.60182533113802 0.13545455794202
   605 0.75158292391347 3.13318277355806 0.51188021459976
   611 3.52070897028290 0.34801404042495 1.92618309330706
   625 0.97266345374759 2.82619739760933 1.08080995088225
   629 3.29135692219274 0.46840469328879 2.81689814676294
   630 3.18769343811465 0.11652746433063 3.12143614586784
   635 3.17619916563464 2.93116654375740 3.08499401664584
   636 3.18186049687034 3.27358892545945 2.82180691263836
   640 1.91544509316719 1.27608690038612 3.44880004302335
   645 1.35080122664341 3.86036500703718 1.90530161430030
   647 2.82091660172103 3.87111934496477 3.30139443796747
   648 2.84657425411735 3.31597994861663 3.60583818225590
   649 2.97939069563697 2.10253905548068 3.48970221431199
   650 2.97512343369056 2.04229006228732 0.01196993903864
   658 0.54841039635310 3.99993670073624 0.99371082445322
   660 3.65084877218484 2.41216915291310 0.78322867857873
   662 3.95563457047975 2.75541722284761 0.86109119863671
   663 0.03498049226965 1.05434493814036 2.99669350645126
   667 0.77009312903370 2.07777964492395 3.30624205984576
   668 3.86784311742766 3.02200922886217 2.99059833914287
   669 3.70099571078997 3.36170080515711 2.75808164907099
   673 3.26034631003971 1.10194191537725 3.59541762437805
   674 3.87738020962995 1.24150865656642 3.42380615052053
   678 0.58683217102552 2.85225482708284 0.51880646857743
   681 0.36964969043521 0.50192577520694 1.30232243667084
   691 2.38196802539075 1.74498472547537 1.84869357523334
   692 2.81357352223555 1.71353029994212 1.86290908518628
   695 0.92853475125213 1.21084445938008 2.36837066074225
   696 0.48101195751881 1.07247512609364 2.30052326788795
   698 1.63183081043109 2.52971292533782 3.00045185362984
   701 1.97237032570257 0.67113839922668 3.17977310707405
   711 2.69107635675356 3.33887267126881 0.60112040530486
   717 1.80105207506255 0.99813016105937 1.61599006165287
   718 1.98413872631893 0.78498896452492 1.44933281889793
   723 2.07053490991692 2.19294093359668 1.81992532987615
   724 1.49878557048709 2.19841189721866 2.22666894802819
   725 2.97577536959093 2.54754372832422 0.42117176898474
   726 3.48030089887436 2.45812307856572 0.34150243219229
   735 3.72242130484030 2.88290576224527 3.53565551564237
   736 3.48433936046526 2.80512199869084 3.15909648763651
   737 3.84830185701709 1.45293676441079 2.34952219081321
   738 0.14280368016373 1.28968398968435 1.97145357859006
   739 1.92890745376745 0.56578502166671 2.71816538773930
   740 2.09203092666189 0.77768022283208 2.58567977652517
   758 2.22714963640960 3.93177716392509 1.83792340784191
   760 3.36358288675459 2.28108022512291 3.32616474577051
   761 3.75661465523183 2.35969271763083 3.77058051925025
   762 0.24881221409364 1.68749116949042 0.05914195569410
   764 0.18688560637449 1.96789518467109 3.67760639812201
   777 3.33551678044360 0.07411745214845 3.86994828816179
   780 1.84838059040542 0.67916648399393 1.37823534428311
   783 1.75886663927755 3.69352749653150 1.95182227738197
   784 1.92415545418594 3.72970526725766 1.76359856308706
   791 1.95001972726346 2.94123587710538 2.30279787194635
   792 1.53568730606445 2.58539490771011 2.47599864632173
   795 3.68136778470411 2.75111515467851 0.17916458435119
   796 3.84744713379327 2.59878916326289 3.79280291331907
   797 1.91452650265705 1.51187528956071 2.46507953139483
   798 1.51772290500244 1.77125638001532 2.54243478453258
   799 3.55771044572803 3.46684888434686 0.14494491545681
   800 3.28596478375557 3.55891979258753 0.14669580842618
   806 0.94871341240324 3.11615283017686 0.11039019443882
   816 0.59154123793366 1.75086214027889 0.11182662185564
   817 0.53586624100423 2.07818708295270 3.65299491087028
   819 0.19537472584929 2.37325158024865 2.52225332592336
   821 1.34415098148277 2.63368810860675 1.19493182025203
   822 0.62109440377194 2.85268478091230 2.90089621391328
   826 3.15175259992505 0.54173564408017 0.78506353419573
   837 2.94992957340747 0.34129575641891 0.42746794166045
   838 2.53134002837204 1.18350362626206 0.69227926360407
   839 3.04193568881315 0.82657753605389 0.92476438949659
   842 1.14263294744005 3.74900072671593 3.61809684723516
   844 0.99036983856419 3.69859775283396 3.20338472388126
   847 3.84110894387194 2.03518314332934 0.84111121104522
   854 0.44752079777846 2.99154375259067 3.30433327340224
   862 1.79764967369712 3.09957414724913 3.50547990305527
   866 1.62861383768359 1.27337180460898 0.25286457922279
   869 3.76509967979169 0.05970550434735 3.81797456932644
   870 3.91853441650945 0.36390405361541 0.03958392409062
   871 3.86330310770168 3.42004387637042 0.60252833378628
   874 0.71521444029565 2.69623280059737 2.88750467824516
   877 3.89662551134516 3.78883541927213 3.91891477767459
   881 2.37063670816738 1.09203810137599 0.43084090555566
   882 2.80318060379898 3.61565815805375 1.79662852680065
   883 2.95751553294128 3.66115635016405 2.01479137754310
   884 1.96723297599908 1.07665787427927 0.59696409151335
   885 1.80015576994144 0.77245509646493 0.63811577300509
   890 3.22646141053966 0.97442010044039 1.68481776455014
   899 3.27231102600637 0.75206248048368 2.89766464955358
   900 3.05404486357368 0.91296969904465 3.46788074632202
   903 2.94802205963128 0.52513928202898 3.65296870281556
   904 3.23213089843538 0.35114602724189 0.02365211378101
   905 2.47587918151793 1.79338849638203 2.86912849866057
   907 0.90224530126071 1.54661398090842 0.37165216667690
   908 0.75168264904478 1.58988836380894 0.10642300026158
   909 1.78244364581964 3.23471526311874 1.96171236789591
   910 2.01401120509110 3.26704463231270 1.69400318459099
   911 2.63414919327226 0.90576305397585 3.61390084997724
   912 2.42482872416643 1.30023909591571 0.12242519250692
   913 2.25094520521781 1.06374278311332 2.96183675860322
   914 2.11754724155652 1.50536816096655 2.86868429331885
   915 3.35046772427213 0.91481062599509 1.81461582771503
   916 3.97700926448514 1.05472670032242 1.72578551120894
   917 0.01412608328230 3.23442512508959 2.22010261964466
   918 3.85494151820623 3.36806138687569 2.29031662444073
   920 1.17919172714785 0.42149889575436 1.73965696086323
   922 2.67159751562962 0.58406632373822 3.71648066523216
   923 2.56844852719691 0.52324935542832 0.21286766956639
   926 0.14460023992667 3.57027546944803 3.42292145434105
   927 3.97928329173252 3.97966592816429 3.17015243192380
   928 1.43363685483623 0.80835218466793 1.56846222545132
   933 2.30093469151514 0.17303663820283 2.38308449310541
   938 1.84264951660828 2.29288397610980 0.75356869327303
   941 0.80258291516140 3.52980591106131 3.78389690876117
   942 0.61027980597575 3.45295652770523 3.43837792525608
   946 2.32050373256096 0.81782978958350 1.96384845632052
   948 3.02103422385968 1.09514682009593 1.92112130887345
   949 3.27265677931000 2.72129180630590 1.79879061661004
   952 3.40543295716016 1.31927265829485 1.20786697927311
   954 3.92409276799289 2.92261375354931 1.93904438545010
   955 0.13112564629018 2.34348223907435 2.15208230872507
   957 0.89371636719717 3.87780841472611 2.38831017548039
   958 1.07388394701110 3.88212649602621 2.78641472386132
   959 1.30389992446956 3.17721610175292 0.11174734743962
   960 1.55640072935116 2.87447094481884 3.93684729486376
   966 2.34985613033017 0.62652301626654 2.36644258598798
   970 2.67091158230206 0.00693990360603 2.47885614458352
   971 2.63497317022648 3.83680683920459 2.69636750317989
   972 0.02726442730235 3.91171454070266 1.37447047944144
   977 1.47524738791460 0.26648694549314 3.85585114355057
   978 1.19397305911630 0.19654482651773 3.73059193691795
   980 2.10156659722019 0.11124360637696 2.57871011084684
   982 1.22567056633375 0.07889653621535 2.18926552154779
   983 1.43991912249391 0.11526899377287 2.50819160918456
   984 1.87304577106957 3.92456591758723 2.49012682471452
   989 3.84916405530549 3.88862329244689 1.17395145972407
   992 0.47542179966075 2.71426447711594 1.48102611704475
   995 3.14482021956313 3.58477576432392 1.07742013481932
   997 0.25790185916632 3.72625138259610 0.51775932292579
   998 0.27841566831325 3.92690266889887 0.65212127868664
  1000 0.31031892429964 2.10549854037629 1.00127891423358
  1001 0.39330217887797 2.53673091231708 1.02952996528739
  1002 0.27620881110184 3.86564137155205 0.27668526118333
  1003 0.28881989853647 0.02260528088726 0.33754503245617
  1007 2.83259728420830 1.62391393350402 2.93496323850728
  1010 0.27818212770450 3.42005269238326 1.71593803783863
  1011 0.10282632087738 3.05107359074582 1.63048002362279
  1012 3.23620518890641 2.06739792781954 1.45845948837383
  1015 3.76270389466455 3.05601668666211 1.23119868652099
  1016 3.68189331917058 3.50684867614738 1.02085281587369
  1018 3.10723727277709 0.46253912033837 2.51449969366101
  1019 3.07555373697431 1.80648092605400 3.28220944554012
  1020 3.07742699643126 1.23619452381124 3.59361078770890
  1021 2.93553854750465 1.01732100523950 3.46606273195876
  1022 2.76404518274208 1.13506432478843 3.00247090087434
  1023 2.22637946830406 3.90901283541571 2.77915026662920
  1026 0.68286451198644 2.60341971567604 0.84290783605688
  1028 3.76913030696626 1.94518455272038 2.36924648797008
  1030 3.05971514124302 0.91065509067537 2.67087742068104
  1032 3.25009935800204 1.25670955510696 2.35545542145268
  1036 3.87994345939432 2.08855704298645 2.09805233024887
  1037 3.32571167518660 2.29029023464808 1.91580297252609
  1038 2.97487426956403 0.75555924018080 2.47890188970763
  1039 3.14247030963120 1.03997938884388 2.07223124840854
  1040 3.70343257524886 1.77996257570416 1.22730247611983
  1043 1.02267066737110 3.46085214599464 1.95145920115762
  1047 2.73294931244704 2.85217229348711 1.22042471320496
  1048 0.75845160654248 3.38519771915713 1.59801923011037
  1049 0.84510647615327 2.89335432233945 1.44773315536071
  1050 3.19868761871256 2.77380307542384 1.45273973684218
  1051 2.92006044849546 2.96357506713945 1.41522916950778
  1057 1.66176814918861 3.38372262178490 3.16637353860077
  1059 1.99509803641841 3.67302271944109 2.72470734396129
  1060 3.16184914103813 2.44814046403472 1.21577714157747
  1061 2.87748924745960 2.49149674949369 1.06347770577872
  1071 1.28626471284523 2.35023485557287 3.76918376096057
  1073 1.20586300278928 1.50312796632820 3.40591560472505
  1091 0.68150293043213 0.46778523575908 1.22941146052537
  1096 0.71385186982022 0.12153047930881 1.00333253063511
  1097 0.94383241746389 0.44849015516454 0.47281291320868
  1098 1.73770650492774 2.97291454953134 3.24147085815257
  1100 1.31123854565609 2.35771103497702 3.37388185904530
  1101 0.83811988882236 2.31606291836664 3.34835765962698
  1105 1.68597615751283 1.25122007962069 3.54198001342822
  1106 1.62150361051329 0.72468010258326 3.36403537430147
  1109 1.73185941293176 3.42504953774397 3.44180081196050
  1113 0.73449413448080 2.67939964281378 0.01488498287751
  1115 0.82795100413842 2.43210637494702 3.94029020562808
  1120 1.41712718807044 3.63808357440825 3.73042603583347
  1121 1.62075610927139 0.08040727992245 3.90847336533420
  1122 0.51816919739282 2.59852415855169 3.71814745176484
  1123 0.64899904709380 2.38939635399501 3.67571379944167
  1124 0.72014054209586 0.81113269660107 3.35589884552829
  1125 1.08053036696222 0.45447294102647 3.28624332772881
  1127 1.28840825511053 0.66759006048118 3.14810259402908
  1128 0.99181040778383 1.03673660103190 3.17534975263927
  1131 1.46230798280813 1.77969972416824 0.47293126966638
  1133 2.33219009278265 2.14995386927334 0.09367636853302
  1134 1.91015100056062 2.29364978638072 0.27100468360632
  1135 2.07020835656947 1.43208570096491 3.96869471521762
  1136 1.71520882699189 1.25978345750835 0.36791124971315
  1137 1.96390651660004 1.81905063503481 3.90094288482651
  1138 1.67062595571636 2.00435689164997 0.09595034266403
  1140 2.38066374999973 2.55163917476434 3.06925547570608
  1141 2.53961284671269 2.69412294528023 2.65424344444096
  1142 0.64375139325099 1.03524255793856 0.97822766651444
  1143 0.73046615571384 1.10511784567053 0.53637224120214
  1145 1.93548770326685 2.75042618003645 3.02173466811402
  1146 2.10251805187241 2.99578242031026 2.60606528499891
  1147 0.96524043375642 0.80218399665855 0.64543968761613
  1148 0.83505632131396 0.82700299596718 1.02034364835344
  1164 3.09489299505833 1.76307238537693 2.47723384371011
  1166 2.90355982133379 1.95934869540526 2.24185455026905
  1167 3.38863244504948 2.06379064420159 2.48573326879528
  1168 3.13953418311511 2.23942216996507 2.23306301598625
  1169 2.04541773146184 3.94603174709118 0.83550969675782
  1170 2.36345990641773 3.85634174258451 0.61161115100134
  1172 2.20458514261353 0.15495672214349 0.30175344265679
  1173 1.93369418520816 0.23078732365841 0.47271650075827
  1174 0.02699915006889 1.20607726557647 1.43537691857681
  1176 0.24230327794999 0.92703508536239 1.12498525861428
  1177 3.58209631864726 1.35822590655531 1.15898336394850
  1205 2.91252459781890 0.05100643144827 1.15522479180856
  1206 3.07811131337733 0.27913695522131 1.15315756260737
  1212 3.06826304441419 3.88916381910899 1.27453183364561
  1213 3.27750984325275 0.05463902097179 1.30906589707596
  1229 0.90100628749296 1.61571787910062 1.90476097646459
  1238 0.77061673742515 1.48467707150137 1.21182863108812
  1239 1.09766246933293 1.50536249963160 1.50173796304086
  1332 1.54357873366567 1.94445083199470 0.80046525829284
  1333 1.79433755603455 1.80679352887141 1.16307648139710
  1335 1.43141560428059 1.89993630573343 1.33480786284325
  1336 1.39997399614492 2.13821542390733 1.02760645880155
  1337 1.28910985872657 3.02811075439435 1.98012788917222
  1339 1.13838449832618 2.74408986337107 1.66448793962737
  1345 1.18039330825814 2.75214231070314 2.43660519590489
  1346 1.03370600176003 2.37652295801506 2.13041796116642
  1352 1.93689938858780 3.29047839559173 0.90065045313897
  1354 2.00217656590196 3.03546054303431 1.24184403837599
  1355 1.67697692019869 3.07158644214264 0.74012283539080
  1356 1.67553775054928 2.76236984115895 1.03425199752957
  1377 2.14480848541580 3.75787858174936 3.57314040934914
  1378 2.06141546770363 0.02762008167250 3.75145692995464
  1385 2.25518659394120 0.22435574092959 3.48169861516533
  1386 2.32867032192743 3.98068044277470 3.33235300242698
  1395 3.53814073997544 1.40677133863815 0.49074578194406
  1396 3.75904864412783 1.14355250645607 0.34242202556077
  1400 3.50317319675547 1.22379605328417 0.81837585646569
  1401 3.71621051001500 0.98216913500138 0.66762413468565
  1437 0.28116339570566 1.62353991445279 1.55329036760348
  1439 0.30732273961118 1.63847643979714 1.67376798156238
  1440 0.21321297198105 1.74997087259162 1.52592328119731
  1441 0.24009699457828 1.79107723612922 1.68770711523724
  1450 2.32796243587851 2.90296122853436 3.94095737820703
  1451 2.48856316729509 3.15155915447558 0.05522139847281
  1455 2.32829740812660 3.00634608430363 3.70506076925510
  1456 2.46008067441940 3.22514992760160 3.78118362670861
  1458 0.83438330426169 1.65771724854985 0.99859751251324
  1459 1.05476312493454 1.99884078701627 0.75805827592980
  1460 0.68343523513306 1.98944208829266 0.73720204971367
  1461 0.82427691854494 2.15440174574786 0.68158364675309
edges 766
16      2      0
17      0      8
32     16     41
33     41     37
34     37     18
84     58     59
85     59     52
93     59     47
101     76     72
102     72     14
111     72     69
177    115     47
181     59      0
189    115      8
218    143    139
224    134    136
225    136    147
229    140    136
231    143    140
232    149    156
246    152    163
247    163    157
272    171    191
273    191    169
284    185      2
292    177    180
293    180    185
295    171     18
303    174    177
313    199    198
363    220    215
382    230    243
389    241    236
390    236    243
391    231    240
395    231    241
398    235    240
419    254    174
433    260    261
438    264    261
486     16    295
487    295    290
496    295    288
501    292    288
524    260    199
526     58    185
537    310    191
544    195    311
553    311    315
554    315    310
584    264    332
588    163    336
596    339    284
597    311    339
612    354    346
623    347    346
624    354    315
625    343    347
629    243    356
632    147    356
636    343    143
641    365    358
642    358    364
669    139    347
690    376    241
700    214    380
736     41    396
737    396    394
760     11    364
766    403    336
767    399    403
774    157    405
775    405    403
776    119    410
782    406    410
785    408    288
786    406    408
825    410    220
835    365    422
839    425    215
843    425    422
844    396    295
849    406    425
850    394    408
886    169    436
890    439    440
892    230    439
895    241    439
921    413    447
947    171    457
998     36    473
1021    156    481
1042    488    489
1045     36    488
1048     16    488
1049     14    489
1079    500    502
1081    231    500
1083    236    502
1086    198    502
1109    199    510
1112    149    510
1153    191    524
1172     69    529
1194    413    538
1214    544    545
1218     36    545
1220     37    544
1221     41    545
1242    149    553
1243    261    553
1256    557    559
1260    394    559
1261    354    557
1263    399    559
1289    568    569
1290    553    568
1292    332    568
1293    152    569
1294    134    569
1301    300    571
1307     52    573
1308    277    573
1333    581    582
1336    339    581
1337    403    582
1339    354    582
1355    230    587
1410    115    605
1431    545    611
1432    473    611
1476    115    625
1486    629    630
1487    396    629
1490    290    630
1491     98    630
1492    429    630
1507    635    636
1510    569    635
1512    429    636
1513    332    636
1525    343    640
1528    432    640
1540      2    645
1546    647    648
1547     98    647
1549    429    647
1550    413    648
1552    635    648
1553    649    650
1554    136    649
1557    356    650
1558    587    650
1559    380    650
1584      8    658
1586     11    658
1591    660    662
1595    513    662
1602    394    663
1605    399    663
1612    346    667
1614    582    667
1615    668    669
1617    519    668
1618    291    668
1619    636    669
1621    290    669
1631    673    674
1634    422    673
1635    405    674
1636    663    674
1637    425    674
1648    513    678
1649    605    678
1658    544    681
1660     11    681
1691    691    692
1692    481    691
1693    436    691
1694    231    691
1697    376    692
1705    695    696
1706    310    695
1707    557    695
1708    171    695
1710    559    696
1711     37    696
1716    139    698
1718    529    698
1729    432    701
1760    571    711
1761    538    711
1762    460    711
1779    717    718
1780    524    717
1781    436    717
1782    240    717
1784    174    718
1785    235    718
1800    723    724
1801    481    723
1802    510    723
1803    500    723
1806    195    724
1807    725    726
1808    356    725
1809    538    725
1811    380    726
1813    660    726
1839    735    736
1841    447    735
1842    291    735
1843    152    736
1844    635    736
1845    668    736
1846    737    738
1847    399    737
1850    696    738
1853    739    740
1855    701    739
1856    457    739
1859    169    740
1920    177    758
1922    760    761
1923    152    760
1924    649    760
1925    157    760
1927    380    761
1930    762    764
1932    214    762
1934    761    764
1935    215    762
1937    405    764
1980     98    777
1988    180    780
1989    718    780
1998    783    784
2001    645    783
2002    758    784
2004    185    784
2023    791    792
2024    510    791
2027    724    792
2028    698    792
2037    795    796
2038    726    795
2039    513    795
2040    447    795
2041    761    796
2043    735    796
2044    797    798
2045    169    797
2046    481    797
2048    315    798
2049    724    798
2050    347    798
2051    799    800
2054    447    799
2055    571    800
2056    777    800
2057    413    800
2077    605    806
2106    816    817
2108    762    816
2110    667    817
2111    764    817
2117    581    819
2118    519    819
2119    336    819
2126    625    821
2130    519    822
2133     72    822
2142    358    826
2173    826    837
2176    300    837
2177    838    839
2178    439    838
2180    235    838
2181    440    839
2182    826    839
2183    254    839
2192    842    844
2196     76    844
2199    292    844
2208    660    847
2210    214    847
2232    822    854
2233    291    854
2270    277    866
2278    869    870
2281    406    870
2283    777    869
2284    365    870
2286    513    871
2287    799    871
2296    581    874
2297    822    874
2298     69    874
2307    799    877
2308    869    877
2318    838    881
2322    882    883
2324    758    882
2325    260    882
2326    473    883
2328    264    883
2329    884    885
2331    881    884
2332    235    884
2333    277    885
2335    780    885
2352    254    890
2377    899    900
2378    663    899
2380    629    899
2381    673    900
2391    903    904
2392     98    903
2394    900    903
2395    777    904
2396    837    904
2397    365    904
2399    140    905
2401    156    905
2405    907    908
2407    866    907
2409    220    908
2411    816    908
2412    909    910
2413    791    909
2414    783    909
2416    199    910
2417    784    910
2419    911    912
2420    432    911
2424    881    912
2425    230    912
2426    913    914
2427    432    913
2429    740    913
2430    343    914
2431    905    914
2432    797    914
2433    915    916
2434    611    915
2435    890    915
2437    544    916
2439    738    916
2440    917    918
2442    519    917
2443    489    917
2444    264    918
2445    669    918
2446    488    918
2451     18    920
2454      2    920
2456    922    923
2458    911    922
2459    903    922
2461    881    923
2462    837    923
2470    926    927
2472    877    926
2473    291    926
2474    288    927
2475    869    927
2476    290    927
2478    780    928
2479    920    928
2480    524    928
2495    758    933
2513    502    938
2521    941    942
2523    842    941
2524    806    941
2525    926    942
2526    844    942
2527    854    942
2538    946    948
2540    174    946
2542    890    948
2543    436    946
2545    692    948
2549    261    949
2556    890    952
2557    440    952
2558    376    952
2562    954    955
2564    949    954
2565    917    954
2566    284    955
2568    819    955
2571    957    958
2573     14    957
2574     76    958
2576     16    957
2577    292    958
2578    959    960
2579    806    959
2580     47    959
2583     61    960
2584    862    960
2602    740    966
2603    946    966
2604    933    966
2615    970    971
2617    933    970
2618    883    970
2619    429    971
2621    332    971
2625     36    972
2628     11    972
2638    977    978
2641    573    977
2642    842    978
2644    119    978
2649    739    980
2652    933    980
2654    982    983
2655     18    982
2656    957    982
2657    645    982
2658    457    983
2659    958    983
2662    783    984
2663    980    984
2664    983    984
2679    364    989
2680    972    989
2690    284    992
2696    571    995
2702    997    998
2704    605    997
2705    658    998
2707    871    997
2708    364    998
2711   1000   1001
2714    992   1001
2716    847   1000
2717    662   1001
2718   1002   1003
2719    877   1002
2720    997   1002
2721    941   1002
2722    870   1003
2723    998   1003
2724    119   1003
2740    905   1007
2743   1010   1011
2744    489   1010
2746    972   1010
2747    954   1011
2748    992   1011
2756    376   1012
2759   1015   1016
2760   1011   1015
2762    662   1015
2763    989   1016
2764    995   1016
2765    871   1016
2770    629   1018
2771    970   1018
2772    611   1018
2773   1019   1020
2774    649   1019
2775   1007   1019
2776    157   1019
2777    587   1020
2779    673   1020
2780   1021   1022
2781    911   1021
2782   1020   1021
2783    900   1021
2784    913   1022
2785   1007   1022
2788    980   1023
2790    971   1023
2798    678   1026
2799   1001   1026
2800    625   1026
2805    737   1028
2808    336   1028
2811   1030   1032
2813    899   1030
2815    737   1032
2816   1022   1030
2828   1036   1037
2829    955   1036
2830   1028   1036
2832    949   1037
2834   1012   1037
2835   1038   1039
2836    966   1038
2837   1030   1038
2838   1018   1038
2839    948   1039
2840   1032   1039
2841    915   1039
2843    847   1040
2845   1012   1040
2853    645   1043
2856     14   1043
2863    198   1047
2866    711   1047
2867   1048   1049
2868   1010   1048
2869   1043   1048
2870      8   1048
2871    992   1049
2873    625   1049
2874   1050   1051
2875   1015   1050
2877    949   1050
2878    995   1051
2879   1047   1051
2880    260   1051
2898   1057   1059
2900     76   1057
2902    984   1059
2905   1023   1059
2906   1060   1061
2907    660   1060
2908   1050   1060
2909   1012   1060
2910    725   1061
2911   1047   1061
2912    236   1061
2942    960   1071
2950    346   1073
2953    908   1073
3006    681   1091
3007    920   1091
3020   1096   1097
3021      0   1096
3022   1091   1096
3023    658   1096
3024    573   1097
3026    119   1097
3028    862   1098
3029   1057   1098
3030    529   1098
3034   1100   1101
3035    139   1100
3036   1071   1100
3037    529   1100
3038    667   1101
3040    874   1101
3050   1105   1106
3051    866   1105
3052   1073   1105
3053    640   1105
3054    977   1106
3056    701   1106
3067    862   1109
3070   1057   1109
3077    678   1113
3080    806   1113
3083   1071   1115
3084   1113   1115
3098   1120   1121
3099    842   1120
3100   1109   1120
3101    959   1120
3102    977   1121
3104     52   1121
3105   1122   1123
3106    854   1122
3107    796   1122
3108   1113   1122
3109   1101   1123
3110    817   1123
3111   1115   1123
3112   1124   1125
3115    410   1124
3116    978   1125
3118    408   1124
3119    292   1125
3121   1127   1128
3122    457   1127
3123   1125   1127
3124   1106   1127
3125    557   1128
3126   1124   1128
3127   1073   1128
3139   1133   1134
3141    147   1133
3142     61   1134
3144    243   1133
3145    938   1134
3146   1135   1136
3147    912   1135
3149    640   1135
3150    884   1136
3151   1131   1136
3152    866   1136
3153   1137   1138
3154   1135   1137
3155   1133   1137
3156    143   1137
3157   1131   1138
3158   1134   1138
3159   1071   1138
3162   1140   1141
3164    140   1140
3165    149   1141
3167    134   1140
3168    568   1141
3169   1142   1143
3173    907   1143
3176    220   1143
3178   1145   1146
3179   1098   1145
3180   1140   1145
3181    698   1145
3182   1059   1146
3183   1141   1146
3184    791   1146
3185   1147   1148
3186   1097   1147
3187   1143   1147
3188    277   1147
3189   1091   1148
3190   1142   1148
3191    928   1148
3241   1164   1166
3243   1007   1164
3245    156   1166
3246   1032   1164
3248    692   1166
3249   1167   1168
3250   1028   1167
3251   1164   1167
3252    163   1167
3253   1037   1168
3254   1166   1168
3255    553   1168
3256   1169   1170
3259     58   1169
3260    460   1170
3262    180   1169
3263    300   1170
3265   1172   1173
3266    923   1172
3267   1170   1172
3269    885   1173
3270   1169   1173
3271     52   1173
3273   1174   1176
3275    916   1174
3277    681   1176
3280   1142   1176
3282   1040   1177
3283   1174   1177
3284    952   1177
3370   1205   1206
3372    177   1205
3373    254   1206
3375    300   1205
3376    826   1206
3393   1212   1213
3394    882   1212
3395    995   1212
3396   1205   1212
3397    473   1213
3398    989   1213
3399   1206   1213
3446    311   1229
3449    310   1229
3475   1238   1239
3476   1142   1238
3479    524   1239
3480   1229   1239
3777   1332   1333
3780    938   1332
3781    500   1333
3783   1131   1332
3784    240   1333
3786   1335   1336
3787   1239   1335
3788   1333   1335
3789    195   1335
3791   1332   1336
3792    821   1336
3794   1337   1339
3796    909   1337
3798    821   1339
3799   1043   1337
3801   1049   1339
3818   1345   1346
3819   1337   1345
3820     69   1345
3821    792   1345
3822   1339   1346
3823    339   1346
3824    195   1346
3842   1352   1354
3844    460   1352
3846    198   1354
3847     58   1352
3849    910   1354
3850   1355   1356
3851     47   1355
3852   1352   1355
3853     61   1355
3854    821   1356
3855   1354   1356
3856    938   1356
3921   1377   1378
3925   1172   1378
3927   1109   1377
3928   1121   1378
3946   1385   1386
3947    922   1385
3948   1378   1385
3949    701   1385
3950    647   1386
3951   1377   1386
3952   1023   1386
3978   1395   1396
3980    587   1395
3981    214   1395
3983    422   1396
3984    215   1396
3994   1400   1401
3995   1395   1400
3996    440   1400
3997   1177   1400
3998   1396   1401
3999    358   1401
4000   1176   1401
4114   1437   1439
4116   1238   1437
4118   1229   1439
4119   1174   1437
4121    738   1439
4122   1440   1441
4123   1040   1440
4124   1437   1440
4125   1000   1440
4126   1036   1441
4127   1439   1441
4128    284   1441
4154   1450   1451
4155    147   1450
4157     61   1450
4158    538   1451
4160    460   1451
4170   1455   1456
4171    862   1455
4172    134   1455
4173   1450   1455
4174   1377   1456
4175    648   1456
4176   1451   1456
4179   1458   1459
4181    907   1458
4182   1131   1459
4184   1238   1458
4185   1336   1459
4186   1460   1461
4187   1000   1460
4188   1458   1460
4189    816   1460
4190   1026   1461
4191   1459   1461
4192   1115   1461
polygons 447
0   1540   2451   2454   2655   2657
3     16     17   1540   2853   2869   2870
4     16   2454   3007   3021   3022
5   2573   2656   2657   2853   2856
7     32     33     34   2576   2655   2656
10   1584   1586   2628   2746   2868   2870
11     17   1584   3021   3023
13   1586   1660   3006   3022   3023
15   1214   1218   1658   1660   2625   2628
16   1049   2744   2856   2868   2869
17   1042   1048   1049   2573   2576
18     32   1045   1048   1218   1221
19     34   1220   1658   2451   3006   3007
21   1042   1045   2625   2744   2746
22     33   1214   1220   1221
23   3844   3852   3853   4154   4157   4160
27   3260   3267   3921   3925   4160   4174   4176
28     84     85   3259   3270   3271
29   3256   3259   3260   3844   3847
30   3104   3265   3271   3925   3928
31   2578   2584   3067   3100   3101
32     85     93   2580   3098   3101   3104
33     93     84   3847   3851   3852
34   2578   2580   2583   3851   3853
36   2583   2584   4157   4171   4173
37   2574   2659   2664   2898   2900   2902
38    101    102   2571   2573   2574
39   2001   2414   2853   3796   3799
40   2023   2413   3796   3819   3821
42    102    111   2856   3799   3819   3820
43   2413   2414   2662   2902   3182   3184
44   1172   1718   2028   3820   3821
45    111    101   1172   2900   3029   3030
47   1486   1492   2615   2619   2770   2771
48   2380   2770   2813   2837   2838
49   1491   1492   1547   1549
51   2394   2458   2459   2781   2783
54   1547   2392   2459   3946   3947   3950
56   1729   2420   2458   3947   3949
57   1549   2619   2790   3950   3952
58   1853   2602   2604   2649   2652
60   2420   2427   2780   2781   2784
61   1729   1853   1855   2427   2429
62   2429   2602   2784   2816   2836   2837
63   1486   1491   2377   2380   2392   2394
67    177   1410   2077   2579   2580
68   1307   2641   3102   3104
69     85    181   1307   3020   3021   3024
70   2638   2641   2644   3024   3026
71    177    189     17    181     93
73    189   1410   1584   2702   2704   2705
75   2638   2642   3098   3099   3102
76   2523   2524   2579   3099   3101
77   2523   2642   2644   2718   2721   2724
78   2705   2723   2724   3020   3023   3026
81   2077   2524   2704   2720   2721
82   2583   2942   3142   3158   3159
83   1716   1718   3035   3037
84    218   3035   3036   3153   3156   3159
85   3139   3141   3142   4155   4157
86   2584   2942   3028   3030   3036   3037
87    224    225   4155   4172   4173
88    229    224   3164   3167
89   3028   3167   3179   3180   4171   4172
90    218    231   1716   3164   3180   3181
91    229    231    225   3141   3155   3156
92    232   1242   3245   3254   3255
93    232   2399   2401   3162   3164   3165
94   1242   1290   3165   3168
95    246    247   1923   1925
96    224   1293   1294   1554   1923   1924
97   1924   1925   2774   2776
100   1289   1294   3162   3167   3168
101    246   1289   1290   1293   3249   3252   3255
102   2401   2740   3241   3243   3245
103    247   2775   2776   3243   3251   3252
104    229   1554   2399   2740   2774   2775
107   1856   2649   2658   2663   2664
108    272    273    947   1853   1856   1859
109    273    886   1153   1780   1781
110    886   1859   2543   2602   2603
111    284   1540   1998   2001   2004
112    292    293   1920   2002   2004
114    295    272   1153   2451   2479   2480
115    295    947   2654   2655   2658
119    303   1920   2495   2540   2603   2604
121   1779   1780   1989   2478   2480
122    292    303   1784   1988   1989
123   1779   1781   1784   2540   2543
124    284    293   1988   2454   2478   2479
125   1998   2002   2495   2652   2662   2663
126    313   1079   1086   1109   1802   1803
127   1800   1803   1806   3781   3788   3789
128   1086   2513   3846   3855   3856
129   1109   2024   2412   2413   2416
130   1806   2027   3818   3821   3824
131   2412   3794   3796   3798   3849   3854   3855
133   3786   3789   3792   3798   3822   3824
134    313   2416   3846   3849
135   1932   2108   2210   2716   4187   4189
136   2210   2843   3282   3981   3995   3997
139   3273   3280   3476   4116   4119
141   2405   2411   4181   4188   4189
143   3169   3173   3476   4181   4184
145    363   3169   3176   3280   3984   3998   4000
146   2405   2409   3173   3176
148   1932   1935   3978   3981   3984
149    363   1935   2108   2409   2411
150   4116   4124   4125   4184   4187   4188
151   2578   2579   2942   3080   3083   3084
152   1172   2298   3034   3037   3040
154   3028   3029   3067   3070
155   2192   2196   2900   3070   3099   3100
156    101   2133   2196   2232   2526   2527
159    111   2133   2297   2298
160    892   2178   2318   2424   2425
161    382   2425   3144   3147   3154   3155
162    389    390    382    892    895
163    391   1081   3781   3784
164    395    398    391    895   2178   2180
165    389    395   1079   1081   1083
166    390   1083   2513   3139   3144   3145
167   2331   2424   3146   3147   3150
169    398   2332   3150   3151   3777   3783   3784
171   2180   2318   2331   2332
173   1432   2352   2434   2435   3373   3397   3399
174   1920   2324   3372   3394   3396
176    419    303   3370   3372   3373
178    419   2352   2538   2540   2542
179   2435   2542   2839   2841
180   1432   2326   2618   2771   2772
181   2434   2772   2835   2838   2841
182   2325   2878   2880   3394   3395
183    433   2549   2874   2877   2880
184    438    433   2322   2325   2328
185    438   2440   2444   2549   2564   2565
186   2443   2565   2743   2744   2747
187   2564   2747   2760   2875   2877
188    998   2625   2680   3397   3398
191    998   1045   2326   2328   2444   2446
192   1528   1729   3050   3053   3056
193   2270   2329   2333   3150   3152
194   2456   3266   3925   3947   3948
195   1307   1308   2333   3269   3271
199   1308   2270   2641   3050   3051   3054
200   3054   3056   3102   3928   3948   3949
201   2714   2717   2748   2760   2762
202   2690   2711   2714   4122   4125   4128
203   2832   2834   2877   2908   2909
204   2208   2843   2845   2907   2909
205   2566   2829   4126   4128
207   2562   2566   2690   2747   2748
210   2196   2199   2574   2577
211    486    487   1048   1621   2445   2446
212    102   1049   2130   2133   2442   2443
213   1617   1618   2130   2232   2233
214   1615   1618   1621   2470   2473   2476
215    487    496   2474   2476
216   2233   2473   2525   2527
217    501    496    486   2571   2576   2577
219    501   2199   2470   2474   2525   2526
223   1301   2696   3375   3395   3396
224   1760   2696   2866   2878   2879
226   1301   1760   1762   3260   3263
227    292   3256   3262   3263   3372   3375
228   1762   2863   2866   3842   3844   3846
230    524   2002   2324   2325   2416   2417
231    313    524   2863   2879   2880
234    526   2004   2417   3842   3847   3849
235    293    526   3259   3262
240    537   1153   3449   3479   3480
241   1780   1782   3479   3784   3787   3788
243    544   3446   3480   3787   3789
244   1081   1692   1694   1801   1803
246    391   1693   1694   1781   1782
248    553    554   3446   3449
249    554    273    537   2044   2045   2048
250    544    553   1806   2048   2049
251    886   1692   1693   2045   2046
253   2039   2040   2054   2286   2287
254   1841   1842   2054   2307   2472   2473
255   1842   2043   2233   3106   3107
257   2472   2521   2525   2719   2721
258   1648   1649   2286   2704   2707
261   1293   1510   1843   1844
262   1289   1292   1507   1510   1513
263    438    584   1243   1290   1292
264    584   1513   1619   2444   2445
265    588   2808   3250   3252
266   1243   2549   2832   3253   3255
267   2119   2568   2808   2829   2830
268    588    246   1617   1843   1845   2118   2119
269   1507   1615   1619   1844   1845
270   2126   2873   3798   3801
271   2714   2799   2800   2871   2873
272    596   2690   2871   3801   3822   3823
273    544    597   3823   3824
274    596    597   3446   4118   4127   4128
275   1525   1528   2426   2427   2430
276    537    272   1706   1708
277   1859   2045   2426   2429   2432
279    612   1261   2950   3125   3127
280    947   1707   1708   3121   3122   3125
281   1855   1856   3056   3122   3124
284    623    612    624   2048   2050
285    625   2044   2050   2430   2432
286    623    625   1525   2950   3052   3053
287    624    554   1261   1706   1707
289   1355   2419   2425   2777   2781   2782
290    382    629   1355   1557   1558
291    632    629   3141   3144
294    636   1525   3149   3154   3156
295    231    636   2399   2430   2431
296    632    225   1553   1554   1557
297    641   2142   2173   2396   2397
298    642   2142   2679   3376   3398   3399
299    641    642   2284   2708   2722   2723
300   2679   2702   2707   2708   2763   2765
301   1301   2055   2056   2176   2395   2396
302   2051   2055   2287   2696   2764   2765
303   2173   2176   3370   3375   3376
304   2278   2283   2284   2395   2397
305   2270   2407   3173   3187   3188
306   2333   2335   2478   3185   3188   3191
307   3783   3791   4182   4185
309   1785   1989   2329   2332   2335
310   2480   3190   3191   3475   3476   3479
311   2407   3151   3152   4179   4181   4182
313    398   1779   1782   1785
314   1021   2046   2401   2431   2432
315    669   1716   2027   2028   2049   2050
316   1112   2024   3165   3183   3184
319    232   1021   1112   1801   1802
320    669    218    636    625
322   3142   3145   3850   3853   3856
323   1083   1086   2863   2911   2912
326   1761   1762   4158   4160
327   1761   1809   2866   2910   2911
328    629    390   1808   2910   2912
329    632   1808   1809   4154   4155   4158
331   1292   2621   2790   2905   3168   3182   3183
332   1512   1513   2619   2621
333   1294   1510   1552   4170   4172   4175
334    690    389   2756   2906   2909   2912
335   1557   1559   1807   1808   1811
336   1807   1813   2906   2907   2910
338    890    892   1355   3980   3995   3996
339    700   1558   1559   3980   3981
341   2558   2756   2845   3282   3284
342    690    890    895   2557   2558
343    700   1811   1813   2208   2210
345   2557   3284   3996   3997
348   1846   2433   2439   2815   2840   2841
349   2545   2839   2840   3241   3246   3248
350   2805   2815   3246   3250   3251
351   1697   2756   2834   3248   3253   3254
352   2439   3275   4114   4119   4121
353   1697   2542   2545   2556   2558
354   1846   2805   2830   4121   4126   4127
355    433    524   1109   1112   1242   1243
358    584   2328   2615   2618   2621
360   1263   1710   1846   1847   1850
361   1220   1711   1850   2437   2439
362   1260   1263   1602   1605
363     33    736    737   1260   1710   1711
364    736   1221   1431   1487   2770   2772
365    737   1487   1602   2378   2380
369   1605   1847   2378   2811   2813   2815
372   1410   1476   1649   2798   2800
373   3083   3157   3159   4182   4191   4192
376    177   1476   2126   3850   3851   3854
378    189   1476   2867   2870   2873
380   1595   2286   2759   2762   2765
382    760   1586   2705   2708
384   1595   1648   2717   2798   2799
386    760   2628   2679   2680
387    597    553    624   1333   1336   1339
388    596   1336   2117   2566   2568
389    766   1333   1337   2117   2119
390    767   1256   1261   1263   1337   1339
391    766    767   1847   2805   2808
393   1705   1706   1850   3449   4118   4121
395   2785   2811   2816   3243   3246
397   2381   2779   2782   2783
398    774   1631   1635   2773   2776   2779
399    775    767   1605   1635   1636
400    774    247    588    766    775
401    776   2644   3112   3115   3116
402    782    776   2281   2722   2724
403   2192   2199   2642   3116   3119
404    785    501   3112   3118   3119
405    782    786   3115   3118
406    786    785   2278   2281   2474   2475
407   2308   2470   2472   2475
408   1194   1760   1761   2055   2057
409   1194   1550   4158   4175   4176
411   1546   1547   1550   1980   2056   2057
412   2176   2462   3263   3266   3267
414   1980   2391   2392   2395
417   1612   2106   2110   2411   2950   2953
418    623    669   1612   3034   3035   3038
420   1591   1595   1813   2038   2039
422    921   2051   2054   2057
423    921   1194   1807   1809   2038   2040
424   1934   2041   2111   3105   3107   3110
425    774   1922   1925   1934   1937
426   1839   1843   1922   1923   2041   2043
427   1333   1614   2296   3038   3040
428   2117   2118   2130   2296   2297
429   1618   1839   1842   1845
430    775   1337   1614   1937   2110   2111
432   2638   3054   3116   3123   3124
434   2577   2658   2659   3119   3122   3123
436   1553   1559   1922   1924   1927
437   1811   1927   2037   2038   2041
439    921   1550   1552   1839   1841   1844
440   1490   1492   1512   1619   1621
441   1490   1491   1980   2283   2475   2476
444   1336   2296   2298   3818   3820   3823
445   1988   2335   3262   3269   3270
446   1308   3024   3186   3188
447    284    526     84    181     16
449    776    825   3026   3176   3186   3187
450    825   2409   2953   3115   3126   3127
454   2173   2177   2182   2318   2461   2462
456   1634   2777   2779   3978   3980   3983
458    835   1634   2381   2391   2394   2397
460   2142   2181   2182   3994   3996   3999
461    641    835   3983   3998   3999
462    839   1635   1637   1930   1935   1937
463    700   1927   1930   1932   1934
466    839    843   3983   3984
467    843   1631   1634   1637
468    844    487   1486   1487   1490
469     32    486    844    736
470    998   1218   1431   1432
473   2181   2183   2352   2556   2557
474    419   1784   1785   2177   2180   2183
475    395    690   1691   1694   1697
477   1021   1691   1692   3245   3248
478   2182   2183   3373   3376
479    786    849    850   1602   1636   1637
480    850    737    844    496    785
481    835    843    849   2281   2284
482    760    642   1660   3277   3999   4000
483   3006   3189   3190   3277   3280
484    363    839    849    782    825
485    850   1256   1260   3118   3125   3126
486     34    295   1705   1708   1711
488   1658   2437   3273   3275   3277
489    612   1339   1612   1614
491   1507   1512   1546   1549   1552
492   1528   2419   2420   3147   3149
493   1691   1693   2538   2543   2545
494    890   2177   2178   2181
495   2118   2442   2562   2565   2568
496   1591   2762   2875   2907   2908
497   1841   2037   2040   2043
501   1546   3950   3951   4174   4175
503   2322   2326   3393   3394   3397
506   1800   1801   2044   2046   2049
508   1042   2440   2443   2446
510   2798   3077   3084   4190   4192
511   2110   3038   3109   3110
512   1079   2513   3777   3780   3781
515   1800   1802   2023   2024   2027
516   1648   2037   2039   3077   3107   3108
518   1615   1617   2440   2442   2445
521   1718   3030   3179   3181
523   2001   2654   2657   2662   2664
524   1214   1431   2433   2434   2437
525   2287   2307   2707   2719   2720
527   1256   1705   1707   1710
531   1553   1558   2773   2774   2777
533   1855   2649   2788   3946   3949   3952
536   1649   2077   3077   3080
539   2126   2800   3792   4185   4190   4191
541   3051   3053   3146   3149   3152
542   2023   2028   3178   3181   3184
544   1591   2208   2711   2716   2717
545   1631   1636   2377   2378   2381
547   2051   2056   2283   2307   2308
548   2716   2843   4123   4125
552   2106   3110   3111   4186   4189   4192
553   3780   3791   3792   3854   3856
554   2329   2331   2461   3265   3266   3269
555   2322   2324   2495   2617   2618
556   1930   2106   2108   2111
558   1998   2412   2414   2417
559   3067   3927   4170   4171   4174
562   2521   2524   2527   3080   3106   3108
564   2232   2297   3040   3105   3106   3109
565   2405   2407   2953   3051   3052
566   3145   3157   3158   3780   3783
567   2391   2396   2456   2459   2462
568   2192   2521   2523   2526
571   2426   2431   2740   2784   2785
572   2278   2308   2718   2719   2722
573   2419   2424   2456   2458   2461
574   2377   2780   2783   2813   2816
575   2433   2435   2556   3275   3283   3284
576   2604   2617   2771   2836   2838
577   2479   3007   3189   3191
578   2615   2617   2652   2788   2790
580   2538   2603   2835   2836   2839
581   2562   2564   2828   2829   2832
582   2571   2654   2656   2659
583   2763   2764   3393   3395   3398
584   2680   2743   2746   2759   2760   2763
585   2663   2788   2902   2905
586   2743   2748   2867   2868   2871
587   2759   2764   2874   2875   2878
588   2702   2718   2720   2723
589   2711   2799   4186   4187   4190
590   2898   2905   3070   3927   3951   3952
591   2773   2775   2780   2782   2785
592   2828   2834   2845   4122   4123   4126
593   2828   2830   3249   3250   3253
594   2811   2835   2837   2840
595   3282   3283   4119   4123   4124
596   2867   2869   3794   3799   3801
597   2874   2879   2906   2908   2911
599   2898   3029   3178   3179   3182
600   3020   3022   3185   3186   3189
602   3034   3036   3083   3109   3111
603   3050   3052   3121   3124   3127
609   3098   3100   3921   3927   3928
610   3084   3105   3108   3111
612   3112   3121   3123   3126
613   3146   3151   3153   3154   3157
614   3139   3153   3155   3158
615   3162   3178   3180   3183
616   3169   3185   3187   3190
620   3241   3249   3251   3254
621   3256   3265   3267   3270
622   3273   3283   3994   3997   4000
628   3370   3393   3396   3399
630   3475   3786   3787   4179   4184   4185
631   3475   3480   4114   4116   4118
652   3777   3786   3788   3791
653   3794   3818   3819   3822
656   3842   3850   3852   3855
661   3921   3946   3948   3951
663   3978   3994   3995   3998
671   4114   4122   4124   4127
673   4154   4170   4173   4176
674   4179   4186   4188   4191
cells 64
0      0      3      4      5      7     10     11     13     15     16     17     18     19     21     22
1     23     27     28     29     30     31     32     33     34     36    559    609    621    673
2     37      5     38     39     40     42     43     44     45    521    523    542    582    599
3     47     48     49     51     54     56     57     58     60     61     62     63    533    574    576    578
4     32     67     68     69     70     11     71     73     75     76     77     78     81    588
5     82     83     84     85     86     36     87     88     89     90     91    521    614
6     92     93     94     95     96     97     88    100    101    102    103    104    620
7    107    108     58    109    110    111    112    114    115    119    121    122    123    124      0    125    523
8    126    127    128    129    130    131     40    133    134    512    515    553    652    653
9    135    136    139    141    143    145    146    148    149    150    548    595    622    663
10    151    152     86     45    154     76    155    156     31    159    562    564    568    602    610
11    160    161    162    163    164    165    166    167    169    171    512    566    613    614
12    173    174    176    178    179    119    180    181    503    555    576    580    628
13    182    183    184    185     21    186    187    188    191    503    508    583    584    587
14    167    192    193    194     56    195     30    199    200     68    492    541    554    573
15    201    202    203    204    205    187    207    496    544    548    581    592
16     17    210     38    211    212    213    214    215    156    216    217    219    508    518
17    182    223    174    224    226    227     29    228    230    231    112    134    234    235
18    240    241    163    243    127    244    246    109    248    249    250    251    506
19    253    254    255    216    257    258     81    497    516    525    536    562
20    261    262    263    264    185    265    266    267    268    269    101    495    518    581    593
21    270    271    243    272    202    133    273    150    274    539    589    630    631    671    674
22    275     61    276    249    108    277    279    280    281    284    285    286    192    287    603
23    289    104    290    291    275    294     91    295    296    161     60    492    531    571    591
24    297    298    299    223    300    301    302    303    304    525    547    572    583    588    628
25    121    241    305    169    193    306    307    143    309    310    311    313    616    630    652
26    314    285    315    316     93    319    320    295     90    506    515    542    615
27     85    322     23    228    128    323    326    327    328    329    166    291    656
28    331    154     57    332    333    100     89    262    491    501    559    590    599    615
29    162    334    328    290    335    336    338    339    341    342    343    204    136    345
30    348    349    350    351    179    352    353    341    354    575    592    593    595    620    671
31    129    355    125    331    230    184     43    316     94    358    263    555    558    578    585
32    360    361    362    363    364    365    348     48     22    369    181    524    594
33    322     82    372    307    373    376     34     67    151    510    536    539    553    566
34    372     73    378    380    271     10    258    382    384    201    386    300    584    586
35    387    388    389    390    391    360    267    393    274    205    354    287    248    527
36    395    103    391    369    265    350    397    398    399    400    545    574    591
37     77    401    402    403    404    405    406    257    219    407    568    572
38    408    326    409    411    412    226    414    194     27     54    301    501    567    661
39    311    417    286    373    418    141    294     84    320    511    541    552    565    602    613    674
40    224    336    380    253    302    408    420    422    423    327    496    587    597
41    424    425    426     95    427    428    213    255    429    430    389    400    268    511    564
42    155     37    432    210     75    403    107    200    281    434    533    585    590    609    661
43    436    437    335    439    261    426    423    333    409    296     87     96    329    497    673
44    429    439    269    440    422    254    411    441    214     49    407    491    547
45    428    212    388    272    444    159     42    207     16    186    495    586    596    653
46    445    195     28     69    446      4    235    124    447    306    577    600
47    401    432    199    305    446     70    449    450    146    565    603    612
48    454     51    297    289    160    456    397    458    338    460    461    494    567    573    663
49    456    398    462    148    463    339    425     97    436    466    467    531
50    468    440    211    191    358    364     47     18    469    264    470    332    180
51    353    178    473    474    246    475    123    164    342    313    493    494
52    351    334    266    355    475    231    323    126     92    244    203    183    319    477    165    597
53    445    227    122    474    309    412    171    454    478    303    176    554    621
54    270      3    378    447     71    376     33    111     39    131    234    558    596    656
55    424    384    135    437    420    343    463    510    516    544    552    556    589    610
56    441    406    479    480    468    215    365    414    304    458     63    481    467    545
57    482    483    466    299    382    449     13    402     78    461    145    484    481    600    616
58      7    280    434    363    480    485    404    469    217    486    115    527    582    612
59    477    314    102    277     62    251    349    395    110    493    571    580    594
60    139    483    393    488    352    361    276    240    114    486     19    310    577    631
61     15    482    478    473    460    488    345    470    173    298    188    386    524    575    622
62    387    489    427    130     44    418    315     83    444    273    284    152    250
63    149    484    450    390    489    279    362    485    417    479    405    462    430    399    556
