vertices 383
     0 1.07687738140828 0.28313411597936 1.11773627210474
     2 1.46397771532846 0.45735139408774 1.65096337424990
     8 0.96527473326555 0.17286444106831 1.11981234338161
    11 0.32740132310730 0.57135696403501 1.11014214884248
    14 0.92602117411621 3.98563758387118 2.21092700186829
    16 0.36936440223091 0.56489103405077 2.37070775802036
    18 1.21551351095322 0.91367806459490 1.97875612078896
    36 3.97463004079101 0.51197085602131 1.75602385413214
    37 0.56153791535555 1.03589921929742 2.07722129081350
    41 0.31280761835025 0.70437344314865 2.32041069196889
    47 1.50913343316935 3.72695278466360 0.62238621400550
    52 1.73134359208143 0.62271946651902 0.25580218320013
    58 1.92581617682524 0.14078090671188 0.93047613073436
    59 1.60175227752336 0.13365957315593 0.75330516261516
    61 1.95225833940828 3.24223277006558 0.13868148617460
    69 1.10997794246859 3.31289352005687 2.74119647454321
    72 1.00765278623646 3.51883547192880 2.73717934726593
    76 1.23328714984577 0.04754976425358 2.97689885074253
    98 3.16399986217370 0.60365694850648 3.39685422807537
   115 1.11791101569614 3.64874293847310 0.78698368029776
   119 0.85945796801356 0.85611997700777 0.14553814694678
   134 2.68861707660293 3.09476573683251 3.27513628804148
   136 2.72755239334004 2.75237653704273 3.43486099406264
   139 1.72290997678951 2.56178886808956 3.13434566704139
   140 2.47813572542405 2.59733024508137 3.15138546272907
   143 2.08090340648468 2.35165685495483 3.26237051646023
   147 2.60603138449505 2.76424858694832 3.94626991635334
   149 2.72657411346987 2.96713635069035 2.30758215684606
   152 3.48947258949432 3.08179226828145 3.06683645622467
   156 2.71574791088114 2.51303041662881 2.28144567344401
   157 3.55184862453204 2.54732351170643 3.14602664389192
   163 3.63878703732613 2.68464319828805 2.81073887359272
   169 1.98674459367475 1.55109608272195 2.25280747368371
   171 1.39385324570654 1.33062821362357 2.23813187804409
   174 2.37603036513636 1.09142197497066 1.55985671423156
   177 2.33663066145817 0.65656224748627 1.49816298182658
   180 2.13691132563745 0.62908532878519 1.37429951056482
   185 1.92609554660213 0.36849316364856 1.48522536110889
   191 1.49765640012297 1.47538717887070 2.14019281491855
   195 1.30821218178848 2.64933356481471 2.06069258642941
   198 2.52441303686754 3.28387956350442 1.32511075664447
   199 2.54189983205240 3.41897906811131 1.66388878156552
   214 3.88209165099674 2.32834353614571 0.43527616610694
   215 0.28300301873398 1.73242169871901 0.04109973673174
   220 0.59147628054017 1.66604929360321 0.08392986197709
   230 2.81612049472365 2.06566892389325 0.23883680671825
   231 2.34789648094939 2.35463423189486 1.27891651017959
   235 2.21824703874707 1.64852602213036 0.88828732492982
   236 2.62023615232577 2.59931777214117 0.99593398253978
   240 2.07795947094402 2.04677251325938 1.17666668297447
   241 2.64990353858557 2.40160552743858 1.08946504999786
   243 2.67016686932399 2.54731419729016 0.21677031851055
   254 3.07483082153584 1.13452713435943 1.24580562095915
   260 2.89054970138513 3.50235029285317 1.68633105416931
   261 3.12284185571085 3.35487181138770 1.94210808370650
   264 3.23903112331458 3.72703393441941 2.17536306677470
   277 1.64420947985068 1.28431690691120 0.42933092355146
   284 0.53153895973251 2.72476446111139 1.88967381222987
   288 0.30758475493054 0.66664320598534 2.95033733193788
   290 3.97434999548475 0.44025737672048 2.98638313044342
   291 0.14174413906537 3.55738821658773 3.25031550711103
   292 1.04724801390425 0.44997781272101 2.97454575884863
   295 0.19890588202756 0.66326195329622 2.78496603792716
   300 2.90689818127808 0.38039505755467 0.68889637960127
   310 1.14926434018176 1.81673799340830 2.23931436400440
   311 1.11426921049061 2.45334018492599 2.12723766772204
   315 1.21636404337341 2.12283018452445 2.42384559645128
   332 3.09816409394983 3.69028592140828 2.54920897437102
   336 0.02917051743745 2.56277331708681 2.62030773854897
   339 0.93018916854738 2.69692954574219 2.15470582382285
   343 2.06174933369711 2.09402284356383 3.05133700497424
   346 1.26673299923038 2.18521115944451 3.15548772503892
   347 1.67078407211569 2.31046568413213 3.03050114911826
   354 1.01462185538687 2.08661892859339 2.78274718799333
   356 2.80244325673473 2.67301412369348 0.11944474244963
   358 3.72542344711468 1.10043698630184 0.58501303028639
   364 0.17252406526155 0.54321809839518 0.95236929951536
   365 3.75520355338701 1.05025691398046 0.15306100624724
   376 3.13514677733465 2.31773805586046 1.41776511290529
   380 3.61169878303778 2.72491769567054 0.16452163158107
   394 0.31032467624196 1.38003586903414 2.94419074525887
   396 0.14737378075755 0.79647044405386 2.71773355124105
   399 0.27030154045536 1.76134706831594 2.75917407810465
   403 0.29172230410300 2.25898957998629 2.92841458693737
   405 0.09662046996615 2.25231307568584 3.27624588001756
   406 0.33746186188248 1.31272960636408 3.74013799137618
   408 0.45205711069104 1.23461305451162 3.20503639738864
   410 0.58237967225524 1.34194919438471 3.82048347227982
   413 3.24576411499608 3.77120901052112 3.98715146962784
   422 3.82412909585790 1.44311665197920 0.03717385358978
   425 0.15159640843254 1.54330896688492 3.82755641220577
   429 3.03833852855136 0.32091800736055 3.02778327747248
   432 2.26538496396677 1.43427314226237 3.18864711814710
   436 2.17832517076442 1.53074332618428 1.93163337584568
   439 2.81964380026358 1.89960137354208 0.63779254429690
   440 3.43754665509285 1.66309154203193 0.85931753237924
   447 3.59179319097803 3.61600402404060 3.96616532813283
   457 1.62239073673922 1.00429883691397 2.60958807328783
   460 2.53200571444711 3.88898509020209 0.50807977315987
   473 3.59660864364728 0.56552237125677 1.74482054525906
   481 2.41211388148424 2.35051095933698 1.98861036098520
   488 0.18694330024225 0.11480507675781 2.10282066385886
   489 0.32828729543262 3.94634234669111 2.04835118826896
   500 2.25507814952991 2.48139005538213 1.25854347113784
   502 2.36304325974915 2.66920983269545 1.10479369685390
   510 2.37439577673393 3.14383205818175 1.95585161231484
   513 0.12094350191676 3.39046046800977 0.56452798718031
   519 0.28737983228546 3.31692057402834 2.65206269118579
   524 1.58408131255133 1.42728981518296 1.63135979609602
   529 1.58696521671829 3.10282085012616 3.09882370865970
   538 2.91011877452970 3.59795136435914 0.21616636860624
   544 0.30467129830919 1.04404340325639 1.75124734794283
   545 0.02126427816608 0.73313161364473 1.89066847084145
   553 3.03105527772773 3.05407665257313 2.27405040062915
   557 0.91600758640001 1.77345925167409 2.73311826503482
   559 0.46539103928833 1.63669371857454 2.71136275515663
   568 3.01985779580698 3.29437847434995 2.60338329491650
   569 3.24348894476347 3.28635403938295 3.00810991217294
   571 3.04862844704254 0.09496162758056 0.64993939670259
   573 1.55981865605646 0.83728985086694 0.21013231113538
   581 0.63840102208094 2.78605246812079 2.59566979729356
   582 0.68941439316795 2.41560697080308 2.90473954903064
   587 3.05808687218594 2.06987479468256 0.10380045505116
   605 0.86120510711607 3.60125839693479 0.48024380838233
   611 3.63033641095194 0.81612377747522 1.89455659264422
   625 1.08228637543553 3.29426980077572 1.04922225283656
   629 3.40096451930703 0.93654143272778 2.78526914126358
   630 3.29731401933398 0.58460729839987 3.08981142927796
   635 3.28580325931851 3.39927436781436 3.05339755198101
   636 3.29146841172196 3.74172333694357 2.79019743007482
   640 2.02507198165877 1.74417482056820 3.41721720811606
   645 1.46036841520459 0.32847853613544 1.87369427185918
   647 2.93056353341213 0.33921405294315 3.26974527403497
   648 2.95623664393438 3.78404198327111 3.57423469253672
   649 3.08909041631007 2.57057750756533 3.45808038773541
   650 3.08478632201938 2.51030571876725 3.98033876526655
   658 0.65806520245314 0.46798613308703 0.96211894328767
   660 3.76047964862833 2.88021178193384 0.75157519344591
   662 0.06528765898926 3.22346069011184 0.82943593362801
   663 0.14451987217543 1.52241762809366 2.96506225679875
   667 0.87969990926999 2.54578758278115 3.27459209577659
   668 3.97746548763299 3.49007211981009 2.95898165194005
   669 3.81062381897508 3.82976742286375 2.72648010603931
   673 3.36994591547596 1.57000386574962 3.56375437215931
   674 3.98697399277393 1.70954417633813 3.39212201475015
   678 0.69646028983923 3.32029558936374 0.48717616640448
   681 0.47922760431800 0.97002174622658 1.27074581390004
   691 2.49160448387206 2.21312901497252 1.81710723213740
   692 2.92321035723575 2.18167278663613 1.83132221829746
   695 1.03818665421650 1.67884174796469 2.33675014063956
   696 0.59065113608080 1.54051627862062 2.26890272004268
   698 1.74144591572329 2.99790214005883 2.96878397269576
   701 2.08202332735689 1.13917499455308 3.14818676331201
   711 2.80072522414377 3.80694971550311 0.56946401434915
   717 1.91085078474560 1.46622215400224 1.58437408141736
   718 2.09377529336395 1.25304487907102 1.41768406057678
   723 2.18025060156265 2.66095255699518 1.78836243456207
   724 1.60845701900023 2.66647077637228 2.19502755017570
   725 3.08542948157050 3.01557849265782 0.38954983288751
   726 3.58992963591758 2.92615168814289 0.30988404637894
   735 3.83205583338413 3.35096204276940 3.50400981313420
   736 3.59401555212645 3.27319954196730 3.12750045429354
   737 3.95792378454932 1.92104694432156 2.31788294425546
   738 0.25242608366878 1.75778821902596 1.93981043764211
   739 2.03855469717778 1.03382040737184 2.68655308566917
   740 2.20166274135456 1.24572427851431 2.55404765226084
   758 2.33676358173920 0.39988525189042 1.80626641291827
   760 3.47327506566408 2.74912027251311 3.29454803573874
   761 3.86626114610658 2.82773134869523 3.73894284035351
   762 0.35847474836899 2.15553264427463 0.02747086062068
   764 0.29654476440023 2.43592424531961 3.64595957369407
   777 3.44517090720127 0.54218754039669 3.83832303503482
   780 1.95804503729880 1.14727333223615 1.34661762049978
   783 1.86850743154384 0.16163264813790 1.92022839616285
   784 2.03380992490920 0.19783363108366 1.73197034173131
   791 2.05961692699770 3.40928108246925 2.27104493539140
   792 1.64530661629107 3.05347813763686 2.44425094093418
   795 3.79100528215336 3.21914021698301 0.14752709457529
   796 3.95708342951374 3.06681664896696 3.76116962540520
   797 2.02415273279920 1.97996194611624 2.43349933946587
   798 1.62738516003444 2.23929659833476 2.51083820139592
   799 3.66736803277572 3.93490661141239 0.11332837503922
   800 3.39560509309668 0.02698524169336 0.11507790879478
   806 1.05834456743825 3.58423316183640 0.07873460317489
   816 0.70111091513255 2.21886731461234 0.08011915513884
   817 0.64549178466910 2.54618151063218 3.62134900157641
   819 0.30497985512246 2.84135114896514 2.49060438350766
   821 1.45359082447628 3.10186679976330 1.16330471386150
   822 0.73076079499854 3.32074483582000 2.86921854334173
   826 3.26142307452343 1.00981616800398 0.75342850005953
   837 3.05959200286569 0.80936486235049 0.39580610485031
   838 2.64095620338868 1.65151233701729 0.66060951868092
   839 3.15153504322333 1.29469458824815 0.89314481815784
   842 1.25226497247936 0.21706348346746 3.58647039092848
   844 1.10000626001064 0.16666255429329 3.17173235585563
   847 3.95074058975774 2.50324173569830 0.80945768183577
   854 0.55716850363322 3.45961363927911 3.27269485161634
   862 1.90730994654487 3.56770465866562 3.47387188595214
   866 1.73816435186492 1.74138306289992 0.22122115391547
   869 3.87471951987523 0.52777408079728 3.78637086226726
   870 0.02815588210360 0.83198525017915 0.00797869452354
   871 3.97295138763223 3.88810025554632 0.57088119042199
   874 0.82485575917007 3.16433481022262 2.85582858537952
   877 0.00625337456402 0.25686835331956 3.88732553225395
   881 2.48028803464534 1.56006810453411 0.39921148927819
   882 2.91284967513418 0.08377145513046 1.76494978842222
   883 3.06722062189347 0.12929384902783 1.98317389733059
   884 2.07690749941610 1.54470285625014 0.56534344393864
   885 1.90981537140623 1.24053974880151 0.60649711521907
   890 3.33603881531847 1.44251816227640 1.65320375930780
   899 3.38190296641633 1.22017953167284 2.86603524675722
   900 3.16365578633580 1.38105759631826 3.43621565374139
   903 3.05764924174908 0.99321426345356 3.62130481536546
   904 3.34177903567614 0.81922309600592 3.99201665284469
   905 2.58549858688878 2.26148194054496 2.83751399105309
   907 1.01189303868871 2.01452466302932 0.34002699923065
   908 0.86127463209514 2.05781010928931 0.07471919288067
   909 1.89208487295398 3.70279323312608 1.93005489332341
   910 2.12364029014702 3.73510648915221 1.66234015188369
   911 2.74375818594582 1.37385275836555 3.58224874598318
   912 2.53447333757584 1.76827819671527 0.09080268899800
   913 2.36062931663850 1.53187452369200 2.93028948452922
   914 2.22719431127912 1.97346811851817 2.83712214327262
   915 3.46004450765543 1.38291950942360 1.78298715375040
   916 0.08663476739256 1.52283077946913 1.69413911229720
   917 0.12373629291645 3.70245670745384 2.18846814954268
   918 3.96453029711868 3.83612425053185 2.25870484338644
   920 1.28877660681684 0.88958346145669 1.70801796244995
   922 2.78121517817923 1.05213692979712 3.68482802136761
   923 2.67809023737553 0.99131771746270 0.18121510849809
   926 0.25423708474687 0.03830213297023 3.39128801867801
   927 0.08891931196247 0.44772845120037 3.13850887536140
   928 1.54326673358935 1.27646632244642 1.53683149290893
   933 2.41056582355206 0.64113246798016 2.35145324865875
   938 1.95228112990352 2.76099403059040 0.72211378586425
   941 0.91219915420071 3.99783830336143 3.75227611582337
   942 0.71989209009209 3.92098572299221 3.40673964465381
   946 2.43010436602163 1.28592330904594 1.93221755740128
   948 3.13067536436664 1.56322151982165 1.88950434131675
   949 3.38234176424692 3.18944115682314 1.76718176342330
   952 3.51485777873261 1.78737943749408 1.17626197876986
   954 0.03370498866332 3.39068503030565 1.90743059152896
   955 0.24071232900092 2.81158294788464 2.12045598011781
   957 1.00328762724536 0.34590532638675 2.35669676366206
   958 1.18348321513271 0.35019411719862 2.75483416826803
   959 1.41353385805338 3.64532140024035 0.08009482555382
   960 1.66602698290005 3.34261050102117 3.90522923635361
   966 2.45945614110615 1.09459050907421 2.33482761637015
   970 2.78061058253581 0.47503066013415 2.44721551985542
   971 2.74470378473254 0.30486729175097 2.66474095493214
   972 0.13686339090825 0.37983470819410 1.34278894637609
   977 1.58488066167238 0.73452048808010 3.82425033340104
   978 1.30357165258725 0.66457289554005 3.69895766820066
   980 2.21120134256276 0.57931545445670 2.54709044823245
   982 1.33519644423884 0.54702591765358 2.15767523286395
   983 1.54946567241640 0.58338020946110 2.47660335581991
   984 1.98266854027958 0.39262352244820 2.45850378703822
   989 3.95883137276771 0.35675349270250 1.14234087666532
   992 0.58504910489199 3.18231471404074 1.44936596474344
   995 3.25447806681812 0.05285006346941 1.04577267020136
   997 0.36751920400733 0.19428662616454 0.48611278349664
   998 0.38804109089301 0.39495973949617 0.62049532444504
  1000 0.41991717417069 2.57353812251415 0.96961644035272
  1001 0.50292086839301 3.00478804030248 0.99787386209406
  1002 0.38581596956530 0.33366002367386 0.24506640135557
  1003 0.39843458634221 0.49066914214170 0.30594220608983
  1007 2.94219690157238 2.09202144008703 2.90333861373761
  1010 0.38779811327723 3.88810713054521 1.68428308511854
  1011 0.21245880333478 3.51914355623227 1.59882778326931
  1012 3.34583957606573 2.53548871629960 1.42679851955861
  1015 3.87234315256629 3.52409251376126 1.19956230270440
  1016 3.79153768988367 3.97490844144428 0.98921163522346
  1018 3.21684349115713 0.93066261343182 2.48286987819065
  1019 3.18520559650763 2.27459428231435 3.25061925516275
  1020 3.18705262918197 1.70426416349251 3.56195976618140
  1021 3.04514555661284 1.48541080712371 3.43440643115528
  1022 2.87364895592364 1.60318216437844 2.97088024619832
  1023 2.33602287473535 0.37706836021824 2.74752944252774
  1026 0.79247737276456 3.07147500471983 0.81126962796059
  1028 3.87874933770268 2.41331796128144 2.33761095225139
  1030 3.16933383995491 1.37875393799116 2.63927308749940
  1032 3.35973395736550 1.72483603825855 2.32380696182491
  1036 3.98954111137027 2.55667736206490 2.06644244163786
  1037 3.43536589798892 2.75838542884364 1.88419918428293
  1038 3.08448362717075 1.22362691062406 2.44727445191787
  1039 3.25208412146771 1.50806749434173 2.04055535015376
  1040 3.81304344514434 2.24803976947576 1.19561845732681
  1043 1.13224854613917 3.92891947578825 1.91981074495577
  1047 2.84259948378226 3.32031773524296 1.18873836523559
  1048 0.86805567042599 3.85327273298060 1.56637568041831
  1049 0.95474708110394 3.36140103709562 1.41606418190505
  1050 3.30838264735809 3.24195762104672 1.42108399627997
  1051 3.02974752651726 3.43175707825610 1.38356392880349
  1057 1.77142864656980 3.85180217518852 3.13469943162614
  1059 2.10471743566532 0.14106331344301 2.69307566271952
  1060 3.27151412871866 2.91622871939851 1.18409930994804
  1061 2.98714802491548 2.95959056879563 1.03179250925345
  1071 1.39588579263702 2.81838698642302 3.73760986738866
  1073 1.31543371512429 1.97109916536313 3.37428853097163
  1091 0.79116521430466 0.93586163725620 1.19782314369922
  1096 0.82350975807183 0.58958626216377 0.97174411779751
  1097 1.05345684815528 0.91655211854728 0.44121798429568
  1098 1.84733459353189 3.44098876030313 3.20971558410216
  1100 1.42087022275249 2.82581629128914 3.34224713044320
  1101 0.94775604533638 2.78417713658112 3.31671496624654
  1105 1.79555640066342 1.71924824006899 3.51039059063505
  1106 1.73115359106185 1.19272421394045 3.33243389678926
  1109 1.84153016568604 3.89312912405639 3.41016343584842
  1113 0.84415776499581 3.14744605666036 3.98322241713539
  1115 0.93763318915822 2.90019220395609 3.90863438765656
  1120 1.52674365914392 0.10616524035884 3.69880290691790
  1121 1.73035043627791 0.54848343760422 3.87685747622819
  1122 0.62785304368775 3.06657307496872 3.68651105924598
  1123 0.75867581192486 2.85747839498728 3.64407823410276
  1124 0.82973204136542 1.27912490548402 3.32424111887122
  1125 1.19012992621379 0.92247856014740 3.25461866777103
  1127 1.39805412451484 1.13564062167681 3.11646053861628
  1128 1.10143222341450 1.50477867774155 3.14368931534288
  1131 1.57193899648490 2.24794942388860 0.44131973192050
  1133 2.44184758031592 2.61803391791153 0.06205324660565
  1134 2.01976507833604 2.76177004021051 0.23941826423723
  1135 2.17975415049474 1.90018493623016 3.93705166121689
  1136 1.82479563253902 1.72792345568155 0.33621616769636
  1137 2.07353655459475 2.28716445030220 3.86931799421873
  1138 1.78020765155701 2.47252786279630 0.06438490407281
  1140 2.49027849156999 3.01977060702053 3.03764097526829
  1141 2.64925369671921 3.16231153013082 2.62254199174223
  1142 0.75343255312002 1.50333057768312 0.94658208066792
  1143 0.84011161683938 1.57314243551871 0.50475904805079
  1145 2.04503257343337 3.21860530071352 2.99008172329784
  1146 2.21212227640496 3.46391381122453 2.57441732344021
  1147 1.07487143598425 1.27026848679628 0.61383107124720
  1148 0.94472218408972 1.29510510721346 0.98871442489291
  1164 3.20452313662882 2.23118162401579 2.44554594343298
  1166 3.01320095729958 2.42744018939940 2.21017787964068
  1167 3.49823929937956 2.53187136176357 2.45404686802420
  1168 3.24918549053397 2.70749364878880 2.20139888166041
  1169 2.15502368909385 0.41410322411650 0.80388016322895
  1170 2.47312224148024 0.32438589985531 0.57994538309465
  1172 2.31423457552670 0.62301235600696 0.27009009277327
  1173 2.04330960132392 0.69885081309893 0.44109191720192
  1174 0.13663219034572 1.67416059004420 1.40373245184049
  1176 0.35191073150897 1.39511895002250 1.09337599372457
  1177 3.69167976771230 1.82635717790897 1.12731987256048
  1205 3.02222003112636 0.51907165764420 1.12359980786075
  1206 3.18778648999989 0.74718034499485 1.12154284225727
  1212 3.17791545639280 0.35726765165252 1.24288378357161
  1213 3.38714505955873 0.52274098801862 1.27742924977455
  1229 1.01061799716313 2.08377159042289 1.87309784330376
  1238 0.88023539993082 1.95270979437368 1.18013352935553
  1239 1.20731719441227 1.97341173906207 1.47006029037522
  1332 1.65332423133565 2.41273613645964 0.76906817484129
  1333 1.90398271904551 2.27495956304403 1.13151324490069
  1335 1.54109553147676 2.36805499540048 1.30316976880824
  1336 1.50956987931216 2.60626424271624 0.99596151544363
  1337 1.39868937357276 3.49620657362111 1.94843932812268
  1339 1.24791024796328 3.21219848772664 1.63271353219731
  1345 1.29009721387697 3.22012761871923 2.40476422052735
  1346 1.14337444654144 2.84455978572563 2.09869569247923
  1352 2.04654749089714 3.75853076795640 0.86900591958857
  1354 2.11178560408222 3.50358747668740 1.21012469645519
  1355 1.78667270674146 3.53967157034259 0.70850430875839
  1356 1.78521898849635 3.23060062930427 1.00252697512803
  1377 2.25446098503880 0.22595547565798 3.54150200191501
  1378 2.17106655782180 0.49570144523819 3.71981215676331
  1385 2.36481570423653 0.69243286893198 3.45007230886675
  1386 2.43830644369721 0.44874124702183 3.30071885751919
  1395 3.64777423644618 1.87482744463992 0.45911090706767
  1396 3.86870021711639 1.61156827488537 0.31079726619040
  1400 3.61277540728739 1.69189882510857 0.78672846322006
  1401 3.82585357716543 1.45021964144004 0.63599664667026
  1437 0.39077014517656 2.09155791239924 1.52158907721719
  1439 0.41694175993704 2.10651879130451 1.64216122443147
  1440 0.32278065018385 2.21805910235498 1.49419883940866
  1441 0.34968366106318 2.25920124733406 1.65610041992675
  1450 2.43763709216171 3.37111044413750 3.90932786668547
  1451 2.59821551747093 3.61962964204656 0.02357004931341
  1455 2.43797981584603 3.47446460709133 3.67350801745102
  1456 2.56974356070769 3.69320520179853 3.74959818520019
  1458 0.94407870043426 2.12605526280512 0.96652316139175
  1459 1.16435645271715 2.46692364982838 0.72635984620583
  1460 0.79312533261927 2.45744583769855 0.70547926979535
  1461 0.93394593052541 2.62240210433247 0.64990046402979
edges 766
16      2      0
17      0      8
32     16     41
33     41     37
34     37     18
84     58     59
85     59     52
93     59     47
101     76     72
102     72     14
111     72     69
177    115     47
181     59      0
189    115      8
218    143    139
224    134    136
225    136    147
229    140    136
231    143    140
232    149    156
246    152    163
247    163    157
272    171    191
273    191    169
284    185      2
292    177    180
293    180    185
295    171     18
303    174    177
313    199    198
363    220    215
382    230    243
389    241    236
390    236    243
391    231    240
395    231    241
398    235    240
419    254    174
433    260    261
438    264    261
486     16    295
487    295    290
496    295    288
501    292    288
524    260    199
526     58    185
537    310    191
544    195    311
553    311    315
554    315    310
584    264    332
588    163    336
596    339    284
597    311    339
612    354    346
623    347    346
624    354    315
625    343    347
629    243    356
632    147    356
636    343    143
641    365    358
642    358    364
669    139    347
690    376    241
700    214    380
736     41    396
737    396    394
760     11    364
766    403    336
767    399    403
774    157    405
775    405    403
776    119    410
782    406    410
785    408    288
786    406    408
825    410    220
835    365    422
839    425    215
843    425    422
844    396    295
849    406    425
850    394    408
886    169    436
890    439    440
892    230    439
895    241    439
921    413    447
947    171    457
998     36    473
1021    156    481
1042    488    489
1045     36    488
1048     16    488
1049     14    489
1079    500    502
1081    231    500
1083    236    502
1086    198    502
1109    199    510
1112    149    510
1153    191    524
1172     69    529
1194    413    538
1214    544    545
1218     36    545
1220     37    544
1221     41    545
1242    149    553
1243    261    553
1256    557    559
1260    394    559
1261    354    557
1263    399    559
1289    568    569
1290    553    568
1292    332    568
1293    152    569
1294    134    569
1301    300    571
1307     52    573
1308    277    573
1333    581    582
1336    339    581
1337    403    582
1339    354    582
1355    230    587
1410    115    605
1431    545    611
1432    473    611
1476    115    625
1486    629    630
1487    396    629
1490    290    630
1491     98    630
1492    429    630
1507    635    636
1510    569    635
1512    429    636
1513    332    636
1525    343    640
1528    432    640
1540      2    645
1546    647    648
1547     98    647
1549    429    647
1550    413    648
1552    635    648
1553    649    650
1554    136    649
1557    356    650
1558    587    650
1559    380    650
1584      8    658
1586     11    658
1591    660    662
1595    513    662
1602    394    663
1605    399    663
1612    346    667
1614    582    667
1615    668    669
1617    519    668
1618    291    668
1619    636    669
1621    290    669
1631    673    674
1634    422    673
1635    405    674
1636    663    674
1637    425    674
1648    513    678
1649    605    678
1658    544    681
1660     11    681
1691    691    692
1692    481    691
1693    436    691
1694    231    691
1697    376    692
1705    695    696
1706    310    695
1707    557    695
1708    171    695
1710    559    696
1711     37    696
1716    139    698
1718    529    698
1729    432    701
1760    571    711
1761    538    711
1762    460    711
1779    717    718
1780    524    717
1781    436    717
1782    240    717
1784    174    718
1785    235    718
1800    723    724
1801    481    723
1802    510    723
1803    500    723
1806    195    724
1807    725    726
1808    356    725
1809    538    725
1811    380    726
1813    660    726
1839    735    736
1841    447    735
1842    291    735
1843    152    736
1844    635    736
1845    668    736
1846    737    738
1847    399    737
1850    696    738
1853    739    740
1855    701    739
1856    457    739
1859    169    740
1920    177    758
1922    760    761
1923    152    760
1924    649    760
1925    157    760
1927    380    761
1930    762    764
1932    214    762
1934    761    764
1935    215    762
1937    405    764
1980     98    777
1988    180    780
1989    718    780
1998    783    784
2001    645    783
2002    758    784
2004    185    784
2023    791    792
2024    510    791
2027    724    792
2028    698    792
2037    795    796
2038    726    795
2039    513    795
2040    447    795
2041    761    796
2043    735    796
2044    797    798
2045    169    797
2046    481    797
2048    315    798
2049    724    798
2050    347    798
2051    799    800
2054    447    799
2055    571    800
2056    777    800
2057    413    800
2077    605    806
2106    816    817
2108    762    816
2110    667    817
2111    764    817
2117    581    819
2118    519    819
2119    336    819
2126    625    821
2130    519    822
2133     72    822
2142    358    826
2173    826    837
2176    300    837
2177    838    839
2178    439    838
2180    235    838
2181    440    839
2182    826    839
2183    254    839
2192    842    844
2196     76    844
2199    292    844
2208    660    847
2210    214    847
2232    822    854
2233    291    854
2270    277    866
2278    869    870
2281    406    870
2283    777    869
2284    365    870
2286    513    871
2287    799    871
2296    581    874
2297    822    874
2298     69    874
2307    799    877
2308    869    877
2318    838    881
2322    882    883
2324    758    882
2325    260    882
2326    473    883
2328    264    883
2329    884    885
2331    881    884
2332    235    884
2333    277    885
2335    780    885
2352    254    890
2377    899    900
2378    663    899
2380    629    899
2381    673    900
2391    903    904
2392     98    903
2394    900    903
2395    777    904
2396    837    904
2397    365    904
2399    140    905
2401    156    905
2405    907    908
2407    866    907
2409    220    908
2411    816    908
2412    909    910
2413    791    909
2414    783    909
2416    199    910
2417    784    910
2419    911    912
2420    432    911
2424    881    912
2425    230    912
2426    913    914
2427    432    913
2429    740    913
2430    343    914
2431    905    914
2432    797    914
2433    915    916
2434    611    915
2435    890    915
2437    544    916
2439    738    916
2440    917    918
2442    519    917
2443    489    917
2444    264    918
2445    669    918
2446    488    918
2451     18    920
2454      2    920
2456    922    923
2458    911    922
2459    903    922
2461    881    923
2462    837    923
2470    926    927
2472    877    926
2473    291    926
2474    288    927
2475    869    927
2476    290    927
2478    780    928
2479    920    928
2480    524    928
2495    758    933
2513    502    938
2521    941    942
2523    842    941
2524    806    941
2525    926    942
2526    844    942
2527    854    942
2538    946    948
2540    174    946
2542    890    948
2543    436    946
2545    692    948
2549    261    949
2556    890    952
2557    440    952
2558    376    952
2562    954    955
2564    949    954
2565    917    954
2566    284    955
2568    819    955
2571    957    958
2573     14    957
2574     76    958
2576     16    957
2577    292    958
2578    959    960
2579    806    959
2580     47    959
2583     61    960
2584    862    960
2602    740    966
2603    946    966
2604    933    966
2615    970    971
2617    933    970
2618    883    970
2619    429    971
2621    332    971
2625     36    972
2628     11    972
2638    977    978
2641    573    977
2642    842    978
2644    119    978
2649    739    980
2652    933    980
2654    982    983
2655     18    982
2656    957    982
2657    645    982
2658    457    983
2659    958    983
2662    783    984
2663    980    984
2664    983    984
2679    364    989
2680    972    989
2690    284    992
2696    571    995
2702    997    998
2704    605    997
2705    658    998
2707    871    997
2708    364    998
2711   1000   1001
2714    992   1001
2716    847   1000
2717    662   1001
2718   1002   1003
2719    877   1002
2720    997   1002
2721    941   1002
2722    870   1003
2723    998   1003
2724    119   1003
2740    905   1007
2743   1010   1011
2744    489   1010
2746    972   1010
2747    954   1011
2748    992   1011
2756    376   1012
2759   1015   1016
2760   1011   1015
2762    662   1015
2763    989   1016
2764    995   1016
2765    871   1016
2770    629   1018
2771    970   1018
2772    611   1018
2773   1019   1020
2774    649   1019
2775   1007   1019
2776    157   1019
2777    587   1020
2779    673   1020
2780   1021   1022
2781    911   1021
2782   1020   1021
2783    900   1021
2784    913   1022
2785   1007   1022
2788    980   1023
2790    971   1023
2798    678   1026
2799   1001   1026
2800    625   1026
2805    737   1028
2808    336   1028
2811   1030   1032
2813    899   1030
2815    737   1032
2816   1022   1030
2828   1036   1037
2829    955   1036
2830   1028   1036
2832    949   1037
2834   1012   1037
2835   1038   1039
2836    966   1038
2837   1030   1038
2838   1018   1038
2839    948   1039
2840   1032   1039
2841    915   1039
2843    847   1040
2845   1012   1040
2853    645   1043
2856     14   1043
2863    198   1047
2866    711   1047
2867   1048   1049
2868   1010   1048
2869   1043   1048
2870      8   1048
2871    992   1049
2873    625   1049
2874   1050   1051
2875   1015   1050
2877    949   1050
2878    995   1051
2879   1047   1051
2880    260   1051
2898   1057   1059
2900     76   1057
2902    984   1059
2905   1023   1059
2906   1060   1061
2907    660   1060
2908   1050   1060
2909   1012   1060
2910    725   1061
2911   1047   1061
2912    236   1061
2942    960   1071
2950    346   1073
2953    908   1073
3006    681   1091
3007    920   1091
3020   1096   1097
3021      0   1096
3022   1091   1096
3023    658   1096
3024    573   1097
3026    119   1097
3028    862   1098
3029   1057   1098
3030    529   1098
3034   1100   1101
3035    139   1100
3036   1071   1100
3037    529   1100
3038    667   1101
3040    874   1101
3050   1105   1106
3051    866   1105
3052   1073   1105
3053    640   1105
3054    977   1106
3056    701   1106
3067    862   1109
3070   1057   1109
3077    678   1113
3080    806   1113
3083   1071   1115
3084   1113   1115
3098   1120   1121
3099    842   1120
3100   1109   1120
3101    959   1120
3102    977   1121
3104     52   1121
3105   1122   1123
3106    854   1122
3107    796   1122
3108   1113   1122
3109   1101   1123
3110    817   1123
3111   1115   1123
3112   1124   1125
3115    410   1124
3116    978   1125
3118    408   1124
3119    292   1125
3121   1127   1128
3122    457   1127
3123   1125   1127
3124   1106   1127
3125    557   1128
3126   1124   1128
3127   1073   1128
3139   1133   1134
3141    147   1133
3142     61   1134
3144    243   1133
3145    938   1134
3146   1135   1136
3147    912   1135
3149    640   1135
3150    884   1136
3151   1131   1136
3152    866   1136
3153   1137   1138
3154   1135   1137
3155   1133   1137
3156    143   1137
3157   1131   1138
3158   1134   1138
3159   1071   1138
3162   1140   1141
3164    140   1140
3165    149   1141
3167    134   1140
3168    568   1141
3169   1142   1143
3173    907   1143
3176    220   1143
3178   1145   1146
3179   1098   1145
3180   1140   1145
3181    698   1145
3182   1059   1146
3183   1141   1146
3184    791   1146
3185   1147   1148
3186   1097   1147
3187   1143   1147
3188    277   1147
3189   1091   1148
3190   1142   1148
3191    928   1148
3241   1164   1166
3243   1007   1164
3245    156   1166
3246   1032   1164
3248    692   1166
3249   1167   1168
3250   1028   1167
3251   1164   1167
3252    163   1167
3253   1037   1168
3254   1166   1168
3255    553   1168
3256   1169   1170
3259     58   1169
3260    460   1170
3262    180   1169
3263    300   1170
3265   1172   1173
3266    923   1172
3267   1170   1172
3269    885   1173
3270   1169   1173
3271     52   1173
3273   1174   1176
3275    916   1174
3277    681   1176
3280   1142   1176
3282   1040   1177
3283   1174   1177
3284    952   1177
3370   1205   1206
3372    177   1205
3373    254   1206
3375    300   1205
3376    826   1206
3393   1212   1213
3394    882   1212
3395    995   1212
3396   1205   1212
3397    473   1213
3398    989   1213
3399   1206   1213
3446    311   1229
3449    310   1229
3475   1238   1239
3476   1142   1238
3479    524   1239
3480   1229   1239
3777   1332   1333
3780    938   1332
3781    500   1333
3783   1131   1332
3784    240   1333
3786   1335   1336
3787   1239   1335
3788   1333   1335
3789    195   1335
3791   1332   1336
3792    821   1336
3794   1337   1339
3796    909   1337
3798    821   1339
3799   1043   1337
3801   1049   1339
3818   1345   1346
3819   1337   1345
3820     69   1345
3821    792   1345
3822   1339   1346
3823    339   1346
3824    195   1346
3842   1352   1354
3844    460   1352
3846    198   1354
3847     58   1352
3849    910   1354
3850   1355   1356
3851     47   1355
3852   1352   1355
3853     61   1355
3854    821   1356
3855   1354   1356
3856    938   1356
3921   1377   1378
3925   1172   1378
3927   1109   1377
3928   1121   1378
3946   1385   1386
3947    922   1385
3948   1378   1385
3949    701   1385
3950    647   1386
3951   1377   1386
3952   1023   1386
3978   1395   1396
3980    587   1395
3981    214   1395
3983    422   1396
3984    215   1396
3994   1400   1401
3995   1395   1400
3996    440   1400
3997   1177   1400
3998   1396   1401
3999    358   1401
4000   1176   1401
4114   1437   1439
4116   1238   1437
4118   1229   1439
4119   1174   1437
4121    738   1439
4122   1440   1441
4123   1040   1440
4124   1437   1440
4125   1000   1440
4126   1036   1441
4127   1439   1441
4128    284   1441
4154   1450   1451
4155    147   1450
4157     61   1450
4158    538   1451
4160    460   1451
4170   1455   1456
4171    862   1455
4172    134   1455
4173   1450   1455
4174   1377   1456
4175    648   1456
4176   1451   1456
4179   1458   1459
4181    907   1458
4182   1131   1459
4184   1238   1458
4185   1336   1459
4186   1460   1461
4187   1000   1460
4188   1458   1460
4189    816   1460
4190   1026   1461
4191   1459   1461
4192   1115   1461
polygons 447
0   1540   2451   2454   2655   2657
3     16     17   1540   2853   2869   2870
4     16   2454   3007   3021   3022
5   2573   2656   2657   2853   2856
7     32     33     34   2576   2655   2656
10   1584   1586   2628   2746   2868   2870
11     17   1584   3021   3023
13   1586   1660   3006   3022   3023
15   1214   1218   1658   1660   2625   2628
16   1049   2744   2856   2868   2869
17   1042   1048   1049   2573   2576
18     32   1045   1048   1218   1221
19     34   1220   1658   2451   3006   3007
21   1042   1045   2625   2744   2746
22     33   1214   1220   1221
23   3844   3852   3853   4154   4157   4160
27   3260   3267   3921   3925   4160   4174   4176
28     84     85   3259   3270   3271
29   3256   3259   3260   3844   3847
30   3104   3265   3271   3925   3928
31   2578   2584   3067   3100   3101
32     85     93   2580   3098   3101   3104
33     93     84   3847   3851   3852
34   2578   2580   2583   3851   3853
36   2583   2584   4157   4171   4173
37   2574   2659   2664   2898   2900   2902
38    101    102   2571   2573   2574
39   2001   2414   2853   3796   3799
40   2023   2413   3796   3819   3821
42    102    111   2856   3799   3819   3820
43   2413   2414   2662   2902   3182   3184
44   1172   1718   2028   3820   3821
45    111    101   1172   2900   3029   3030
47   1486   1492   2615   2619   2770   2771
48   2380   2770   2813   2837   2838
49   1491   1492   1547   1549
51   2394   2458   2459   2781   2783
54   1547   2392   2459   3946   3947   3950
56   1729   2420   2458   3947   3949
57   1549   2619   2790   3950   3952
58   1853   2602   2604   2649   2652
60   2420   2427   2780   2781   2784
61   1729   1853   1855   2427   2429
62   2429   2602   2784   2816   2836   2837
63   1486   1491   2377   2380   2392   2394
67    177   1410   2077   2579   2580
68   1307   2641   3102   3104
69     85    181   1307   3020   3021   3024
70   2638   2641   2644   3024   3026
71    177    189     17    181     93
73    189   1410   1584   2702   2704   2705
75   2638   2642   3098   3099   3102
76   2523   2524   2579   3099   3101
77   2523   2642   2644   2718   2721   2724
78   2705   2723   2724   3020   3023   3026
81   2077   2524   2704   2720   2721
82   2583   2942   3142   3158   3159
83   1716   1718   3035   3037
84    218   3035   3036   3153   3156   3159
85   3139   3141   3142   4155   4157
86   2584   2942   3028   3030   3036   3037
87    224    225   4155   4172   4173
88    229    224   3164   3167
89   3028   3167   3179   3180   4171   4172
90    218    231   1716   3164   3180   3181
91    229    231    225   3141   3155   3156
92    232   1242   3245   3254   3255
93    232   2399   2401   3162   3164   3165
94   1242   1290   3165   3168
95    246    247   1923   1925
96    224   1293   1294   1554   1923   1924
97   1924   1925   2774   2776
100   1289   1294   3162   3167   3168
101    246   1289   1290   1293   3249   3252   3255
102   2401   2740   3241   3243   3245
103    247   2775   2776   3243   3251   3252
104    229   1554   2399   2740   2774   2775
107   1856   2649   2658   2663   2664
108    272    273    947   1853   1856   1859
109    273    886   1153   1780   1781
110    886   1859   2543   2602   2603
111    284   1540   1998   2001   2004
112    292    293   1920   2002   2004
114    295    272   1153   2451   2479   2480
115    295    947   2654   2655   2658
119    303   1920   2495   2540   2603   2604
121   1779   1780   1989   2478   2480
122    292    303   1784   1988   1989
123   1779   1781   1784   2540   2543
124    284    293   1988   2454   2478   2479
125   1998   2002   2495   2652   2662   2663
126    313   1079   1086   1109   1802   1803
127   1800   1803   1806   3781   3788   3789
128   1086   2513   3846   3855   3856
129   1109   2024   2412   2413   2416
130   1806   2027   3818   3821   3824
131   2412   3794   3796   3798   3849   3854   3855
133   3786   3789   3792   3798   3822   3824
134    313   2416   3846   3849
135   1932   2108   2210   2716   4187   4189
136   2210   2843   3282   3981   3995   3997
139   3273   3280   3476   4116   4119
141   2405   2411   4181   4188   4189
143   3169   3173   3476   4181   4184
145    363   3169   3176   3280   3984   3998   4000
146   2405   2409   3173   3176
148   1932   1935   3978   3981   3984
149    363   1935   2108   2409   2411
150   4116   4124   4125   4184   4187   4188
151   2578   2579   2942   3080   3083   3084
152   1172   2298   3034   3037   3040
154   3028   3029   3067   3070
155   2192   2196   2900   3070   3099   3100
156    101   2133   2196   2232   2526   2527
159    111   2133   2297   2298
160    892   2178   2318   2424   2425
161    382   2425   3144   3147   3154   3155
162    389    390    382    892    895
163    391   1081   3781   3784
164    395    398    391    895   2178   2180
165    389    395   1079   1081   1083
166    390   1083   2513   3139   3144   3145
167   2331   2424   3146   3147   3150
169    398   2332   3150   3151   3777   3783   3784
171   2180   2318   2331   2332
173   1432   2352   2434   2435   3373   3397   3399
174   1920   2324   3372   3394   3396
176    419    303   3370   3372   3373
178    419   2352   2538   2540   2542
179   2435   2542   2839   2841
180   1432   2326   2618   2771   2772
181   2434   2772   2835   2838   2841
182   2325   2878   2880   3394   3395
183    433   2549   2874   2877   2880
184    438    433   2322   2325   2328
185    438   2440   2444   2549   2564   2565
186   2443   2565   2743   2744   2747
187   2564   2747   2760   2875   2877
188    998   2625   2680   3397   3398
191    998   1045   2326   2328   2444   2446
192   1528   1729   3050   3053   3056
193   2270   2329   2333   3150   3152
194   2456   3266   3925   3947   3948
195   1307   1308   2333   3269   3271
199   1308   2270   2641   3050   3051   3054
200   3054   3056   3102   3928   3948   3949
201   2714   2717   2748   2760   2762
202   2690   2711   2714   4122   4125   4128
203   2832   2834   2877   2908   2909
204   2208   2843   2845   2907   2909
205   2566   2829   4126   4128
207   2562   2566   2690   2747   2748
210   2196   2199   2574   2577
211    486    487   1048   1621   2445   2446
212    102   1049   2130   2133   2442   2443
213   1617   1618   2130   2232   2233
214   1615   1618   1621   2470   2473   2476
215    487    496   2474   2476
216   2233   2473   2525   2527
217    501    496    486   2571   2576   2577
219    501   2199   2470   2474   2525   2526
223   1301   2696   3375   3395   3396
224   1760   2696   2866   2878   2879
226   1301   1760   1762   3260   3263
227    292   3256   3262   3263   3372   3375
228   1762   2863   2866   3842   3844   3846
230    524   2002   2324   2325   2416   2417
231    313    524   2863   2879   2880
234    526   2004   2417   3842   3847   3849
235    293    526   3259   3262
240    537   1153   3449   3479   3480
241   1780   1782   3479   3784   3787   3788
243    544   3446   3480   3787   3789
244   1081   1692   1694   1801   1803
246    391   1693   1694   1781   1782
248    553    554   3446   3449
249    554    273    537   2044   2045   2048
250    544    553   1806   2048   2049
251    886   1692   1693   2045   2046
253   2039   2040   2054   2286   2287
254   1841   1842   2054   2307   2472   2473
255   1842   2043   2233   3106   3107
257   2472   2521   2525   2719   2721
258   1648   1649   2286   2704   2707
261   1293   1510   1843   1844
262   1289   1292   1507   1510   1513
263    438    584   1243   1290   1292
264    584   1513   1619   2444   2445
265    588   2808   3250   3252
266   1243   2549   2832   3253   3255
267   2119   2568   2808   2829   2830
268    588    246   1617   1843   1845   2118   2119
269   1507   1615   1619   1844   1845
270   2126   2873   3798   3801
271   2714   2799   2800   2871   2873
272    596   2690   2871   3801   3822   3823
273    544    597   3823   3824
274    596    597   3446   4118   4127   4128
275   1525   1528   2426   2427   2430
276    537    272   1706   1708
277   1859   2045   2426   2429   2432
279    612   1261   2950   3125   3127
280    947   1707   1708   3121   3122   3125
281   1855   1856   3056   3122   3124
284    623    612    624   2048   2050
285    625   2044   2050   2430   2432
286    623    625   1525   2950   3052   3053
287    624    554   1261   1706   1707
289   1355   2419   2425   2777   2781   2782
290    382    629   1355   1557   1558
291    632    629   3141   3144
294    636   1525   3149   3154   3156
295    231    636   2399   2430   2431
296    632    225   1553   1554   1557
297    641   2142   2173   2396   2397
298    642   2142   2679   3376   3398   3399
299    641    642   2284   2708   2722   2723
300   2679   2702   2707   2708   2763   2765
301   1301   2055   2056   2176   2395   2396
302   2051   2055   2287   2696   2764   2765
303   2173   2176   3370   3375   3376
304   2278   2283   2284   2395   2397
305   2270   2407   3173   3187   3188
306   2333   2335   2478   3185   3188   3191
307   3783   3791   4182   4185
309   1785   1989   2329   2332   2335
310   2480   3190   3191   3475   3476   3479
311   2407   3151   3152   4179   4181   4182
313    398   1779   1782   1785
314   1021   2046   2401   2431   2432
315    669   1716   2027   2028   2049   2050
316   1112   2024   3165   3183   3184
319    232   1021   1112   1801   1802
320    669    218    636    625
322   3142   3145   3850   3853   3856
323   1083   1086   2863   2911   2912
326   1761   1762   4158   4160
327   1761   1809   2866   2910   2911
328    629    390   1808   2910   2912
329    632   1808   1809   4154   4155   4158
331   1292   2621   2790   2905   3168   3182   3183
332   1512   1513   2619   2621
333   1294   1510   1552   4170   4172   4175
334    690    389   2756   2906   2909   2912
335   1557   1559   1807   1808   1811
336   1807   1813   2906   2907   2910
338    890    892   1355   3980   3995   3996
339    700   1558   1559   3980   3981
341   2558   2756   2845   3282   3284
342    690    890    895   2557   2558
343    700   1811   1813   2208   2210
345   2557   3284   3996   3997
348   1846   2433   2439   2815   2840   2841
349   2545   2839   2840   3241   3246   3248
350   2805   2815   3246   3250   3251
351   1697   2756   2834   3248   3253   3254
352   2439   3275   4114   4119   4121
353   1697   2542   2545   2556   2558
354   1846   2805   2830   4121   4126   4127
355    433    524   1109   1112   1242   1243
358    584   2328   2615   2618   2621
360   1263   1710   1846   1847   1850
361   1220   1711   1850   2437   2439
362   1260   1263   1602   1605
363     33    736    737   1260   1710   1711
364    736   1221   1431   1487   2770   2772
365    737   1487   1602   2378   2380
369   1605   1847   2378   2811   2813   2815
372   1410   1476   1649   2798   2800
373   3083   3157   3159   4182   4191   4192
376    177   1476   2126   3850   3851   3854
378    189   1476   2867   2870   2873
380   1595   2286   2759   2762   2765
382    760   1586   2705   2708
384   1595   1648   2717   2798   2799
386    760   2628   2679   2680
387    597    553    624   1333   1336   1339
388    596   1336   2117   2566   2568
389    766   1333   1337   2117   2119
390    767   1256   1261   1263   1337   1339
391    766    767   1847   2805   2808
393   1705   1706   1850   3449   4118   4121
395   2785   2811   2816   3243   3246
397   2381   2779   2782   2783
398    774   1631   1635   2773   2776   2779
399    775    767   1605   1635   1636
400    774    247    588    766    775
401    776   2644   3112   3115   3116
402    782    776   2281   2722   2724
403   2192   2199   2642   3116   3119
404    785    501   3112   3118   3119
405    782    786   3115   3118
406    786    785   2278   2281   2474   2475
407   2308   2470   2472   2475
408   1194   1760   1761   2055   2057
409   1194   1550   4158   4175   4176
411   1546   1547   1550   1980   2056   2057
412   2176   2462   3263   3266   3267
414   1980   2391   2392   2395
417   1612   2106   2110   2411   2950   2953
418    623    669   1612   3034   3035   3038
420   1591   1595   1813   2038   2039
422    921   2051   2054   2057
423    921   1194   1807   1809   2038   2040
424   1934   2041   2111   3105   3107   3110
425    774   1922   1925   1934   1937
426   1839   1843   1922   1923   2041   2043
427   1333   1614   2296   3038   3040
428   2117   2118   2130   2296   2297
429   1618   1839   1842   1845
430    775   1337   1614   1937   2110   2111
432   2638   3054   3116   3123   3124
434   2577   2658   2659   3119   3122   3123
436   1553   1559   1922   1924   1927
437   1811   1927   2037   2038   2041
439    921   1550   1552   1839   1841   1844
440   1490   1492   1512   1619   1621
441   1490   1491   1980   2283   2475   2476
444   1336   2296   2298   3818   3820   3823
445   1988   2335   3262   3269   3270
446   1308   3024   3186   3188
447    284    526     84    181     16
449    776    825   3026   3176   3186   3187
450    825   2409   2953   3115   3126   3127
454   2173   2177   2182   2318   2461   2462
456   1634   2777   2779   3978   3980   3983
458    835   1634   2381   2391   2394   2397
460   2142   2181   2182   3994   3996   3999
461    641    835   3983   3998   3999
462    839   1635   1637   1930   1935   1937
463    700   1927   1930   1932   1934
466    839    843   3983   3984
467    843   1631   1634   1637
468    844    487   1486   1487   1490
469     32    486    844    736
470    998   1218   1431   1432
473   2181   2183   2352   2556   2557
474    419   1784   1785   2177   2180   2183
475    395    690   1691   1694   1697
477   1021   1691   1692   3245   3248
478   2182   2183   3373   3376
479    786    849    850   1602   1636   1637
480    850    737    844    496    785
481    835    843    849   2281   2284
482    760    642   1660   3277   3999   4000
483   3006   3189   3190   3277   3280
484    363    839    849    782    825
485    850   1256   1260   3118   3125   3126
486     34    295   1705   1708   1711
488   1658   2437   3273   3275   3277
489    612   1339   1612   1614
491   1507   1512   1546   1549   1552
492   1528   2419   2420   3147   3149
493   1691   1693   2538   2543   2545
494    890   2177   2178   2181
495   2118   2442   2562   2565   2568
496   1591   2762   2875   2907   2908
497   1841   2037   2040   2043
501   1546   3950   3951   4174   4175
503   2322   2326   3393   3394   3397
506   1800   1801   2044   2046   2049
508   1042   2440   2443   2446
510   2798   3077   3084   4190   4192
511   2110   3038   3109   3110
512   1079   2513   3777   3780   3781
515   1800   1802   2023   2024   2027
516   1648   2037   2039   3077   3107   3108
518   1615   1617   2440   2442   2445
521   1718   3030   3179   3181
523   2001   2654   2657   2662   2664
524   1214   1431   2433   2434   2437
525   2287   2307   2707   2719   2720
527   1256   1705   1707   1710
531   1553   1558   2773   2774   2777
533   1855   2649   2788   3946   3949   3952
536   1649   2077   3077   3080
539   2126   2800   3792   4185   4190   4191
541   3051   3053   3146   3149   3152
542   2023   2028   3178   3181   3184
544   1591   2208   2711   2716   2717
545   1631   1636   2377   2378   2381
547   2051   2056   2283   2307   2308
548   2716   2843   4123   4125
552   2106   3110   3111   4186   4189   4192
553   3780   3791   3792   3854   3856
554   2329   2331   2461   3265   3266   3269
555   2322   2324   2495   2617   2618
556   1930   2106   2108   2111
558   1998   2412   2414   2417
559   3067   3927   4170   4171   4174
562   2521   2524   2527   3080   3106   3108
564   2232   2297   3040   3105   3106   3109
565   2405   2407   2953   3051   3052
566   3145   3157   3158   3780   3783
567   2391   2396   2456   2459   2462
568   2192   2521   2523   2526
571   2426   2431   2740   2784   2785
572   2278   2308   2718   2719   2722
573   2419   2424   2456   2458   2461
574   2377   2780   2783   2813   2816
575   2433   2435   2556   3275   3283   3284
576   2604   2617   2771   2836   2838
577   2479   3007   3189   3191
578   2615   2617   2652   2788   2790
580   2538   2603   2835   2836   2839
581   2562   2564   2828   2829   2832
582   2571   2654   2656   2659
583   2763   2764   3393   3395   3398
584   2680   2743   2746   2759   2760   2763
585   2663   2788   2902   2905
586   2743   2748   2867   2868   2871
587   2759   2764   2874   2875   2878
588   2702   2718   2720   2723
589   2711   2799   4186   4187   4190
590   2898   2905   3070   3927   3951   3952
591   2773   2775   2780   2782   2785
592   2828   2834   2845   4122   4123   4126
593   2828   2830   3249   3250   3253
594   2811   2835   2837   2840
595   3282   3283   4119   4123   4124
596   2867   2869   3794   3799   3801
597   2874   2879   2906   2908   2911
599   2898   3029   3178   3179   3182
600   3020   3022   3185   3186   3189
602   3034   3036   3083   3109   3111
603   3050   3052   3121   3124   3127
609   3098   3100   3921   3927   3928
610   3084   3105   3108   3111
612   3112   3121   3123   3126
613   3146   3151   3153   3154   3157
614   3139   3153   3155   3158
615   3162   3178   3180   3183
616   3169   3185   3187   3190
620   3241   3249   3251   3254
621   3256   3265   3267   3270
622   3273   3283   3994   3997   4000
628   3370   3393   3396   3399
630   3475   3786   3787   4179   4184   4185
631   3475   3480   4114   4116   4118
652   3777   3786   3788   3791
653   3794   3818   3819   3822
656   3842   3850   3852   3855
661   3921   3946   3948   3951
663   3978   3994   3995   3998
671   4114   4122   4124   4127
673   4154   4170   4173   4176
674   4179   4186   4188   4191
cells 64
0      0      3      4      5      7     10     11     13     15     16     17     18     19     21     22
1     23     27     28     29     30     31     32     33     34     36    559    609    621    673
2     37      5     38     39     40     42     43     44     45    521    523    542    582    599
3     47     48     49     51     54     56     57     58     60     61     62     63    533    574    576    578
4     32     67     68     69     70     11     71     73     75     76     77     78     81    588
5     82     83     84     85     86     36     87     88     89     90     91    521    614
6     92     93     94     95     96     97     88    100    101    102    103    104    620
7    107    108     58    109    110    111    112    114    115    119    121    122    123    124      0    125    523
8    126    127    128    129    130    131     40    133    134    512    515    553    652    653
9    135    136    139    141    143    145    146    148    149    150    548    595    622    663
10    151    152     86     45    154     76    155    156     31    159    562    564    568    602    610
11    160    161    162    163    164    165    166    167    169    171    512    566    613    614
12    173    174    176    178    179    119    180    181    503    555    576    580    628
13    182    183    184    185     21    186    187    188    191    503    508    583    584    587
14    167    192    193    194     56    195     30    199    200     68    492    541    554    573
15    201    202    203    204    205    187    207    496    544    548    581    592
16     17    210     38    211    212    213    214    215    156    216    217    219    508    518
17    182    223    174    224    226    227     29    228    230    231    112    134    234    235
18    240    241    163    243    127    244    246    109    248    249    250    251    506
19    253    254    255    216    257    258     81    497    516    525    536    562
20    261    262    263    264    185    265    266    267    268    269    101    495    518    581    593
21    270    271    243    272    202    133    273    150    274    539    589    630    631    671    674
22    275     61    276    249    108    277    279    280    281    284    285    286    192    287    603
23    289    104    290    291    275    294     91    295    296    161     60    492    531    571    591
24    297    298    299    223    300    301    302    303    304    525    547    572    583    588    628
25    121    241    305    169    193    306    307    143    309    310    311    313    616    630    652
26    314    285    315    316     93    319    320    295     90    506    515    542    615
27     85    322     23    228    128    323    326    327    328    329    166    291    656
28    331    154     57    332    333    100     89    262    491    501    559    590    599    615
29    162    334    328    290    335    336    338    339    341    342    343    204    136    345
30    348    349    350    351    179    352    353    341    354    575    592    593    595    620    671
31    129    355    125    331    230    184     43    316     94    358    263    555    558    578    585
32    360    361    362    363    364    365    348     48     22    369    181    524    594
33    322     82    372    307    373    376     34     67    151    510    536    539    553    566
34    372     73    378    380    271     10    258    382    384    201    386    300    584    586
35    387    388    389    390    391    360    267    393    274    205    354    287    248    527
36    395    103    391    369    265    350    397    398    399    400    545    574    591
37     77    401    402    403    404    405    406    257    219    407    568    572
38    408    326    409    411    412    226    414    194     27     54    301    501    567    661
39    311    417    286    373    418    141    294     84    320    511    541    552    565    602    613    674
40    224    336    380    253    302    408    420    422    423    327    496    587    597
41    424    425    426     95    427    428    213    255    429    430    389    400    268    511    564
42    155     37    432    210     75    403    107    200    281    434    533    585    590    609    661
43    436    437    335    439    261    426    423    333    409    296     87     96    329    497    673
44    429    439    269    440    422    254    411    441    214     49    407    491    547
45    428    212    388    272    444    159     42    207     16    186    495    586    596    653
46    445    195     28     69    446      4    235    124    447    306    577    600
47    401    432    199    305    446     70    449    450    146    565    603    612
48    454     51    297    289    160    456    397    458    338    460    461    494    567    573    663
49    456    398    462    148    463    339    425     97    436    466    467    531
50    468    440    211    191    358    364     47     18    469    264    470    332    180
51    353    178    473    474    246    475    123    164    342    313    493    494
52    351    334    266    355    475    231    323    126     92    244    203    183    319    477    165    597
53    445    227    122    474    309    412    171    454    478    303    176    554    621
54    270      3    378    447     71    376     33    111     39    131    234    558    596    656
55    424    384    135    437    420    343    463    510    516    544    552    556    589    610
56    441    406    479    480    468    215    365    414    304    458     63    481    467    545
57    482    483    466    299    382    449     13    402     78    461    145    484    481    600    616
58      7    280    434    363    480    485    404    469    217    486    115    527    582    612
59    477    314    102    277     62    251    349    395    110    493    571    580    594
60    139    483    393    488    352    361    276    240    114    486     19    310    577    631
61     15    482    478    473    460    488    345    470    173    298    188    386    524    575    622
62    387    489    427    130     44    418    315     83    444    273    284    152    250
63    149    484    450    390    489    279    362    485    417    479    405    462    430    399    556
