vertices 383
     0 1.17061834925128 0.09918459690261 1.00959563633870
     2 1.55768366677885 0.27342871233996 1.54290211299054
     8 1.05903654826645 3.98891960988230 1.01166265336359
    11 0.42112298702983 0.38726003936343 1.00209302515977
    14 1.01988145725227 3.80155810541405 2.10278073004836
    16 0.46319002079369 0.38074160576422 2.26267223934638
    18 1.30921316798954 0.72961475044299 1.87068220982265
    36 0.06836363144395 0.32796424529312 1.64797594224468
    37 0.65536609889065 0.85178700825426 1.96909794163720
    41 0.40658369886175 0.52029160300090 2.21230942946989
    47 1.60301734732588 3.54292446861397 0.51421254129401
    52 1.82518320838844 0.43860080840758 0.14780149996937
    58 2.01971160389853 3.95684505555720 0.82236224657761
    59 1.69563300211383 3.94971297473759 0.64513914969104
    61 2.04613280254557 3.05827445727321 0.03074665862572
    69 1.20392269961701 3.12884237993588 2.63297217498603
    72 1.10161808248343 3.33475134870190 2.62896539642531
    76 1.32722441740329 3.86341162572233 2.86871160911780
    98 3.25793129485338 0.41954963038011 3.28875005787377
   115 1.21173503971982 3.46471043481390 0.67883484129213
   119 0.95327907947498 0.67196666585435 0.03746462968652
   134 2.78259705982954 2.91078125690350 3.16717392851777
   136 2.82152430681740 2.56823759157403 3.32697493651589
   139 1.81679976872533 2.37767599143315 3.02633622233546
   140 2.57204517285424 2.41318018982760 3.04342969766147
   143 2.17475110961389 2.16752115294215 3.15442940777912
   147 2.70001063580020 2.58012034977464 3.83835808707697
   149 2.82050160837213 2.78313245460386 2.19954777775343
   152 3.58348968343350 2.89781275332674 2.95884726479251
   156 2.80969713963809 2.32886062431087 2.17340910550129
   157 3.64590970293603 2.36313082903467 3.03806016261733
   163 3.73284687384818 2.50049717710684 2.70261534671270
   169 2.08064760435981 1.36690069581574 2.14483434100754
   171 1.48755380458705 1.14664530411577 2.12992238982428
   174 2.46989439515726 0.90727291322649 1.45172904180487
   177 2.43042909485228 0.47245383837154 1.39010594560037
   180 2.23075030099722 0.44500337101835 1.26625448844232
   185 2.01997349486926 0.18455587883002 1.37712351085258
   191 1.59122202571600 1.29118212058704 2.03213209625338
   195 1.40235582965835 2.46522972228680 1.95240913413966
   198 2.61796888746075 3.09979150978716 1.21717340331195
   199 2.63550668113661 3.23479913738692 1.55586366877999
   214 3.97603249697732 2.14422110591711 0.32720261075916
   215 0.37692550254058 1.54815415203856 3.93300808801056
   220 0.68536843714549 1.48177072188804 3.97580312271691
   230 2.91003721192565 1.88147513160616 0.13084483534767
   231 2.44171038305689 2.17050885321709 1.17118802708924
   235 2.31215445188206 1.46428087376036 0.78010975698132
   236 2.71434167040339 2.41534156884065 0.88786018837573
   240 2.17184161732033 1.86264836848302 1.06878013302548
   241 2.74403003234891 2.21746333616887 0.98147727778829
   243 2.76414687731303 2.36324575815258 0.10878926266578
   254 3.16868621047555 0.95036361159673 1.13779344820623
   260 2.98451400658749 3.31839224022924 1.57831063425933
   261 3.21676987235277 3.17094115403931 1.83406525194832
   264 3.33292613540463 3.54302437516826 2.06726947838331
   277 1.73810821209710 1.10024343013884 0.32129265799620
   284 0.62542646332231 2.54066208329418 1.78154192246697
   288 0.40145581816163 0.48245468829369 2.84229700038138
   290 0.06830961180682 0.25611768370328 2.87833731549081
   291 0.23566885963084 3.37326012347734 3.14222362315010
   292 1.14113176588431 0.26583600626431 2.86649200418389
   295 0.29278004639809 0.47907280739273 2.67694904574477
   300 3.00089532648872 0.19618174330770 0.58077997036821
   310 1.24315294217781 1.63232864360797 2.13121414198728
   311 1.20817969716339 2.26909170399701 2.01903821268114
   315 1.31029655905035 1.93856081112368 2.31579809168588
   332 3.19206651830626 3.50634180703144 2.44108808341697
   336 0.12301142362170 2.37866874945465 2.51222473552507
   339 1.02401225822773 2.51281763821848 2.04650507978534
   343 2.15554892746005 1.90990034331207 2.94355258315763
   346 1.36056280490425 2.00102816269584 3.04742840398351
   347 1.76467912929780 2.12627663703048 2.92248310355419
   354 1.10853651133914 1.90240831979185 2.67470859687115
   356 2.89637907770850 2.48886506991976 0.01149172007528
   358 3.81935557493889 0.91632198004674 0.47698332608326
   364 0.26635642247622 0.35914466905918 0.84440203335936
   365 3.84914374070605 0.86615656840646 0.04500496471604
   376 3.22901900694040 2.13358910423601 1.30963762298134
   380 3.70564239406197 2.54071379048362 0.05652291279026
   394 0.40417355986322 1.19579829036940 2.83606758033486
   396 0.24119257251757 0.61241019906401 2.60963375776002
   399 0.36415026326261 1.57712926065013 2.65109562813594
   403 0.38560305202925 2.07483448603664 2.82035807952149
   405 0.19053870657828 2.06816115182943 3.16815965138786
   406 0.43131629829599 1.12850142041901 3.63214112003754
   408 0.54593418578763 1.05034000344907 3.09694308785661
   410 0.67621761936642 1.15771429797491 3.71246746885817
   413 3.33967767224034 3.58709813282997 3.87906211381794
   422 3.91806340140284 1.25890072448322 3.92914214827477
   425 0.24550730753359 1.35904564377607 3.71952738336292
   429 3.13226866412060 0.13678102404675 2.91962882222244
   432 2.35940627510467 1.25019307979463 3.08069195959757
   436 2.27232837763674 1.34660545542207 1.82350340812827
   439 2.91359084303542 1.71546269562229 0.52977799844189
   440 3.53073022316643 1.47894668854084 0.75150944909724
   447 3.68574753164267 3.43185915970145 3.85807680507452
   457 1.71625179200629 0.82015020724738 2.50157534407531
   460 2.62595074033808 3.70492504579363 0.40000405093915
   473 3.69049997173179 0.38147443546751 1.63677582019961
   481 2.50605324002334 2.16633735212815 1.88060285296259
   488 0.28076487340471 3.93067198747753 1.99475659641985
   489 0.42212881281158 3.76221691339390 1.94025725810629
   500 2.34895284954834 2.29719082754333 1.15088802866776
   502 2.45693255538815 2.48535007167175 0.99689700048967
   510 2.46844303180882 2.95967754460351 1.84801929305672
   513 0.21489429894571 3.20625862856131 0.45642738323881
   519 0.38132479932699 3.13279861904476 2.54393225069686
   524 1.67786837976273 1.24315581342503 1.52312728689717
   529 1.68093499579247 2.91882864674110 2.99060934153268
   538 3.00404499611254 3.41388259024637 0.10809551729223
   544 0.39847265855896 0.85995016140299 1.64308741677701
   545 0.11499092278232 0.54901630408444 1.78254848604479
   553 3.12494269154130 2.87009390439646 2.16602313101030
   557 1.00993445934019 1.58916486552057 2.62508543339822
   559 0.55926812030115 1.45240897796512 2.60328188177190
   568 3.11371798361729 3.11036015335916 2.49525662524274
   569 3.33745181579179 3.10237559793302 2.90013986040713
   571 3.14254241468682 3.91088024134406 0.54183455940597
   573 1.65371571998338 0.65313718675584 0.10211555828756
   581 0.73227420373725 2.60198944497079 2.48749435712516
   582 0.78330810083297 2.23143370940347 2.79667927375776
   587 3.15205204311195 1.88571598381890 3.99576966604575
   605 0.95509347946650 3.41715604062791 0.37214493072311
   611 3.72419370762650 0.63199407150976 1.78644538548088
   625 1.17611818903054 3.11013926662142 0.94121753409944
   629 3.49485434732715 0.75246102979083 2.67721644043991
   630 3.39125195786472 0.40049950836114 2.98171421484420
   635 3.37970501617261 3.21514722786265 2.94536948598616
   636 3.38535080384954 3.55771372520069 2.68211925589643
   640 2.11896555980982 1.56010111476629 3.30927352340415
   645 1.55407852384967 0.14453692191967 1.76563811470829
   647 3.02446805001505 0.15508653243928 3.16163779158514
   648 3.05015957792876 3.59991579920682 3.46616108162861
   649 3.18307486440826 2.38640694524618 3.35021333983855
   650 3.17875967136846 2.32610774567152 3.87235488241938
   658 0.75197178526942 0.28386632249440 0.85405070359477
   660 3.85439064827876 2.69604084274558 0.64344159470399
   662 0.15924163250787 3.03929965237023 0.72130669030393
   663 0.23834223432231 1.33822530136136 2.85696563749510
   667 0.97357427670855 2.36158540805375 3.16647872869680
   668 0.07139374486987 3.30595339934380 2.85091741019094
   669 3.90456993372679 3.64566488669091 2.61844432894255
   673 3.46388979764735 1.38584841635352 3.45570303459489
   674 0.08084145171473 1.52533196257573 3.28404425446030
   678 0.79037434772193 3.13613770692780 0.37910016640349
   681 0.57298431969845 0.78595864783543 1.16272400430814
   691 2.58550105770129 2.02901969716025 1.70917845797337
   692 3.01713926185924 1.99758490642481 1.72337964866024
   695 1.13215148522629 1.49451203917967 2.22859919724862
   696 0.68453301215577 1.35623855142396 2.16079830399968
   698 1.83535719943218 2.81390286503009 2.86067136535533
   701 2.17596681790362 0.95496116010967 3.04020823119492
   711 2.89465854989293 3.62290363816576 0.46138101416110
   717 2.00515366739065 1.28216741016400 1.47619787704982
   718 2.18769044026485 1.06893740917793 1.30951448378913
   723 2.27436827925107 2.47651754039666 1.68060368209554
   724 1.70261720780244 2.48226789212799 2.08692147013481
   725 3.17936912692101 2.83140719706550 0.28155640622938
   726 3.68386384991313 2.74195284446119 0.20189125137866
   735 3.92598164046276 3.16681959509149 3.39592012116566
   736 3.68792945880476 3.08907403175917 3.01945731140636
   737 0.05176528098996 1.73692041205467 2.20979045593251
   738 0.34628064030430 1.57364644726014 1.83168124533850
   739 2.13249377285722 0.84961535031643 2.57853504169684
   740 2.29558119737020 1.06151846676854 2.44602308127576
   758 2.43052601420774 0.21580902128770 1.69819648572770
   760 3.56733438333919 2.56498241918152 3.18664490726979
   761 3.96021569746607 2.64356855190792 3.63087456341154
   762 0.45245429644400 1.97136217694290 3.91931969146008
   764 0.39050376065421 2.25174001341756 3.53783942783013
   777 3.53911337901700 0.35805526196657 3.73025126716290
   780 2.05199301570193 0.96327150283214 1.23851428872675
   783 1.96235865051051 3.97764591061471 1.81218092442026
   784 2.12768111151650 0.01385753549792 1.62391051295170
   791 2.15347509733948 3.22498025802840 2.16268140074001
   792 1.73931491957795 2.86931283328541 2.33576872760489
   795 3.88496711667052 3.03494306708445 0.03947785989945
   796 0.05103167268073 2.88261486155310 3.65309956080122
   797 2.11806111262359 1.79575450423432 2.32553445198762
   798 1.72136845074471 2.05504764153767 2.40283105137035
   799 3.76134613618200 3.75076658494285 0.00524188493247
   800 3.48952849210932 3.84287668715363 0.00699081899472
   806 1.15226905966499 3.40012486605849 3.97058998469989
   816 0.79501769276680 2.03464361096700 3.97188835930063
   817 0.73947105284598 2.36196943144785 3.51319828897079
   819 0.39888696741364 2.65730130615968 2.38248497398638
   821 1.54685711882174 2.91807736341983 1.05517849375085
   822 0.82471215615116 3.13662327668652 2.76102601328392
   826 3.35539638947895 0.82567694083256 0.64533562905104
   837 3.15356212893934 0.62522461883750 0.28766713955173
   838 2.73479183829114 1.46727164670348 0.55249172167517
   839 3.24534139720612 1.11064965520319 0.78511218851887
   842 1.34616471663723 0.03292944358818 3.47837434440704
   844 1.19391246490343 3.98253071505616 3.06362187082754
   847 0.04465547090857 2.31909212367961 0.70132344774325
   854 0.65112011388865 3.27548734166669 3.16458599562969
   862 2.00125492485943 3.38373450365866 3.36580838294759
   866 1.83196426874295 1.55725359217552 0.11308510393057
   869 3.96861761173615 0.34363659572855 3.67832601242809
   870 0.12206543240809 0.64788383076147 3.89994739599449
   871 0.06689706762010 3.70395781848787 0.46274295290814
   874 0.91875591856926 2.98029440397704 2.74762438302516
   877 0.10016493906577 0.07267409257652 3.77929849518397
   881 2.57421205676944 1.37591440945481 0.29119306693447
   882 3.00675156551167 3.89964344522305 1.65689217153249
   883 3.16115004834441 3.94519323810471 1.87511351604842
   884 2.17084124872287 1.36055646609953 0.45733421888218
   885 2.00374572334643 1.05647281030620 0.49846203935233
   890 3.42982021932073 1.25839324883580 1.54519424693481
   899 3.47577303954312 1.03605497613360 2.75798231951903
   900 3.25755302082263 1.19688289157052 3.32811777284266
   903 3.15156942175213 0.80907390655048 3.51320008022624
   904 3.43570641038006 0.63510530482121 3.88393595915189
   905 2.67943193372762 2.07729097867351 2.72957045474661
   907 1.10587716254104 1.83019448424969 0.23177537284776
   908 0.95522399255986 1.87344472978544 3.96647000417480
   909 1.98592938034215 3.51863977163803 1.82188139964145
   910 2.21742878674637 3.55079374325655 1.55418312243174
   911 2.83764841101610 1.18974148536222 3.47415429750700
   912 2.62839252250372 1.58413497870866 3.98284550465978
   913 2.45462703143089 1.34779597610288 2.82241366003193
   914 2.32115767661544 1.78927182203950 2.72924440182972
   915 3.55378879373815 1.19883008353893 1.67490086256587
   916 0.18051767145917 1.33872478751676 1.58601543445933
   917 0.21764413371676 3.51836740168339 2.08035638688513
   918 0.05846572754922 3.65202904906389 2.15059314317168
   920 1.38252669508397 0.70550500581996 1.59991645421343
   922 2.87510863809351 0.86799678536720 3.57674018320545
   923 2.77201731821349 0.80718445540415 0.07309218285482
   926 0.34816126923941 3.85410391907113 3.28319444141227
   927 0.18283646752707 0.26358817453387 3.03040394428959
   928 1.63712185939049 1.09251272049956 1.42870462840747
   933 2.50438608932375 0.45709615041775 2.24344269912964
   938 2.04613610823123 2.57708817237834 0.61478664306571
   941 1.00609420696139 3.81365036474169 3.64417842032506
   942 0.81379389487816 3.73679618951174 3.29863721898420
   946 2.52397235254158 1.10185174942548 1.82411709466681
   948 3.22460995198296 1.37904636999396 1.78145832779170
   949 3.47633216869451 3.00545698724955 1.65912652863374
   952 3.60829636752611 1.60330713519342 1.06824801896853
   954 0.12760323424289 3.20661265995203 1.79933846166972
   955 0.33458443618275 2.62752756111453 2.01236640569838
   957 1.09707150086045 0.16191113115043 2.24860588018144
   958 1.27733629008308 0.16612909414838 2.64673340347443
   959 1.50742901359479 3.46125153553952 3.97195949950144
   960 1.75987015781392 3.15865293274379 3.79720400071897
   966 2.55329668013042 0.91041694859008 2.22682867273139
   970 2.87457722751972 0.29090794994560 2.33916304246742
   971 2.83874947655797 0.12074015766724 2.55663523129747
   972 0.23066696761488 0.19583302610616 1.23456895694690
   977 1.67880034315936 0.55034247275168 3.71621255789530
   978 1.39741447083326 0.48040303880298 3.59085932070318
   980 2.30505375696094 0.39529814235598 2.43907914068944
   982 1.42885055807778 0.36310705898233 2.04960826451978
   983 1.64318758852884 0.39939374393976 2.36858218679641
   984 2.07645847951858 0.20855702357037 2.35042865380156
   989 0.05278375740645 0.17276137477140 1.03426924745408
   992 0.67895859586744 2.99817744428486 1.34122531173335
   995 3.34838469221990 3.86877217671917 0.93765580054166
   997 0.46139400270335 0.01009050407222 0.37797763350683
   998 0.48192675018635 0.21084962732112 0.51242445112597
  1000 0.51380140912772 2.38935672903500 0.86149100791940
  1001 0.59683433638775 2.82065982620997 0.88976701119916
  1002 0.47967765581036 0.14943859434476 0.13696940307681
  1003 0.49230976625153 0.30656753178675 0.19788753542418
  1007 3.03608623938103 1.90784412976368 2.79538139572800
  1010 0.48165369094186 3.70398807936036 1.57615618779037
  1011 0.30634970469863 3.33504787076178 1.49071328320964
  1012 3.43976443655216 2.35136472766985 1.31866267852840
  1015 3.96625549316397 3.33999880814836 1.09148363335385
  1016 3.88545534066939 3.79079314658756 0.88110222619530
  1018 3.31068199652305 0.74656658383354 2.37478505016156
  1019 3.27915686791569 2.09037929849155 3.14269475358468
  1020 3.28094789531453 1.52016609949716 3.45391690075234
  1021 3.13898409460671 1.30128643179942 3.32631602908677
  1022 2.96752225124510 1.41907713339493 2.86294613226942
  1023 2.42990490086987 0.19295777259968 2.63949947759345
  1026 0.88636738345746 2.88734162097895 0.70321790357199
  1028 3.97259898876874 2.22924884291628 2.22956312792107
  1030 3.26323545610065 1.19460859907180 2.53128418224075
  1032 3.45366762907228 1.54078763339014 2.21572480813483
  1036 0.08338077055638 2.37261043223860 1.95837117778731
  1037 3.52934000149097 2.57427034130049 1.77617766768674
  1038 3.17834164993274 1.03941249976505 2.33921318304938
  1039 3.34594298856039 1.32392474006958 1.93235506694945
  1040 3.90690918085176 2.06391035011250 1.08743122207200
  1043 1.22602804840432 3.74489530614309 1.81173946101448
  1047 2.93651915421303 3.13632428628503 1.08060948803906
  1048 0.96182899829937 3.66922759289683 1.45827966858325
  1049 1.04861350362359 3.17723573868712 1.30789912181101
  1050 3.40238074197561 3.05797293310555 1.31298719639731
  1051 3.12371731552611 3.24780556396154 1.27546724709016
  1057 1.86536906531925 3.66768813324519 3.02644732840220
  1059 2.19852582754388 3.95688136041363 2.58498756769303
  1060 3.36546943095328 2.73212658635996 1.07594329088665
  1061 3.08108853062167 2.77550534374723 0.92361564385178
  1071 1.48971474239299 2.63441159148591 3.62967041582676
  1073 1.40923276733846 1.78678715911731 3.26626453957611
  1091 0.88508742570073 0.75176791814687 1.08978191844054
  1096 0.91742138891407 0.40546827451911 0.86368204296100
  1097 1.14734096391384 0.73243682627337 0.33316566773619
  1098 1.94126655469983 3.25692171828415 3.10147945139009
  1100 1.51473830990557 2.64175094196347 3.23416321834896
  1101 1.04167285529118 2.60012150926497 3.20861064476913
  1105 1.88942159146061 1.53510054128530 3.40244240499796
  1106 1.82511030144846 1.00853363896831 3.22445234563394
  1109 1.93549181590080 3.70903364072540 3.30204700135061
  1113 0.93816154644303 2.96329299674314 3.87508963816241
  1115 1.03168887778829 2.71608674229417 3.80051258401440
  1120 1.62061357860812 3.92206853188551 3.59070699425559
  1121 1.82418383444830 0.36437069563604 3.76878449588110
  1122 0.72186807846578 2.88240864512955 3.57838892962743
  1123 0.85269754129915 2.67334441675190 3.53594108672021
  1124 0.92360699317360 1.09487607846411 3.21614034429830
  1125 1.28398741585580 0.73829627893291 3.14657819672071
  1127 1.49195425767264 0.95147741134581 3.00843207859055
  1128 1.19531547393032 1.32057626230942 3.03561857399636
  1131 1.66581246790966 2.06417407333755 0.33328843872784
  1133 2.53586434325296 2.43398494752713 3.95409717406480
  1134 2.11361102591910 2.57782730879963 0.13152859026080
  1135 2.27352574418041 1.71613949212270 3.82904861126538
  1136 1.91863818742033 1.54390275603126 0.22813147380710
  1137 2.16742525142323 2.10308143749701 3.76132184892343
  1138 1.87393605002991 2.28861611031691 3.95650643931631
  1140 2.58420156697131 2.83575822559991 2.92961144527564
  1141 2.74319531859225 2.97830635004896 2.51442858472843
  1142 0.84743224706322 1.31927486763479 0.83844606838752
  1143 0.93405877078141 1.38896264481572 0.39662262844653
  1145 2.13891114394005 3.03462058332673 2.88198708971933
  1146 2.30603386904194 3.27979752836406 2.46629426360321
  1147 1.16877354041805 1.08619198764567 0.50573518153796
  1148 1.03867526808016 1.11106829896380 0.88060566538244
  1164 3.29847544340502 2.04703170540775 2.33745064906512
  1166 3.10714919586824 2.24327396291917 2.10211634735945
  1167 3.59224758125668 2.34773543373071 2.34595119799250
  1168 3.34317939844040 2.52335997998750 2.09333268924347
  1169 2.24881390185927 0.22997057476462 0.69586108042375
  1170 2.56707884150565 0.14016227009294 0.47182510374669
  1172 2.40815601994703 0.43885107243254 0.16193597988699
  1173 2.13713574593488 0.51472199383658 0.33304050976234
  1174 0.23054363026264 1.49003381842863 1.29559911891253
  1176 0.44573657174911 1.21104676632875 0.98532747585917
  1177 3.78549448359202 1.64234449977389 1.01916870319291
  1205 3.11625953873809 0.33487963916010 1.01554155454444
  1206 3.28176276832377 0.56292136592637 1.01351134900853
  1212 3.27181824285048 0.17321968516225 1.13473199801877
  1213 3.48098682303167 0.33867598734977 1.16929598476085
  1229 1.10448098693367 1.89956188876268 1.76491684678573
  1238 0.97414283686095 1.76852531473507 1.07192154870209
  1239 1.30125320034730 1.78923490343413 1.36184556519647
  1332 1.74762399120172 2.22938936007262 0.66217648719256
  1333 1.99763033748431 2.09126647596355 1.02367691859800
  1335 1.63523477414342 2.18420901067042 1.19497648801386
  1336 1.60343390755211 2.42199545760441 0.88788634921737
  1337 1.49248524506724 3.31220918388527 1.84025751011173
  1339 1.34146771163705 3.02824457393505 1.52427003424944
  1345 1.38437023253225 3.03580018105510 2.29595837081897
  1346 1.23752953844606 2.66065174576749 1.99036026868792
  1352 2.14048144669548 3.57443053251526 0.76087905271648
  1354 2.20557828663141 3.31959442541125 1.10187436713899
  1355 1.88067419048300 3.35558977400202 0.60039080129293
  1356 1.87917587862240 3.04691753354201 0.89414650585052
  1377 2.34839331727491 0.04185168093529 3.43338865076569
  1378 2.26500333478585 0.31158822230299 3.61168409016265
  1385 2.45870031384795 0.50828294392507 3.34201430617959
  1386 2.53219268653909 0.26458277330511 3.19265107119761
  1395 3.74168147112476 1.69069570282309 0.35106232266848
  1396 3.96264631332988 1.42737023705541 0.20274354123701
  1400 3.70662984667974 1.50785090350418 0.67863601469407
  1401 3.91978909888026 1.26608525364104 0.52794774665992
  1437 0.48465060997472 1.90733067895879 1.41338016559864
  1439 0.51082541566800 1.92232591435218 1.53407023002211
  1440 0.41660520913996 2.03393166764492 1.38596427924207
  1441 0.44352566573869 2.07511591958984 1.54801039187419
  1450 2.53161373447703 3.18719636503354 3.80131638387631
  1451 2.69212148694405 3.43555424931983 3.91548537719152
  1455 2.53197278915708 3.29050730975660 3.56555592844809
  1456 2.66365621341797 3.50909869672323 3.64155593913429
  1458 1.03809781653786 1.94233210806938 0.85777569171201
  1459 1.25815940226224 2.28281806788064 0.61817250363181
  1460 0.88718983007640 2.27321278554872 0.59726063283270
  1461 1.02795825187818 2.43813442409375 0.54176898199361
edges 766
16      2      0
17      0      8
32     16     41
33     41     37
34     37     18
84     58     59
85     59     52
93     59     47
101     76     72
102     72     14
111     72     69
177    115     47
181     59      0
189    115      8
218    143    139
224    134    136
225    136    147
229    140    136
231    143    140
232    149    156
246    152    163
247    163    157
272    171    191
273    191    169
284    185      2
292    177    180
293    180    185
295    171     18
303    174    177
313    199    198
363    220    215
382    230    243
389    241    236
390    236    243
391    231    240
395    231    241
398    235    240
419    254    174
433    260    261
438    264    261
486     16    295
487    295    290
496    295    288
501    292    288
524    260    199
526     58    185
537    310    191
544    195    311
553    311    315
554    315    310
584    264    332
588    163    336
596    339    284
597    311    339
612    354    346
623    347    346
624    354    315
625    343    347
629    243    356
632    147    356
636    343    143
641    365    358
642    358    364
669    139    347
690    376    241
700    214    380
736     41    396
737    396    394
760     11    364
766    403    336
767    399    403
774    157    405
775    405    403
776    119    410
782    406    410
785    408    288
786    406    408
825    410    220
835    365    422
839    425    215
843    425    422
844    396    295
849    406    425
850    394    408
886    169    436
890    439    440
892    230    439
895    241    439
921    413    447
947    171    457
998     36    473
1021    156    481
1042    488    489
1045     36    488
1048     16    488
1049     14    489
1079    500    502
1081    231    500
1083    236    502
1086    198    502
1109    199    510
1112    149    510
1153    191    524
1172     69    529
1194    413    538
1214    544    545
1218     36    545
1220     37    544
1221     41    545
1242    149    553
1243    261    553
1256    557    559
1260    394    559
1261    354    557
1263    399    559
1289    568    569
1290    553    568
1292    332    568
1293    152    569
1294    134    569
1301    300    571
1307     52    573
1308    277    573
1333    581    582
1336    339    581
1337    403    582
1339    354    582
1355    230    587
1410    115    605
1431    545    611
1432    473    611
1476    115    625
1486    629    630
1487    396    629
1490    290    630
1491     98    630
1492    429    630
1507    635    636
1510    569    635
1512    429    636
1513    332    636
1525    343    640
1528    432    640
1540      2    645
1546    647    648
1547     98    647
1549    429    647
1550    413    648
1552    635    648
1553    649    650
1554    136    649
1557    356    650
1558    587    650
1559    380    650
1584      8    658
1586     11    658
1591    660    662
1595    513    662
1602    394    663
1605    399    663
1612    346    667
1614    582    667
1615    668    669
1617    519    668
1618    291    668
1619    636    669
1621    290    669
1631    673    674
1634    422    673
1635    405    674
1636    663    674
1637    425    674
1648    513    678
1649    605    678
1658    544    681
1660     11    681
1691    691    692
1692    481    691
1693    436    691
1694    231    691
1697    376    692
1705    695    696
1706    310    695
1707    557    695
1708    171    695
1710    559    696
1711     37    696
1716    139    698
1718    529    698
1729    432    701
1760    571    711
1761    538    711
1762    460    711
1779    717    718
1780    524    717
1781    436    717
1782    240    717
1784    174    718
1785    235    718
1800    723    724
1801    481    723
1802    510    723
1803    500    723
1806    195    724
1807    725    726
1808    356    725
1809    538    725
1811    380    726
1813    660    726
1839    735    736
1841    447    735
1842    291    735
1843    152    736
1844    635    736
1845    668    736
1846    737    738
1847    399    737
1850    696    738
1853    739    740
1855    701    739
1856    457    739
1859    169    740
1920    177    758
1922    760    761
1923    152    760
1924    649    760
1925    157    760
1927    380    761
1930    762    764
1932    214    762
1934    761    764
1935    215    762
1937    405    764
1980     98    777
1988    180    780
1989    718    780
1998    783    784
2001    645    783
2002    758    784
2004    185    784
2023    791    792
2024    510    791
2027    724    792
2028    698    792
2037    795    796
2038    726    795
2039    513    795
2040    447    795
2041    761    796
2043    735    796
2044    797    798
2045    169    797
2046    481    797
2048    315    798
2049    724    798
2050    347    798
2051    799    800
2054    447    799
2055    571    800
2056    777    800
2057    413    800
2077    605    806
2106    816    817
2108    762    816
2110    667    817
2111    764    817
2117    581    819
2118    519    819
2119    336    819
2126    625    821
2130    519    822
2133     72    822
2142    358    826
2173    826    837
2176    300    837
2177    838    839
2178    439    838
2180    235    838
2181    440    839
2182    826    839
2183    254    839
2192    842    844
2196     76    844
2199    292    844
2208    660    847
2210    214    847
2232    822    854
2233    291    854
2270    277    866
2278    869    870
2281    406    870
2283    777    869
2284    365    870
2286    513    871
2287    799    871
2296    581    874
2297    822    874
2298     69    874
2307    799    877
2308    869    877
2318    838    881
2322    882    883
2324    758    882
2325    260    882
2326    473    883
2328    264    883
2329    884    885
2331    881    884
2332    235    884
2333    277    885
2335    780    885
2352    254    890
2377    899    900
2378    663    899
2380    629    899
2381    673    900
2391    903    904
2392     98    903
2394    900    903
2395    777    904
2396    837    904
2397    365    904
2399    140    905
2401    156    905
2405    907    908
2407    866    907
2409    220    908
2411    816    908
2412    909    910
2413    791    909
2414    783    909
2416    199    910
2417    784    910
2419    911    912
2420    432    911
2424    881    912
2425    230    912
2426    913    914
2427    432    913
2429    740    913
2430    343    914
2431    905    914
2432    797    914
2433    915    916
2434    611    915
2435    890    915
2437    544    916
2439    738    916
2440    917    918
2442    519    917
2443    489    917
2444    264    918
2445    669    918
2446    488    918
2451     18    920
2454      2    920
2456    922    923
2458    911    922
2459    903    922
2461    881    923
2462    837    923
2470    926    927
2472    877    926
2473    291    926
2474    288    927
2475    869    927
2476    290    927
2478    780    928
2479    920    928
2480    524    928
2495    758    933
2513    502    938
2521    941    942
2523    842    941
2524    806    941
2525    926    942
2526    844    942
2527    854    942
2538    946    948
2540    174    946
2542    890    948
2543    436    946
2545    692    948
2549    261    949
2556    890    952
2557    440    952
2558    376    952
2562    954    955
2564    949    954
2565    917    954
2566    284    955
2568    819    955
2571    957    958
2573     14    957
2574     76    958
2576     16    957
2577    292    958
2578    959    960
2579    806    959
2580     47    959
2583     61    960
2584    862    960
2602    740    966
2603    946    966
2604    933    966
2615    970    971
2617    933    970
2618    883    970
2619    429    971
2621    332    971
2625     36    972
2628     11    972
2638    977    978
2641    573    977
2642    842    978
2644    119    978
2649    739    980
2652    933    980
2654    982    983
2655     18    982
2656    957    982
2657    645    982
2658    457    983
2659    958    983
2662    783    984
2663    980    984
2664    983    984
2679    364    989
2680    972    989
2690    284    992
2696    571    995
2702    997    998
2704    605    997
2705    658    998
2707    871    997
2708    364    998
2711   1000   1001
2714    992   1001
2716    847   1000
2717    662   1001
2718   1002   1003
2719    877   1002
2720    997   1002
2721    941   1002
2722    870   1003
2723    998   1003
2724    119   1003
2740    905   1007
2743   1010   1011
2744    489   1010
2746    972   1010
2747    954   1011
2748    992   1011
2756    376   1012
2759   1015   1016
2760   1011   1015
2762    662   1015
2763    989   1016
2764    995   1016
2765    871   1016
2770    629   1018
2771    970   1018
2772    611   1018
2773   1019   1020
2774    649   1019
2775   1007   1019
2776    157   1019
2777    587   1020
2779    673   1020
2780   1021   1022
2781    911   1021
2782   1020   1021
2783    900   1021
2784    913   1022
2785   1007   1022
2788    980   1023
2790    971   1023
2798    678   1026
2799   1001   1026
2800    625   1026
2805    737   1028
2808    336   1028
2811   1030   1032
2813    899   1030
2815    737   1032
2816   1022   1030
2828   1036   1037
2829    955   1036
2830   1028   1036
2832    949   1037
2834   1012   1037
2835   1038   1039
2836    966   1038
2837   1030   1038
2838   1018   1038
2839    948   1039
2840   1032   1039
2841    915   1039
2843    847   1040
2845   1012   1040
2853    645   1043
2856     14   1043
2863    198   1047
2866    711   1047
2867   1048   1049
2868   1010   1048
2869   1043   1048
2870      8   1048
2871    992   1049
2873    625   1049
2874   1050   1051
2875   1015   1050
2877    949   1050
2878    995   1051
2879   1047   1051
2880    260   1051
2898   1057   1059
2900     76   1057
2902    984   1059
2905   1023   1059
2906   1060   1061
2907    660   1060
2908   1050   1060
2909   1012   1060
2910    725   1061
2911   1047   1061
2912    236   1061
2942    960   1071
2950    346   1073
2953    908   1073
3006    681   1091
3007    920   1091
3020   1096   1097
3021      0   1096
3022   1091   1096
3023    658   1096
3024    573   1097
3026    119   1097
3028    862   1098
3029   1057   1098
3030    529   1098
3034   1100   1101
3035    139   1100
3036   1071   1100
3037    529   1100
3038    667   1101
3040    874   1101
3050   1105   1106
3051    866   1105
3052   1073   1105
3053    640   1105
3054    977   1106
3056    701   1106
3067    862   1109
3070   1057   1109
3077    678   1113
3080    806   1113
3083   1071   1115
3084   1113   1115
3098   1120   1121
3099    842   1120
3100   1109   1120
3101    959   1120
3102    977   1121
3104     52   1121
3105   1122   1123
3106    854   1122
3107    796   1122
3108   1113   1122
3109   1101   1123
3110    817   1123
3111   1115   1123
3112   1124   1125
3115    410   1124
3116    978   1125
3118    408   1124
3119    292   1125
3121   1127   1128
3122    457   1127
3123   1125   1127
3124   1106   1127
3125    557   1128
3126   1124   1128
3127   1073   1128
3139   1133   1134
3141    147   1133
3142     61   1134
3144    243   1133
3145    938   1134
3146   1135   1136
3147    912   1135
3149    640   1135
3150    884   1136
3151   1131   1136
3152    866   1136
3153   1137   1138
3154   1135   1137
3155   1133   1137
3156    143   1137
3157   1131   1138
3158   1134   1138
3159   1071   1138
3162   1140   1141
3164    140   1140
3165    149   1141
3167    134   1140
3168    568   1141
3169   1142   1143
3173    907   1143
3176    220   1143
3178   1145   1146
3179   1098   1145
3180   1140   1145
3181    698   1145
3182   1059   1146
3183   1141   1146
3184    791   1146
3185   1147   1148
3186   1097   1147
3187   1143   1147
3188    277   1147
3189   1091   1148
3190   1142   1148
3191    928   1148
3241   1164   1166
3243   1007   1164
3245    156   1166
3246   1032   1164
3248    692   1166
3249   1167   1168
3250   1028   1167
3251   1164   1167
3252    163   1167
3253   1037   1168
3254   1166   1168
3255    553   1168
3256   1169   1170
3259     58   1169
3260    460   1170
3262    180   1169
3263    300   1170
3265   1172   1173
3266    923   1172
3267   1170   1172
3269    885   1173
3270   1169   1173
3271     52   1173
3273   1174   1176
3275    916   1174
3277    681   1176
3280   1142   1176
3282   1040   1177
3283   1174   1177
3284    952   1177
3370   1205   1206
3372    177   1205
3373    254   1206
3375    300   1205
3376    826   1206
3393   1212   1213
3394    882   1212
3395    995   1212
3396   1205   1212
3397    473   1213
3398    989   1213
3399   1206   1213
3446    311   1229
3449    310   1229
3475   1238   1239
3476   1142   1238
3479    524   1239
3480   1229   1239
3777   1332   1333
3780    938   1332
3781    500   1333
3783   1131   1332
3784    240   1333
3786   1335   1336
3787   1239   1335
3788   1333   1335
3789    195   1335
3791   1332   1336
3792    821   1336
3794   1337   1339
3796    909   1337
3798    821   1339
3799   1043   1337
3801   1049   1339
3818   1345   1346
3819   1337   1345
3820     69   1345
3821    792   1345
3822   1339   1346
3823    339   1346
3824    195   1346
3842   1352   1354
3844    460   1352
3846    198   1354
3847     58   1352
3849    910   1354
3850   1355   1356
3851     47   1355
3852   1352   1355
3853     61   1355
3854    821   1356
3855   1354   1356
3856    938   1356
3921   1377   1378
3925   1172   1378
3927   1109   1377
3928   1121   1378
3946   1385   1386
3947    922   1385
3948   1378   1385
3949    701   1385
3950    647   1386
3951   1377   1386
3952   1023   1386
3978   1395   1396
3980    587   1395
3981    214   1395
3983    422   1396
3984    215   1396
3994   1400   1401
3995   1395   1400
3996    440   1400
3997   1177   1400
3998   1396   1401
3999    358   1401
4000   1176   1401
4114   1437   1439
4116   1238   1437
4118   1229   1439
4119   1174   1437
4121    738   1439
4122   1440   1441
4123   1040   1440
4124   1437   1440
4125   1000   1440
4126   1036   1441
4127   1439   1441
4128    284   1441
4154   1450   1451
4155    147   1450
4157     61   1450
4158    538   1451
4160    460   1451
4170   1455   1456
4171    862   1455
4172    134   1455
4173   1450   1455
4174   1377   1456
4175    648   1456
4176   1451   1456
4179   1458   1459
4181    907   1458
4182   1131   1459
4184   1238   1458
4185   1336   1459
4186   1460   1461
4187   1000   1460
4188   1458   1460
4189    816   1460
4190   1026   1461
4191   1459   1461
4192   1115   1461
polygons 447
0   1540   2451   2454   2655   2657
3     16     17   1540   2853   2869   2870
4     16   2454   3007   3021   3022
5   2573   2656   2657   2853   2856
7     32     33     34   2576   2655   2656
10   1584   1586   2628   2746   2868   2870
11     17   1584   3021   3023
13   1586   1660   3006   3022   3023
15   1214   1218   1658   1660   2625   2628
16   1049   2744   2856   2868   2869
17   1042   1048   1049   2573   2576
18     32   1045   1048   1218   1221
19     34   1220   1658   2451   3006   3007
21   1042   1045   2625   2744   2746
22     33   1214   1220   1221
23   3844   3852   3853   4154   4157   4160
27   3260   3267   3921   3925   4160   4174   4176
28     84     85   3259   3270   3271
29   3256   3259   3260   3844   3847
30   3104   3265   3271   3925   3928
31   2578   2584   3067   3100   3101
32     85     93   2580   3098   3101   3104
33     93     84   3847   3851   3852
34   2578   2580   2583   3851   3853
36   2583   2584   4157   4171   4173
37   2574   2659   2664   2898   2900   2902
38    101    102   2571   2573   2574
39   2001   2414   2853   3796   3799
40   2023   2413   3796   3819   3821
42    102    111   2856   3799   3819   3820
43   2413   2414   2662   2902   3182   3184
44   1172   1718   2028   3820   3821
45    111    101   1172   2900   3029   3030
47   1486   1492   2615   2619   2770   2771
48   2380   2770   2813   2837   2838
49   1491   1492   1547   1549
51   2394   2458   2459   2781   2783
54   1547   2392   2459   3946   3947   3950
56   1729   2420   2458   3947   3949
57   1549   2619   2790   3950   3952
58   1853   2602   2604   2649   2652
60   2420   2427   2780   2781   2784
61   1729   1853   1855   2427   2429
62   2429   2602   2784   2816   2836   2837
63   1486   1491   2377   2380   2392   2394
67    177   1410   2077   2579   2580
68   1307   2641   3102   3104
69     85    181   1307   3020   3021   3024
70   2638   2641   2644   3024   3026
71    177    189     17    181     93
73    189   1410   1584   2702   2704   2705
75   2638   2642   3098   3099   3102
76   2523   2524   2579   3099   3101
77   2523   2642   2644   2718   2721   2724
78   2705   2723   2724   3020   3023   3026
81   2077   2524   2704   2720   2721
82   2583   2942   3142   3158   3159
83   1716   1718   3035   3037
84    218   3035   3036   3153   3156   3159
85   3139   3141   3142   4155   4157
86   2584   2942   3028   3030   3036   3037
87    224    225   4155   4172   4173
88    229    224   3164   3167
89   3028   3167   3179   3180   4171   4172
90    218    231   1716   3164   3180   3181
91    229    231    225   3141   3155   3156
92    232   1242   3245   3254   3255
93    232   2399   2401   3162   3164   3165
94   1242   1290   3165   3168
95    246    247   1923   1925
96    224   1293   1294   1554   1923   1924
97   1924   1925   2774   2776
100   1289   1294   3162   3167   3168
101    246   1289   1290   1293   3249   3252   3255
102   2401   2740   3241   3243   3245
103    247   2775   2776   3243   3251   3252
104    229   1554   2399   2740   2774   2775
107   1856   2649   2658   2663   2664
108    272    273    947   1853   1856   1859
109    273    886   1153   1780   1781
110    886   1859   2543   2602   2603
111    284   1540   1998   2001   2004
112    292    293   1920   2002   2004
114    295    272   1153   2451   2479   2480
115    295    947   2654   2655   2658
119    303   1920   2495   2540   2603   2604
121   1779   1780   1989   2478   2480
122    292    303   1784   1988   1989
123   1779   1781   1784   2540   2543
124    284    293   1988   2454   2478   2479
125   1998   2002   2495   2652   2662   2663
126    313   1079   1086   1109   1802   1803
127   1800   1803   1806   3781   3788   3789
128   1086   2513   3846   3855   3856
129   1109   2024   2412   2413   2416
130   1806   2027   3818   3821   3824
131   2412   3794   3796   3798   3849   3854   3855
133   3786   3789   3792   3798   3822   3824
134    313   2416   3846   3849
135   1932   2108   2210   2716   4187   4189
136   2210   2843   3282   3981   3995   3997
139   3273   3280   3476   4116   4119
141   2405   2411   4181   4188   4189
143   3169   3173   3476   4181   4184
145    363   3169   3176   3280   3984   3998   4000
146   2405   2409   3173   3176
148   1932   1935   3978   3981   3984
149    363   1935   2108   2409   2411
150   4116   4124   4125   4184   4187   4188
151   2578   2579   2942   3080   3083   3084
152   1172   2298   3034   3037   3040
154   3028   3029   3067   3070
155   2192   2196   2900   3070   3099   3100
156    101   2133   2196   2232   2526   2527
159    111   2133   2297   2298
160    892   2178   2318   2424   2425
161    382   2425   3144   3147   3154   3155
162    389    390    382    892    895
163    391   1081   3781   3784
164    395    398    391    895   2178   2180
165    389    395   1079   1081   1083
166    390   1083   2513   3139   3144   3145
167   2331   2424   3146   3147   3150
169    398   2332   3150   3151   3777   3783   3784
171   2180   2318   2331   2332
173   1432   2352   2434   2435   3373   3397   3399
174   1920   2324   3372   3394   3396
176    419    303   3370   3372   3373
178    419   2352   2538   2540   2542
179   2435   2542   2839   2841
180   1432   2326   2618   2771   2772
181   2434   2772   2835   2838   2841
182   2325   2878   2880   3394   3395
183    433   2549   2874   2877   2880
184    438    433   2322   2325   2328
185    438   2440   2444   2549   2564   2565
186   2443   2565   2743   2744   2747
187   2564   2747   2760   2875   2877
188    998   2625   2680   3397   3398
191    998   1045   2326   2328   2444   2446
192   1528   1729   3050   3053   3056
193   2270   2329   2333   3150   3152
194   2456   3266   3925   3947   3948
195   1307   1308   2333   3269   3271
199   1308   2270   2641   3050   3051   3054
200   3054   3056   3102   3928   3948   3949
201   2714   2717   2748   2760   2762
202   2690   2711   2714   4122   4125   4128
203   2832   2834   2877   2908   2909
204   2208   2843   2845   2907   2909
205   2566   2829   4126   4128
207   2562   2566   2690   2747   2748
210   2196   2199   2574   2577
211    486    487   1048   1621   2445   2446
212    102   1049   2130   2133   2442   2443
213   1617   1618   2130   2232   2233
214   1615   1618   1621   2470   2473   2476
215    487    496   2474   2476
216   2233   2473   2525   2527
217    501    496    486   2571   2576   2577
219    501   2199   2470   2474   2525   2526
223   1301   2696   3375   3395   3396
224   1760   2696   2866   2878   2879
226   1301   1760   1762   3260   3263
227    292   3256   3262   3263   3372   3375
228   1762   2863   2866   3842   3844   3846
230    524   2002   2324   2325   2416   2417
231    313    524   2863   2879   2880
234    526   2004   2417   3842   3847   3849
235    293    526   3259   3262
240    537   1153   3449   3479   3480
241   1780   1782   3479   3784   3787   3788
243    544   3446   3480   3787   3789
244   1081   1692   1694   1801   1803
246    391   1693   1694   1781   1782
248    553    554   3446   3449
249    554    273    537   2044   2045   2048
250    544    553   1806   2048   2049
251    886   1692   1693   2045   2046
253   2039   2040   2054   2286   2287
254   1841   1842   2054   2307   2472   2473
255   1842   2043   2233   3106   3107
257   2472   2521   2525   2719   2721
258   1648   1649   2286   2704   2707
261   1293   1510   1843   1844
262   1289   1292   1507   1510   1513
263    438    584   1243   1290   1292
264    584   1513   1619   2444   2445
265    588   2808   3250   3252
266   1243   2549   2832   3253   3255
267   2119   2568   2808   2829   2830
268    588    246   1617   1843   1845   2118   2119
269   1507   1615   1619   1844   1845
270   2126   2873   3798   3801
271   2714   2799   2800   2871   2873
272    596   2690   2871   3801   3822   3823
273    544    597   3823   3824
274    596    597   3446   4118   4127   4128
275   1525   1528   2426   2427   2430
276    537    272   1706   1708
277   1859   2045   2426   2429   2432
279    612   1261   2950   3125   3127
280    947   1707   1708   3121   3122   3125
281   1855   1856   3056   3122   3124
284    623    612    624   2048   2050
285    625   2044   2050   2430   2432
286    623    625   1525   2950   3052   3053
287    624    554   1261   1706   1707
289   1355   2419   2425   2777   2781   2782
290    382    629   1355   1557   1558
291    632    629   3141   3144
294    636   1525   3149   3154   3156
295    231    636   2399   2430   2431
296    632    225   1553   1554   1557
297    641   2142   2173   2396   2397
298    642   2142   2679   3376   3398   3399
299    641    642   2284   2708   2722   2723
300   2679   2702   2707   2708   2763   2765
301   1301   2055   2056   2176   2395   2396
302   2051   2055   2287   2696   2764   2765
303   2173   2176   3370   3375   3376
304   2278   2283   2284   2395   2397
305   2270   2407   3173   3187   3188
306   2333   2335   2478   3185   3188   3191
307   3783   3791   4182   4185
309   1785   1989   2329   2332   2335
310   2480   3190   3191   3475   3476   3479
311   2407   3151   3152   4179   4181   4182
313    398   1779   1782   1785
314   1021   2046   2401   2431   2432
315    669   1716   2027   2028   2049   2050
316   1112   2024   3165   3183   3184
319    232   1021   1112   1801   1802
320    669    218    636    625
322   3142   3145   3850   3853   3856
323   1083   1086   2863   2911   2912
326   1761   1762   4158   4160
327   1761   1809   2866   2910   2911
328    629    390   1808   2910   2912
329    632   1808   1809   4154   4155   4158
331   1292   2621   2790   2905   3168   3182   3183
332   1512   1513   2619   2621
333   1294   1510   1552   4170   4172   4175
334    690    389   2756   2906   2909   2912
335   1557   1559   1807   1808   1811
336   1807   1813   2906   2907   2910
338    890    892   1355   3980   3995   3996
339    700   1558   1559   3980   3981
341   2558   2756   2845   3282   3284
342    690    890    895   2557   2558
343    700   1811   1813   2208   2210
345   2557   3284   3996   3997
348   1846   2433   2439   2815   2840   2841
349   2545   2839   2840   3241   3246   3248
350   2805   2815   3246   3250   3251
351   1697   2756   2834   3248   3253   3254
352   2439   3275   4114   4119   4121
353   1697   2542   2545   2556   2558
354   1846   2805   2830   4121   4126   4127
355    433    524   1109   1112   1242   1243
358    584   2328   2615   2618   2621
360   1263   1710   1846   1847   1850
361   1220   1711   1850   2437   2439
362   1260   1263   1602   1605
363     33    736    737   1260   1710   1711
364    736   1221   1431   1487   2770   2772
365    737   1487   1602   2378   2380
369   1605   1847   2378   2811   2813   2815
372   1410   1476   1649   2798   2800
373   3083   3157   3159   4182   4191   4192
376    177   1476   2126   3850   3851   3854
378    189   1476   2867   2870   2873
380   1595   2286   2759   2762   2765
382    760   1586   2705   2708
384   1595   1648   2717   2798   2799
386    760   2628   2679   2680
387    597    553    624   1333   1336   1339
388    596   1336   2117   2566   2568
389    766   1333   1337   2117   2119
390    767   1256   1261   1263   1337   1339
391    766    767   1847   2805   2808
393   1705   1706   1850   3449   4118   4121
395   2785   2811   2816   3243   3246
397   2381   2779   2782   2783
398    774   1631   1635   2773   2776   2779
399    775    767   1605   1635   1636
400    774    247    588    766    775
401    776   2644   3112   3115   3116
402    782    776   2281   2722   2724
403   2192   2199   2642   3116   3119
404    785    501   3112   3118   3119
405    782    786   3115   3118
406    786    785   2278   2281   2474   2475
407   2308   2470   2472   2475
408   1194   1760   1761   2055   2057
409   1194   1550   4158   4175   4176
411   1546   1547   1550   1980   2056   2057
412   2176   2462   3263   3266   3267
414   1980   2391   2392   2395
417   1612   2106   2110   2411   2950   2953
418    623    669   1612   3034   3035   3038
420   1591   1595   1813   2038   2039
422    921   2051   2054   2057
423    921   1194   1807   1809   2038   2040
424   1934   2041   2111   3105   3107   3110
425    774   1922   1925   1934   1937
426   1839   1843   1922   1923   2041   2043
427   1333   1614   2296   3038   3040
428   2117   2118   2130   2296   2297
429   1618   1839   1842   1845
430    775   1337   1614   1937   2110   2111
432   2638   3054   3116   3123   3124
434   2577   2658   2659   3119   3122   3123
436   1553   1559   1922   1924   1927
437   1811   1927   2037   2038   2041
439    921   1550   1552   1839   1841   1844
440   1490   1492   1512   1619   1621
441   1490   1491   1980   2283   2475   2476
444   1336   2296   2298   3818   3820   3823
445   1988   2335   3262   3269   3270
446   1308   3024   3186   3188
447    284    526     84    181     16
449    776    825   3026   3176   3186   3187
450    825   2409   2953   3115   3126   3127
454   2173   2177   2182   2318   2461   2462
456   1634   2777   2779   3978   3980   3983
458    835   1634   2381   2391   2394   2397
460   2142   2181   2182   3994   3996   3999
461    641    835   3983   3998   3999
462    839   1635   1637   1930   1935   1937
463    700   1927   1930   1932   1934
466    839    843   3983   3984
467    843   1631   1634   1637
468    844    487   1486   1487   1490
469     32    486    844    736
470    998   1218   1431   1432
473   2181   2183   2352   2556   2557
474    419   1784   1785   2177   2180   2183
475    395    690   1691   1694   1697
477   1021   1691   1692   3245   3248
478   2182   2183   3373   3376
479    786    849    850   1602   1636   1637
480    850    737    844    496    785
481    835    843    849   2281   2284
482    760    642   1660   3277   3999   4000
483   3006   3189   3190   3277   3280
484    363    839    849    782    825
485    850   1256   1260   3118   3125   3126
486     34    295   1705   1708   1711
488   1658   2437   3273   3275   3277
489    612   1339   1612   1614
491   1507   1512   1546   1549   1552
492   1528   2419   2420   3147   3149
493   1691   1693   2538   2543   2545
494    890   2177   2178   2181
495   2118   2442   2562   2565   2568
496   1591   2762   2875   2907   2908
497   1841   2037   2040   2043
501   1546   3950   3951   4174   4175
503   2322   2326   3393   3394   3397
506   1800   1801   2044   2046   2049
508   1042   2440   2443   2446
510   2798   3077   3084   4190   4192
511   2110   3038   3109   3110
512   1079   2513   3777   3780   3781
515   1800   1802   2023   2024   2027
516   1648   2037   2039   3077   3107   3108
518   1615   1617   2440   2442   2445
521   1718   3030   3179   3181
523   2001   2654   2657   2662   2664
524   1214   1431   2433   2434   2437
525   2287   2307   2707   2719   2720
527   1256   1705   1707   1710
531   1553   1558   2773   2774   2777
533   1855   2649   2788   3946   3949   3952
536   1649   2077   3077   3080
539   2126   2800   3792   4185   4190   4191
541   3051   3053   3146   3149   3152
542   2023   2028   3178   3181   3184
544   1591   2208   2711   2716   2717
545   1631   1636   2377   2378   2381
547   2051   2056   2283   2307   2308
548   2716   2843   4123   4125
552   2106   3110   3111   4186   4189   4192
553   3780   3791   3792   3854   3856
554   2329   2331   2461   3265   3266   3269
555   2322   2324   2495   2617   2618
556   1930   2106   2108   2111
558   1998   2412   2414   2417
559   3067   3927   4170   4171   4174
562   2521   2524   2527   3080   3106   3108
564   2232   2297   3040   3105   3106   3109
565   2405   2407   2953   3051   3052
566   3145   3157   3158   3780   3783
567   2391   2396   2456   2459   2462
568   2192   2521   2523   2526
571   2426   2431   2740   2784   2785
572   2278   2308   2718   2719   2722
573   2419   2424   2456   2458   2461
574   2377   2780   2783   2813   2816
575   2433   2435   2556   3275   3283   3284
576   2604   2617   2771   2836   2838
577   2479   3007   3189   3191
578   2615   2617   2652   2788   2790
580   2538   2603   2835   2836   2839
581   2562   2564   2828   2829   2832
582   2571   2654   2656   2659
583   2763   2764   3393   3395   3398
584   2680   2743   2746   2759   2760   2763
585   2663   2788   2902   2905
586   2743   2748   2867   2868   2871
587   2759   2764   2874   2875   2878
588   2702   2718   2720   2723
589   2711   2799   4186   4187   4190
590   2898   2905   3070   3927   3951   3952
591   2773   2775   2780   2782   2785
592   2828   2834   2845   4122   4123   4126
593   2828   2830   3249   3250   3253
594   2811   2835   2837   2840
595   3282   3283   4119   4123   4124
596   2867   2869   3794   3799   3801
597   2874   2879   2906   2908   2911
599   2898   3029   3178   3179   3182
600   3020   3022   3185   3186   3189
602   3034   3036   3083   3109   3111
603   3050   3052   3121   3124   3127
609   3098   3100   3921   3927   3928
610   3084   3105   3108   3111
612   3112   3121   3123   3126
613   3146   3151   3153   3154   3157
614   3139   3153   3155   3158
615   3162   3178   3180   3183
616   3169   3185   3187   3190
620   3241   3249   3251   3254
621   3256   3265   3267   3270
622   3273   3283   3994   3997   4000
628   3370   3393   3396   3399
630   3475   3786   3787   4179   4184   4185
631   3475   3480   4114   4116   4118
652   3777   3786   3788   3791
653   3794   3818   3819   3822
656   3842   3850   3852   3855
661   3921   3946   3948   3951
663   3978   3994   3995   3998
671   4114   4122   4124   4127
673   4154   4170   4173   4176
674   4179   4186   4188   4191
cells 64
0      0      3      4      5      7     10     11     13     15     16     17     18     19     21     22
1     23     27     28     29     30     31     32     33     34     36    559    609    621    673
2     37      5     38     39     40     42     43     44     45    521    523    542    582    599
3     47     48     49     51     54     56     57     58     60     61     62     63    533    574    576    578
4     32     67     68     69     70     11     71     73     75     76     77     78     81    588
5     82     83     84     85     86     36     87     88     89     90     91    521    614
6     92     93     94     95     96     97     88    100    101    102    103    104    620
7    107    108     58    109    110    111    112    114    115    119    121    122    123    124      0    125    523
8    126    127    128    129    130    131     40    133    134    512    515    553    652    653
9    135    136    139    141    143    145    146    148    149    150    548    595    622    663
10    151    152     86     45    154     76    155    156     31    159    562    564    568    602    610
11    160    161    162    163    164    165    166    167    169    171    512    566    613    614
12    173    174    176    178    179    119    180    181    503    555    576    580    628
13    182    183    184    185     21    186    187    188    191    503    508    583    584    587
14    167    192    193    194     56    195     30    199    200     68    492    541    554    573
15    201    202    203    204    205    187    207    496    544    548    581    592
16     17    210     38    211    212    213    214    215    156    216    217    219    508    518
17    182    223    174    224    226    227     29    228    230    231    112    134    234    235
18    240    241    163    243    127    244    246    109    248    249    250    251    506
19    253    254    255    216    257    258     81    497    516    525    536    562
20    261    262    263    264    185    265    266    267    268    269    101    495    518    581    593
21    270    271    243    272    202    133    273    150    274    539    589    630    631    671    674
22    275     61    276    249    108    277    279    280    281    284    285    286    192    287    603
23    289    104    290    291    275    294     91    295    296    161     60    492    531    571    591
24    297    298    299    223    300    301    302    303    304    525    547    572    583    588    628
25    121    241    305    169    193    306    307    143    309    310    311    313    616    630    652
26    314    285    315    316     93    319    320    295     90    506    515    542    615
27     85    322     23    228    128    323    326    327    328    329    166    291    656
28    331    154     57    332    333    100     89    262    491    501    559    590    599    615
29    162    334    328    290    335    336    338    339    341    342    343    204    136    345
30    348    349    350    351    179    352    353    341    354    575    592    593    595    620    671
31    129    355    125    331    230    184     43    316     94    358    263    555    558    578    585
32    360    361    362    363    364    365    348     48     22    369    181    524    594
33    322     82    372    307    373    376     34     67    151    510    536    539    553    566
34    372     73    378    380    271     10    258    382    384    201    386    300    584    586
35    387    388    389    390    391    360    267    393    274    205    354    287    248    527
36    395    103    391    369    265    350    397    398    399    400    545    574    591
37     77    401    402    403    404    405    406    257    219    407    568    572
38    408    326    409    411    412    226    414    194     27     54    301    501    567    661
39    311    417    286    373    418    141    294     84    320    511    541    552    565    602    613    674
40    224    336    380    253    302    408    420    422    423    327    496    587    597
41    424    425    426     95    427    428    213    255    429    430    389    400    268    511    564
42    155     37    432    210     75    403    107    200    281    434    533    585    590    609    661
43    436    437    335    439    261    426    423    333    409    296     87     96    329    497    673
44    429    439    269    440    422    254    411    441    214     49    407    491    547
45    428    212    388    272    444    159     42    207     16    186    495    586    596    653
46    445    195     28     69    446      4    235    124    447    306    577    600
47    401    432    199    305    446     70    449    450    146    565    603    612
48    454     51    297    289    160    456    397    458    338    460    461    494    567    573    663
49    456    398    462    148    463    339    425     97    436    466    467    531
50    468    440    211    191    358    364     47     18    469    264    470    332    180
51    353    178    473    474    246    475    123    164    342    313    493    494
52    351    334    266    355    475    231    323    126     92    244    203    183    319    477    165    597
53    445    227    122    474    309    412    171    454    478    303    176    554    621
54    270      3    378    447     71    376     33    111     39    131    234    558    596    656
55    424    384    135    437    420    343    463    510    516    544    552    556    589    610
56    441    406    479    480    468    215    365    414    304    458     63    481    467    545
57    482    483    466    299    382    449     13    402     78    461    145    484    481    600    616
58      7    280    434    363    480    485    404    469    217    486    115    527    582    612
59    477    314    102    277     62    251    349    395    110    493    571    580    594
60    139    483    393    488    352    361    276    240    114    486     19    310    577    631
61     15    482    478    473    460    488    345    470    173    298    188    386    524    575    622
62    387    489    427    130     44    418    315     83    444    273    284    152    250
63    149    484    450    390    489    279    362    485    417    479    405    462    430    399    556
