vertices 383
     0 0.94316463429917 0.08758366828646 1.06673675088677
     2 1.33029100662790 0.26179212591233 1.59996340346237
     8 0.83156353044011 3.97732448443927 1.06881844962021
    11 0.19372734237931 0.37585331427144 1.05910550029970
    14 0.79232649101289 3.79014897191205 2.15996013230507
    16 0.23562585619560 0.36941301166136 2.31970728689559
    18 1.08183807007878 0.71815402583967 1.92774268307422
    36 3.84093121855248 0.31641805815674 1.70500301887248
    37 0.42783435813562 0.84038378322429 2.02625909010968
    41 0.17910778513434 0.50880539083716 2.26947204109820
    47 1.37539099635185 3.53140244688945 0.57139795473512
    52 1.59762940739310 0.42721105481519 0.20479186450298
    58 1.79207771405161 3.94523031622323 0.87949429044251
    59 1.46801416915659 3.93811010216085 0.70232358118388
    61 1.81851677235163 3.04667330940774 0.08766049079994
    69 0.97626506787277 3.11738176252178 2.69024170571204
    72 0.87393454764463 3.32336645770314 2.68620803380489
    76 1.09956761850675 3.85201587227393 2.92589773627122
    98 3.03026152114864 0.40814039604004 3.34590027308356
   115 0.98418321387718 3.45320087932098 0.73598657482280
   119 0.72576165930240 0.66063663632137 0.09453256917545
   134 2.55488316048999 2.89921300573351 3.22411709042340
   136 2.59382872620118 2.55685002451049 3.38386516378308
   139 1.58916840400105 2.36625150558518 3.08334962934565
   140 2.34441745348584 2.40178199162211 3.10038595048485
   143 1.94720245020169 2.15610309034041 3.21137929944233
   147 2.47227955323128 2.56875184238159 3.89526800198206
   149 2.59284614465707 2.77149330009459 2.25662558393849
   152 3.35569234192668 2.88632728906201 3.01581748263630
   156 2.58201772306720 2.31749128928239 2.23049592479616
   157 3.41809397388476 2.35178199076668 3.09500298231711
   163 3.50504723406236 2.48909425165479 2.75970053881523
   169 1.85301511248731 1.35562544083468 2.20179423971115
   171 1.26015657284415 1.13509825636502 2.18715944448884
   174 2.24231519964042 0.89592302985762 1.50887735264186
   177 2.20291541424352 0.46103806381826 1.44716183083209
   180 2.00317853989321 0.43355347921974 1.32328789044397
   185 1.79234790164907 0.17292961300234 1.43423295467075
   191 1.36398642074419 1.27991243992528 2.08918643783873
   195 1.17449965294756 2.45384014135227 2.00975082026948
   198 2.39071610414148 3.08832523687708 1.27412707633548
   199 2.40819641222311 3.22342889577903 1.61293861271980
   214 3.74834257532365 2.13285263702396 0.38430389080675
   215 0.14925238906467 1.53699402022206 3.99011633105507
   220 0.45777160453521 1.47061534908674 0.03295999597568
   230 2.68237303717508 1.87020096620253 0.18785616408825
   231 2.21417655506191 2.15906431015340 1.22787433879243
   235 2.08448014876217 1.45306690842180 0.83737049163334
   236 2.48645868636158 2.40380178810709 0.94492895749629
   240 1.94420906996143 1.85119064442307 1.12564430012719
   241 2.51613567955027 2.20606098184135 1.03846278556171
   243 2.53640126242163 2.35182294318138 0.16577928761201
   254 2.94109923864716 0.93901153544134 1.19480189767882
   260 2.75676292377880 3.30673912107442 1.63537792714585
   261 2.98907745749154 3.15926663539308 1.89110357907420
   264 3.10525137869797 3.53144480359738 2.12434915769042
   277 1.51047130324763 1.08879819527179 0.37833010300433
   284 0.39782058343299 2.52926390011584 1.83871296319982
   288 0.17386764802072 0.47117958100564 2.89931724339010
   290 3.84057768639401 0.24475410289651 2.93535875020525
   291 0.00800885402393 3.36188855990169 3.19932552408371
   292 0.91351034403626 0.25451620790127 2.92352190257653
   295 0.06516652241726 0.46779153322358 2.73390921453571
   300 2.77312006577604 0.18490091091523 0.63793517320242
   310 1.01552304354924 1.62129886711740 2.18830529266461
   311 0.98054026491609 2.25781995346903 2.07628909537151
   315 1.08261395018549 1.92736292860849 2.37282744073181
   332 2.96441813706007 3.49467674010051 2.49820576727386
   336 3.89544552119796 2.36723127189684 2.56932918140920
   339 0.79642367422141 2.50145148443315 2.10376771450278
   343 1.92806610221556 1.89845735902024 3.00025950617881
   346 1.13303090100456 1.98973848791280 3.10448714416334
   347 1.53703543569789 2.11496850361696 2.97951515689708
   354 0.88087605770153 1.89114929502612 2.73174323509305
   356 2.66869056633191 2.47754842470861 0.06845129447436
   358 3.59167318751881 0.90491623878106 0.53399975577252
   364 0.03881481488246 0.34770018571701 0.90130955911585
   365 3.62145198691428 0.85473918239197 0.10206798070944
   376 3.00142936776338 2.12220823026732 1.36679032661519
   380 3.47795713864824 2.52945616627987 0.11353376293671
   394 0.17660620823558 1.18459294984918 2.89321658959792
   396 0.01367477106587 0.60088387508625 2.66674492798674
   399 0.13660165345261 1.56581065696817 2.70820290750048
   403 0.15799636203776 2.06349079711529 2.87743276316325
   405 3.96288228026580 2.05681756641473 3.22527448735254
   406 0.20375463016370 1.11727375172135 3.68911228026209
   408 0.31833189452618 1.03918636400764 3.15405279459023
   410 0.44868828766997 1.14649336309384 3.76946712232968
   413 3.11202568720937 3.57572007424572 3.93616208119752
   422 3.69038120913809 1.24767150797325 3.98616969487579
   425 0.01785283132239 1.34788555734795 3.77655342936843
   429 2.90459040000092 0.12539803118384 2.97680775848487
   432 2.13159111211803 1.23872359234373 3.13759646225033
   436 2.04457993226413 1.33525078138154 1.88064482676647
   439 2.68589093308527 1.70411344124162 0.58680865355281
   440 3.30407539749491 1.46759145044650 0.80823838617146
   447 3.45804781958994 3.42052368423677 3.91517687819425
   457 1.48865833898088 0.80880016257613 2.55856856863246
   460 2.39823055974067 3.69348378119576 0.45710976588618
   473 3.46286009174834 0.36997541120067 1.69380392375496
   481 2.27835462219603 2.15495733802972 1.93762289394275
   488 0.05324113435379 3.91927488057986 2.05182358894861
   489 0.19456221035543 3.75084940416414 1.99738221719720
   500 2.12130012575622 2.28589807083872 1.20748183315676
   502 2.22927507852902 2.47368171726775 1.05376526326746
   510 2.24061519020994 2.94829504803888 1.90482455393311
   513 3.98718864443479 3.19499119706002 0.51354158724101
   519 0.15365274215587 3.12142866266235 2.60109877539078
   524 1.45035282145063 1.23179248944010 1.58037605103176
   529 1.45318882985443 2.90723259847355 3.04792258055526
   538 2.77636586907149 3.40244810317135 0.16519557624616
   544 0.17095171380869 0.84852147320690 1.70027047919262
   545 3.88754618353479 0.53758823362599 1.83967486716048
   553 2.89738236628750 2.85843593723781 2.22307091114215
   557 0.78225352159165 1.57801240732304 2.68212626536273
   559 0.33162235935041 1.44122380198366 2.66040684043720
   568 2.88620025369328 3.09879401765017 2.55244522420646
   569 3.10979856066223 3.09080352095514 2.95708881877327
   571 2.91486901575062 3.89945050422561 0.59897643663977
   573 1.42608010554725 0.64180616794951 0.15912110316096
   581 0.50465676853754 2.59053948540305 2.54469387012386
   582 0.55568102740569 2.22012522925954 2.85373965611372
   587 2.92432371724216 1.87438578029020 0.05283347650355
   605 0.72747598251266 3.40574614760964 0.42925432920136
   611 3.49659920069488 0.62057811833062 1.84355839094500
   625 0.94855347717962 3.09875984178701 0.99818996024941
   629 3.26724815363854 0.74097194092476 2.73427576624308
   630 3.16358786634312 0.38909026335555 3.03881267688276
   635 3.15209277525324 3.20372948109856 3.00237642921210
   636 3.15775158394376 3.54616109964115 2.73918545626535
   640 1.89133277578755 1.54865367626936 3.36618535583614
   645 1.32668222920816 0.13293591730876 1.82268037995567
   647 2.79681091918468 0.14368140883795 3.21877088379072
   648 2.82247047633007 3.58854280594179 3.52321849996850
   649 2.95528855136336 2.37509891619521 3.40709457956445
   650 2.95101932471984 2.31484734446554 3.92935178226432
   658 0.52430569138002 0.27249723625250 0.91108870826138
   660 3.62674248600420 2.68472865007062 0.70060153146770
   662 3.93153153582732 3.02797667590670 0.77846381396714
   663 0.01086597181025 1.32690199828782 2.91406995746093
   667 0.74598305145767 2.35033643737780 3.22361802052115
   668 3.84373786417998 3.29457254956513 2.90797673270155
   669 3.67689167087446 3.63426627460640 2.67546184779655
   673 3.23623919496167 1.37450228407623 3.51279562984419
   674 3.85326986644868 1.51406480729621 3.34118249564109
   678 0.56272621094329 3.12481375463137 0.43618194538844
   681 0.34553207635886 0.77449237077259 1.21970392360328
   691 2.35785958967039 2.01755021396163 1.76608091667593
   692 2.78946793838569 1.98609715337717 1.78029542631757
   695 0.90443423575036 1.48339321736607 2.28574301602860
   696 0.45690594389272 1.34502807773624 2.21789793528238
   698 1.60772647250856 2.80228755731489 2.91782595571124
   701 1.94826416237503 0.94369715502235 3.09715493307315
   711 2.66697156538141 3.61143963853841 0.51849752704279
   717 1.77697250670944 1.27069859603045 1.53336014135439
   718 1.96003131141218 1.05755532641525 1.36670351673268
   723 2.04643949729206 2.46548738047520 1.73732237771310
   724 1.47469490042420 2.47097251622175 2.14404241082397
   725 2.95167052635710 2.82010393315193 0.33855568440303
   726 3.45619625666037 2.73068094466310 0.25888570669430
   735 3.69831607924040 3.15546734892125 3.45303170336390
   736 3.46023258418823 3.07768515354406 3.07647653383500
   737 3.82419158966052 1.72550006017051 2.26689780739839
   738 0.11869270942554 1.56224685544620 1.88882536169470
   739 1.90480196542077 0.83834427331556 2.63554602960625
   740 2.06792321749793 1.05023832103555 2.50306057178191
   758 2.20303576101493 0.20434348758390 1.75530114849850
   760 3.33948755369438 2.55364302298407 3.24355460334536
   761 3.73251090505341 2.63225229043519 3.68795761250055
   762 0.22470832582131 1.96004964026837 3.97651413162882
   764 0.16278172084734 2.24045313830777 3.59497991357466
   777 3.31141205062144 0.34667970710476 3.78732586193204
   780 1.82427555295692 0.95173910924687 1.29561095791277
   783 1.73475842132455 3.96609529912532 1.86920141269743
   784 1.90004724005918 0.00227464679402 1.68097733083205
   791 1.92591108469646 3.21378865956981 2.22015882974402
   792 1.51158746582206 2.85795856709034 2.39335080821170
   795 3.65726513198318 3.02367319842809 0.09654407154522
   796 3.82334340947407 2.87134667733659 3.71018007248112
   797 1.89041957903343 1.78443607267649 2.38246315898834
   798 1.49362349964706 2.04381204307839 2.45981537037942
   799 3.53360896590427 3.73941075154661 0.06232163733555
   800 3.26185936147247 3.83148373167654 0.06407267568211
   806 0.92460796477183 3.38871622559063 0.02776231099231
   816 0.56742842475788 2.02341514579231 0.02919429708142
   817 0.51176107854284 2.35074181705462 3.57036666981187
   819 0.17126809704742 2.64582103110116 2.43962704857457
   821 1.32000892567675 2.90626946172716 1.11230479321369
   822 0.59699084034485 3.12524705716107 2.81826534933222
   826 3.12764797809360 0.81429764283132 0.70243980201629
   837 2.92582570001047 0.61385740130601 0.34484241788659
   838 2.50722866080747 1.45605713580843 0.60965291526934
   839 3.01781955210974 1.09914733802258 0.84214444333599
   842 1.11852589071044 0.02156320076626 3.53547232680333
   844 0.96626317291780 3.97116033823959 3.12075873612823
   847 3.81700111450918 2.30774457084872 0.75848381751395
   854 0.42341666063803 3.26410587608308 3.22170810598516
   862 1.77354684026244 3.37214790889995 3.42285764999204
   866 1.60449605645059 1.54593041186577 0.17023944156822
   869 3.74099244828369 0.33226772766716 3.73535344046904
   870 3.89442703769996 0.63646743577194 3.95696314889126
   871 3.83919970774994 3.69260576065918 0.51990075311577
   874 0.69110629316479 2.96880251193456 2.80487343734033
   877 3.87251978198643 0.06139332674562 3.83629494497081
   881 2.34652975488805 1.36459515730631 0.34821880276372
   882 2.77907595870284 3.88822473251483 1.71400588887241
   883 2.93341314086585 3.93372416649391 1.93216894676787
   884 1.94312570217169 1.34921626818151 0.51434385638467
   885 1.77604825677668 1.04501991365946 0.55549516058544
   890 3.20234464834555 1.24698463696500 1.60219785274512
   899 3.24820114412885 1.02462514056892 2.81504199203094
   900 3.02993601301774 1.18553009272335 3.38525707313136
   903 2.92391488213956 0.79770137406482 3.57034417696282
   904 3.20802507866643 0.62370910412152 3.94102935591906
   905 2.45177388797912 2.06594910777316 2.78651427627943
   907 0.87813811293092 1.81916031126310 0.28902479580961
   908 0.72757093932656 1.86243344185992 0.02379079656545
   909 1.75833555661355 3.50727816849255 1.87908392309746
   910 1.98989831760928 3.53959909374860 1.61137741693534
   911 2.61003899134236 1.17832615416254 3.53127777409265
   912 2.40072162981656 1.57279729752882 0.03980541341246
   913 2.22684173499435 1.33630823987080 2.87922633512041
   914 2.09344275207195 1.77792917627535 2.78607302182278
   915 3.32635098660707 1.18737634320726 1.73199291902517
   916 3.95289993343106 1.32729223643253 1.64315876582447
   917 3.99002135084382 3.50698944655844 2.13747721658744
   918 3.83083681415425 3.64062718506030 2.20769187827810
   920 1.15507500811225 0.69406451509636 1.65703447166998
   922 2.64748756937130 0.85662846677037 3.63385734332614
   923 2.54434043757691 0.79581182416249 0.13024166222623
   926 0.12049516295362 3.84283305627354 3.34029733738451
   927 3.95517747050778 0.25222755497178 3.08752687560016
   928 1.40952781991298 1.08092725302314 1.48583692729660
   933 2.27682294680417 0.44560312952610 2.30046470897852
   938 1.81853837434145 2.56546023411675 0.67098899545730
   941 0.77847529818863 3.80236463146522 3.70127226219796
   942 0.58617252227321 3.72551506550512 3.35575308028268
   946 2.29639339664336 1.09039742587495 1.88122304362735
   948 2.99692834642511 1.36770734708446 1.83849987049819
   949 3.24855912893879 2.99386694141618 1.71616913442695
   952 3.38129167575666 1.59183892156363 1.12525081635035
   954 3.89998677133978 3.19517981908794 1.85641978400364
   955 0.10701615976147 2.61605178252608 2.06945668831869
   957 0.86960321694923 0.15037678276776 2.30568571342324
   958 1.04977442734555 0.15469078778535 2.70379171737749
   959 1.27979345939253 3.44978233640148 0.02911992834341
   960 1.53229091503303 3.14704507179342 3.85422670774230
   966 2.32574400925228 0.89908283959789 2.28382477901373
   970 2.64681134044228 0.27950291214357 2.39623394935118
   971 2.61087750535882 0.10936733971259 2.61374426026459
   972 0.00315275321365 0.18428628585012 1.29183461866950
   977 1.45113950560286 0.53904523480314 3.77322943885423
   978 1.16986261509313 0.46910313036377 3.64796704915943
   980 2.07745853264769 0.38380970677891 2.49608930759573
   982 1.20154880325429 0.35146824165975 2.10664323429777
   983 1.41580204976602 0.38783765517288 2.42557208693398
   984 1.84893518738652 0.19712934711913 2.40750353715702
   989 3.82506374444464 0.16119577384524 1.09132804481975
   992 0.45131614281101 2.98682562008406 1.39839766344115
   995 3.12071464638869 3.85734215894253 0.99479536155817
   997 0.23379411098703 3.99880951218155 0.43513165200040
   998 0.25430836487479 0.19946347366659 0.56949619460335
  1000 0.28620938751142 2.37805644272751 0.91865109183660
  1001 0.36919548927928 2.80929246655745 0.94690280923043
  1002 0.25210007005914 0.13819747043345 0.19406100471287
  1003 0.26471169012548 0.29516745034792 0.25492328142013
  1007 2.80848993193524 1.89647466732969 2.85234839035356
  1010 0.25407479936302 3.69261524641617 1.63331035588536
  1011 0.07871993538085 3.32363791379270 1.54785376197348
  1012 3.21210027358548 2.33996261240680 1.37583264733013
  1015 3.73859867582506 3.32858181552396 1.14857588021483
  1016 3.65778905094896 3.77941269096375 0.93822772957998
  1018 3.08312690584207 0.73510536617137 2.43187694998247
  1019 3.05144975961637 2.07903715480716 3.19959619091415
  1020 3.05331875260952 1.50875734205291 3.51098931479192
  1021 2.91142732953636 1.28988355274804 3.38343961038424
  1022 2.73993598541091 1.40762786613006 2.91985771236946
  1023 2.20227319230922 0.18157388200839 2.69652900350072
  1026 0.65875634547595 2.87598089852724 0.76028341777868
  1028 3.74501975929867 2.21775364004402 2.28662500261933
  1030 3.03560863716248 1.18321552626001 2.58825994251219
  1032 3.22599491192226 1.52927674778586 2.27283200851648
  1036 3.85583103075139 2.36112563708389 2.01542875770648
  1037 3.30161162716279 2.56285530719533 1.83318402866945
  1038 2.95076565380191 1.02811630812424 2.39628078524492
  1039 3.11836115821349 1.31254110657906 1.98960153862225
  1040 3.67932135352806 2.05252564772531 1.14467357743620
  1043 0.99855744879688 3.73342003090428 1.86883609183550
  1047 2.70884487582454 3.12474668071507 1.13779740670114
  1048 0.73433780415208 3.65776445734516 1.51539358347478
  1049 0.82099852931005 3.16591411809743 1.36510327517238
  1050 3.17459043667160 3.04637824988318 1.37011529980949
  1051 2.89596061251698 3.23615361198059 1.33260439967090
  1057 1.63766683871658 3.65628589216435 3.08374225091765
  1059 1.97098797694554 3.94558024589234 2.64208385232329
  1060 3.13774735750912 2.72070604473904 1.13314842283279
  1061 2.85338622086875 2.76406344726341 0.98084816931334
  1071 1.26215416319817 2.62280873985401 3.68656836817160
  1073 1.18174905555851 1.77567731715696 3.32329399106694
  1091 0.65739658531646 0.74034958068779 1.14679162963042
  1096 0.68974577244460 0.39409102461432 0.92071096481442
  1097 0.91972308426028 0.72105226135174 0.39019398296724
  1098 1.71360294463929 3.24548340730377 3.15883789628404
  1100 1.28713048209615 2.63027897401802 3.29126067324416
  1101 0.81401254626029 2.58862979862708 3.26573494952580
  1105 1.66186281846227 1.52377933990191 3.45936295776428
  1106 1.59739806576109 0.99723869822325 3.28141589103678
  1109 1.70775860421832 3.69761373005955 3.35917544972465
  1113 0.71039333413537 2.95195955238319 3.93225775790833
  1115 0.80385412914966 2.70466802028377 3.85766289998477
  1120 1.39301945331273 3.91064786421575 3.64780215600372
  1121 1.59664468684717 0.35296886452669 3.82585032643229
  1122 0.49406874985501 2.87108362457367 3.63552110558950
  1123 0.62489945248820 2.66195649065921 3.59308628240338
  1124 0.69603073408621 1.08368530707095 3.27327212535814
  1125 1.05642045579655 0.72702936254851 3.20362059076696
  1127 1.26430110712302 0.94014909235422 3.06547948587668
  1128 0.96770185900010 1.30929275811803 3.09272412086406
  1131 1.43819465343581 2.05228883657275 0.39030872798969
  1133 2.30809250333865 2.42252226779517 0.01105802709119
  1134 1.88603951746597 2.56622654353937 0.18839128895580
  1135 2.04608849841715 1.70465212537098 3.88607032765494
  1136 1.69109164521629 1.53235340954019 0.28528197509479
  1137 1.93979733201811 2.09161725690572 3.81831902742474
  1138 1.64650519877306 2.27693683237621 0.01333568639783
  1140 2.35655761546445 2.82421126029492 2.98663563649194
  1141 2.51550881835655 2.96669691507195 2.57161837606351
  1142 0.61964887612565 1.30780862506746 0.89560035401082
  1143 0.70635824163417 1.37767567121443 0.45374859829579
  1145 1.91137984964954 3.02300043747490 2.93910996951990
  1146 2.07841201605491 3.26834649479964 2.52344119289392
  1147 0.94113124042557 1.07474828394357 0.56281834843795
  1148 0.81095129788195 1.09957056783284 0.93771846039338
  1164 3.07078940153636 2.03563584315104 2.39460967509923
  1166 2.87945664799213 2.23191047747297 2.15923418341370
  1167 3.36453267820802 2.33635474865347 2.40310861296260
  1168 3.11543481369268 2.51198578539378 2.15044256954934
  1169 2.02130283189994 0.21859419825138 0.75289139400346
  1170 2.33935603428632 0.12889889057153 0.52898586277884
  1172 2.18047816541599 0.42751753323879 0.21912563226517
  1173 1.90958023887920 0.50334982791859 0.39009593298911
  1174 0.00289023281585 1.47864067941658 1.35275177344295
  1176 0.21819017256143 1.19959988783693 1.04236412276376
  1177 3.55798177739759 1.63079641819515 1.07635760898135
  1205 2.88842567260368 0.32356796278585 1.07260568998554
  1206 3.05400697478252 0.55169233805602 1.07053932667943
  1212 3.04415571945534 0.16173490997413 1.19190683782966
  1213 3.25339686339927 0.32720783490016 1.22644075884474
  1229 0.87689744974893 1.88827561518486 1.82212782385872
  1238 0.74650722308091 1.75723500153427 1.12919468208027
  1239 1.07355764656295 1.77792128310002 1.41910448845655
  1332 1.51949202625405 2.21706097707406 0.71790751690115
  1333 1.77021497585553 2.07938125010910 1.08046669998692
  1335 1.40732276826339 2.17251377417788 1.25217471200857
  1336 1.37586408054196 2.41076791192118 0.94497966620996
  1337 1.26499767151338 3.30068081568668 1.89749819181960
  1339 1.11425899966979 3.01666144207530 1.58184215476522
  1345 1.15630812507042 3.02469500726159 2.35393815222428
  1346 1.00961401954257 2.64909649816640 2.04777685930104
  1352 1.91279467319935 3.56304283607993 0.81802553330245
  1354 1.97806416692843 3.30803172980356 1.15921298191900
  1355 1.65287596848486 3.34415164327704 0.65749807793499
  1356 1.65143343108996 3.03495649875427 0.95161236346835
  1377 2.12070374927675 0.03044148118162 3.49051617792519
  1378 2.03730989876046 0.30018339989552 3.66883208889308
  1385 2.23107854064172 0.49691792585164 3.39907716717539
  1386 2.30456333674828 0.25324064106220 3.24973071052131
  1395 3.51403068069571 1.67933445995060 0.40812336505019
  1396 3.73494280858171 1.41610918862838 0.25979784619716
  1400 3.47905976722927 1.49636363535915 0.73575167916317
  1401 3.69210350637321 1.25472911019162 0.58500207631811
  1437 0.25705229870660 1.89609842217098 1.47066047161108
  1439 0.28321108048395 1.91103651200990 1.59113926425870
  1440 0.18910112140189 2.02253125038894 1.44329280057338
  1441 0.21598550274151 2.06363827161312 1.60507748484858
  1450 2.30386132741755 3.17553625009501 3.85833985369743
  1451 2.46445798451363 3.42412453350342 3.97260036047293
  1455 2.30419825755458 3.27891880698253 3.62244780552198
  1456 2.43597653055935 3.49771325255200 3.69856566991243
  1458 0.81028280939204 1.93031290177403 0.91591652098631
  1459 1.03064816238503 2.27140261121220 0.67542276813865
  1460 0.65933839574776 2.26199315737270 0.65456527206948
  1461 0.80017753013634 2.42695087785712 0.59895211077525
edges 766
16      2      0
17      0      8
32     16     41
33     41     37
34     37     18
84     58     59
85     59     52
93     59     47
101     76     72
102     72     14
111     72     69
177    115     47
181     59      0
189    115      8
218    143    139
224    134    136
225    136    147
229    140    136
231    143    140
232    149    156
246    152    163
247    163    157
272    171    191
273    191    169
284    185      2
292    177    180
293    180    185
295    171     18
303    174    177
313    199    198
363    220    215
382    230    243
389    241    236
390    236    243
391    231    240
395    231    241
398    235    240
419    254    174
433    260    261
438    264    261
486     16    295
487    295    290
496    295    288
501    292    288
524    260    199
526     58    185
537    310    191
544    195    311
553    311    315
554    315    310
584    264    332
588    163    336
596    339    284
597    311    339
612    354    346
623    347    346
624    354    315
625    343    347
629    243    356
632    147    356
636    343    143
641    365    358
642    358    364
669    139    347
690    376    241
700    214    380
736     41    396
737    396    394
760     11    364
766    403    336
767    399    403
774    157    405
775    405    403
776    119    410
782    406    410
785    408    288
786    406    408
825    410    220
835    365    422
839    425    215
843    425    422
844    396    295
849    406    425
850    394    408
886    169    436
890    439    440
892    230    439
895    241    439
921    413    447
947    171    457
998     36    473
1021    156    481
1042    488    489
1045     36    488
1048     16    488
1049     14    489
1079    500    502
1081    231    500
1083    236    502
1086    198    502
1109    199    510
1112    149    510
1153    191    524
1172     69    529
1194    413    538
1214    544    545
1218     36    545
1220     37    544
1221     41    545
1242    149    553
1243    261    553
1256    557    559
1260    394    559
1261    354    557
1263    399    559
1289    568    569
1290    553    568
1292    332    568
1293    152    569
1294    134    569
1301    300    571
1307     52    573
1308    277    573
1333    581    582
1336    339    581
1337    403    582
1339    354    582
1355    230    587
1410    115    605
1431    545    611
1432    473    611
1476    115    625
1486    629    630
1487    396    629
1490    290    630
1491     98    630
1492    429    630
1507    635    636
1510    569    635
1512    429    636
1513    332    636
1525    343    640
1528    432    640
1540      2    645
1546    647    648
1547     98    647
1549    429    647
1550    413    648
1552    635    648
1553    649    650
1554    136    649
1557    356    650
1558    587    650
1559    380    650
1584      8    658
1586     11    658
1591    660    662
1595    513    662
1602    394    663
1605    399    663
1612    346    667
1614    582    667
1615    668    669
1617    519    668
1618    291    668
1619    636    669
1621    290    669
1631    673    674
1634    422    673
1635    405    674
1636    663    674
1637    425    674
1648    513    678
1649    605    678
1658    544    681
1660     11    681
1691    691    692
1692    481    691
1693    436    691
1694    231    691
1697    376    692
1705    695    696
1706    310    695
1707    557    695
1708    171    695
1710    559    696
1711     37    696
1716    139    698
1718    529    698
1729    432    701
1760    571    711
1761    538    711
1762    460    711
1779    717    718
1780    524    717
1781    436    717
1782    240    717
1784    174    718
1785    235    718
1800    723    724
1801    481    723
1802    510    723
1803    500    723
1806    195    724
1807    725    726
1808    356    725
1809    538    725
1811    380    726
1813    660    726
1839    735    736
1841    447    735
1842    291    735
1843    152    736
1844    635    736
1845    668    736
1846    737    738
1847    399    737
1850    696    738
1853    739    740
1855    701    739
1856    457    739
1859    169    740
1920    177    758
1922    760    761
1923    152    760
1924    649    760
1925    157    760
1927    380    761
1930    762    764
1932    214    762
1934    761    764
1935    215    762
1937    405    764
1980     98    777
1988    180    780
1989    718    780
1998    783    784
2001    645    783
2002    758    784
2004    185    784
2023    791    792
2024    510    791
2027    724    792
2028    698    792
2037    795    796
2038    726    795
2039    513    795
2040    447    795
2041    761    796
2043    735    796
2044    797    798
2045    169    797
2046    481    797
2048    315    798
2049    724    798
2050    347    798
2051    799    800
2054    447    799
2055    571    800
2056    777    800
2057    413    800
2077    605    806
2106    816    817
2108    762    816
2110    667    817
2111    764    817
2117    581    819
2118    519    819
2119    336    819
2126    625    821
2130    519    822
2133     72    822
2142    358    826
2173    826    837
2176    300    837
2177    838    839
2178    439    838
2180    235    838
2181    440    839
2182    826    839
2183    254    839
2192    842    844
2196     76    844
2199    292    844
2208    660    847
2210    214    847
2232    822    854
2233    291    854
2270    277    866
2278    869    870
2281    406    870
2283    777    869
2284    365    870
2286    513    871
2287    799    871
2296    581    874
2297    822    874
2298     69    874
2307    799    877
2308    869    877
2318    838    881
2322    882    883
2324    758    882
2325    260    882
2326    473    883
2328    264    883
2329    884    885
2331    881    884
2332    235    884
2333    277    885
2335    780    885
2352    254    890
2377    899    900
2378    663    899
2380    629    899
2381    673    900
2391    903    904
2392     98    903
2394    900    903
2395    777    904
2396    837    904
2397    365    904
2399    140    905
2401    156    905
2405    907    908
2407    866    907
2409    220    908
2411    816    908
2412    909    910
2413    791    909
2414    783    909
2416    199    910
2417    784    910
2419    911    912
2420    432    911
2424    881    912
2425    230    912
2426    913    914
2427    432    913
2429    740    913
2430    343    914
2431    905    914
2432    797    914
2433    915    916
2434    611    915
2435    890    915
2437    544    916
2439    738    916
2440    917    918
2442    519    917
2443    489    917
2444    264    918
2445    669    918
2446    488    918
2451     18    920
2454      2    920
2456    922    923
2458    911    922
2459    903    922
2461    881    923
2462    837    923
2470    926    927
2472    877    926
2473    291    926
2474    288    927
2475    869    927
2476    290    927
2478    780    928
2479    920    928
2480    524    928
2495    758    933
2513    502    938
2521    941    942
2523    842    941
2524    806    941
2525    926    942
2526    844    942
2527    854    942
2538    946    948
2540    174    946
2542    890    948
2543    436    946
2545    692    948
2549    261    949
2556    890    952
2557    440    952
2558    376    952
2562    954    955
2564    949    954
2565    917    954
2566    284    955
2568    819    955
2571    957    958
2573     14    957
2574     76    958
2576     16    957
2577    292    958
2578    959    960
2579    806    959
2580     47    959
2583     61    960
2584    862    960
2602    740    966
2603    946    966
2604    933    966
2615    970    971
2617    933    970
2618    883    970
2619    429    971
2621    332    971
2625     36    972
2628     11    972
2638    977    978
2641    573    977
2642    842    978
2644    119    978
2649    739    980
2652    933    980
2654    982    983
2655     18    982
2656    957    982
2657    645    982
2658    457    983
2659    958    983
2662    783    984
2663    980    984
2664    983    984
2679    364    989
2680    972    989
2690    284    992
2696    571    995
2702    997    998
2704    605    997
2705    658    998
2707    871    997
2708    364    998
2711   1000   1001
2714    992   1001
2716    847   1000
2717    662   1001
2718   1002   1003
2719    877   1002
2720    997   1002
2721    941   1002
2722    870   1003
2723    998   1003
2724    119   1003
2740    905   1007
2743   1010   1011
2744    489   1010
2746    972   1010
2747    954   1011
2748    992   1011
2756    376   1012
2759   1015   1016
2760   1011   1015
2762    662   1015
2763    989   1016
2764    995   1016
2765    871   1016
2770    629   1018
2771    970   1018
2772    611   1018
2773   1019   1020
2774    649   1019
2775   1007   1019
2776    157   1019
2777    587   1020
2779    673   1020
2780   1021   1022
2781    911   1021
2782   1020   1021
2783    900   1021
2784    913   1022
2785   1007   1022
2788    980   1023
2790    971   1023
2798    678   1026
2799   1001   1026
2800    625   1026
2805    737   1028
2808    336   1028
2811   1030   1032
2813    899   1030
2815    737   1032
2816   1022   1030
2828   1036   1037
2829    955   1036
2830   1028   1036
2832    949   1037
2834   1012   1037
2835   1038   1039
2836    966   1038
2837   1030   1038
2838   1018   1038
2839    948   1039
2840   1032   1039
2841    915   1039
2843    847   1040
2845   1012   1040
2853    645   1043
2856     14   1043
2863    198   1047
2866    711   1047
2867   1048   1049
2868   1010   1048
2869   1043   1048
2870      8   1048
2871    992   1049
2873    625   1049
2874   1050   1051
2875   1015   1050
2877    949   1050
2878    995   1051
2879   1047   1051
2880    260   1051
2898   1057   1059
2900     76   1057
2902    984   1059
2905   1023   1059
2906   1060   1061
2907    660   1060
2908   1050   1060
2909   1012   1060
2910    725   1061
2911   1047   1061
2912    236   1061
2942    960   1071
2950    346   1073
2953    908   1073
3006    681   1091
3007    920   1091
3020   1096   1097
3021      0   1096
3022   1091   1096
3023    658   1096
3024    573   1097
3026    119   1097
3028    862   1098
3029   1057   1098
3030    529   1098
3034   1100   1101
3035    139   1100
3036   1071   1100
3037    529   1100
3038    667   1101
3040    874   1101
3050   1105   1106
3051    866   1105
3052   1073   1105
3053    640   1105
3054    977   1106
3056    701   1106
3067    862   1109
3070   1057   1109
3077    678   1113
3080    806   1113
3083   1071   1115
3084   1113   1115
3098   1120   1121
3099    842   1120
3100   1109   1120
3101    959   1120
3102    977   1121
3104     52   1121
3105   1122   1123
3106    854   1122
3107    796   1122
3108   1113   1122
3109   1101   1123
3110    817   1123
3111   1115   1123
3112   1124   1125
3115    410   1124
3116    978   1125
3118    408   1124
3119    292   1125
3121   1127   1128
3122    457   1127
3123   1125   1127
3124   1106   1127
3125    557   1128
3126   1124   1128
3127   1073   1128
3139   1133   1134
3141    147   1133
3142     61   1134
3144    243   1133
3145    938   1134
3146   1135   1136
3147    912   1135
3149    640   1135
3150    884   1136
3151   1131   1136
3152    866   1136
3153   1137   1138
3154   1135   1137
3155   1133   1137
3156    143   1137
3157   1131   1138
3158   1134   1138
3159   1071   1138
3162   1140   1141
3164    140   1140
3165    149   1141
3167    134   1140
3168    568   1141
3169   1142   1143
3173    907   1143
3176    220   1143
3178   1145   1146
3179   1098   1145
3180   1140   1145
3181    698   1145
3182   1059   1146
3183   1141   1146
3184    791   1146
3185   1147   1148
3186   1097   1147
3187   1143   1147
3188    277   1147
3189   1091   1148
3190   1142   1148
3191    928   1148
3241   1164   1166
3243   1007   1164
3245    156   1166
3246   1032   1164
3248    692   1166
3249   1167   1168
3250   1028   1167
3251   1164   1167
3252    163   1167
3253   1037   1168
3254   1166   1168
3255    553   1168
3256   1169   1170
3259     58   1169
3260    460   1170
3262    180   1169
3263    300   1170
3265   1172   1173
3266    923   1172
3267   1170   1172
3269    885   1173
3270   1169   1173
3271     52   1173
3273   1174   1176
3275    916   1174
3277    681   1176
3280   1142   1176
3282   1040   1177
3283   1174   1177
3284    952   1177
3370   1205   1206
3372    177   1205
3373    254   1206
3375    300   1205
3376    826   1206
3393   1212   1213
3394    882   1212
3395    995   1212
3396   1205   1212
3397    473   1213
3398    989   1213
3399   1206   1213
3446    311   1229
3449    310   1229
3475   1238   1239
3476   1142   1238
3479    524   1239
3480   1229   1239
3777   1332   1333
3780    938   1332
3781    500   1333
3783   1131   1332
3784    240   1333
3786   1335   1336
3787   1239   1335
3788   1333   1335
3789    195   1335
3791   1332   1336
3792    821   1336
3794   1337   1339
3796    909   1337
3798    821   1339
3799   1043   1337
3801   1049   1339
3818   1345   1346
3819   1337   1345
3820     69   1345
3821    792   1345
3822   1339   1346
3823    339   1346
3824    195   1346
3842   1352   1354
3844    460   1352
3846    198   1354
3847     58   1352
3849    910   1354
3850   1355   1356
3851     47   1355
3852   1352   1355
3853     61   1355
3854    821   1356
3855   1354   1356
3856    938   1356
3921   1377   1378
3925   1172   1378
3927   1109   1377
3928   1121   1378
3946   1385   1386
3947    922   1385
3948   1378   1385
3949    701   1385
3950    647   1386
3951   1377   1386
3952   1023   1386
3978   1395   1396
3980    587   1395
3981    214   1395
3983    422   1396
3984    215   1396
3994   1400   1401
3995   1395   1400
3996    440   1400
3997   1177   1400
3998   1396   1401
3999    358   1401
4000   1176   1401
4114   1437   1439
4116   1238   1437
4118   1229   1439
4119   1174   1437
4121    738   1439
4122   1440   1441
4123   1040   1440
4124   1437   1440
4125   1000   1440
4126   1036   1441
4127   1439   1441
4128    284   1441
4154   1450   1451
4155    147   1450
4157     61   1450
4158    538   1451
4160    460   1451
4170   1455   1456
4171    862   1455
4172    134   1455
4173   1450   1455
4174   1377   1456
4175    648   1456
4176   1451   1456
4179   1458   1459
4181    907   1458
4182   1131   1459
4184   1238   1458
4185   1336   1459
4186   1460   1461
4187   1000   1460
4188   1458   1460
4189    816   1460
4190   1026   1461
4191   1459   1461
4192   1115   1461
polygons 447
0   1540   2451   2454   2655   2657
3     16     17   1540   2853   2869   2870
4     16   2454   3007   3021   3022
5   2573   2656   2657   2853   2856
7     32     33     34   2576   2655   2656
10   1584   1586   2628   2746   2868   2870
11     17   1584   3021   3023
13   1586   1660   3006   3022   3023
15   1214   1218   1658   1660   2625   2628
16   1049   2744   2856   2868   2869
17   1042   1048   1049   2573   2576
18     32   1045   1048   1218   1221
19     34   1220   1658   2451   3006   3007
21   1042   1045   2625   2744   2746
22     33   1214   1220   1221
23   3844   3852   3853   4154   4157   4160
27   3260   3267   3921   3925   4160   4174   4176
28     84     85   3259   3270   3271
29   3256   3259   3260   3844   3847
30   3104   3265   3271   3925   3928
31   2578   2584   3067   3100   3101
32     85     93   2580   3098   3101   3104
33     93     84   3847   3851   3852
34   2578   2580   2583   3851   3853
36   2583   2584   4157   4171   4173
37   2574   2659   2664   2898   2900   2902
38    101    102   2571   2573   2574
39   2001   2414   2853   3796   3799
40   2023   2413   3796   3819   3821
42    102    111   2856   3799   3819   3820
43   2413   2414   2662   2902   3182   3184
44   1172   1718   2028   3820   3821
45    111    101   1172   2900   3029   3030
47   1486   1492   2615   2619   2770   2771
48   2380   2770   2813   2837   2838
49   1491   1492   1547   1549
51   2394   2458   2459   2781   2783
54   1547   2392   2459   3946   3947   3950
56   1729   2420   2458   3947   3949
57   1549   2619   2790   3950   3952
58   1853   2602   2604   2649   2652
60   2420   2427   2780   2781   2784
61   1729   1853   1855   2427   2429
62   2429   2602   2784   2816   2836   2837
63   1486   1491   2377   2380   2392   2394
67    177   1410   2077   2579   2580
68   1307   2641   3102   3104
69     85    181   1307   3020   3021   3024
70   2638   2641   2644   3024   3026
71    177    189     17    181     93
73    189   1410   1584   2702   2704   2705
75   2638   2642   3098   3099   3102
76   2523   2524   2579   3099   3101
77   2523   2642   2644   2718   2721   2724
78   2705   2723   2724   3020   3023   3026
81   2077   2524   2704   2720   2721
82   2583   2942   3142   3158   3159
83   1716   1718   3035   3037
84    218   3035   3036   3153   3156   3159
85   3139   3141   3142   4155   4157
86   2584   2942   3028   3030   3036   3037
87    224    225   4155   4172   4173
88    229    224   3164   3167
89   3028   3167   3179   3180   4171   4172
90    218    231   1716   3164   3180   3181
91    229    231    225   3141   3155   3156
92    232   1242   3245   3254   3255
93    232   2399   2401   3162   3164   3165
94   1242   1290   3165   3168
95    246    247   1923   1925
96    224   1293   1294   1554   1923   1924
97   1924   1925   2774   2776
100   1289   1294   3162   3167   3168
101    246   1289   1290   1293   3249   3252   3255
102   2401   2740   3241   3243   3245
103    247   2775   2776   3243   3251   3252
104    229   1554   2399   2740   2774   2775
107   1856   2649   2658   2663   2664
108    272    273    947   1853   1856   1859
109    273    886   1153   1780   1781
110    886   1859   2543   2602   2603
111    284   1540   1998   2001   2004
112    292    293   1920   2002   2004
114    295    272   1153   2451   2479   2480
115    295    947   2654   2655   2658
119    303   1920   2495   2540   2603   2604
121   1779   1780   1989   2478   2480
122    292    303   1784   1988   1989
123   1779   1781   1784   2540   2543
124    284    293   1988   2454   2478   2479
125   1998   2002   2495   2652   2662   2663
126    313   1079   1086   1109   1802   1803
127   1800   1803   1806   3781   3788   3789
128   1086   2513   3846   3855   3856
129   1109   2024   2412   2413   2416
130   1806   2027   3818   3821   3824
131   2412   3794   3796   3798   3849   3854   3855
133   3786   3789   3792   3798   3822   3824
134    313   2416   3846   3849
135   1932   2108   2210   2716   4187   4189
136   2210   2843   3282   3981   3995   3997
139   3273   3280   3476   4116   4119
141   2405   2411   4181   4188   4189
143   3169   3173   3476   4181   4184
145    363   3169   3176   3280   3984   3998   4000
146   2405   2409   3173   3176
148   1932   1935   3978   3981   3984
149    363   1935   2108   2409   2411
150   4116   4124   4125   4184   4187   4188
151   2578   2579   2942   3080   3083   3084
152   1172   2298   3034   3037   3040
154   3028   3029   3067   3070
155   2192   2196   2900   3070   3099   3100
156    101   2133   2196   2232   2526   2527
159    111   2133   2297   2298
160    892   2178   2318   2424   2425
161    382   2425   3144   3147   3154   3155
162    389    390    382    892    895
163    391   1081   3781   3784
164    395    398    391    895   2178   2180
165    389    395   1079   1081   1083
166    390   1083   2513   3139   3144   3145
167   2331   2424   3146   3147   3150
169    398   2332   3150   3151   3777   3783   3784
171   2180   2318   2331   2332
173   1432   2352   2434   2435   3373   3397   3399
174   1920   2324   3372   3394   3396
176    419    303   3370   3372   3373
178    419   2352   2538   2540   2542
179   2435   2542   2839   2841
180   1432   2326   2618   2771   2772
181   2434   2772   2835   2838   2841
182   2325   2878   2880   3394   3395
183    433   2549   2874   2877   2880
184    438    433   2322   2325   2328
185    438   2440   2444   2549   2564   2565
186   2443   2565   2743   2744   2747
187   2564   2747   2760   2875   2877
188    998   2625   2680   3397   3398
191    998   1045   2326   2328   2444   2446
192   1528   1729   3050   3053   3056
193   2270   2329   2333   3150   3152
194   2456   3266   3925   3947   3948
195   1307   1308   2333   3269   3271
199   1308   2270   2641   3050   3051   3054
200   3054   3056   3102   3928   3948   3949
201   2714   2717   2748   2760   2762
202   2690   2711   2714   4122   4125   4128
203   2832   2834   2877   2908   2909
204   2208   2843   2845   2907   2909
205   2566   2829   4126   4128
207   2562   2566   2690   2747   2748
210   2196   2199   2574   2577
211    486    487   1048   1621   2445   2446
212    102   1049   2130   2133   2442   2443
213   1617   1618   2130   2232   2233
214   1615   1618   1621   2470   2473   2476
215    487    496   2474   2476
216   2233   2473   2525   2527
217    501    496    486   2571   2576   2577
219    501   2199   2470   2474   2525   2526
223   1301   2696   3375   3395   3396
224   1760   2696   2866   2878   2879
226   1301   1760   1762   3260   3263
227    292   3256   3262   3263   3372   3375
228   1762   2863   2866   3842   3844   3846
230    524   2002   2324   2325   2416   2417
231    313    524   2863   2879   2880
234    526   2004   2417   3842   3847   3849
235    293    526   3259   3262
240    537   1153   3449   3479   3480
241   1780   1782   3479   3784   3787   3788
243    544   3446   3480   3787   3789
244   1081   1692   1694   1801   1803
246    391   1693   1694   1781   1782
248    553    554   3446   3449
249    554    273    537   2044   2045   2048
250    544    553   1806   2048   2049
251    886   1692   1693   2045   2046
253   2039   2040   2054   2286   2287
254   1841   1842   2054   2307   2472   2473
255   1842   2043   2233   3106   3107
257   2472   2521   2525   2719   2721
258   1648   1649   2286   2704   2707
261   1293   1510   1843   1844
262   1289   1292   1507   1510   1513
263    438    584   1243   1290   1292
264    584   1513   1619   2444   2445
265    588   2808   3250   3252
266   1243   2549   2832   3253   3255
267   2119   2568   2808   2829   2830
268    588    246   1617   1843   1845   2118   2119
269   1507   1615   1619   1844   1845
270   2126   2873   3798   3801
271   2714   2799   2800   2871   2873
272    596   2690   2871   3801   3822   3823
273    544    597   3823   3824
274    596    597   3446   4118   4127   4128
275   1525   1528   2426   2427   2430
276    537    272   1706   1708
277   1859   2045   2426   2429   2432
279    612   1261   2950   3125   3127
280    947   1707   1708   3121   3122   3125
281   1855   1856   3056   3122   3124
284    623    612    624   2048   2050
285    625   2044   2050   2430   2432
286    623    625   1525   2950   3052   3053
287    624    554   1261   1706   1707
289   1355   2419   2425   2777   2781   2782
290    382    629   1355   1557   1558
291    632    629   3141   3144
294    636   1525   3149   3154   3156
295    231    636   2399   2430   2431
296    632    225   1553   1554   1557
297    641   2142   2173   2396   2397
298    642   2142   2679   3376   3398   3399
299    641    642   2284   2708   2722   2723
300   2679   2702   2707   2708   2763   2765
301   1301   2055   2056   2176   2395   2396
302   2051   2055   2287   2696   2764   2765
303   2173   2176   3370   3375   3376
304   2278   2283   2284   2395   2397
305   2270   2407   3173   3187   3188
306   2333   2335   2478   3185   3188   3191
307   3783   3791   4182   4185
309   1785   1989   2329   2332   2335
310   2480   3190   3191   3475   3476   3479
311   2407   3151   3152   4179   4181   4182
313    398   1779   1782   1785
314   1021   2046   2401   2431   2432
315    669   1716   2027   2028   2049   2050
316   1112   2024   3165   3183   3184
319    232   1021   1112   1801   1802
320    669    218    636    625
322   3142   3145   3850   3853   3856
323   1083   1086   2863   2911   2912
326   1761   1762   4158   4160
327   1761   1809   2866   2910   2911
328    629    390   1808   2910   2912
329    632   1808   1809   4154   4155   4158
331   1292   2621   2790   2905   3168   3182   3183
332   1512   1513   2619   2621
333   1294   1510   1552   4170   4172   4175
334    690    389   2756   2906   2909   2912
335   1557   1559   1807   1808   1811
336   1807   1813   2906   2907   2910
338    890    892   1355   3980   3995   3996
339    700   1558   1559   3980   3981
341   2558   2756   2845   3282   3284
342    690    890    895   2557   2558
343    700   1811   1813   2208   2210
345   2557   3284   3996   3997
348   1846   2433   2439   2815   2840   2841
349   2545   2839   2840   3241   3246   3248
350   2805   2815   3246   3250   3251
351   1697   2756   2834   3248   3253   3254
352   2439   3275   4114   4119   4121
353   1697   2542   2545   2556   2558
354   1846   2805   2830   4121   4126   4127
355    433    524   1109   1112   1242   1243
358    584   2328   2615   2618   2621
360   1263   1710   1846   1847   1850
361   1220   1711   1850   2437   2439
362   1260   1263   1602   1605
363     33    736    737   1260   1710   1711
364    736   1221   1431   1487   2770   2772
365    737   1487   1602   2378   2380
369   1605   1847   2378   2811   2813   2815
372   1410   1476   1649   2798   2800
373   3083   3157   3159   4182   4191   4192
376    177   1476   2126   3850   3851   3854
378    189   1476   2867   2870   2873
380   1595   2286   2759   2762   2765
382    760   1586   2705   2708
384   1595   1648   2717   2798   2799
386    760   2628   2679   2680
387    597    553    624   1333   1336   1339
388    596   1336   2117   2566   2568
389    766   1333   1337   2117   2119
390    767   1256   1261   1263   1337   1339
391    766    767   1847   2805   2808
393   1705   1706   1850   3449   4118   4121
395   2785   2811   2816   3243   3246
397   2381   2779   2782   2783
398    774   1631   1635   2773   2776   2779
399    775    767   1605   1635   1636
400    774    247    588    766    775
401    776   2644   3112   3115   3116
402    782    776   2281   2722   2724
403   2192   2199   2642   3116   3119
404    785    501   3112   3118   3119
405    782    786   3115   3118
406    786    785   2278   2281   2474   2475
407   2308   2470   2472   2475
408   1194   1760   1761   2055   2057
409   1194   1550   4158   4175   4176
411   1546   1547   1550   1980   2056   2057
412   2176   2462   3263   3266   3267
414   1980   2391   2392   2395
417   1612   2106   2110   2411   2950   2953
418    623    669   1612   3034   3035   3038
420   1591   1595   1813   2038   2039
422    921   2051   2054   2057
423    921   1194   1807   1809   2038   2040
424   1934   2041   2111   3105   3107   3110
425    774   1922   1925   1934   1937
426   1839   1843   1922   1923   2041   2043
427   1333   1614   2296   3038   3040
428   2117   2118   2130   2296   2297
429   1618   1839   1842   1845
430    775   1337   1614   1937   2110   2111
432   2638   3054   3116   3123   3124
434   2577   2658   2659   3119   3122   3123
436   1553   1559   1922   1924   1927
437   1811   1927   2037   2038   2041
439    921   1550   1552   1839   1841   1844
440   1490   1492   1512   1619   1621
441   1490   1491   1980   2283   2475   2476
444   1336   2296   2298   3818   3820   3823
445   1988   2335   3262   3269   3270
446   1308   3024   3186   3188
447    284    526     84    181     16
449    776    825   3026   3176   3186   3187
450    825   2409   2953   3115   3126   3127
454   2173   2177   2182   2318   2461   2462
456   1634   2777   2779   3978   3980   3983
458    835   1634   2381   2391   2394   2397
460   2142   2181   2182   3994   3996   3999
461    641    835   3983   3998   3999
462    839   1635   1637   1930   1935   1937
463    700   1927   1930   1932   1934
466    839    843   3983   3984
467    843   1631   1634   1637
468    844    487   1486   1487   1490
469     32    486    844    736
470    998   1218   1431   1432
473   2181   2183   2352   2556   2557
474    419   1784   1785   2177   2180   2183
475    395    690   1691   1694   1697
477   1021   1691   1692   3245   3248
478   2182   2183   3373   3376
479    786    849    850   1602   1636   1637
480    850    737    844    496    785
481    835    843    849   2281   2284
482    760    642   1660   3277   3999   4000
483   3006   3189   3190   3277   3280
484    363    839    849    782    825
485    850   1256   1260   3118   3125   3126
486     34    295   1705   1708   1711
488   1658   2437   3273   3275   3277
489    612   1339   1612   1614
491   1507   1512   1546   1549   1552
492   1528   2419   2420   3147   3149
493   1691   1693   2538   2543   2545
494    890   2177   2178   2181
495   2118   2442   2562   2565   2568
496   1591   2762   2875   2907   2908
497   1841   2037   2040   2043
501   1546   3950   3951   4174   4175
503   2322   2326   3393   3394   3397
506   1800   1801   2044   2046   2049
508   1042   2440   2443   2446
510   2798   3077   3084   4190   4192
511   2110   3038   3109   3110
512   1079   2513   3777   3780   3781
515   1800   1802   2023   2024   2027
516   1648   2037   2039   3077   3107   3108
518   1615   1617   2440   2442   2445
521   1718   3030   3179   3181
523   2001   2654   2657   2662   2664
524   1214   1431   2433   2434   2437
525   2287   2307   2707   2719   2720
527   1256   1705   1707   1710
531   1553   1558   2773   2774   2777
533   1855   2649   2788   3946   3949   3952
536   1649   2077   3077   3080
539   2126   2800   3792   4185   4190   4191
541   3051   3053   3146   3149   3152
542   2023   2028   3178   3181   3184
544   1591   2208   2711   2716   2717
545   1631   1636   2377   2378   2381
547   2051   2056   2283   2307   2308
548   2716   2843   4123   4125
552   2106   3110   3111   4186   4189   4192
553   3780   3791   3792   3854   3856
554   2329   2331   2461   3265   3266   3269
555   2322   2324   2495   2617   2618
556   1930   2106   2108   2111
558   1998   2412   2414   2417
559   3067   3927   4170   4171   4174
562   2521   2524   2527   3080   3106   3108
564   2232   2297   3040   3105   3106   3109
565   2405   2407   2953   3051   3052
566   3145   3157   3158   3780   3783
567   2391   2396   2456   2459   2462
568   2192   2521   2523   2526
571   2426   2431   2740   2784   2785
572   2278   2308   2718   2719   2722
573   2419   2424   2456   2458   2461
574   2377   2780   2783   2813   2816
575   2433   2435   2556   3275   3283   3284
576   2604   2617   2771   2836   2838
577   2479   3007   3189   3191
578   2615   2617   2652   2788   2790
580   2538   2603   2835   2836   2839
581   2562   2564   2828   2829   2832
582   2571   2654   2656   2659
583   2763   2764   3393   3395   3398
584   2680   2743   2746   2759   2760   2763
585   2663   2788   2902   2905
586   2743   2748   2867   2868   2871
587   2759   2764   2874   2875   2878
588   2702   2718   2720   2723
589   2711   2799   4186   4187   4190
590   2898   2905   3070   3927   3951   3952
591   2773   2775   2780   2782   2785
592   2828   2834   2845   4122   4123   4126
593   2828   2830   3249   3250   3253
594   2811   2835   2837   2840
595   3282   3283   4119   4123   4124
596   2867   2869   3794   3799   3801
597   2874   2879   2906   2908   2911
599   2898   3029   3178   3179   3182
600   3020   3022   3185   3186   3189
602   3034   3036   3083   3109   3111
603   3050   3052   3121   3124   3127
609   3098   3100   3921   3927   3928
610   3084   3105   3108   3111
612   3112   3121   3123   3126
613   3146   3151   3153   3154   3157
614   3139   3153   3155   3158
615   3162   3178   3180   3183
616   3169   3185   3187   3190
620   3241   3249   3251   3254
621   3256   3265   3267   3270
622   3273   3283   3994   3997   4000
628   3370   3393   3396   3399
630   3475   3786   3787   4179   4184   4185
631   3475   3480   4114   4116   4118
652   3777   3786   3788   3791
653   3794   3818   3819   3822
656   3842   3850   3852   3855
661   3921   3946   3948   3951
663   3978   3994   3995   3998
671   4114   4122   4124   4127
673   4154   4170   4173   4176
674   4179   4186   4188   4191
cells 64
0      0      3      4      5      7     10     11     13     15     16     17     18     19     21     22
1     23     27     28     29     30     31     32     33     34     36    559    609    621    673
2     37      5     38     39     40     42     43     44     45    521    523    542    582    599
3     47     48     49     51     54     56     57     58     60     61     62     63    533    574    576    578
4     32     67     68     69     70     11     71     73     75     76     77     78     81    588
5     82     83     84     85     86     36     87     88     89     90     91    521    614
6     92     93     94     95     96     97     88    100    101    102    103    104    620
7    107    108     58    109    110    111    112    114    115    119    121    122    123    124      0    125    523
8    126    127    128    129    130    131     40    133    134    512    515    553    652    653
9    135    136    139    141    143    145    146    148    149    150    548    595    622    663
10    151    152     86     45    154     76    155    156     31    159    562    564    568    602    610
11    160    161    162    163    164    165    166    167    169    171    512    566    613    614
12    173    174    176    178    179    119    180    181    503    555    576    580    628
13    182    183    184    185     21    186    187    188    191    503    508    583    584    587
14    167    192    193    194     56    195     30    199    200     68    492    541    554    573
15    201    202    203    204    205    187    207    496    544    548    581    592
16     17    210     38    211    212    213    214    215    156    216    217    219    508    518
17    182    223    174    224    226    227     29    228    230    231    112    134    234    235
18    240    241    163    243    127    244    246    109    248    249    250    251    506
19    253    254    255    216    257    258     81    497    516    525    536    562
20    261    262    263    264    185    265    266    267    268    269    101    495    518    581    593
21    270    271    243    272    202    133    273    150    274    539    589    630    631    671    674
22    275     61    276    249    108    277    279    280    281    284    285    286    192    287    603
23    289    104    290    291    275    294     91    295    296    161     60    492    531    571    591
24    297    298    299    223    300    301    302    303    304    525    547    572    583    588    628
25    121    241    305    169    193    306    307    143    309    310    311    313    616    630    652
26    314    285    315    316     93    319    320    295     90    506    515    542    615
27     85    322     23    228    128    323    326    327    328    329    166    291    656
28    331    154     57    332    333    100     89    262    491    501    559    590    599    615
29    162    334    328    290    335    336    338    339    341    342    343    204    136    345
30    348    349    350    351    179    352    353    341    354    575    592    593    595    620    671
31    129    355    125    331    230    184     43    316     94    358    263    555    558    578    585
32    360    361    362    363    364    365    348     48     22    369    181    524    594
33    322     82    372    307    373    376     34     67    151    510    536    539    553    566
34    372     73    378    380    271     10    258    382    384    201    386    300    584    586
35    387    388    389    390    391    360    267    393    274    205    354    287    248    527
36    395    103    391    369    265    350    397    398    399    400    545    574    591
37     77    401    402    403    404    405    406    257    219    407    568    572
38    408    326    409    411    412    226    414    194     27     54    301    501    567    661
39    311    417    286    373    418    141    294     84    320    511    541    552    565    602    613    674
40    224    336    380    253    302    408    420    422    423    327    496    587    597
41    424    425    426     95    427    428    213    255    429    430    389    400    268    511    564
42    155     37    432    210     75    403    107    200    281    434    533    585    590    609    661
43    436    437    335    439    261    426    423    333    409    296     87     96    329    497    673
44    429    439    269    440    422    254    411    441    214     49    407    491    547
45    428    212    388    272    444    159     42    207     16    186    495    586    596    653
46    445    195     28     69    446      4    235    124    447    306    577    600
47    401    432    199    305    446     70    449    450    146    565    603    612
48    454     51    297    289    160    456    397    458    338    460    461    494    567    573    663
49    456    398    462    148    463    339    425     97    436    466    467    531
50    468    440    211    191    358    364     47     18    469    264    470    332    180
51    353    178    473    474    246    475    123    164    342    313    493    494
52    351    334    266    355    475    231    323    126     92    244    203    183    319    477    165    597
53    445    227    122    474    309    412    171    454    478    303    176    554    621
54    270      3    378    447     71    376     33    111     39    131    234    558    596    656
55    424    384    135    437    420    343    463    510    516    544    552    556    589    610
56    441    406    479    480    468    215    365    414    304    458     63    481    467    545
57    482    483    466    299    382    449     13    402     78    461    145    484    481    600    616
58      7    280    434    363    480    485    404    469    217    486    115    527    582    612
59    477    314    102    277     62    251    349    395    110    493    571    580    594
60    139    483    393    488    352    361    276    240    114    486     19    310    577    631
61     15    482    478    473    460    488    345    470    173    298    188    386    524    575    622
62    387    489    427    130     44    418    315     83    444    273    284    152    250
63    149    484    450    390    489    279    362    485    417    479    405    462    430    399    556
