vertices 383
     0 1.04191895298513 3.90375842166925 1.11033830549834
     2 1.42904690431417 0.07796663766389 1.64355994425069
     8 0.93031586904251 3.79349815314006 1.11242073214040
    11 0.29248457637189 0.19203554621589 1.10270215214354
    14 0.89107460892595 3.60632891219954 2.20356229235264
    16 0.33437601259731 0.18559652091440 2.36330467181259
    18 1.18059436603865 0.53433348321025 1.97134139084794
    36 3.93968569255903 0.13259232207622 1.74859858803968
    37 0.52658467697633 0.65656505517046 2.06986013993506
    41 0.27786053109015 0.32498483637180 2.31307276086677
    47 1.47413843517287 3.34757988399737 0.61500070903461
    52 1.69637858515478 0.24339368036357 0.24838356567737
    58 1.89082458666032 3.76140346781247 0.92309303866992
    59 1.56676181750021 3.75428369287442 0.74592523622707
    61 1.91726339558221 2.86284739193581 0.13125097067577
    69 1.07500971805261 2.93355857594599 2.73384750197106
    72 0.97267818798451 3.13954646320468 2.72981318114124
    76 1.19831300121182 3.66819684336637 2.96950104864937
    98 3.12900670940081 0.22432188993145 3.38949826911240
   115 1.08293216361809 3.26937836923293 0.77958930103054
   119 0.82451288397317 0.47681976444039 0.13813026346046
   134 2.65362481987662 2.71538649041262 3.26770659318026
   136 2.69257095969446 2.37303241372397 3.42745107625100
   139 1.68791292643642 2.18243166526197 3.12694428548025
   140 2.44316347966420 2.21796515612260 3.14397728974173
   143 2.04595072549001 1.97228418298699 3.25497152934315
   147 2.57102200215914 2.38493490268232 3.93885655252023
   149 2.69159048778836 2.58766543484502 2.30021899393720
   152 3.45443214683042 2.70249904315700 3.05940923944552
   156 2.68076060187060 2.13367414150791 2.27408953466876
   157 3.51683087120111 2.16796643871515 3.13859455150737
   163 3.60378457952092 2.30527538551064 2.80330055601605
   169 1.95176142987972 1.17180997711306 2.24538730066634
   171 1.35891228132140 0.95127287466877 2.23076301092511
   174 2.34106420645085 0.71210463722365 1.55247646953517
   177 2.30166706504085 0.27721893385657 1.49075732923407
   180 2.10192836976923 0.24973348766283 1.36688297109682
   185 1.89109626578821 3.98910422837911 1.47783090128629
   191 1.46274826621322 1.09609745782146 2.13278312650692
   195 1.27323517132681 2.27002060046984 2.05336018608091
   198 2.48947743288329 2.90450294419040 1.31771727065457
   199 2.50695442246595 3.03960944895352 1.65653320649094
   214 3.84708855123016 1.94903315366219 0.42790163229051
   215 0.24799918360872 1.35318291460851 0.03371521239796
   220 0.55652073105431 1.28680435612998 0.07655999209857
   230 2.78111845794983 1.68638592696013 0.23145064071641
   231 2.31292798341186 1.97524480236065 1.27145559844275
   235 2.18322748822937 1.26925563105239 0.88097172077473
   236 2.58519710088060 2.21997784595208 0.98852452007547
   240 2.04295769537626 1.66737413210198 1.16923329637473
   241 2.61487326014616 2.02224176706754 1.08205578890197
   243 2.63514470701423 2.16800159295791 0.20937405451626
   254 3.03984993895235 0.75519411770526 1.23839433008615
   260 2.85550452752482 3.12290901369965 1.67897259048152
   261 3.08782137807587 2.97543477028559 1.93469849245257
   264 3.20399663178598 3.34761917652903 2.16794783641957
   277 1.60921951478339 0.90497936202851 0.42192527636125
   284 0.49656674969814 2.34544399749249 1.88231601237660
   288 0.27261721446294 0.28736476653275 2.94291410725133
   290 3.93932048182232 0.06093566490595 2.97895478726482
   291 0.10675371668436 3.17807029178571 3.24292440823149
   292 1.01225747957834 0.07069961400265 2.96711945770294
   295 0.16391479980104 0.28397676324256 2.77750284089515
   300 2.87186164824247 0.00108577706942 0.68153310774138
   310 1.11426764666238 1.43749551260252 2.23190424523104
   311 1.07928502130241 2.07400602601208 2.11989483042651
   315 1.18135675600081 1.74355230650745 2.41642439602990
   332 3.06316420308005 3.31084863417437 2.54180219872268
   336 3.99419390397691 2.18341014335794 2.61292829367488
   339 0.89517157016642 2.31763263776429 2.14737379242428
   343 2.02681913697982 1.71463593737249 3.04384143575304
   346 1.23177910679660 1.80592419910810 3.14808418174445
   347 1.63577948373093 1.93115323888963 3.02311064279023
   354 0.97961991106176 1.70733641639283 2.77534031143889
   356 2.76743738264856 2.29373187598519 0.11204327196454
   358 3.69041879353000 0.72109727120728 0.57759447181334
   364 0.13756460305405 0.16388069740213 0.94490028084885
   365 3.72019741960739 0.67091966264547 0.14566441647747
   376 3.10017769223471 1.93838981987188 1.41038949939316
   380 3.57670108699265 2.34564181775396 0.15712737874355
   394 0.27535508525722 1.00078228911768 2.93681667796351
   396 0.11242598826561 0.41706181224543 2.71034315585996
   399 0.23535011085104 1.38199629704094 2.75180201772065
   403 0.25674236555048 1.87967327101308 2.92103041501817
   405 0.06162723679537 1.87300013777560 3.26887264194506
   406 0.30250408680699 0.93346090860152 3.73270637475903
   408 0.41708060366098 0.85537636989541 3.19765324164587
   410 0.54743868770679 0.96268064683734 3.81306219156906
   413 3.21077044730286 3.39190045788638 3.97975914201621
   422 3.78912704381406 1.06385698830272 0.02976516163841
   425 0.11659972623874 1.16407360020928 3.82014888683742
   429 3.00333510205158 3.94158089492280 3.02040665273040
   432 2.23033383156049 1.05490298146323 3.18118827634752
   436 2.14332141949588 1.15143289560736 1.92424462323792
   439 2.78463507503182 1.52029570931199 0.63040290439065
   440 3.40285971299340 1.28377356691315 0.85182161217142
   447 3.55679039085977 3.23670577123011 3.95877440875304
   457 1.58740746280369 0.62498247526219 2.60216329259645
   460 2.49697448659495 3.50966332832238 0.50070621034362
   473 3.56160763146839 0.18615206698338 1.73739885133029
   481 2.37709919133016 1.97114097311838 1.98121615127521
   488 0.15199093773702 3.73545395988231 2.09542113856172
   489 0.29330901214156 3.56703088999852 2.04098201935767
   500 2.22004787778292 2.10208326427559 1.25105964835643
   502 2.32802236111609 2.28985302722260 1.09735306865640
   510 2.33935433955517 2.76447618543583 1.94840837565689
   513 0.08593217527141 3.01117683968521 0.55714197945755
   519 0.25239620521523 2.93761055926369 2.64470000689658
   524 1.54910463479932 1.04797479210013 1.62398067891794
   529 1.55192979328886 2.72340597027459 3.09152724529733
   538 2.87511146211614 3.21862732389525 0.20879052680042
   544 0.26970356612205 0.66470153959462 1.74387277001250
   545 3.98630124426163 0.35376921159697 1.88327468604249
   553 2.99612972083544 2.67460690574782 2.26666359468616
   557 0.88099687741486 1.39420349011551 2.72572305490041
   559 0.43036841686770 1.25741380722210 2.70400640396803
   568 2.98494889697332 2.91496791032955 2.59604379979982
   569 3.20854067532809 2.90697596329887 3.00067864282790
   571 3.01361394171483 3.71562961525857 0.64257385923212
   573 1.52482843011297 0.45798883003352 0.20271373234798
   581 0.60340421720481 2.40671765051297 2.58829707153158
   582 0.65442779166814 2.03630928176598 2.89733726211976
   587 3.02306777228343 1.69056898069589 0.09642875434620
   605 0.82622186218273 3.22192683332146 0.47285498286473
   611 3.59534820908178 0.43675967592739 1.88715698567348
   625 1.04730236668196 2.91494223261257 1.04178607082849
   629 3.36599634341271 0.55715030993678 2.77787198649261
   630 3.26233351865254 0.20527172073384 3.08240942334119
   635 3.25083823953016 3.01991095492400 3.04596959736348
   636 3.25649933006606 3.36233637393162 2.78278107396092
   640 1.99008201916476 1.36483283608422 3.40977656854865
   645 1.42543834064548 3.94911156406819 1.86627741781281
   647 2.89555597150669 3.95986343125090 3.26236785754245
   648 2.92121385957108 3.40472410886294 3.56681286212505
   649 3.05403098216274 2.19128258074630 3.45067976280093
   650 3.04976309973629 2.13103273581163 3.97294526259776
   658 0.62305091051220 0.08868018419368 0.95468670843423
   660 3.72548790925349 2.50091208211585 0.74420262515859
   662 0.03027487276679 2.84416044098519 0.82206519469735
   663 0.10961699952457 1.14308772014102 2.95766856627513
   667 0.84473088298051 2.16652215983055 3.26721734475122
   668 3.94248282586947 3.11075355792991 2.95157349535355
   669 3.77563612830500 3.45044600083257 2.71905703673589
   673 3.33498665087449 1.19068510286334 3.55639233047498
   674 3.95201814995904 1.33025076716759 3.38478028180461
   678 0.66147141018439 2.94099788177285 0.47978153886677
   681 0.44428696200172 0.59067102678594 1.26329882656089
   691 2.45660634245643 1.83373032838321 1.80967006454142
   692 2.88821268527255 1.80227594299935 1.82388536239426
   695 1.00317512829602 1.29958574846379 2.32934446623569
   696 0.55565266208002 1.16121765567551 2.26149777346771
   698 1.70647063282710 2.61846082935993 2.96142556716047
   701 2.04700993430552 0.75988192256365 3.14074830418030
   711 2.76571638564975 3.42761837597331 0.56209416080292
   717 1.87569807610077 1.08687684289885 1.57696238205780
   718 2.05877799832858 0.87373517198938 1.41030473553251
   723 2.14517661571679 2.28168192147792 1.78090417372921
   724 1.57342773789259 2.28715649451049 2.18764312235450
   725 3.05041544507675 2.63628700298025 0.38214762744140
   726 3.55494028665029 2.54686571111018 0.30247855887235
   735 3.79706064002175 2.97164962984954 3.49663001009796
   736 3.55897862170429 2.89386628762907 3.12007174636141
   737 3.92294004106010 1.54168147227254 2.31049653467456
   738 0.21744192895715 1.37842895970635 1.93242654265028
   739 2.00354709070454 0.65452861299677 2.67914086200703
   740 2.16666973882063 0.86642352327948 2.54665523899971
   758 2.30178838668364 0.02052313602376 1.79889754204958
   760 3.43822460358643 2.36982428566438 3.28714199129599
   761 3.83125442344257 2.44843596163950 3.73155542473276
   762 0.32345183670356 1.77623403286387 0.02011557612233
   764 0.26152550998667 2.05663794603951 3.63858053926040
   777 3.41015639471282 0.16286148638011 3.83092274108065
   780 1.92302085631948 0.76791446796070 1.33920887214086
   783 1.83350605460834 3.78227360689367 1.91279798704352
   784 1.99879552149588 3.81845191597252 1.72457308461359
   791 2.02465853282229 3.02997891762298 2.26376832947215
   792 1.61032756912010 2.67414020466577 2.43696794760905
   795 3.75600758024474 2.83985765929582 0.14013999887267
   796 3.92208677491449 2.68753178740986 3.75377793619716
   797 1.98916518145936 1.60061985789393 2.42605567983217
   798 1.59236360287732 1.85999949663345 2.50341052367419
   799 3.63235014555450 3.55559309172718 0.10591946463960
   800 3.36060393713795 3.64766439239997 0.10767018614863
   806 1.02335221225076 3.20489685852501 0.07136486233996
   816 0.66617767827196 1.83960339243382 0.07279916062577
   817 0.61050480165414 2.16692861618107 3.61396887661575
   819 0.27001373493267 2.46199802023931 2.48322755291809
   821 1.41878200590825 2.72243749957710 1.15590605364820
   822 0.69573431194692 2.94142873770726 2.86186978392704
   826 3.22639241329207 0.63048041272634 0.74603745321527
   837 3.02456926979013 0.43003979942435 0.38844087099634
   838 2.60597851668162 1.27224577627015 0.65325167475810
   839 3.11657298802502 0.91532380800174 0.88573872268486
   842 1.21727235708680 3.83774462010389 3.57907218183539
   844 1.06500944113282 3.78734169467412 3.16435967702812
   847 3.91574773937982 2.12392652871532 0.80208501455343
   854 0.52216005586693 3.08028771715253 3.26530837632458
   862 1.87228936511428 3.18832158058765 3.46645422739201
   866 1.70324936404849 1.36211518443272 0.21383849473482
   869 3.83973847334978 0.14844930828202 3.77894973879666
   870 3.99317310077313 0.45264832157945 0.00055929634902
   871 3.93794293224268 3.50878810545025 0.56350283823013
   874 0.78985283989459 2.78497916245027 2.84847821845301
   877 3.97126438873191 3.87757826144830 3.87989042863070
   881 2.44527608417701 1.18078085641661 0.39181423474194
   882 2.87782112989081 3.70440453050720 1.75760243925532
   883 3.03215669401957 3.74990315969846 1.97576541816053
   884 2.04187192881008 1.16540130625050 0.55793842604958
   885 1.87479466146278 0.86120030666842 0.59909032404327
   890 3.30109819671265 1.06316525460868 1.64579060997005
   899 3.34695007971163 0.84080617403679 2.85863849667926
   900 3.12868369795835 1.00171198742673 3.42885442877016
   903 3.02266134613748 0.61388321379296 3.61394182444970
   904 3.30677033223628 0.43989011401155 3.98462613793991
   905 2.55051819104533 1.88213279435176 2.83010454299172
   907 0.97688343349476 1.63535379245551 0.33262653394326
   908 0.82631926513617 1.67862775627341 0.06739570741665
   909 1.85708299258239 3.32345925818130 1.92268640257937
   910 2.08865026916710 3.35578663222285 1.65497639667418
   911 2.70878726565293 0.99450740975154 3.57487438222726
   912 2.49946805112422 1.38898199791072 0.08339899771715
   913 2.32558488986573 1.15248749537624 2.92281392096260
   914 2.19218637958788 1.59411277883116 2.82966108321829
   915 3.42510649557721 1.00355516050961 1.77559013278388
   916 0.05164823693614 1.14347208968763 1.68675897715341
   917 0.08876633255753 3.32317019657632 2.18107724239335
   918 3.92958253096584 3.45680643853506 2.25129091933596
   920 1.25382925448409 0.51024443052299 1.70063196419371
   922 2.74623558739575 0.67281052680741 3.67745411004989
   923 2.64308720967189 0.61199366087196 0.17384037915994
   926 0.21923964436551 3.65901814661782 3.38389658586953
   927 0.05392323082292 0.06840904866690 3.13112764110643
   928 1.50827622467683 0.89710055443190 1.52943601252846
   933 2.37557394311413 0.26178229781264 2.34405850048230
   938 1.91728821217689 2.38163197175475 0.71455298222688
   941 0.87722135885985 3.61854857139701 3.74487263185567
   942 0.68491822752673 3.54169916533537 3.39935324018077
   946 2.39514263926247 0.90657559898013 1.92482117938723
   948 3.09567240904421 1.18389144970919 1.88209545212574
   949 3.34729865129494 2.81003917115842 1.75976540258640
   952 3.48006315650476 1.40801765148868 1.16884307492521
   954 3.99873251371519 3.01135854016746 1.90001875696692
   955 0.20576399283344 2.43222884643936 2.11305637825401
   957 0.96835457116561 3.96655368527944 2.34928534373009
   958 1.14852299588620 3.97087065528411 2.74739087908362
   959 1.37853941845111 3.26596114109090 0.07272162525599
   960 1.63103929351559 2.96321811779966 3.89782278242908
   966 2.42449480746863 0.71526654404172 2.32741746942027
   970 2.74555393032817 0.09568481384965 2.43982937404258
   971 2.70961680107117 3.92555058204937 2.65734088766323
   972 0.10190310165770 0.00046108587220 1.33544298606201
   977 1.54988617416794 0.35523005796539 3.81682685461187
   978 1.26861149813973 0.28528771412670 3.69156701301385
   980 2.17620567519440 0.19998854911942 2.53968515514979
   982 1.30030724434986 0.16764314803908 2.15024076215714
   983 1.51455724425349 0.20401506010560 2.46916753967351
   984 1.94768532337073 0.01331099938326 2.45110177666660
   989 3.92380485910178 3.97736996120286 1.13492625759492
   992 0.55006118507472 2.80300841072768 1.44200009022477
   995 3.21946012860143 3.67352055887409 1.03839445883386
   997 0.33254088684306 3.81499478847493 0.47873354732711
   998 0.35305477789378 0.01564572362912 0.61309518425220
  1000 0.38495730491041 2.19424113807139 0.96225248069787
  1001 0.46794114418348 2.62547486861683 0.99050370424686
  1002 0.35084762281859 3.95438379084906 0.23766097067540
  1003 0.36345880546609 0.11134835085084 0.29852105979439
  1007 2.90723610530386 1.71265786052931 2.89593923246779
  1010 0.35282184979818 3.50879697004950 1.67691211510239
  1011 0.17746602396818 3.13981770718552 1.59145423354879
  1012 3.31084489773471 2.15614254241284 1.41943265390319
  1015 3.83734376848862 3.14476101991749 1.19217346871723
  1016 3.75653332493182 3.59559314844361 0.98182700727434
  1018 3.18187658255736 0.55128479029182 2.47547330316560
  1019 3.15019338944176 1.89522372794438 3.24318582649658
  1020 3.15206553642905 1.32493952838405 3.55458555475089
  1021 3.01017557406071 1.10606486992244 3.42703654225730
  1022 2.83868323774287 1.22380864033806 2.96344728035704
  1023 2.30101868400006 3.99775707402594 2.74012428917839
  1026 0.75750305595559 2.69216372163862 0.80388211680188
  1028 3.84376791003605 2.03393039752336 2.33022156728473
  1030 3.13435474606973 0.99939857875433 2.63185184766906
  1032 3.32473890762187 1.34545402748962 2.31642969063969
  1036 3.95458039055594 2.17730267977685 2.05902689300993
  1037 3.40035252552694 2.37903503845394 1.87677852157323
  1038 3.04951397295303 0.84430271739213 2.43987615211310
  1039 3.21710939447678 1.12872350390082 2.03320565177111
  1040 3.77807037564823 1.86870650949533 1.18827565843969
  1043 1.09730907232982 3.54959764831315 1.91243468720887
  1047 2.80758926169509 2.94091991614192 1.18139746836114
  1048 0.83308969418935 3.47394294090119 1.55899384379564
  1049 0.91974593400215 2.98209834054362 1.40870682374460
  1050 3.27332989809246 2.86255045220402 1.41371366267101
  1051 2.99470178310087 3.05232379512947 1.37620278445350
  1057 1.73640844035900 3.47246668533834 3.12734739875565
  1059 2.06973722013933 3.76176745425460 2.68568096156796
  1060 3.23649013886701 2.53688507326557 1.17674982359824
  1061 2.95212953808645 2.58024185657721 1.02444976267895
  1071 1.36090290214078 2.43898184247060 3.73016103446541
  1073 1.28049986594553 1.59186886710681 3.36689067971584
  1091 0.75614307139787 0.55652996194528 1.19038748942908
  1096 0.78849211094484 0.21027415246185 0.96430846044411
  1097 1.01847118931768 0.53723398011691 0.43378926257570
  1098 1.81234606966352 3.06166164336998 3.20244381760048
  1100 1.38587686386211 2.44645660967398 3.33485820455869
  1101 0.91275830534267 2.40480789759575 3.30933360932369
  1105 1.76061243515708 1.33996380188696 3.50295605382071
  1106 1.69614237754045 0.81342351016504 3.32501071196873
  1109 1.80649975364525 3.51379349254315 3.40277474727379
  1113 0.80913435811871 2.76814358363222 3.97586035971126
  1115 0.90259258704397 2.52084972405345 3.90126523117228
  1120 1.49176574577521 3.72682811351321 3.69140114754857
  1121 1.69539390459299 0.16915185009385 3.86944866724929
  1122 0.59280882832046 2.68726763700053 3.67912204614738
  1123 0.72363930238832 2.47813932046102 3.63668805686351
  1124 0.79477851596846 0.89987398324546 3.31687298261786
  1125 1.15516890100814 0.54321490177380 3.24721878962754
  1127 1.36304794371206 0.75633339458790 3.10907749300600
  1128 1.06644913751747 1.12547939225106 3.13632381618110
  1131 1.53694535762340 1.86845180229418 0.43390539196812
  1133 2.40683206896268 2.23870007185901 0.05465070471697
  1134 1.98478898573211 2.38239840787232 0.23198096157417
  1135 2.14484331870345 1.52083139057565 3.92966694615647
  1136 1.78984433572286 1.34853043695004 0.32888283056678
  1137 2.03854499125995 1.90779626462963 3.86191556419074
  1138 1.74526098893324 2.09310644201487 0.05692630818609
  1140 2.45530296643432 2.64038603421515 3.03023042493730
  1141 2.61425291221940 2.78287033409234 2.61521657193001
  1142 0.71839200281719 1.12398743042465 0.93920140314775
  1143 0.80510489072939 1.19386038275728 0.49734774241337
  1145 2.01012651130663 2.83917385974965 2.98270855441234
  1146 2.17715744183391 3.08452803709551 2.56703863295156
  1147 1.03987906991973 0.89092861512651 0.60641545298111
  1148 0.90969644555062 0.91574852546172 0.98131796360357
  1164 3.16953274256732 1.85181668598609 2.43820785476701
  1166 2.97819960630340 2.04809294563324 2.20282916555747
  1167 3.46327347269044 2.15253513073093 2.44670724503446
  1168 3.21417526303568 2.32816683604273 2.19403771884225
  1169 2.12005511974326 0.03477654555122 0.79648536551358
  1170 2.43810035395509 3.94508500789806 0.57258441574114
  1172 2.27922440671894 0.24370113647383 0.26272583096904
  1173 2.00833130823856 0.31953238724352 0.43369119970870
  1174 0.10163789293035 1.29482183415271 1.39635153824775
  1176 0.31694160452746 1.01577958293679 1.08596059828294
  1177 3.65673344727631 1.44697206307247 1.11995720039911
  1205 2.98716507701549 0.13975130771003 1.11619993275558
  1206 3.15275135404440 0.36788162818075 1.11413252375253
  1212 3.14290250092328 3.97790984550284 1.23550648523919
  1213 3.35214920577265 0.14338511577506 1.27004061513458
  1229 0.97564473166924 1.70446158532751 1.86573299493886
  1238 0.84525538806964 1.57342019395201 1.17280029350988
  1239 1.17230222339695 1.59410621044097 1.46270967377603
  1332 1.61822356892518 2.03320755734394 0.76145498654852
  1333 1.86897480287528 1.89554470570073 1.12405383280418
  1335 1.50605860432059 1.98868492162695 1.29577980944847
  1336 1.47461298897119 2.22695749674857 0.98858018050466
  1337 1.36374824350983 3.11685705590464 1.94110174065247
  1339 1.21301952688852 2.83283659099986 1.62545760509307
  1345 1.25503730866744 2.84088469568317 2.39757050266165
  1346 1.10834831531276 2.46526941071152 2.09138881578096
  1352 2.01153931435485 3.37922329293911 0.86162466529210
  1354 2.07681508441465 3.12420723628873 1.20281634343977
  1355 1.75161805834400 3.16033189154674 0.70109761125705
  1356 1.75017844709386 2.85112085638911 0.99522266757137
  1377 2.21944796590059 3.84662192196232 3.53411425667001
  1378 2.13605447147813 0.11636510741819 3.71243160722154
  1385 2.32982567909872 0.31310111388520 3.44267279370376
  1386 2.40330994091724 0.06942407514876 3.29332621496322
  1395 3.61277904406649 1.49551503656742 0.45172003301624
  1396 3.83368798633541 1.23229461809800 0.30339590629249
  1400 3.57781059166852 1.31254107113471 0.77934901390930
  1401 3.79084935749888 1.07091232052737 0.62859810111661
  1437 0.35580102120577 1.71228399840987 1.51426422867092
  1439 0.38195983939104 1.72722074399713 1.63474020093204
  1440 0.28785152156998 1.83871334827369 1.48689748582546
  1441 0.31473519454581 1.87981913926848 1.64867867920461
  1450 2.40260312713554 2.99170889889922 3.90193229758033
  1451 2.56320261837880 3.24030406980358 0.01619502009320
  1455 2.40293848097661 3.09509298377687 3.66603731337443
  1456 2.53472029903564 3.31389407061899 3.74215873223011
  1458 0.90902403811389 1.74646962850719 0.95955709918852
  1459 1.12940270614815 2.08758460327859 0.71903072240434
  1460 0.75807634115054 2.07818291590541 0.69817332445829
  1461 0.89891788863917 2.24314281497439 0.64255591020568
edges 766
16      2      0
17      0      8
32     16     41
33     41     37
34     37     18
84     58     59
85     59     52
93     59     47
101     76     72
102     72     14
111     72     69
177    115     47
181     59      0
189    115      8
218    143    139
224    134    136
225    136    147
229    140    136
231    143    140
232    149    156
246    152    163
247    163    157
272    171    191
273    191    169
284    185      2
292    177    180
293    180    185
295    171     18
303    174    177
313    199    198
363    220    215
382    230    243
389    241    236
390    236    243
391    231    240
395    231    241
398    235    240
419    254    174
433    260    261
438    264    261
486     16    295
487    295    290
496    295    288
501    292    288
524    260    199
526     58    185
537    310    191
544    195    311
553    311    315
554    315    310
584    264    332
588    163    336
596    339    284
597    311    339
612    354    346
623    347    346
624    354    315
625    343    347
629    243    356
632    147    356
636    343    143
641    365    358
642    358    364
669    139    347
690    376    241
700    214    380
736     41    396
737    396    394
760     11    364
766    403    336
767    399    403
774    157    405
775    405    403
776    119    410
782    406    410
785    408    288
786    406    408
825    410    220
835    365    422
839    425    215
843    425    422
844    396    295
849    406    425
850    394    408
886    169    436
890    439    440
892    230    439
895    241    439
921    413    447
947    171    457
998     36    473
1021    156    481
1042    488    489
1045     36    488
1048     16    488
1049     14    489
1079    500    502
1081    231    500
1083    236    502
1086    198    502
1109    199    510
1112    149    510
1153    191    524
1172     69    529
1194    413    538
1214    544    545
1218     36    545
1220     37    544
1221     41    545
1242    149    553
1243    261    553
1256    557    559
1260    394    559
1261    354    557
1263    399    559
1289    568    569
1290    553    568
1292    332    568
1293    152    569
1294    134    569
1301    300    571
1307     52    573
1308    277    573
1333    581    582
1336    339    581
1337    403    582
1339    354    582
1355    230    587
1410    115    605
1431    545    611
1432    473    611
1476    115    625
1486    629    630
1487    396    629
1490    290    630
1491     98    630
1492    429    630
1507    635    636
1510    569    635
1512    429    636
1513    332    636
1525    343    640
1528    432    640
1540      2    645
1546    647    648
1547     98    647
1549    429    647
1550    413    648
1552    635    648
1553    649    650
1554    136    649
1557    356    650
1558    587    650
1559    380    650
1584      8    658
1586     11    658
1591    660    662
1595    513    662
1602    394    663
1605    399    663
1612    346    667
1614    582    667
1615    668    669
1617    519    668
1618    291    668
1619    636    669
1621    290    669
1631    673    674
1634    422    673
1635    405    674
1636    663    674
1637    425    674
1648    513    678
1649    605    678
1658    544    681
1660     11    681
1691    691    692
1692    481    691
1693    436    691
1694    231    691
1697    376    692
1705    695    696
1706    310    695
1707    557    695
1708    171    695
1710    559    696
1711     37    696
1716    139    698
1718    529    698
1729    432    701
1760    571    711
1761    538    711
1762    460    711
1779    717    718
1780    524    717
1781    436    717
1782    240    717
1784    174    718
1785    235    718
1800    723    724
1801    481    723
1802    510    723
1803    500    723
1806    195    724
1807    725    726
1808    356    725
1809    538    725
1811    380    726
1813    660    726
1839    735    736
1841    447    735
1842    291    735
1843    152    736
1844    635    736
1845    668    736
1846    737    738
1847    399    737
1850    696    738
1853    739    740
1855    701    739
1856    457    739
1859    169    740
1920    177    758
1922    760    761
1923    152    760
1924    649    760
1925    157    760
1927    380    761
1930    762    764
1932    214    762
1934    761    764
1935    215    762
1937    405    764
1980     98    777
1988    180    780
1989    718    780
1998    783    784
2001    645    783
2002    758    784
2004    185    784
2023    791    792
2024    510    791
2027    724    792
2028    698    792
2037    795    796
2038    726    795
2039    513    795
2040    447    795
2041    761    796
2043    735    796
2044    797    798
2045    169    797
2046    481    797
2048    315    798
2049    724    798
2050    347    798
2051    799    800
2054    447    799
2055    571    800
2056    777    800
2057    413    800
2077    605    806
2106    816    817
2108    762    816
2110    667    817
2111    764    817
2117    581    819
2118    519    819
2119    336    819
2126    625    821
2130    519    822
2133     72    822
2142    358    826
2173    826    837
2176    300    837
2177    838    839
2178    439    838
2180    235    838
2181    440    839
2182    826    839
2183    254    839
2192    842    844
2196     76    844
2199    292    844
2208    660    847
2210    214    847
2232    822    854
2233    291    854
2270    277    866
2278    869    870
2281    406    870
2283    777    869
2284    365    870
2286    513    871
2287    799    871
2296    581    874
2297    822    874
2298     69    874
2307    799    877
2308    869    877
2318    838    881
2322    882    883
2324    758    882
2325    260    882
2326    473    883
2328    264    883
2329    884    885
2331    881    884
2332    235    884
2333    277    885
2335    780    885
2352    254    890
2377    899    900
2378    663    899
2380    629    899
2381    673    900
2391    903    904
2392     98    903
2394    900    903
2395    777    904
2396    837    904
2397    365    904
2399    140    905
2401    156    905
2405    907    908
2407    866    907
2409    220    908
2411    816    908
2412    909    910
2413    791    909
2414    783    909
2416    199    910
2417    784    910
2419    911    912
2420    432    911
2424    881    912
2425    230    912
2426    913    914
2427    432    913
2429    740    913
2430    343    914
2431    905    914
2432    797    914
2433    915    916
2434    611    915
2435    890    915
2437    544    916
2439    738    916
2440    917    918
2442    519    917
2443    489    917
2444    264    918
2445    669    918
2446    488    918
2451     18    920
2454      2    920
2456    922    923
2458    911    922
2459    903    922
2461    881    923
2462    837    923
2470    926    927
2472    877    926
2473    291    926
2474    288    927
2475    869    927
2476    290    927
2478    780    928
2479    920    928
2480    524    928
2495    758    933
2513    502    938
2521    941    942
2523    842    941
2524    806    941
2525    926    942
2526    844    942
2527    854    942
2538    946    948
2540    174    946
2542    890    948
2543    436    946
2545    692    948
2549    261    949
2556    890    952
2557    440    952
2558    376    952
2562    954    955
2564    949    954
2565    917    954
2566    284    955
2568    819    955
2571    957    958
2573     14    957
2574     76    958
2576     16    957
2577    292    958
2578    959    960
2579    806    959
2580     47    959
2583     61    960
2584    862    960
2602    740    966
2603    946    966
2604    933    966
2615    970    971
2617    933    970
2618    883    970
2619    429    971
2621    332    971
2625     36    972
2628     11    972
2638    977    978
2641    573    977
2642    842    978
2644    119    978
2649    739    980
2652    933    980
2654    982    983
2655     18    982
2656    957    982
2657    645    982
2658    457    983
2659    958    983
2662    783    984
2663    980    984
2664    983    984
2679    364    989
2680    972    989
2690    284    992
2696    571    995
2702    997    998
2704    605    997
2705    658    998
2707    871    997
2708    364    998
2711   1000   1001
2714    992   1001
2716    847   1000
2717    662   1001
2718   1002   1003
2719    877   1002
2720    997   1002
2721    941   1002
2722    870   1003
2723    998   1003
2724    119   1003
2740    905   1007
2743   1010   1011
2744    489   1010
2746    972   1010
2747    954   1011
2748    992   1011
2756    376   1012
2759   1015   1016
2760   1011   1015
2762    662   1015
2763    989   1016
2764    995   1016
2765    871   1016
2770    629   1018
2771    970   1018
2772    611   1018
2773   1019   1020
2774    649   1019
2775   1007   1019
2776    157   1019
2777    587   1020
2779    673   1020
2780   1021   1022
2781    911   1021
2782   1020   1021
2783    900   1021
2784    913   1022
2785   1007   1022
2788    980   1023
2790    971   1023
2798    678   1026
2799   1001   1026
2800    625   1026
2805    737   1028
2808    336   1028
2811   1030   1032
2813    899   1030
2815    737   1032
2816   1022   1030
2828   1036   1037
2829    955   1036
2830   1028   1036
2832    949   1037
2834   1012   1037
2835   1038   1039
2836    966   1038
2837   1030   1038
2838   1018   1038
2839    948   1039
2840   1032   1039
2841    915   1039
2843    847   1040
2845   1012   1040
2853    645   1043
2856     14   1043
2863    198   1047
2866    711   1047
2867   1048   1049
2868   1010   1048
2869   1043   1048
2870      8   1048
2871    992   1049
2873    625   1049
2874   1050   1051
2875   1015   1050
2877    949   1050
2878    995   1051
2879   1047   1051
2880    260   1051
2898   1057   1059
2900     76   1057
2902    984   1059
2905   1023   1059
2906   1060   1061
2907    660   1060
2908   1050   1060
2909   1012   1060
2910    725   1061
2911   1047   1061
2912    236   1061
2942    960   1071
2950    346   1073
2953    908   1073
3006    681   1091
3007    920   1091
3020   1096   1097
3021      0   1096
3022   1091   1096
3023    658   1096
3024    573   1097
3026    119   1097
3028    862   1098
3029   1057   1098
3030    529   1098
3034   1100   1101
3035    139   1100
3036   1071   1100
3037    529   1100
3038    667   1101
3040    874   1101
3050   1105   1106
3051    866   1105
3052   1073   1105
3053    640   1105
3054    977   1106
3056    701   1106
3067    862   1109
3070   1057   1109
3077    678   1113
3080    806   1113
3083   1071   1115
3084   1113   1115
3098   1120   1121
3099    842   1120
3100   1109   1120
3101    959   1120
3102    977   1121
3104     52   1121
3105   1122   1123
3106    854   1122
3107    796   1122
3108   1113   1122
3109   1101   1123
3110    817   1123
3111   1115   1123
3112   1124   1125
3115    410   1124
3116    978   1125
3118    408   1124
3119    292   1125
3121   1127   1128
3122    457   1127
3123   1125   1127
3124   1106   1127
3125    557   1128
3126   1124   1128
3127   1073   1128
3139   1133   1134
3141    147   1133
3142     61   1134
3144    243   1133
3145    938   1134
3146   1135   1136
3147    912   1135
3149    640   1135
3150    884   1136
3151   1131   1136
3152    866   1136
3153   1137   1138
3154   1135   1137
3155   1133   1137
3156    143   1137
3157   1131   1138
3158   1134   1138
3159   1071   1138
3162   1140   1141
3164    140   1140
3165    149   1141
3167    134   1140
3168    568   1141
3169   1142   1143
3173    907   1143
3176    220   1143
3178   1145   1146
3179   1098   1145
3180   1140   1145
3181    698   1145
3182   1059   1146
3183   1141   1146
3184    791   1146
3185   1147   1148
3186   1097   1147
3187   1143   1147
3188    277   1147
3189   1091   1148
3190   1142   1148
3191    928   1148
3241   1164   1166
3243   1007   1164
3245    156   1166
3246   1032   1164
3248    692   1166
3249   1167   1168
3250   1028   1167
3251   1164   1167
3252    163   1167
3253   1037   1168
3254   1166   1168
3255    553   1168
3256   1169   1170
3259     58   1169
3260    460   1170
3262    180   1169
3263    300   1170
3265   1172   1173
3266    923   1172
3267   1170   1172
3269    885   1173
3270   1169   1173
3271     52   1173
3273   1174   1176
3275    916   1174
3277    681   1176
3280   1142   1176
3282   1040   1177
3283   1174   1177
3284    952   1177
3370   1205   1206
3372    177   1205
3373    254   1206
3375    300   1205
3376    826   1206
3393   1212   1213
3394    882   1212
3395    995   1212
3396   1205   1212
3397    473   1213
3398    989   1213
3399   1206   1213
3446    311   1229
3449    310   1229
3475   1238   1239
3476   1142   1238
3479    524   1239
3480   1229   1239
3777   1332   1333
3780    938   1332
3781    500   1333
3783   1131   1332
3784    240   1333
3786   1335   1336
3787   1239   1335
3788   1333   1335
3789    195   1335
3791   1332   1336
3792    821   1336
3794   1337   1339
3796    909   1337
3798    821   1339
3799   1043   1337
3801   1049   1339
3818   1345   1346
3819   1337   1345
3820     69   1345
3821    792   1345
3822   1339   1346
3823    339   1346
3824    195   1346
3842   1352   1354
3844    460   1352
3846    198   1354
3847     58   1352
3849    910   1354
3850   1355   1356
3851     47   1355
3852   1352   1355
3853     61   1355
3854    821   1356
3855   1354   1356
3856    938   1356
3921   1377   1378
3925   1172   1378
3927   1109   1377
3928   1121   1378
3946   1385   1386
3947    922   1385
3948   1378   1385
3949    701   1385
3950    647   1386
3951   1377   1386
3952   1023   1386
3978   1395   1396
3980    587   1395
3981    214   1395
3983    422   1396
3984    215   1396
3994   1400   1401
3995   1395   1400
3996    440   1400
3997   1177   1400
3998   1396   1401
3999    358   1401
4000   1176   1401
4114   1437   1439
4116   1238   1437
4118   1229   1439
4119   1174   1437
4121    738   1439
4122   1440   1441
4123   1040   1440
4124   1437   1440
4125   1000   1440
4126   1036   1441
4127   1439   1441
4128    284   1441
4154   1450   1451
4155    147   1450
4157     61   1450
4158    538   1451
4160    460   1451
4170   1455   1456
4171    862   1455
4172    134   1455
4173   1450   1455
4174   1377   1456
4175    648   1456
4176   1451   1456
4179   1458   1459
4181    907   1458
4182   1131   1459
4184   1238   1458
4185   1336   1459
4186   1460   1461
4187   1000   1460
4188   1458   1460
4189    816   1460
4190   1026   1461
4191   1459   1461
4192   1115   1461
polygons 447
0   1540   2451   2454   2655   2657
3     16     17   1540   2853   2869   2870
4     16   2454   3007   3021   3022
5   2573   2656   2657   2853   2856
7     32     33     34   2576   2655   2656
10   1584   1586   2628   2746   2868   2870
11     17   1584   3021   3023
13   1586   1660   3006   3022   3023
15   1214   1218   1658   1660   2625   2628
16   1049   2744   2856   2868   2869
17   1042   1048   1049   2573   2576
18     32   1045   1048   1218   1221
19     34   1220   1658   2451   3006   3007
21   1042   1045   2625   2744   2746
22     33   1214   1220   1221
23   3844   3852   3853   4154   4157   4160
27   3260   3267   3921   3925   4160   4174   4176
28     84     85   3259   3270   3271
29   3256   3259   3260   3844   3847
30   3104   3265   3271   3925   3928
31   2578   2584   3067   3100   3101
32     85     93   2580   3098   3101   3104
33     93     84   3847   3851   3852
34   2578   2580   2583   3851   3853
36   2583   2584   4157   4171   4173
37   2574   2659   2664   2898   2900   2902
38    101    102   2571   2573   2574
39   2001   2414   2853   3796   3799
40   2023   2413   3796   3819   3821
42    102    111   2856   3799   3819   3820
43   2413   2414   2662   2902   3182   3184
44   1172   1718   2028   3820   3821
45    111    101   1172   2900   3029   3030
47   1486   1492   2615   2619   2770   2771
48   2380   2770   2813   2837   2838
49   1491   1492   1547   1549
51   2394   2458   2459   2781   2783
54   1547   2392   2459   3946   3947   3950
56   1729   2420   2458   3947   3949
57   1549   2619   2790   3950   3952
58   1853   2602   2604   2649   2652
60   2420   2427   2780   2781   2784
61   1729   1853   1855   2427   2429
62   2429   2602   2784   2816   2836   2837
63   1486   1491   2377   2380   2392   2394
67    177   1410   2077   2579   2580
68   1307   2641   3102   3104
69     85    181   1307   3020   3021   3024
70   2638   2641   2644   3024   3026
71    177    189     17    181     93
73    189   1410   1584   2702   2704   2705
75   2638   2642   3098   3099   3102
76   2523   2524   2579   3099   3101
77   2523   2642   2644   2718   2721   2724
78   2705   2723   2724   3020   3023   3026
81   2077   2524   2704   2720   2721
82   2583   2942   3142   3158   3159
83   1716   1718   3035   3037
84    218   3035   3036   3153   3156   3159
85   3139   3141   3142   4155   4157
86   2584   2942   3028   3030   3036   3037
87    224    225   4155   4172   4173
88    229    224   3164   3167
89   3028   3167   3179   3180   4171   4172
90    218    231   1716   3164   3180   3181
91    229    231    225   3141   3155   3156
92    232   1242   3245   3254   3255
93    232   2399   2401   3162   3164   3165
94   1242   1290   3165   3168
95    246    247   1923   1925
96    224   1293   1294   1554   1923   1924
97   1924   1925   2774   2776
100   1289   1294   3162   3167   3168
101    246   1289   1290   1293   3249   3252   3255
102   2401   2740   3241   3243   3245
103    247   2775   2776   3243   3251   3252
104    229   1554   2399   2740   2774   2775
107   1856   2649   2658   2663   2664
108    272    273    947   1853   1856   1859
109    273    886   1153   1780   1781
110    886   1859   2543   2602   2603
111    284   1540   1998   2001   2004
112    292    293   1920   2002   2004
114    295    272   1153   2451   2479   2480
115    295    947   2654   2655   2658
119    303   1920   2495   2540   2603   2604
121   1779   1780   1989   2478   2480
122    292    303   1784   1988   1989
123   1779   1781   1784   2540   2543
124    284    293   1988   2454   2478   2479
125   1998   2002   2495   2652   2662   2663
126    313   1079   1086   1109   1802   1803
127   1800   1803   1806   3781   3788   3789
128   1086   2513   3846   3855   3856
129   1109   2024   2412   2413   2416
130   1806   2027   3818   3821   3824
131   2412   3794   3796   3798   3849   3854   3855
133   3786   3789   3792   3798   3822   3824
134    313   2416   3846   3849
135   1932   2108   2210   2716   4187   4189
136   2210   2843   3282   3981   3995   3997
139   3273   3280   3476   4116   4119
141   2405   2411   4181   4188   4189
143   3169   3173   3476   4181   4184
145    363   3169   3176   3280   3984   3998   4000
146   2405   2409   3173   3176
148   1932   1935   3978   3981   3984
149    363   1935   2108   2409   2411
150   4116   4124   4125   4184   4187   4188
151   2578   2579   2942   3080   3083   3084
152   1172   2298   3034   3037   3040
154   3028   3029   3067   3070
155   2192   2196   2900   3070   3099   3100
156    101   2133   2196   2232   2526   2527
159    111   2133   2297   2298
160    892   2178   2318   2424   2425
161    382   2425   3144   3147   3154   3155
162    389    390    382    892    895
163    391   1081   3781   3784
164    395    398    391    895   2178   2180
165    389    395   1079   1081   1083
166    390   1083   2513   3139   3144   3145
167   2331   2424   3146   3147   3150
169    398   2332   3150   3151   3777   3783   3784
171   2180   2318   2331   2332
173   1432   2352   2434   2435   3373   3397   3399
174   1920   2324   3372   3394   3396
176    419    303   3370   3372   3373
178    419   2352   2538   2540   2542
179   2435   2542   2839   2841
180   1432   2326   2618   2771   2772
181   2434   2772   2835   2838   2841
182   2325   2878   2880   3394   3395
183    433   2549   2874   2877   2880
184    438    433   2322   2325   2328
185    438   2440   2444   2549   2564   2565
186   2443   2565   2743   2744   2747
187   2564   2747   2760   2875   2877
188    998   2625   2680   3397   3398
191    998   1045   2326   2328   2444   2446
192   1528   1729   3050   3053   3056
193   2270   2329   2333   3150   3152
194   2456   3266   3925   3947   3948
195   1307   1308   2333   3269   3271
199   1308   2270   2641   3050   3051   3054
200   3054   3056   3102   3928   3948   3949
201   2714   2717   2748   2760   2762
202   2690   2711   2714   4122   4125   4128
203   2832   2834   2877   2908   2909
204   2208   2843   2845   2907   2909
205   2566   2829   4126   4128
207   2562   2566   2690   2747   2748
210   2196   2199   2574   2577
211    486    487   1048   1621   2445   2446
212    102   1049   2130   2133   2442   2443
213   1617   1618   2130   2232   2233
214   1615   1618   1621   2470   2473   2476
215    487    496   2474   2476
216   2233   2473   2525   2527
217    501    496    486   2571   2576   2577
219    501   2199   2470   2474   2525   2526
223   1301   2696   3375   3395   3396
224   1760   2696   2866   2878   2879
226   1301   1760   1762   3260   3263
227    292   3256   3262   3263   3372   3375
228   1762   2863   2866   3842   3844   3846
230    524   2002   2324   2325   2416   2417
231    313    524   2863   2879   2880
234    526   2004   2417   3842   3847   3849
235    293    526   3259   3262
240    537   1153   3449   3479   3480
241   1780   1782   3479   3784   3787   3788
243    544   3446   3480   3787   3789
244   1081   1692   1694   1801   1803
246    391   1693   1694   1781   1782
248    553    554   3446   3449
249    554    273    537   2044   2045   2048
250    544    553   1806   2048   2049
251    886   1692   1693   2045   2046
253   2039   2040   2054   2286   2287
254   1841   1842   2054   2307   2472   2473
255   1842   2043   2233   3106   3107
257   2472   2521   2525   2719   2721
258   1648   1649   2286   2704   2707
261   1293   1510   1843   1844
262   1289   1292   1507   1510   1513
263    438    584   1243   1290   1292
264    584   1513   1619   2444   2445
265    588   2808   3250   3252
266   1243   2549   2832   3253   3255
267   2119   2568   2808   2829   2830
268    588    246   1617   1843   1845   2118   2119
269   1507   1615   1619   1844   1845
270   2126   2873   3798   3801
271   2714   2799   2800   2871   2873
272    596   2690   2871   3801   3822   3823
273    544    597   3823   3824
274    596    597   3446   4118   4127   4128
275   1525   1528   2426   2427   2430
276    537    272   1706   1708
277   1859   2045   2426   2429   2432
279    612   1261   2950   3125   3127
280    947   1707   1708   3121   3122   3125
281   1855   1856   3056   3122   3124
284    623    612    624   2048   2050
285    625   2044   2050   2430   2432
286    623    625   1525   2950   3052   3053
287    624    554   1261   1706   1707
289   1355   2419   2425   2777   2781   2782
290    382    629   1355   1557   1558
291    632    629   3141   3144
294    636   1525   3149   3154   3156
295    231    636   2399   2430   2431
296    632    225   1553   1554   1557
297    641   2142   2173   2396   2397
298    642   2142   2679   3376   3398   3399
299    641    642   2284   2708   2722   2723
300   2679   2702   2707   2708   2763   2765
301   1301   2055   2056   2176   2395   2396
302   2051   2055   2287   2696   2764   2765
303   2173   2176   3370   3375   3376
304   2278   2283   2284   2395   2397
305   2270   2407   3173   3187   3188
306   2333   2335   2478   3185   3188   3191
307   3783   3791   4182   4185
309   1785   1989   2329   2332   2335
310   2480   3190   3191   3475   3476   3479
311   2407   3151   3152   4179   4181   4182
313    398   1779   1782   1785
314   1021   2046   2401   2431   2432
315    669   1716   2027   2028   2049   2050
316   1112   2024   3165   3183   3184
319    232   1021   1112   1801   1802
320    669    218    636    625
322   3142   3145   3850   3853   3856
323   1083   1086   2863   2911   2912
326   1761   1762   4158   4160
327   1761   1809   2866   2910   2911
328    629    390   1808   2910   2912
329    632   1808   1809   4154   4155   4158
331   1292   2621   2790   2905   3168   3182   3183
332   1512   1513   2619   2621
333   1294   1510   1552   4170   4172   4175
334    690    389   2756   2906   2909   2912
335   1557   1559   1807   1808   1811
336   1807   1813   2906   2907   2910
338    890    892   1355   3980   3995   3996
339    700   1558   1559   3980   3981
341   2558   2756   2845   3282   3284
342    690    890    895   2557   2558
343    700   1811   1813   2208   2210
345   2557   3284   3996   3997
348   1846   2433   2439   2815   2840   2841
349   2545   2839   2840   3241   3246   3248
350   2805   2815   3246   3250   3251
351   1697   2756   2834   3248   3253   3254
352   2439   3275   4114   4119   4121
353   1697   2542   2545   2556   2558
354   1846   2805   2830   4121   4126   4127
355    433    524   1109   1112   1242   1243
358    584   2328   2615   2618   2621
360   1263   1710   1846   1847   1850
361   1220   1711   1850   2437   2439
362   1260   1263   1602   1605
363     33    736    737   1260   1710   1711
364    736   1221   1431   1487   2770   2772
365    737   1487   1602   2378   2380
369   1605   1847   2378   2811   2813   2815
372   1410   1476   1649   2798   2800
373   3083   3157   3159   4182   4191   4192
376    177   1476   2126   3850   3851   3854
378    189   1476   2867   2870   2873
380   1595   2286   2759   2762   2765
382    760   1586   2705   2708
384   1595   1648   2717   2798   2799
386    760   2628   2679   2680
387    597    553    624   1333   1336   1339
388    596   1336   2117   2566   2568
389    766   1333   1337   2117   2119
390    767   1256   1261   1263   1337   1339
391    766    767   1847   2805   2808
393   1705   1706   1850   3449   4118   4121
395   2785   2811   2816   3243   3246
397   2381   2779   2782   2783
398    774   1631   1635   2773   2776   2779
399    775    767   1605   1635   1636
400    774    247    588    766    775
401    776   2644   3112   3115   3116
402    782    776   2281   2722   2724
403   2192   2199   2642   3116   3119
404    785    501   3112   3118   3119
405    782    786   3115   3118
406    786    785   2278   2281   2474   2475
407   2308   2470   2472   2475
408   1194   1760   1761   2055   2057
409   1194   1550   4158   4175   4176
411   1546   1547   1550   1980   2056   2057
412   2176   2462   3263   3266   3267
414   1980   2391   2392   2395
417   1612   2106   2110   2411   2950   2953
418    623    669   1612   3034   3035   3038
420   1591   1595   1813   2038   2039
422    921   2051   2054   2057
423    921   1194   1807   1809   2038   2040
424   1934   2041   2111   3105   3107   3110
425    774   1922   1925   1934   1937
426   1839   1843   1922   1923   2041   2043
427   1333   1614   2296   3038   3040
428   2117   2118   2130   2296   2297
429   1618   1839   1842   1845
430    775   1337   1614   1937   2110   2111
432   2638   3054   3116   3123   3124
434   2577   2658   2659   3119   3122   3123
436   1553   1559   1922   1924   1927
437   1811   1927   2037   2038   2041
439    921   1550   1552   1839   1841   1844
440   1490   1492   1512   1619   1621
441   1490   1491   1980   2283   2475   2476
444   1336   2296   2298   3818   3820   3823
445   1988   2335   3262   3269   3270
446   1308   3024   3186   3188
447    284    526     84    181     16
449    776    825   3026   3176   3186   3187
450    825   2409   2953   3115   3126   3127
454   2173   2177   2182   2318   2461   2462
456   1634   2777   2779   3978   3980   3983
458    835   1634   2381   2391   2394   2397
460   2142   2181   2182   3994   3996   3999
461    641    835   3983   3998   3999
462    839   1635   1637   1930   1935   1937
463    700   1927   1930   1932   1934
466    839    843   3983   3984
467    843   1631   1634   1637
468    844    487   1486   1487   1490
469     32    486    844    736
470    998   1218   1431   1432
473   2181   2183   2352   2556   2557
474    419   1784   1785   2177   2180   2183
475    395    690   1691   1694   1697
477   1021   1691   1692   3245   3248
478   2182   2183   3373   3376
479    786    849    850   1602   1636   1637
480    850    737    844    496    785
481    835    843    849   2281   2284
482    760    642   1660   3277   3999   4000
483   3006   3189   3190   3277   3280
484    363    839    849    782    825
485    850   1256   1260   3118   3125   3126
486     34    295   1705   1708   1711
488   1658   2437   3273   3275   3277
489    612   1339   1612   1614
491   1507   1512   1546   1549   1552
492   1528   2419   2420   3147   3149
493   1691   1693   2538   2543   2545
494    890   2177   2178   2181
495   2118   2442   2562   2565   2568
496   1591   2762   2875   2907   2908
497   1841   2037   2040   2043
501   1546   3950   3951   4174   4175
503   2322   2326   3393   3394   3397
506   1800   1801   2044   2046   2049
508   1042   2440   2443   2446
510   2798   3077   3084   4190   4192
511   2110   3038   3109   3110
512   1079   2513   3777   3780   3781
515   1800   1802   2023   2024   2027
516   1648   2037   2039   3077   3107   3108
518   1615   1617   2440   2442   2445
521   1718   3030   3179   3181
523   2001   2654   2657   2662   2664
524   1214   1431   2433   2434   2437
525   2287   2307   2707   2719   2720
527   1256   1705   1707   1710
531   1553   1558   2773   2774   2777
533   1855   2649   2788   3946   3949   3952
536   1649   2077   3077   3080
539   2126   2800   3792   4185   4190   4191
541   3051   3053   3146   3149   3152
542   2023   2028   3178   3181   3184
544   1591   2208   2711   2716   2717
545   1631   1636   2377   2378   2381
547   2051   2056   2283   2307   2308
548   2716   2843   4123   4125
552   2106   3110   3111   4186   4189   4192
553   3780   3791   3792   3854   3856
554   2329   2331   2461   3265   3266   3269
555   2322   2324   2495   2617   2618
556   1930   2106   2108   2111
558   1998   2412   2414   2417
559   3067   3927   4170   4171   4174
562   2521   2524   2527   3080   3106   3108
564   2232   2297   3040   3105   3106   3109
565   2405   2407   2953   3051   3052
566   3145   3157   3158   3780   3783
567   2391   2396   2456   2459   2462
568   2192   2521   2523   2526
571   2426   2431   2740   2784   2785
572   2278   2308   2718   2719   2722
573   2419   2424   2456   2458   2461
574   2377   2780   2783   2813   2816
575   2433   2435   2556   3275   3283   3284
576   2604   2617   2771   2836   2838
577   2479   3007   3189   3191
578   2615   2617   2652   2788   2790
580   2538   2603   2835   2836   2839
581   2562   2564   2828   2829   2832
582   2571   2654   2656   2659
583   2763   2764   3393   3395   3398
584   2680   2743   2746   2759   2760   2763
585   2663   2788   2902   2905
586   2743   2748   2867   2868   2871
587   2759   2764   2874   2875   2878
588   2702   2718   2720   2723
589   2711   2799   4186   4187   4190
590   2898   2905   3070   3927   3951   3952
591   2773   2775   2780   2782   2785
592   2828   2834   2845   4122   4123   4126
593   2828   2830   3249   3250   3253
594   2811   2835   2837   2840
595   3282   3283   4119   4123   4124
596   2867   2869   3794   3799   3801
597   2874   2879   2906   2908   2911
599   2898   3029   3178   3179   3182
600   3020   3022   3185   3186   3189
602   3034   3036   3083   3109   3111
603   3050   3052   3121   3124   3127
609   3098   3100   3921   3927   3928
610   3084   3105   3108   3111
612   3112   3121   3123   3126
613   3146   3151   3153   3154   3157
614   3139   3153   3155   3158
615   3162   3178   3180   3183
616   3169   3185   3187   3190
620   3241   3249   3251   3254
621   3256   3265   3267   3270
622   3273   3283   3994   3997   4000
628   3370   3393   3396   3399
630   3475   3786   3787   4179   4184   4185
631   3475   3480   4114   4116   4118
652   3777   3786   3788   3791
653   3794   3818   3819   3822
656   3842   3850   3852   3855
661   3921   3946   3948   3951
663   3978   3994   3995   3998
671   4114   4122   4124   4127
673   4154   4170   4173   4176
674   4179   4186   4188   4191
cells 64
0      0      3      4      5      7     10     11     13     15     16     17     18     19     21     22
1     23     27     28     29     30     31     32     33     34     36    559    609    621    673
2     37      5     38     39     40     42     43     44     45    521    523    542    582    599
3     47     48     49     51     54     56     57     58     60     61     62     63    533    574    576    578
4     32     67     68     69     70     11     71     73     75     76     77     78     81    588
5     82     83     84     85     86     36     87     88     89     90     91    521    614
6     92     93     94     95     96     97     88    100    101    102    103    104    620
7    107    108     58    109    110    111    112    114    115    119    121    122    123    124      0    125    523
8    126    127    128    129    130    131     40    133    134    512    515    553    652    653
9    135    136    139    141    143    145    146    148    149    150    548    595    622    663
10    151    152     86     45    154     76    155    156     31    159    562    564    568    602    610
11    160    161    162    163    164    165    166    167    169    171    512    566    613    614
12    173    174    176    178    179    119    180    181    503    555    576    580    628
13    182    183    184    185     21    186    187    188    191    503    508    583    584    587
14    167    192    193    194     56    195     30    199    200     68    492    541    554    573
15    201    202    203    204    205    187    207    496    544    548    581    592
16     17    210     38    211    212    213    214    215    156    216    217    219    508    518
17    182    223    174    224    226    227     29    228    230    231    112    134    234    235
18    240    241    163    243    127    244    246    109    248    249    250    251    506
19    253    254    255    216    257    258     81    497    516    525    536    562
20    261    262    263    264    185    265    266    267    268    269    101    495    518    581    593
21    270    271    243    272    202    133    273    150    274    539    589    630    631    671    674
22    275     61    276    249    108    277    279    280    281    284    285    286    192    287    603
23    289    104    290    291    275    294     91    295    296    161     60    492    531    571    591
24    297    298    299    223    300    301    302    303    304    525    547    572    583    588    628
25    121    241    305    169    193    306    307    143    309    310    311    313    616    630    652
26    314    285    315    316     93    319    320    295     90    506    515    542    615
27     85    322     23    228    128    323    326    327    328    329    166    291    656
28    331    154     57    332    333    100     89    262    491    501    559    590    599    615
29    162    334    328    290    335    336    338    339    341    342    343    204    136    345
30    348    349    350    351    179    352    353    341    354    575    592    593    595    620    671
31    129    355    125    331    230    184     43    316     94    358    263    555    558    578    585
32    360    361    362    363    364    365    348     48     22    369    181    524    594
33    322     82    372    307    373    376     34     67    151    510    536    539    553    566
34    372     73    378    380    271     10    258    382    384    201    386    300    584    586
35    387    388    389    390    391    360    267    393    274    205    354    287    248    527
36    395    103    391    369    265    350    397    398    399    400    545    574    591
37     77    401    402    403    404    405    406    257    219    407    568    572
38    408    326    409    411    412    226    414    194     27     54    301    501    567    661
39    311    417    286    373    418    141    294     84    320    511    541    552    565    602    613    674
40    224    336    380    253    302    408    420    422    423    327    496    587    597
41    424    425    426     95    427    428    213    255    429    430    389    400    268    511    564
42    155     37    432    210     75    403    107    200    281    434    533    585    590    609    661
43    436    437    335    439    261    426    423    333    409    296     87     96    329    497    673
44    429    439    269    440    422    254    411    441    214     49    407    491    547
45    428    212    388    272    444    159     42    207     16    186    495    586    596    653
46    445    195     28     69    446      4    235    124    447    306    577    600
47    401    432    199    305    446     70    449    450    146    565    603    612
48    454     51    297    289    160    456    397    458    338    460    461    494    567    573    663
49    456    398    462    148    463    339    425     97    436    466    467    531
50    468    440    211    191    358    364     47     18    469    264    470    332    180
51    353    178    473    474    246    475    123    164    342    313    493    494
52    351    334    266    355    475    231    323    126     92    244    203    183    319    477    165    597
53    445    227    122    474    309    412    171    454    478    303    176    554    621
54    270      3    378    447     71    376     33    111     39    131    234    558    596    656
55    424    384    135    437    420    343    463    510    516    544    552    556    589    610
56    441    406    479    480    468    215    365    414    304    458     63    481    467    545
57    482    483    466    299    382    449     13    402     78    461    145    484    481    600    616
58      7    280    434    363    480    485    404    469    217    486    115    527    582    612
59    477    314    102    277     62    251    349    395    110    493    571    580    594
60    139    483    393    488    352    361    276    240    114    486     19    310    577    631
61     15    482    478    473    460    488    345    470    173    298    188    386    524    575    622
62    387    489    427    130     44    418    315     83    444    273    284    152    250
63    149    484    450    390    489    279    362    485    417    479    405    462    430    399    556
