vertices 383
     0 0.92921092355510 0.01834923618602 0.99078475151093
     2 1.31633396071697 0.19255740847678 1.52401228417607
     8 0.81760936574680 3.90808884106474 0.99286596897423
    11 0.17977155627574 0.30661229864015 0.98315517811170
    14 0.77837657288209 3.72090817018960 2.08400679762475
    16 0.22167488793224 0.30016909196102 2.24375725884394
    18 1.06788132663094 0.64891393382907 1.85179087931112
    36 3.82697592435178 0.24717892092219 1.62905064632559
    37 0.41388248657494 0.77114181091089 1.95030523345606
    41 0.16515473817101 0.43956385105223 2.19351939685618
    47 1.36144240038862 3.46216579557076 0.49544386445263
    52 1.58367858941758 0.35796998617354 0.12884263690008
    58 1.77812836928110 3.87599503949726 0.80354076291314
    59 1.45406551183591 3.86887514510545 0.62636950363435
    61 1.80456846103629 2.97743855477705 0.01171291673963
    69 0.96231702367303 3.04814285001765 2.61428566437816
    72 0.85998804090232 3.25412434333131 2.61025267830506
    76 1.08562152783185 3.78277244909444 2.84994339956023
    98 3.01631548147374 0.33889882432937 3.26994679413695
   115 0.97023165955253 3.38396342983120 0.66003361028534
   119 0.71180992044855 0.59139466819658 0.01858317999009
   134 2.54093876660588 2.82997653820985 3.14816855358635
   136 2.57988380940058 2.48760744136458 3.30791991304999
   139 1.57522063888008 2.29701024774612 3.00740056778966
   140 2.33046913504823 2.33253860611629 3.02443774148650
   143 1.93325188787112 2.08686135430794 3.13543182339789
   147 2.45833562804301 2.49950980427874 3.81932020190416
   149 2.57889801837205 2.70225530145922 2.18067478878611
   152 3.34174949545722 2.81708813103958 2.93986825095374
   156 2.56807017873624 2.24824595807276 2.15454520614793
   157 3.40415209272475 2.28253632582980 3.01905470802183
   163 3.49110542464952 2.41984969391775 2.68374656331074
   169 1.83906474076235 1.28637967542408 2.12584616091933
   171 1.24620018997322 1.06586046591468 2.11120421949900
   174 2.22836408744198 0.82667919901774 1.43292177594471
   177 2.18896221089144 0.39179627389766 1.37120885673736
   180 1.98922845361717 0.36431288332236 1.24733641351745
   185 1.77839897608109 0.10369374183999 1.35827950553637
   191 1.35002518816737 1.21066658332324 2.01323649544530
   195 1.16056035752983 2.38459939562808 1.93379235120254
   198 2.37675505495008 3.01908435701259 1.19817810267643
   199 2.39423689051889 3.15418480122649 1.53698634068612
   214 3.73439589330759 2.06361149744691 0.30835328201383
   215 0.13530614638643 1.46774933262479 3.91416676519725
   220 0.44382311913982 1.40137051261572 3.95700985026117
   230 2.66842661823471 1.80095643519884 0.11190471020287
   231 2.20022183965634 2.08982244704507 1.15193213740648
   235 2.07053190854187 1.38381967049417 0.76141170230269
   236 2.47251722355127 2.33456405830250 0.86897487325988
   240 1.93025971449271 1.78195287387783 1.04969778429543
   241 2.50219446711907 2.13681826084806 0.96251115321938
   243 2.52245708928328 2.28258341371843 0.08982800404843
   254 2.92714724520601 0.86976830687133 1.11885214027230
   260 2.74281572572538 3.23750296592094 1.55942608754104
   261 2.97512969922364 3.09003071622988 1.81515282912357
   264 3.09130221286662 3.46220543208824 2.04839577790222
   277 1.49652553120782 1.01955908732325 0.30238074074738
   284 0.38387218521791 2.46002279041092 1.76275873778189
   288 0.15992013152274 0.40193531174336 2.82336747753066
   290 3.82663150579567 0.17551101441892 2.85940687641527
   291 3.99406223454865 3.29264609417382 3.12337401195678
   292 0.89956125589477 0.18527483577213 2.84757225789822
   295 0.05121764119824 0.39854679757542 2.65795764927322
   300 2.75917542033298 0.11565524953597 0.56198006756225
   310 1.00157338548622 1.55204564225619 2.11235432407143
   311 0.96659134069437 2.18857333573151 2.00033352623431
   315 1.06866573043572 1.85811449744216 2.29687767292921
   332 2.95046957206594 3.42544023831424 2.42225083712752
   336 3.88149320929179 2.29798913294151 2.49337780256668
   339 0.78247160261498 2.43221007136621 2.02781200068835
   343 1.91411135367995 1.82921678849729 2.92432003396222
   346 1.11908149404991 1.92049329905406 3.02853728337297
   347 1.52308771503039 2.04572347536492 2.90356585887851
   354 0.86692805442842 1.82190270878195 2.65579240878810
   356 2.65474466192278 2.40830551167265 3.99250186891312
   358 3.57772469757380 0.83567506417202 0.45804919693122
   364 0.02486372547435 0.27845999825056 0.82536222697929
   365 3.60750507866768 0.78549860131351 0.02611628104028
   376 2.98747748982125 2.05296393914232 1.29083528258197
   380 3.46401182451045 2.46021170403526 0.03758503921445
   394 0.16265583341470 1.11534939447713 2.81726192769466
   396 3.99972386028039 0.53164268329105 2.59079087568861
   399 0.12265155314850 1.49656354866667 2.63225164698334
   403 0.14404678325543 1.99424676703507 2.80148226970703
   405 3.94893500761439 1.98757367453614 3.14932203371746
   406 0.18980498824584 1.04802910096860 3.61316448169657
   408 0.30438396561031 0.96994000298302 3.07810127025554
   410 0.43473833134459 1.07724856377646 3.69351913846524
   413 3.09807903799466 3.50647832009490 3.86020875970679
   422 3.67643390551653 1.17842664562066 3.91021906486580
   425 0.00390547385733 1.27863937577541 3.70060384302039
   429 2.89064418991448 0.05615359397530 2.90085093127386
   432 2.11764586241407 1.16948201641723 3.06164630554642
   436 2.03063377524913 1.26600704528706 1.80469004309306
   439 2.67194470360913 1.63487044352833 0.51085723994913
   440 3.29009615133377 1.39834795616652 0.73229615355139
   447 3.44410212551545 3.35128133854331 3.83922411358658
   457 1.47470678906248 0.73955672522994 2.48261920242662
   460 2.38428424912616 3.62424385197260 0.38115602685500
   473 3.44890967029749 0.30073511945904 1.61785204539241
   481 2.26440626467294 2.08571224852599 1.86167359432579
   488 0.03929057860300 3.85002825140597 1.97587274150583
   489 0.18060983240888 3.68160677984134 1.92143169982955
   500 2.10734966220552 2.21665091663011 1.13154254480783
   502 2.21532614426340 2.40444796898579 0.97781687987443
   510 2.22667039524182 2.87905058897369 1.82888090276893
   513 3.97324271688119 3.12574621795190 0.43758952925505
   519 0.13970550313674 3.05218700505074 2.52514603833040
   524 1.43639889878963 1.16254883041443 1.50441824011752
   529 1.43924285123427 2.83799652213159 2.97196624546986
   538 2.76242029769600 3.33320759559040 0.08924221428119
   544 0.15699821334690 0.77928003208029 1.62431459127147
   545 3.87359040689159 0.46834534345323 1.76372022055171
   553 2.88343323356369 2.78919892774633 2.14712018033688
   557 0.76830586472898 1.50876393740236 2.60617606855943
   559 0.31767091118135 1.37197584487553 2.58445581762660
   568 2.87225006555008 3.02955515852382 2.47649001318585
   569 3.09585213063276 3.02156605194224 2.88113991936686
   571 2.90092176599616 3.83020963631705 0.52302195972704
   573 1.41213256971302 0.57256237830063 0.08317187351264
   581 0.49070617602896 2.52129939918170 2.46873889314617
   582 0.54173115696090 2.15088089784431 2.77778871599014
   587 2.91037810007099 1.80514281695094 3.97688208762178
   605 0.71352715931347 3.33650630332920 0.35330331877451
   611 3.48264773995460 0.55133443398105 1.76760430585988
   625 0.93460281607349 3.02952006139288 0.92224041716094
   629 3.25329940881002 0.67172874394331 2.65832471338395
   630 3.14964281606677 0.31984842543147 2.96285792682689
   635 3.13814489862153 3.13448837915260 2.92642615196074
   636 3.14380322456061 3.47692291531762 2.66323324100942
   640 1.87738135914047 1.47941441611990 3.29023775966484
   645 1.31272520154828 0.06369914226152 1.74673093754345
   647 2.78286333446836 0.07443768137859 3.14281692142298
   648 2.80852421851960 3.51930012247163 3.44726557725027
   649 2.94134437696756 2.30585471684827 3.33114995839957
   650 2.93707431175742 2.24560292932575 3.85340222323961
   658 0.51035488072253 0.20325622021989 0.83513858017797
   660 3.61279556564826 2.61548423685587 0.62464849987302
   662 3.91758536875777 2.95873223229511 0.70251159344102
   663 3.99691689594242 1.25765770457752 2.83811619237034
   667 0.73203391315660 2.28109221178000 3.14766766233659
   668 3.82979138653462 3.22533041170441 2.83202552988554
   669 3.66294620783929 3.56502446566403 2.59951129796691
   673 3.22229749938123 1.30525888872096 3.43684622307691
   674 3.83932158897012 1.44481977105090 3.26523137563959
   678 0.54877851180305 3.05557126216105 0.36023144750583
   681 0.33157659516531 0.70525297636836 1.14375518192066
   691 2.34390931476819 1.94830766410192 1.69013463839844
   692 2.77551729544009 1.91685509639268 1.70434828313139
   695 0.89048781781367 1.41414349477322 2.20978972971300
   696 0.44295520555887 1.27578039121888 2.14194520229080
   698 1.59377887382398 2.73305087265612 2.84187240868786
   701 1.93431632336189 0.87445159478473 3.02120442270478
   711 2.65302554999656 3.54220012856583 0.44254378928023
   717 1.76303821416179 1.20145835855631 1.45740453420168
   718 1.94608297373713 0.98831219936040 1.29074690973404
   723 2.03249713370971 2.39623368716203 1.66138212297041
   724 1.46075491233763 2.40172790657922 2.06808965629700
   725 2.93772504293878 2.75086006583156 0.26260553509905
   726 3.44225061484252 2.66143598574367 0.18293652080710
   735 3.68437020501915 3.08622497717808 3.37707907327002
   736 3.44628738227909 3.00844343232732 3.00052617237144
   737 3.81023960957274 1.65625675535116 2.19094647742804
   738 0.10473958318337 1.49300434395649 1.81287186837580
   739 1.89085355061532 0.76909913970376 2.55959618463941
   740 2.05397309133839 0.98099176879122 2.42711108898165
   758 2.18908149183312 0.13510179630072 1.67934813321370
   760 3.32554591524657 2.48439946150988 3.16760831534576
   761 3.71856634581704 2.56300870678499 3.61200691413042
   762 0.21076348441547 1.89080570048354 3.90056288784963
   764 0.14883662417392 2.17120949343045 3.51902800800114
   777 3.29746585074701 0.27743772260250 3.71137313474986
   780 1.81033000737041 0.88250114914298 1.21965779619448
   783 1.72080751367600 3.89685661186273 1.79325166781956
   784 1.88609825034128 3.93303716395628 1.60502494551315
   791 1.91196025669019 3.14453831506843 2.14419615414935
   792 1.49764246174078 2.78871542318148 2.31738508222747
   795 3.64332027115488 2.95442813713778 0.02059344556673
   796 3.80939849115460 2.80210166026153 3.63422918214098
   797 1.87647022921201 1.71519088471959 2.30651557943681
   798 1.47967786184459 1.97456496488805 2.38386661812972
   799 3.51966373714328 3.67016851694471 3.98636887745183
   800 3.24791273488167 3.76224229370582 3.98811955153696
   806 0.91066072431385 3.31947656949837 3.95180961279391
   816 0.55348076745766 1.95416857193696 3.95324110923964
   817 0.49781666260192 2.28149725739285 3.49441356385385
   819 0.15731895761844 2.57658170546942 2.36367420226038
   821 1.30604044786113 2.83704112199962 1.03635089483534
   822 0.58304478573309 3.05600470034672 2.74231029811396
   826 3.11370178640192 0.74505505265751 0.62648525823249
   837 2.91188019855718 0.54461469384709 0.26888637573341
   838 2.49327820521718 1.38680999709165 0.53369738268340
   839 3.00386601232176 1.02990963527713 0.76619255057317
   842 1.10457789139517 3.95232169117469 3.45952207872807
   844 0.95231524146670 3.90191818338819 3.04480837082549
   847 3.80305273250726 2.23850235007254 0.68253026303333
   854 0.40947048657347 3.19486343928765 3.14575647040104
   862 1.75960079042601 3.30291302663809 3.34690557753525
   866 1.59054452259275 1.47668549428262 0.09428997499516
   869 3.72704457312202 0.26302565824212 3.65940214075409
   870 3.88047926782798 0.56722764341094 3.88101315779585
   871 3.82525306607966 3.62336349662481 0.44394729588883
   874 0.67715739806055 2.89956435079908 2.72891800246825
   877 3.85857243300078 3.99214918843662 3.76034463480944
   881 2.33258256465853 1.29535060513676 0.27226622905963
   882 2.76512648218419 3.81898239722890 1.63805317826582
   883 2.91946494307137 3.86448242133851 1.85621654325895
   884 1.92917805063823 1.27997239700165 0.43839249654221
   885 1.76210088830505 0.97578044957282 0.47954312487389
   890 3.18838818609531 1.17774130799243 1.52624579933604
   899 3.23425115354060 0.95538095988352 2.73909121806845
   900 3.01598792398614 1.11628188426685 3.30930338201841
   903 2.90996813254517 0.72845803711985 3.49438952880066
   904 3.19407815048967 0.55446728020048 3.86507594854344
   905 2.43782591569861 1.99670384058806 2.71056713892182
   907 0.86419045026816 1.74990950436452 0.21307288372208
   908 0.71362250833245 1.79318284102498 3.94783752268587
   909 1.74438411519517 3.43803329464825 1.80312905611909
   910 1.97594602784511 3.47034932197847 1.53542102925346
   911 2.59609045556610 1.10908383220505 3.45532310747912
   912 2.38677446917529 1.50355324230047 3.96385433342963
   913 2.21289470340906 1.26706568207264 2.80328180544856
   914 2.07949516488930 1.70868418221620 2.71012813100708
   915 3.31239551331432 1.11813319404221 1.65604034496793
   916 3.93894781310452 1.25805068663145 1.56720502494540
   917 3.97607287351445 3.43774999701744 2.06152505342662
   918 3.81689263037010 3.57138508776322 2.13173783016156
   920 1.14111985235769 0.62482425947186 1.58108292669911
   922 2.63353932820710 0.78738522414054 3.55790323913412
   923 2.53039328034853 0.72656912359409 0.05428588048467
   926 0.10654849665078 3.77358919513744 3.26434609895947
   927 3.94123105322525 0.18298474718944 3.01157514351759
   928 1.39557704521379 1.01169242123383 1.40988453723889
   933 2.26287058281610 0.37636118323811 2.22451361986541
   938 1.80458903440901 2.49622676393588 0.59506155430333
   941 0.76452726509985 3.73312137676099 3.62532159754607
   942 0.57222521235514 3.65627165652114 3.27980216096502
   946 2.28244211818175 1.02115610175359 1.80526898158662
   948 2.98297693817856 1.29846185731070 1.76254803628977
   949 3.23461459594529 2.92462827213901 1.64021765080452
   952 3.36732153726639 1.52259783037127 1.04930257867451
   954 3.88603747248586 3.12593798060671 1.78046698469369
   955 0.09306553644575 2.54681248316173 1.99350436511221
   957 0.85565139492490 0.08113839930307 2.22973353420710
   958 1.03582537304884 0.08545080955273 2.62783815974241
   959 1.26584495070404 3.38054449058395 3.95316736306394
   960 1.51834184988788 3.07781023850801 3.77827673884021
   966 2.31179195756621 0.82983677833343 2.20787503968425
   970 2.63286544992360 0.21025814081356 2.32028111418430
   971 2.59693468287051 0.04012278375606 2.53778894566195
   972 3.98919967628804 0.11504822267768 1.21587846588595
   977 1.43719135137543 0.46980031118653 3.69727989349919
   978 1.15591302108056 0.39985914277013 3.57201618251405
   980 2.06350782042992 0.31456771066001 2.42013841487429
   982 1.18759061936210 0.28223120344258 2.03069250850115
   983 1.40184594322961 0.31859862298864 2.34962229505486
   984 1.83498389758865 0.12788705120253 2.33155172079316
   989 3.81111600943993 0.09195806038936 1.01537640125902
   992 0.43736693429147 2.91758319534445 1.32244467435135
   995 3.10676644777317 3.78810162200215 0.91884065750591
   997 0.21984479550762 3.92956464282496 0.35917932060697
   998 0.24035924630694 0.13022325431558 0.49354788963504
  1000 0.27226148025728 2.30881332136910 0.84269854767888
  1001 0.35524702652077 2.74005072628611 0.87095078956215
  1002 0.23815070691556 0.06895254872938 0.11810876743082
  1003 0.25076273360544 0.22592830686256 0.17897316258395
  1007 2.79454100193366 1.82722922031554 2.77640077868277
  1010 0.24012374874779 3.62337288757549 1.55735798393681
  1011 0.06476992938546 3.25439490955968 1.47190122323461
  1012 3.19815239950608 2.27072042478143 1.29987792890158
  1015 3.72465054848369 3.25933860830820 1.07262477030439
  1016 3.64384078893317 3.71017128187827 0.86227447576533
  1018 3.06917523710851 0.66586154186211 2.35592360069933
  1019 3.03750387111322 2.00979136396728 3.12365010915750
  1020 3.03937058751560 1.43951946564325 3.43503997332483
  1021 2.89747397102323 1.22063980910459 3.30748611003054
  1022 2.72598548576851 1.33838413926893 2.84391143346672
  1023 2.18832272788724 0.11233024545669 2.62057610300517
  1026 0.64480792843225 2.80674033915869 0.68433233741766
  1028 3.73106739641808 2.14851295741704 2.21067578578915
  1030 3.02165912137068 1.11397076070543 2.51231163948311
  1032 3.21204593119324 1.46003522805436 2.19688164420281
  1036 3.84187761531185 2.29188465055114 1.93947757420411
  1037 3.28766538605600 2.49361331550636 1.75723382302691
  1038 2.93681414467844 0.95886850119713 2.32032874099784
  1039 3.10440892067657 1.24329579633267 1.91364622950899
  1040 3.66536865622844 1.98328279865946 1.06872013067659
  1043 0.98460392504103 3.66418126181764 1.79288563455011
  1047 2.69489750720515 3.05550930535044 1.06184184121003
  1048 0.72038429028047 3.58852513320903 1.43944255452308
  1049 0.80704845735913 3.09667268631276 1.28915001590168
  1050 3.16064666207118 2.97713962566847 1.29416152901004
  1051 2.88201424487647 3.16691753870383 1.25664979166384
  1057 1.62372075656340 3.58704385608140 3.00778541029536
  1059 1.95703695328368 3.87633627244530 2.56613027719611
  1060 3.12380208691240 2.65146412400479 1.05719322135128
  1061 2.83943981712943 2.69482241221109 0.90489118153904
  1071 1.24820467480415 2.55357363548201 3.61062204317171
  1073 1.16779816399387 1.70642734343316 3.24734497261419
  1091 0.64344793954845 0.67110930850555 1.07084221680880
  1096 0.67579713133482 0.32485159737987 0.84476138981179
  1097 0.90577314601851 0.65181136391372 0.31424592079735
  1098 1.69965629211028 3.17624583262695 3.08288089225544
  1100 1.27318145754200 2.56104007831007 3.21530991360303
  1101 0.80006460695168 2.51938992310073 3.18978461999226
  1105 1.64791135789415 1.45453567465484 3.38341475946091
  1106 1.58344992480479 0.92799378218342 3.20546657451854
  1109 1.69381335271340 3.62837242625407 3.28322186785090
  1113 0.69644917198836 2.88271781016099 3.85630604921723
  1115 0.78991261154107 2.63542721450803 3.78171140286164
  1120 1.37906914614709 3.84140836535406 3.57185137350815
  1121 1.58269254338950 0.28372762069792 3.74989904123907
  1122 0.48012426135616 2.80184063936452 3.55956872705755
  1123 0.61095620935061 2.59271313536669 3.51713325682548
  1124 0.68208287223550 1.01443933829195 3.19731968669476
  1125 1.04247087677355 0.65778589187731 3.12767007956196
  1127 1.25035134724378 0.87090489758287 2.98952953844437
  1128 0.95375266132003 1.24004633515719 3.01677324147837
  1131 1.42424357164340 1.98306159836330 0.31435558941537
  1133 2.29415042218115 2.35328393018874 3.93510777500430
  1134 1.87208943811827 2.49699313360938 0.11244437223109
  1135 2.03213335203118 1.63541280493547 3.81011620402650
  1136 1.67713778321867 1.46311570746298 0.20932603519240
  1137 1.92584872733275 2.02237775844746 3.74236565361542
  1138 1.63254953157199 2.20770537423325 3.93738835770540
  1140 2.34261019308581 2.75497353025390 2.91068391431304
  1141 2.50156146527969 2.89745863849943 2.49566412891719
  1142 0.60570316930055 1.23856998544438 0.81964820063111
  1143 0.69241043201220 1.30843333725938 0.37779828017510
  1145 1.89743175325206 2.95376405839929 2.86315616264240
  1146 2.06446393970846 3.19910310597001 2.44748748976248
  1147 0.92718177287040 1.00550955260193 0.48686945903551
  1148 0.79700384756666 1.03033307211215 0.86176678066287
  1164 3.05684183452512 1.96638958836988 2.31865871899932
  1166 2.86550729344841 2.16266533008271 2.08328250899082
  1167 3.35058975612765 2.26711102225312 2.32715735300921
  1168 3.10148931039185 2.44274356954229 2.07449041638989
  1169 2.00734993057362 0.14935168340837 0.67694070160552
  1170 2.32541039252124 0.05965268903092 0.45303044543846
  1172 2.16653105392572 0.35827405448801 0.14316848066548
  1173 1.89562808520662 0.43410805135828 0.31414358184625
  1174 3.98893832650473 1.40939825701946 1.27680078304247
  1176 0.20423692248401 1.13035985640944 0.96641506104411
  1177 3.54402790131476 1.56155822517027 1.00040446632405
  1205 2.87448209533456 0.25432346510872 0.99665394445482
  1206 3.04006020066794 0.48244404455112 0.99458874604428
  1212 3.03020656265318 0.09249622267466 1.11595146067032
  1213 3.23944434593748 0.25796764147138 1.15048596102536
  1229 0.86294619189105 1.81903093697749 1.74617234083107
  1238 0.73255943590682 1.68799198922450 1.05323974375076
  1239 1.05960903256275 1.70867735391098 1.34314745701012
  1332 1.50555777123102 2.14784775394290 0.64199432475146
  1333 1.75626099997270 2.01015455443507 1.00452285705179
  1335 1.39338409043381 2.10328255948225 1.17621869420418
  1336 1.36191608326210 2.34152303149161 0.86902715277370
  1337 1.25104474720391 3.23144219207087 1.82154323816529
  1339 1.10029922067680 2.94742705278585 1.50588034538689
  1345 1.14237188955817 2.95544597830819 2.27796102322859
  1346 0.99567457856560 2.57986325616786 1.97181678754213
  1352 1.89884658653363 3.49380063279514 0.74207135872855
  1354 1.96411115921452 3.23879420127901 1.08325258726951
  1355 1.63893257052673 3.27491245058622 0.58154612302506
  1356 1.63748881222971 2.96573248447449 0.87564909471736
  1377 2.10675683047366 3.96119968785579 3.41456210358008
  1378 2.02336338609137 0.23094148043522 3.59287711748168
  1385 2.21712971800354 0.42767393477120 3.32312456840173
  1386 2.29061421016696 0.18399637010798 3.17377812394767
  1395 3.50008208926850 1.61009194797637 0.33217316605534
  1396 3.72099498572889 1.34686588568442 0.18384888412748
  1400 3.46510830971249 1.42712421018153 0.65979831455838
  1401 3.67815460273333 1.18548793906992 0.50905151687653
  1437 0.24310026602423 1.82685897138197 1.39471238604917
  1439 0.26925647763861 1.84179620456795 1.51518191154286
  1440 0.17515409565756 1.95328315713192 1.36734714420957
  1441 0.20203601384626 1.99438653954228 1.52911820218617
  1450 2.28991761344909 3.10630364421322 3.78238837650731
  1451 2.45050999208597 3.35488338389674 3.89664463162081
  1455 2.29025510787739 3.20968386917276 3.54650039475816
  1456 2.42202911825598 3.42847039298206 3.62261442942326
  1458 0.79633839646239 1.86108412435888 0.83994384709350
  1459 1.01669484756917 2.20216254643734 0.59946425263661
  1460 0.64539704801281 2.19274635212860 0.57860828418722
  1461 0.78623487681758 2.35770358450762 0.52299739115476
edges 766
16      2      0
17      0      8
32     16     41
33     41     37
34     37     18
84     58     59
85     59     52
93     59     47
101     76     72
102     72     14
111     72     69
177    115     47
181     59      0
189    115      8
218    143    139
224    134    136
225    136    147
229    140    136
231    143    140
232    149    156
246    152    163
247    163    157
272    171    191
273    191    169
284    185      2
292    177    180
293    180    185
295    171     18
303    174    177
313    199    198
363    220    215
382    230    243
389    241    236
390    236    243
391    231    240
395    231    241
398    235    240
419    254    174
433    260    261
438    264    261
486     16    295
487    295    290
496    295    288
501    292    288
524    260    199
526     58    185
537    310    191
544    195    311
553    311    315
554    315    310
584    264    332
588    163    336
596    339    284
597    311    339
612    354    346
623    347    346
624    354    315
625    343    347
629    243    356
632    147    356
636    343    143
641    365    358
642    358    364
669    139    347
690    376    241
700    214    380
736     41    396
737    396    394
760     11    364
766    403    336
767    399    403
774    157    405
775    405    403
776    119    410
782    406    410
785    408    288
786    406    408
825    410    220
835    365    422
839    425    215
843    425    422
844    396    295
849    406    425
850    394    408
886    169    436
890    439    440
892    230    439
895    241    439
921    413    447
947    171    457
998     36    473
1021    156    481
1042    488    489
1045     36    488
1048     16    488
1049     14    489
1079    500    502
1081    231    500
1083    236    502
1086    198    502
1109    199    510
1112    149    510
1153    191    524
1172     69    529
1194    413    538
1214    544    545
1218     36    545
1220     37    544
1221     41    545
1242    149    553
1243    261    553
1256    557    559
1260    394    559
1261    354    557
1263    399    559
1289    568    569
1290    553    568
1292    332    568
1293    152    569
1294    134    569
1301    300    571
1307     52    573
1308    277    573
1333    581    582
1336    339    581
1337    403    582
1339    354    582
1355    230    587
1410    115    605
1431    545    611
1432    473    611
1476    115    625
1486    629    630
1487    396    629
1490    290    630
1491     98    630
1492    429    630
1507    635    636
1510    569    635
1512    429    636
1513    332    636
1525    343    640
1528    432    640
1540      2    645
1546    647    648
1547     98    647
1549    429    647
1550    413    648
1552    635    648
1553    649    650
1554    136    649
1557    356    650
1558    587    650
1559    380    650
1584      8    658
1586     11    658
1591    660    662
1595    513    662
1602    394    663
1605    399    663
1612    346    667
1614    582    667
1615    668    669
1617    519    668
1618    291    668
1619    636    669
1621    290    669
1631    673    674
1634    422    673
1635    405    674
1636    663    674
1637    425    674
1648    513    678
1649    605    678
1658    544    681
1660     11    681
1691    691    692
1692    481    691
1693    436    691
1694    231    691
1697    376    692
1705    695    696
1706    310    695
1707    557    695
1708    171    695
1710    559    696
1711     37    696
1716    139    698
1718    529    698
1729    432    701
1760    571    711
1761    538    711
1762    460    711
1779    717    718
1780    524    717
1781    436    717
1782    240    717
1784    174    718
1785    235    718
1800    723    724
1801    481    723
1802    510    723
1803    500    723
1806    195    724
1807    725    726
1808    356    725
1809    538    725
1811    380    726
1813    660    726
1839    735    736
1841    447    735
1842    291    735
1843    152    736
1844    635    736
1845    668    736
1846    737    738
1847    399    737
1850    696    738
1853    739    740
1855    701    739
1856    457    739
1859    169    740
1920    177    758
1922    760    761
1923    152    760
1924    649    760
1925    157    760
1927    380    761
1930    762    764
1932    214    762
1934    761    764
1935    215    762
1937    405    764
1980     98    777
1988    180    780
1989    718    780
1998    783    784
2001    645    783
2002    758    784
2004    185    784
2023    791    792
2024    510    791
2027    724    792
2028    698    792
2037    795    796
2038    726    795
2039    513    795
2040    447    795
2041    761    796
2043    735    796
2044    797    798
2045    169    797
2046    481    797
2048    315    798
2049    724    798
2050    347    798
2051    799    800
2054    447    799
2055    571    800
2056    777    800
2057    413    800
2077    605    806
2106    816    817
2108    762    816
2110    667    817
2111    764    817
2117    581    819
2118    519    819
2119    336    819
2126    625    821
2130    519    822
2133     72    822
2142    358    826
2173    826    837
2176    300    837
2177    838    839
2178    439    838
2180    235    838
2181    440    839
2182    826    839
2183    254    839
2192    842    844
2196     76    844
2199    292    844
2208    660    847
2210    214    847
2232    822    854
2233    291    854
2270    277    866
2278    869    870
2281    406    870
2283    777    869
2284    365    870
2286    513    871
2287    799    871
2296    581    874
2297    822    874
2298     69    874
2307    799    877
2308    869    877
2318    838    881
2322    882    883
2324    758    882
2325    260    882
2326    473    883
2328    264    883
2329    884    885
2331    881    884
2332    235    884
2333    277    885
2335    780    885
2352    254    890
2377    899    900
2378    663    899
2380    629    899
2381    673    900
2391    903    904
2392     98    903
2394    900    903
2395    777    904
2396    837    904
2397    365    904
2399    140    905
2401    156    905
2405    907    908
2407    866    907
2409    220    908
2411    816    908
2412    909    910
2413    791    909
2414    783    909
2416    199    910
2417    784    910
2419    911    912
2420    432    911
2424    881    912
2425    230    912
2426    913    914
2427    432    913
2429    740    913
2430    343    914
2431    905    914
2432    797    914
2433    915    916
2434    611    915
2435    890    915
2437    544    916
2439    738    916
2440    917    918
2442    519    917
2443    489    917
2444    264    918
2445    669    918
2446    488    918
2451     18    920
2454      2    920
2456    922    923
2458    911    922
2459    903    922
2461    881    923
2462    837    923
2470    926    927
2472    877    926
2473    291    926
2474    288    927
2475    869    927
2476    290    927
2478    780    928
2479    920    928
2480    524    928
2495    758    933
2513    502    938
2521    941    942
2523    842    941
2524    806    941
2525    926    942
2526    844    942
2527    854    942
2538    946    948
2540    174    946
2542    890    948
2543    436    946
2545    692    948
2549    261    949
2556    890    952
2557    440    952
2558    376    952
2562    954    955
2564    949    954
2565    917    954
2566    284    955
2568    819    955
2571    957    958
2573     14    957
2574     76    958
2576     16    957
2577    292    958
2578    959    960
2579    806    959
2580     47    959
2583     61    960
2584    862    960
2602    740    966
2603    946    966
2604    933    966
2615    970    971
2617    933    970
2618    883    970
2619    429    971
2621    332    971
2625     36    972
2628     11    972
2638    977    978
2641    573    977
2642    842    978
2644    119    978
2649    739    980
2652    933    980
2654    982    983
2655     18    982
2656    957    982
2657    645    982
2658    457    983
2659    958    983
2662    783    984
2663    980    984
2664    983    984
2679    364    989
2680    972    989
2690    284    992
2696    571    995
2702    997    998
2704    605    997
2705    658    998
2707    871    997
2708    364    998
2711   1000   1001
2714    992   1001
2716    847   1000
2717    662   1001
2718   1002   1003
2719    877   1002
2720    997   1002
2721    941   1002
2722    870   1003
2723    998   1003
2724    119   1003
2740    905   1007
2743   1010   1011
2744    489   1010
2746    972   1010
2747    954   1011
2748    992   1011
2756    376   1012
2759   1015   1016
2760   1011   1015
2762    662   1015
2763    989   1016
2764    995   1016
2765    871   1016
2770    629   1018
2771    970   1018
2772    611   1018
2773   1019   1020
2774    649   1019
2775   1007   1019
2776    157   1019
2777    587   1020
2779    673   1020
2780   1021   1022
2781    911   1021
2782   1020   1021
2783    900   1021
2784    913   1022
2785   1007   1022
2788    980   1023
2790    971   1023
2798    678   1026
2799   1001   1026
2800    625   1026
2805    737   1028
2808    336   1028
2811   1030   1032
2813    899   1030
2815    737   1032
2816   1022   1030
2828   1036   1037
2829    955   1036
2830   1028   1036
2832    949   1037
2834   1012   1037
2835   1038   1039
2836    966   1038
2837   1030   1038
2838   1018   1038
2839    948   1039
2840   1032   1039
2841    915   1039
2843    847   1040
2845   1012   1040
2853    645   1043
2856     14   1043
2863    198   1047
2866    711   1047
2867   1048   1049
2868   1010   1048
2869   1043   1048
2870      8   1048
2871    992   1049
2873    625   1049
2874   1050   1051
2875   1015   1050
2877    949   1050
2878    995   1051
2879   1047   1051
2880    260   1051
2898   1057   1059
2900     76   1057
2902    984   1059
2905   1023   1059
2906   1060   1061
2907    660   1060
2908   1050   1060
2909   1012   1060
2910    725   1061
2911   1047   1061
2912    236   1061
2942    960   1071
2950    346   1073
2953    908   1073
3006    681   1091
3007    920   1091
3020   1096   1097
3021      0   1096
3022   1091   1096
3023    658   1096
3024    573   1097
3026    119   1097
3028    862   1098
3029   1057   1098
3030    529   1098
3034   1100   1101
3035    139   1100
3036   1071   1100
3037    529   1100
3038    667   1101
3040    874   1101
3050   1105   1106
3051    866   1105
3052   1073   1105
3053    640   1105
3054    977   1106
3056    701   1106
3067    862   1109
3070   1057   1109
3077    678   1113
3080    806   1113
3083   1071   1115
3084   1113   1115
3098   1120   1121
3099    842   1120
3100   1109   1120
3101    959   1120
3102    977   1121
3104     52   1121
3105   1122   1123
3106    854   1122
3107    796   1122
3108   1113   1122
3109   1101   1123
3110    817   1123
3111   1115   1123
3112   1124   1125
3115    410   1124
3116    978   1125
3118    408   1124
3119    292   1125
3121   1127   1128
3122    457   1127
3123   1125   1127
3124   1106   1127
3125    557   1128
3126   1124   1128
3127   1073   1128
3139   1133   1134
3141    147   1133
3142     61   1134
3144    243   1133
3145    938   1134
3146   1135   1136
3147    912   1135
3149    640   1135
3150    884   1136
3151   1131   1136
3152    866   1136
3153   1137   1138
3154   1135   1137
3155   1133   1137
3156    143   1137
3157   1131   1138
3158   1134   1138
3159   1071   1138
3162   1140   1141
3164    140   1140
3165    149   1141
3167    134   1140
3168    568   1141
3169   1142   1143
3173    907   1143
3176    220   1143
3178   1145   1146
3179   1098   1145
3180   1140   1145
3181    698   1145
3182   1059   1146
3183   1141   1146
3184    791   1146
3185   1147   1148
3186   1097   1147
3187   1143   1147
3188    277   1147
3189   1091   1148
3190   1142   1148
3191    928   1148
3241   1164   1166
3243   1007   1164
3245    156   1166
3246   1032   1164
3248    692   1166
3249   1167   1168
3250   1028   1167
3251   1164   1167
3252    163   1167
3253   1037   1168
3254   1166   1168
3255    553   1168
3256   1169   1170
3259     58   1169
3260    460   1170
3262    180   1169
3263    300   1170
3265   1172   1173
3266    923   1172
3267   1170   1172
3269    885   1173
3270   1169   1173
3271     52   1173
3273   1174   1176
3275    916   1174
3277    681   1176
3280   1142   1176
3282   1040   1177
3283   1174   1177
3284    952   1177
3370   1205   1206
3372    177   1205
3373    254   1206
3375    300   1205
3376    826   1206
3393   1212   1213
3394    882   1212
3395    995   1212
3396   1205   1212
3397    473   1213
3398    989   1213
3399   1206   1213
3446    311   1229
3449    310   1229
3475   1238   1239
3476   1142   1238
3479    524   1239
3480   1229   1239
3777   1332   1333
3780    938   1332
3781    500   1333
3783   1131   1332
3784    240   1333
3786   1335   1336
3787   1239   1335
3788   1333   1335
3789    195   1335
3791   1332   1336
3792    821   1336
3794   1337   1339
3796    909   1337
3798    821   1339
3799   1043   1337
3801   1049   1339
3818   1345   1346
3819   1337   1345
3820     69   1345
3821    792   1345
3822   1339   1346
3823    339   1346
3824    195   1346
3842   1352   1354
3844    460   1352
3846    198   1354
3847     58   1352
3849    910   1354
3850   1355   1356
3851     47   1355
3852   1352   1355
3853     61   1355
3854    821   1356
3855   1354   1356
3856    938   1356
3921   1377   1378
3925   1172   1378
3927   1109   1377
3928   1121   1378
3946   1385   1386
3947    922   1385
3948   1378   1385
3949    701   1385
3950    647   1386
3951   1377   1386
3952   1023   1386
3978   1395   1396
3980    587   1395
3981    214   1395
3983    422   1396
3984    215   1396
3994   1400   1401
3995   1395   1400
3996    440   1400
3997   1177   1400
3998   1396   1401
3999    358   1401
4000   1176   1401
4114   1437   1439
4116   1238   1437
4118   1229   1439
4119   1174   1437
4121    738   1439
4122   1440   1441
4123   1040   1440
4124   1437   1440
4125   1000   1440
4126   1036   1441
4127   1439   1441
4128    284   1441
4154   1450   1451
4155    147   1450
4157     61   1450
4158    538   1451
4160    460   1451
4170   1455   1456
4171    862   1455
4172    134   1455
4173   1450   1455
4174   1377   1456
4175    648   1456
4176   1451   1456
4179   1458   1459
4181    907   1458
4182   1131   1459
4184   1238   1458
4185   1336   1459
4186   1460   1461
4187   1000   1460
4188   1458   1460
4189    816   1460
4190   1026   1461
4191   1459   1461
4192   1115   1461
polygons 447
0   1540   2451   2454   2655   2657
3     16     17   1540   2853   2869   2870
4     16   2454   3007   3021   3022
5   2573   2656   2657   2853   2856
7     32     33     34   2576   2655   2656
10   1584   1586   2628   2746   2868   2870
11     17   1584   3021   3023
13   1586   1660   3006   3022   3023
15   1214   1218   1658   1660   2625   2628
16   1049   2744   2856   2868   2869
17   1042   1048   1049   2573   2576
18     32   1045   1048   1218   1221
19     34   1220   1658   2451   3006   3007
21   1042   1045   2625   2744   2746
22     33   1214   1220   1221
23   3844   3852   3853   4154   4157   4160
27   3260   3267   3921   3925   4160   4174   4176
28     84     85   3259   3270   3271
29   3256   3259   3260   3844   3847
30   3104   3265   3271   3925   3928
31   2578   2584   3067   3100   3101
32     85     93   2580   3098   3101   3104
33     93     84   3847   3851   3852
34   2578   2580   2583   3851   3853
36   2583   2584   4157   4171   4173
37   2574   2659   2664   2898   2900   2902
38    101    102   2571   2573   2574
39   2001   2414   2853   3796   3799
40   2023   2413   3796   3819   3821
42    102    111   2856   3799   3819   3820
43   2413   2414   2662   2902   3182   3184
44   1172   1718   2028   3820   3821
45    111    101   1172   2900   3029   3030
47   1486   1492   2615   2619   2770   2771
48   2380   2770   2813   2837   2838
49   1491   1492   1547   1549
51   2394   2458   2459   2781   2783
54   1547   2392   2459   3946   3947   3950
56   1729   2420   2458   3947   3949
57   1549   2619   2790   3950   3952
58   1853   2602   2604   2649   2652
60   2420   2427   2780   2781   2784
61   1729   1853   1855   2427   2429
62   2429   2602   2784   2816   2836   2837
63   1486   1491   2377   2380   2392   2394
67    177   1410   2077   2579   2580
68   1307   2641   3102   3104
69     85    181   1307   3020   3021   3024
70   2638   2641   2644   3024   3026
71    177    189     17    181     93
73    189   1410   1584   2702   2704   2705
75   2638   2642   3098   3099   3102
76   2523   2524   2579   3099   3101
77   2523   2642   2644   2718   2721   2724
78   2705   2723   2724   3020   3023   3026
81   2077   2524   2704   2720   2721
82   2583   2942   3142   3158   3159
83   1716   1718   3035   3037
84    218   3035   3036   3153   3156   3159
85   3139   3141   3142   4155   4157
86   2584   2942   3028   3030   3036   3037
87    224    225   4155   4172   4173
88    229    224   3164   3167
89   3028   3167   3179   3180   4171   4172
90    218    231   1716   3164   3180   3181
91    229    231    225   3141   3155   3156
92    232   1242   3245   3254   3255
93    232   2399   2401   3162   3164   3165
94   1242   1290   3165   3168
95    246    247   1923   1925
96    224   1293   1294   1554   1923   1924
97   1924   1925   2774   2776
100   1289   1294   3162   3167   3168
101    246   1289   1290   1293   3249   3252   3255
102   2401   2740   3241   3243   3245
103    247   2775   2776   3243   3251   3252
104    229   1554   2399   2740   2774   2775
107   1856   2649   2658   2663   2664
108    272    273    947   1853   1856   1859
109    273    886   1153   1780   1781
110    886   1859   2543   2602   2603
111    284   1540   1998   2001   2004
112    292    293   1920   2002   2004
114    295    272   1153   2451   2479   2480
115    295    947   2654   2655   2658
119    303   1920   2495   2540   2603   2604
121   1779   1780   1989   2478   2480
122    292    303   1784   1988   1989
123   1779   1781   1784   2540   2543
124    284    293   1988   2454   2478   2479
125   1998   2002   2495   2652   2662   2663
126    313   1079   1086   1109   1802   1803
127   1800   1803   1806   3781   3788   3789
128   1086   2513   3846   3855   3856
129   1109   2024   2412   2413   2416
130   1806   2027   3818   3821   3824
131   2412   3794   3796   3798   3849   3854   3855
133   3786   3789   3792   3798   3822   3824
134    313   2416   3846   3849
135   1932   2108   2210   2716   4187   4189
136   2210   2843   3282   3981   3995   3997
139   3273   3280   3476   4116   4119
141   2405   2411   4181   4188   4189
143   3169   3173   3476   4181   4184
145    363   3169   3176   3280   3984   3998   4000
146   2405   2409   3173   3176
148   1932   1935   3978   3981   3984
149    363   1935   2108   2409   2411
150   4116   4124   4125   4184   4187   4188
151   2578   2579   2942   3080   3083   3084
152   1172   2298   3034   3037   3040
154   3028   3029   3067   3070
155   2192   2196   2900   3070   3099   3100
156    101   2133   2196   2232   2526   2527
159    111   2133   2297   2298
160    892   2178   2318   2424   2425
161    382   2425   3144   3147   3154   3155
162    389    390    382    892    895
163    391   1081   3781   3784
164    395    398    391    895   2178   2180
165    389    395   1079   1081   1083
166    390   1083   2513   3139   3144   3145
167   2331   2424   3146   3147   3150
169    398   2332   3150   3151   3777   3783   3784
171   2180   2318   2331   2332
173   1432   2352   2434   2435   3373   3397   3399
174   1920   2324   3372   3394   3396
176    419    303   3370   3372   3373
178    419   2352   2538   2540   2542
179   2435   2542   2839   2841
180   1432   2326   2618   2771   2772
181   2434   2772   2835   2838   2841
182   2325   2878   2880   3394   3395
183    433   2549   2874   2877   2880
184    438    433   2322   2325   2328
185    438   2440   2444   2549   2564   2565
186   2443   2565   2743   2744   2747
187   2564   2747   2760   2875   2877
188    998   2625   2680   3397   3398
191    998   1045   2326   2328   2444   2446
192   1528   1729   3050   3053   3056
193   2270   2329   2333   3150   3152
194   2456   3266   3925   3947   3948
195   1307   1308   2333   3269   3271
199   1308   2270   2641   3050   3051   3054
200   3054   3056   3102   3928   3948   3949
201   2714   2717   2748   2760   2762
202   2690   2711   2714   4122   4125   4128
203   2832   2834   2877   2908   2909
204   2208   2843   2845   2907   2909
205   2566   2829   4126   4128
207   2562   2566   2690   2747   2748
210   2196   2199   2574   2577
211    486    487   1048   1621   2445   2446
212    102   1049   2130   2133   2442   2443
213   1617   1618   2130   2232   2233
214   1615   1618   1621   2470   2473   2476
215    487    496   2474   2476
216   2233   2473   2525   2527
217    501    496    486   2571   2576   2577
219    501   2199   2470   2474   2525   2526
223   1301   2696   3375   3395   3396
224   1760   2696   2866   2878   2879
226   1301   1760   1762   3260   3263
227    292   3256   3262   3263   3372   3375
228   1762   2863   2866   3842   3844   3846
230    524   2002   2324   2325   2416   2417
231    313    524   2863   2879   2880
234    526   2004   2417   3842   3847   3849
235    293    526   3259   3262
240    537   1153   3449   3479   3480
241   1780   1782   3479   3784   3787   3788
243    544   3446   3480   3787   3789
244   1081   1692   1694   1801   1803
246    391   1693   1694   1781   1782
248    553    554   3446   3449
249    554    273    537   2044   2045   2048
250    544    553   1806   2048   2049
251    886   1692   1693   2045   2046
253   2039   2040   2054   2286   2287
254   1841   1842   2054   2307   2472   2473
255   1842   2043   2233   3106   3107
257   2472   2521   2525   2719   2721
258   1648   1649   2286   2704   2707
261   1293   1510   1843   1844
262   1289   1292   1507   1510   1513
263    438    584   1243   1290   1292
264    584   1513   1619   2444   2445
265    588   2808   3250   3252
266   1243   2549   2832   3253   3255
267   2119   2568   2808   2829   2830
268    588    246   1617   1843   1845   2118   2119
269   1507   1615   1619   1844   1845
270   2126   2873   3798   3801
271   2714   2799   2800   2871   2873
272    596   2690   2871   3801   3822   3823
273    544    597   3823   3824
274    596    597   3446   4118   4127   4128
275   1525   1528   2426   2427   2430
276    537    272   1706   1708
277   1859   2045   2426   2429   2432
279    612   1261   2950   3125   3127
280    947   1707   1708   3121   3122   3125
281   1855   1856   3056   3122   3124
284    623    612    624   2048   2050
285    625   2044   2050   2430   2432
286    623    625   1525   2950   3052   3053
287    624    554   1261   1706   1707
289   1355   2419   2425   2777   2781   2782
290    382    629   1355   1557   1558
291    632    629   3141   3144
294    636   1525   3149   3154   3156
295    231    636   2399   2430   2431
296    632    225   1553   1554   1557
297    641   2142   2173   2396   2397
298    642   2142   2679   3376   3398   3399
299    641    642   2284   2708   2722   2723
300   2679   2702   2707   2708   2763   2765
301   1301   2055   2056   2176   2395   2396
302   2051   2055   2287   2696   2764   2765
303   2173   2176   3370   3375   3376
304   2278   2283   2284   2395   2397
305   2270   2407   3173   3187   3188
306   2333   2335   2478   3185   3188   3191
307   3783   3791   4182   4185
309   1785   1989   2329   2332   2335
310   2480   3190   3191   3475   3476   3479
311   2407   3151   3152   4179   4181   4182
313    398   1779   1782   1785
314   1021   2046   2401   2431   2432
315    669   1716   2027   2028   2049   2050
316   1112   2024   3165   3183   3184
319    232   1021   1112   1801   1802
320    669    218    636    625
322   3142   3145   3850   3853   3856
323   1083   1086   2863   2911   2912
326   1761   1762   4158   4160
327   1761   1809   2866   2910   2911
328    629    390   1808   2910   2912
329    632   1808   1809   4154   4155   4158
331   1292   2621   2790   2905   3168   3182   3183
332   1512   1513   2619   2621
333   1294   1510   1552   4170   4172   4175
334    690    389   2756   2906   2909   2912
335   1557   1559   1807   1808   1811
336   1807   1813   2906   2907   2910
338    890    892   1355   3980   3995   3996
339    700   1558   1559   3980   3981
341   2558   2756   2845   3282   3284
342    690    890    895   2557   2558
343    700   1811   1813   2208   2210
345   2557   3284   3996   3997
348   1846   2433   2439   2815   2840   2841
349   2545   2839   2840   3241   3246   3248
350   2805   2815   3246   3250   3251
351   1697   2756   2834   3248   3253   3254
352   2439   3275   4114   4119   4121
353   1697   2542   2545   2556   2558
354   1846   2805   2830   4121   4126   4127
355    433    524   1109   1112   1242   1243
358    584   2328   2615   2618   2621
360   1263   1710   1846   1847   1850
361   1220   1711   1850   2437   2439
362   1260   1263   1602   1605
363     33    736    737   1260   1710   1711
364    736   1221   1431   1487   2770   2772
365    737   1487   1602   2378   2380
369   1605   1847   2378   2811   2813   2815
372   1410   1476   1649   2798   2800
373   3083   3157   3159   4182   4191   4192
376    177   1476   2126   3850   3851   3854
378    189   1476   2867   2870   2873
380   1595   2286   2759   2762   2765
382    760   1586   2705   2708
384   1595   1648   2717   2798   2799
386    760   2628   2679   2680
387    597    553    624   1333   1336   1339
388    596   1336   2117   2566   2568
389    766   1333   1337   2117   2119
390    767   1256   1261   1263   1337   1339
391    766    767   1847   2805   2808
393   1705   1706   1850   3449   4118   4121
395   2785   2811   2816   3243   3246
397   2381   2779   2782   2783
398    774   1631   1635   2773   2776   2779
399    775    767   1605   1635   1636
400    774    247    588    766    775
401    776   2644   3112   3115   3116
402    782    776   2281   2722   2724
403   2192   2199   2642   3116   3119
404    785    501   3112   3118   3119
405    782    786   3115   3118
406    786    785   2278   2281   2474   2475
407   2308   2470   2472   2475
408   1194   1760   1761   2055   2057
409   1194   1550   4158   4175   4176
411   1546   1547   1550   1980   2056   2057
412   2176   2462   3263   3266   3267
414   1980   2391   2392   2395
417   1612   2106   2110   2411   2950   2953
418    623    669   1612   3034   3035   3038
420   1591   1595   1813   2038   2039
422    921   2051   2054   2057
423    921   1194   1807   1809   2038   2040
424   1934   2041   2111   3105   3107   3110
425    774   1922   1925   1934   1937
426   1839   1843   1922   1923   2041   2043
427   1333   1614   2296   3038   3040
428   2117   2118   2130   2296   2297
429   1618   1839   1842   1845
430    775   1337   1614   1937   2110   2111
432   2638   3054   3116   3123   3124
434   2577   2658   2659   3119   3122   3123
436   1553   1559   1922   1924   1927
437   1811   1927   2037   2038   2041
439    921   1550   1552   1839   1841   1844
440   1490   1492   1512   1619   1621
441   1490   1491   1980   2283   2475   2476
444   1336   2296   2298   3818   3820   3823
445   1988   2335   3262   3269   3270
446   1308   3024   3186   3188
447    284    526     84    181     16
449    776    825   3026   3176   3186   3187
450    825   2409   2953   3115   3126   3127
454   2173   2177   2182   2318   2461   2462
456   1634   2777   2779   3978   3980   3983
458    835   1634   2381   2391   2394   2397
460   2142   2181   2182   3994   3996   3999
461    641    835   3983   3998   3999
462    839   1635   1637   1930   1935   1937
463    700   1927   1930   1932   1934
466    839    843   3983   3984
467    843   1631   1634   1637
468    844    487   1486   1487   1490
469     32    486    844    736
470    998   1218   1431   1432
473   2181   2183   2352   2556   2557
474    419   1784   1785   2177   2180   2183
475    395    690   1691   1694   1697
477   1021   1691   1692   3245   3248
478   2182   2183   3373   3376
479    786    849    850   1602   1636   1637
480    850    737    844    496    785
481    835    843    849   2281   2284
482    760    642   1660   3277   3999   4000
483   3006   3189   3190   3277   3280
484    363    839    849    782    825
485    850   1256   1260   3118   3125   3126
486     34    295   1705   1708   1711
488   1658   2437   3273   3275   3277
489    612   1339   1612   1614
491   1507   1512   1546   1549   1552
492   1528   2419   2420   3147   3149
493   1691   1693   2538   2543   2545
494    890   2177   2178   2181
495   2118   2442   2562   2565   2568
496   1591   2762   2875   2907   2908
497   1841   2037   2040   2043
501   1546   3950   3951   4174   4175
503   2322   2326   3393   3394   3397
506   1800   1801   2044   2046   2049
508   1042   2440   2443   2446
510   2798   3077   3084   4190   4192
511   2110   3038   3109   3110
512   1079   2513   3777   3780   3781
515   1800   1802   2023   2024   2027
516   1648   2037   2039   3077   3107   3108
518   1615   1617   2440   2442   2445
521   1718   3030   3179   3181
523   2001   2654   2657   2662   2664
524   1214   1431   2433   2434   2437
525   2287   2307   2707   2719   2720
527   1256   1705   1707   1710
531   1553   1558   2773   2774   2777
533   1855   2649   2788   3946   3949   3952
536   1649   2077   3077   3080
539   2126   2800   3792   4185   4190   4191
541   3051   3053   3146   3149   3152
542   2023   2028   3178   3181   3184
544   1591   2208   2711   2716   2717
545   1631   1636   2377   2378   2381
547   2051   2056   2283   2307   2308
548   2716   2843   4123   4125
552   2106   3110   3111   4186   4189   4192
553   3780   3791   3792   3854   3856
554   2329   2331   2461   3265   3266   3269
555   2322   2324   2495   2617   2618
556   1930   2106   2108   2111
558   1998   2412   2414   2417
559   3067   3927   4170   4171   4174
562   2521   2524   2527   3080   3106   3108
564   2232   2297   3040   3105   3106   3109
565   2405   2407   2953   3051   3052
566   3145   3157   3158   3780   3783
567   2391   2396   2456   2459   2462
568   2192   2521   2523   2526
571   2426   2431   2740   2784   2785
572   2278   2308   2718   2719   2722
573   2419   2424   2456   2458   2461
574   2377   2780   2783   2813   2816
575   2433   2435   2556   3275   3283   3284
576   2604   2617   2771   2836   2838
577   2479   3007   3189   3191
578   2615   2617   2652   2788   2790
580   2538   2603   2835   2836   2839
581   2562   2564   2828   2829   2832
582   2571   2654   2656   2659
583   2763   2764   3393   3395   3398
584   2680   2743   2746   2759   2760   2763
585   2663   2788   2902   2905
586   2743   2748   2867   2868   2871
587   2759   2764   2874   2875   2878
588   2702   2718   2720   2723
589   2711   2799   4186   4187   4190
590   2898   2905   3070   3927   3951   3952
591   2773   2775   2780   2782   2785
592   2828   2834   2845   4122   4123   4126
593   2828   2830   3249   3250   3253
594   2811   2835   2837   2840
595   3282   3283   4119   4123   4124
596   2867   2869   3794   3799   3801
597   2874   2879   2906   2908   2911
599   2898   3029   3178   3179   3182
600   3020   3022   3185   3186   3189
602   3034   3036   3083   3109   3111
603   3050   3052   3121   3124   3127
609   3098   3100   3921   3927   3928
610   3084   3105   3108   3111
612   3112   3121   3123   3126
613   3146   3151   3153   3154   3157
614   3139   3153   3155   3158
615   3162   3178   3180   3183
616   3169   3185   3187   3190
620   3241   3249   3251   3254
621   3256   3265   3267   3270
622   3273   3283   3994   3997   4000
628   3370   3393   3396   3399
630   3475   3786   3787   4179   4184   4185
631   3475   3480   4114   4116   4118
652   3777   3786   3788   3791
653   3794   3818   3819   3822
656   3842   3850   3852   3855
661   3921   3946   3948   3951
663   3978   3994   3995   3998
671   4114   4122   4124   4127
673   4154   4170   4173   4176
674   4179   4186   4188   4191
cells 64
0      0      3      4      5      7     10     11     13     15     16     17     18     19     21     22
1     23     27     28     29     30     31     32     33     34     36    559    609    621    673
2     37      5     38     39     40     42     43     44     45    521    523    542    582    599
3     47     48     49     51     54     56     57     58     60     61     62     63    533    574    576    578
4     32     67     68     69     70     11     71     73     75     76     77     78     81    588
5     82     83     84     85     86     36     87     88     89     90     91    521    614
6     92     93     94     95     96     97     88    100    101    102    103    104    620
7    107    108     58    109    110    111    112    114    115    119    121    122    123    124      0    125    523
8    126    127    128    129    130    131     40    133    134    512    515    553    652    653
9    135    136    139    141    143    145    146    148    149    150    548    595    622    663
10    151    152     86     45    154     76    155    156     31    159    562    564    568    602    610
11    160    161    162    163    164    165    166    167    169    171    512    566    613    614
12    173    174    176    178    179    119    180    181    503    555    576    580    628
13    182    183    184    185     21    186    187    188    191    503    508    583    584    587
14    167    192    193    194     56    195     30    199    200     68    492    541    554    573
15    201    202    203    204    205    187    207    496    544    548    581    592
16     17    210     38    211    212    213    214    215    156    216    217    219    508    518
17    182    223    174    224    226    227     29    228    230    231    112    134    234    235
18    240    241    163    243    127    244    246    109    248    249    250    251    506
19    253    254    255    216    257    258     81    497    516    525    536    562
20    261    262    263    264    185    265    266    267    268    269    101    495    518    581    593
21    270    271    243    272    202    133    273    150    274    539    589    630    631    671    674
22    275     61    276    249    108    277    279    280    281    284    285    286    192    287    603
23    289    104    290    291    275    294     91    295    296    161     60    492    531    571    591
24    297    298    299    223    300    301    302    303    304    525    547    572    583    588    628
25    121    241    305    169    193    306    307    143    309    310    311    313    616    630    652
26    314    285    315    316     93    319    320    295     90    506    515    542    615
27     85    322     23    228    128    323    326    327    328    329    166    291    656
28    331    154     57    332    333    100     89    262    491    501    559    590    599    615
29    162    334    328    290    335    336    338    339    341    342    343    204    136    345
30    348    349    350    351    179    352    353    341    354    575    592    593    595    620    671
31    129    355    125    331    230    184     43    316     94    358    263    555    558    578    585
32    360    361    362    363    364    365    348     48     22    369    181    524    594
33    322     82    372    307    373    376     34     67    151    510    536    539    553    566
34    372     73    378    380    271     10    258    382    384    201    386    300    584    586
35    387    388    389    390    391    360    267    393    274    205    354    287    248    527
36    395    103    391    369    265    350    397    398    399    400    545    574    591
37     77    401    402    403    404    405    406    257    219    407    568    572
38    408    326    409    411    412    226    414    194     27     54    301    501    567    661
39    311    417    286    373    418    141    294     84    320    511    541    552    565    602    613    674
40    224    336    380    253    302    408    420    422    423    327    496    587    597
41    424    425    426     95    427    428    213    255    429    430    389    400    268    511    564
42    155     37    432    210     75    403    107    200    281    434    533    585    590    609    661
43    436    437    335    439    261    426    423    333    409    296     87     96    329    497    673
44    429    439    269    440    422    254    411    441    214     49    407    491    547
45    428    212    388    272    444    159     42    207     16    186    495    586    596    653
46    445    195     28     69    446      4    235    124    447    306    577    600
47    401    432    199    305    446     70    449    450    146    565    603    612
48    454     51    297    289    160    456    397    458    338    460    461    494    567    573    663
49    456    398    462    148    463    339    425     97    436    466    467    531
50    468    440    211    191    358    364     47     18    469    264    470    332    180
51    353    178    473    474    246    475    123    164    342    313    493    494
52    351    334    266    355    475    231    323    126     92    244    203    183    319    477    165    597
53    445    227    122    474    309    412    171    454    478    303    176    554    621
54    270      3    378    447     71    376     33    111     39    131    234    558    596    656
55    424    384    135    437    420    343    463    510    516    544    552    556    589    610
56    441    406    479    480    468    215    365    414    304    458     63    481    467    545
57    482    483    466    299    382    449     13    402     78    461    145    484    481    600    616
58      7    280    434    363    480    485    404    469    217    486    115    527    582    612
59    477    314    102    277     62    251    349    395    110    493    571    580    594
60    139    483    393    488    352    361    276    240    114    486     19    310    577    631
61     15    482    478    473    460    488    345    470    173    298    188    386    524    575    622
62    387    489    427    130     44    418    315     83    444    273    284    152    250
63    149    484    450    390    489    279    362    485    417    479    405    462    430    399    556
