vertices 383
     0 1.08963457231434 0.25810977805854 1.12024265983210
     2 1.47673975083587 0.43232986984885 1.65351214283266
     8 0.97804336949527 0.14785146623689 1.12231939408578
    11 0.34018203427179 0.54629682350587 1.11265750138817
    14 0.93886631160058 3.96060427842915 2.21346201486485
    16 0.38213644795697 0.53982392517512 2.37326747016201
    18 1.22828421660762 0.88861345805517 1.98128146855196
    36 3.98739342486129 0.48691145650255 1.75855454343994
    37 0.57434916161559 1.01081671416182 2.07977243732849
    41 0.32559204297797 0.67924847439424 2.32299957252473
    47 1.52194112966377 3.70188477642609 0.62488266623433
    52 1.74415467386671 0.59764431440666 0.25837184664723
    58 1.93863138266309 0.11576191227230 0.93301036774000
    59 1.61456277969582 0.10863719592653 0.75581321694003
    61 1.96506227507114 3.21719679467201 0.14127798219366
    69 1.12285224836492 3.28785513851579 2.74370046264706
    72 1.02053433170529 3.49382101704096 2.73967098870385
    76 1.24615134051397 0.02243410251009 2.97937156297033
    98 3.17683680291730 0.57857443532564 3.39941979296400
   115 1.13069882113010 3.62367961004719 0.78948552967970
   119 0.87227519808088 0.83105123990153 0.14807793929246
   134 2.70149368906947 3.06972192412429 3.27772158369682
   136 2.74043427897668 2.72726790793320 3.43751837481596
   139 1.73573121015120 2.53668692115306 3.13692580046912
   140 2.49098434806464 2.57219088626604 3.15399402044524
   143 2.09373665379993 2.32652659413095 3.26499034425645
   147 2.61888689031203 2.73917805024589 3.94889920323097
   149 2.73942414419625 2.94198112727291 2.31019612005853
   152 3.50232113170620 3.05684310876602 3.06940762066276
   156 2.72860879952376 2.48788785093586 2.28406639391849
   157 3.56475113513531 2.52216333986875 3.14860428451916
   163 3.65170517281711 2.65950294903018 2.81320805014319
   169 1.99957040181468 1.52602214293459 2.25538971827165
   171 1.40660262926318 1.30560371988753 2.24064029539028
   174 2.38885047982552 1.06633948942382 1.56238187030531
   177 2.34941273005420 0.63147455899855 1.50070657887353
   180 2.14970307688236 0.60400453511832 1.37684213807103
   185 1.93889242971204 0.34345783981166 1.48775756027646
   191 1.51036317037864 1.45030304986274 2.14274351844982
   195 1.32120292977297 2.62428539531887 2.06317436466255
   198 2.53707910292193 3.25877122784859 1.32774541942453
   199 2.55458910116644 3.39382358351888 1.66650848877227
   214 3.89492113053952 2.30328493508026 0.43784964006296
   215 0.29582197519276 1.70735107906852 0.04365527147487
   220 0.60432533231464 1.64096626588240 0.08648293564507
   230 2.82894310813514 2.04059367263323 0.24143720196207
   231 2.36067880845542 2.32948743341187 1.28160250981802
   235 2.23103681303061 1.62342706244375 0.89085087070344
   236 2.63312856304144 2.57431099307119 0.99846504610479
   240 2.09075274968791 2.02161840114889 1.17928498713940
   241 2.66281711893367 2.37647712175098 1.09204544163723
   243 2.68300620799773 2.52228716655511 0.21936551720281
   254 3.08762444052430 1.10941738559828 1.24837608313390
   260 2.90335132714080 3.47725641797153 1.68895087894590
   261 3.13564977153092 3.32979955490599 1.94466403396327
   264 3.25180087760560 3.70192775599396 2.17787382269397
   277 1.65703381310039 1.25925361687177 0.43189256165562
   284 0.54437497027632 2.69970339314825 1.89222428502048
   288 0.32040813547642 0.64157079161828 2.95287733917396
   290 3.98716648396862 0.41517298599415 2.98890973948762
   291 0.15458446288207 3.53231297467174 3.25285936238220
   292 1.06005747712370 0.42493876226414 2.97707440223935
   295 0.21170489226501 0.63818049576569 2.78747568745593
   300 2.91972846278364 0.35527975073727 0.69144960469633
   310 1.16208876486136 1.79156244684299 2.24184162290583
   311 1.12710769248522 2.42817664962834 2.12976125301039
   315 1.22920015554465 2.09770524945960 2.42638512981766
   332 3.11097564493269 3.66519686963708 2.55171737822923
   336 0.04197299778177 2.53766615853904 2.62286764706601
   339 0.94293657863470 2.67188839270331 2.15724076662996
   343 2.07455523979033 2.06890122895651 3.05397219249343
   346 1.27956826356083 2.16012939970989 3.15803861100944
   347 1.68360287274818 2.28536028873759 3.03308626633495
   354 1.02745554075263 2.06152207200593 2.78530453634164
   356 2.81526913179806 2.64796545196291 0.12205873824254
   358 3.73824292467143 1.07534959295028 0.58756367067653
   364 0.18533364533968 0.51815580712920 0.95490931471264
   365 3.76802939982331 1.02518075222845 0.15561850649317
   376 3.14797096373874 2.29261772325090 1.42030093105474
   380 3.62454283438446 2.69984161454708 0.16712101403231
   394 0.32313350537997 1.35496925003054 2.94672888901077
   396 0.16018393872493 0.77133728827981 2.72026908217109
   399 0.28313750896383 1.73617328412557 2.76174715479059
   403 0.30454858931001 2.23389914315482 2.93098833304580
   405 0.10945534087587 2.22722803736335 3.27881088692442
   406 0.35028843057147 1.28764885490122 3.74269838386935
   408 0.46487793944712 1.20953870059166 3.20758843749101
   410 0.59521414364994 1.31686401409681 3.82304374301989
   413 3.25859376125301 3.74615905320701 3.98969317453459
   422 3.83695640443311 1.41805503569847 0.03973397262578
   425 0.16441697151764 1.51824405419515 3.83012258891039
   429 3.05116683735225 0.29581663514264 3.03030458680017
   432 2.27819511664805 1.40917791356347 3.19118050254277
   436 2.19119562470791 1.50567466367558 1.93414734745609
   439 2.83247525593628 1.87453449164022 0.64037908450198
   440 3.45022678534410 1.63800705665951 0.86192556714555
   447 3.60464028250300 3.59094359803669 3.96870957221069
   457 1.63517970489032 0.97922399675497 2.61214205413799
   460 2.54481352755232 3.86394936517938 0.51064656583304
   473 3.60940761697637 0.54044441877989 1.74735821773155
   481 2.42493080744516 2.32535102648707 1.99120561529567
   488 0.19975887394828 0.08969467299836 2.10537142116690
   489 0.34109135492021 3.92127688616147 2.05091642667321
   500 2.26783681596288 2.45628025738297 1.26125114080386
   502 2.37582293396280 2.64425626922221 1.10739958251886
   510 2.38725145670021 3.11869863998514 1.95850721324605
   513 0.13377606721853 3.36537811693142 0.56706911444777
   519 0.30023999606172 3.29185737583990 2.65461288192918
   524 1.59684433226729 1.40221681789746 1.63382516278814
   529 1.59978736891848 3.07773497390916 3.10139334551160
   538 2.92294071743521 3.57290952704732 0.21873889818833
   544 0.31745008840871 1.01896672205277 1.75376073629683
   545 0.03399997476886 0.70801506903676 1.89318636476315
   553 3.04394110056788 3.02893675047117 2.27664329374407
   557 0.92883748727574 1.74834048673055 2.73569592565347
   559 0.47815651260335 1.61155864881823 2.71395389719928
   568 3.03274382969503 3.26927731101713 2.60595902781111
   569 3.25640054904536 3.26131426890623 3.01068956762582
   571 3.06143348995368 0.06990303417132 0.65249799913333
   573 1.57263839399994 0.81221783313828 0.21269422157698
   581 0.65119872253815 2.76100051670815 2.59817976984447
   582 0.70223747194787 2.39052537486282 2.90729101524472
   587 3.07091675461214 2.04479725818995 0.10639861910688
   605 0.87403016065660 3.57618819379993 0.48278410432430
   611 3.64312768958157 0.79099544814549 1.89707487368601
   625 1.09507412532468 3.26918680355827 1.05176596490120
   629 3.41379753662876 0.91141408995530 2.78782890966238
   630 3.31016589094567 0.55952375879467 3.09233828740607
   635 3.29865681056049 3.37415415823777 3.05594374723021
   636 3.30430272067197 3.71665029767214 2.79272399228515
   640 2.03786953408676 1.71911929295383 3.41978644754444
   645 1.47313275227622 0.30346385321654 1.87622912361554
   647 2.94337451847830 0.31410494304473 3.27229004097869
   648 2.96904353142826 3.75897005194931 3.57675755195901
   649 3.10189278950594 2.54550183910588 3.46076073957853
   650 3.09761850699125 2.48523715392981 3.98294391226226
   658 0.67085957805626 0.44293060005205 0.96463137405413
   660 3.77330790660340 2.85513119726687 0.75411226633512
   662 0.07811977668144 3.19838449338737 0.83197780980620
   663 0.15739516195627 1.49728865866141 2.96759493484438
   667 0.89253341325126 2.52072675556837 3.27714742467530
   668 3.99031612415961 3.46500241680783 2.96152499838947
   669 3.82347838771628 3.80470775293826 2.72902257599831
   673 3.38283302271153 1.54491338176013 3.56635541370575
   674 3.99981736691421 1.68444505857175 3.39472889002373
   678 0.70929400307392 3.29522469657756 0.48972403562328
   681 0.49200545080485 0.94495717580411 1.27327326107719
   691 2.50441236033425 2.18797753752236 1.81970247744428
   692 2.93604110240661 2.15653742408776 1.83390842929559
   695 1.05104269158624 1.65370049169246 2.33925171339389
   696 0.60344929171840 1.51536388002721 2.27142122166552
   698 1.75429864315858 2.97278251422884 2.97134742384701
   701 2.09483003466589 1.11409110094902 3.15073075425164
   711 2.81354961778233 3.78191293458645 0.57203126292164
   717 1.92375268107453 1.44116775964206 1.58683574388430
   718 2.10659443240918 1.22799544414404 1.42018401384566
   723 2.19311214785397 2.63574338806941 1.79104775269890
   724 1.62140316864073 2.64136231810808 2.19756292673004
   725 3.09825258299643 2.99050817748400 0.39214396777756
   726 3.60277719476302 2.90106926808769 0.31247575215130
   735 3.84489409950875 3.32588601763529 3.50656534110510
   736 3.60680119971174 3.24811219631200 3.13003505708664
   737 3.97071812211040 1.89592045547964 2.32043180981639
   738 0.26522215915825 1.73266061201147 1.94233696477652
   739 2.05136825694374 1.00874406251909 2.68911751670488
   740 2.21447675544963 1.22063052370568 2.55663230228860
   758 2.34951130960412 0.37479466948323 1.80884327266178
   760 3.48614028623890 2.72406522299508 3.29719804741980
   761 3.87910389688455 2.80265955820851 3.74150449006005
   762 0.37130908982130 2.13045197078165 0.03002367198826
   764 0.30937472172749 2.41085074497186 3.64849985897000
   777 3.45799373203457 0.51710354191563 3.84086538752673
   780 1.97085875455995 1.12223684972472 1.34913073954271
   783 1.88128600949078 0.13659673652962 1.92275337510083
   784 2.04658599609755 0.17278197899370 1.73452269218651
   791 2.07244974415721 3.38410678232814 2.27354727730185
   792 1.65821097344757 3.02836728462651 2.44666264611567
   795 3.80386243483173 3.19406357744388 0.15010250252261
   796 3.96993418737488 3.04173314506283 3.76372538280116
   797 2.03698390559334 1.95482355700901 2.43605934461395
   798 1.64023590951448 2.21417229041277 2.51339036807010
   799 3.68021321257975 3.90983210330525 0.11585297204427
   800 3.40843133571158 0.00192296429801 0.11760271718489
   806 1.07118363299282 3.55915614746745 0.08126514073147
   816 0.71399768268319 2.19378794962363 0.08266579131077
   817 0.65836961132901 2.52112732103193 3.62386980233147
   819 0.31783472252774 2.81628766249187 2.49314556953670
   821 1.46621936055017 3.07688418893989 1.16581273008780
   822 0.74357735642130 3.29567598390955 2.87174384782436
   826 3.27423981851899 0.98471714415569 0.75596627112093
   837 3.07242002308219 0.78427703310301 0.39834502416124
   838 2.65374959346175 1.62641943971635 0.66316540654636
   839 3.16431763809925 1.26962147552951 0.89570472356267
   842 1.26508631534276 0.19199102411988 3.58900162210596
   844 1.11282488245495 0.14158720525601 3.17428230843616
   847 3.96356471455684 2.47816092342621 0.81199390934536
   854 0.57000537681960 3.43453116184211 3.27523253853612
   862 1.92013445829378 3.54266762034142 3.47639959557735
   866 1.75100097636274 1.71635369715775 0.22375727317734
   869 3.88754924476873 0.50269052501981 3.78890756367346
   870 0.04098926655444 0.80691037033516 0.01052668292006
   871 3.98578405213977 3.86302658868209 0.57340652796120
   874 0.83766344369059 3.13927856833746 2.85834526392489
   877 0.01908630972564 0.23178341079874 3.88985999953550
   881 2.49309740851446 1.53500372967296 0.40178095745810
   882 2.92562878943393 0.05864960537690 1.76755838972863
   883 3.07997858275931 0.10416030908648 1.98571260747915
   884 2.08969423993663 1.51962920855236 0.56791323366088
   885 1.92261690959139 1.21547898180324 0.60904999890517
   890 3.34883005402843 1.41741015443267 1.65577370108730
   899 3.39474059429493 1.19504467779367 2.86859547214047
   900 3.17649153972446 1.35591952744054 3.43878489596802
   903 3.07048224965749 0.96812270249923 3.62386375920288
   904 3.35459728390130 0.79414149952095 3.99456530138046
   905 2.59835473584920 2.23633584918349 2.84012976108323
   907 1.02473522790751 1.98947873704161 0.34248322593606
   908 0.87415406535261 2.03273617205923 0.07725362340263
   909 1.90485914598742 3.67768501443624 1.93256938821316
   910 2.13639218068378 3.70991490809516 1.66486960485510
   911 2.75659131988893 1.34876013497009 3.58480275728197
   912 2.54728867516167 1.74321277040840 0.09340037895360
   913 2.37343254115464 1.50675736579076 2.93286662769428
   914 2.24003164918609 1.94831743438692 2.83971422391861
   915 3.47281612403720 1.35782029253378 1.78552592142424
   916 0.09944377410279 1.49772805968299 1.69667228872606
   917 0.13658885907331 3.67744064649460 2.19099843120045
   918 3.97742241579694 3.81107197505014 2.26120950726774
   920 1.30154720232638 0.86451819691707 1.71056550102126
   922 2.79404023285515 1.02705016626620 3.68738527491196
   923 2.69090843214709 0.96623696741720 0.18374830978418
   926 0.26706948166573 0.01322148771690 3.39382962469071
   927 0.10174587944262 0.42264759918122 3.14104967415226
   928 1.55605832223883 1.25145446959471 1.53934981612641
   933 2.42332853756621 0.61607423619811 2.35403767374140
   938 1.96506889721347 2.73601450365886 0.72494235518052
   941 0.92503389144064 3.97276179285905 3.75480073196351
   942 0.73273547758255 3.89591069589339 3.40928101296836
   946 2.44293061614226 1.26085600696895 1.93474272127001
   948 3.14350283033017 1.53810202982262 1.89205176419769
   949 3.39516937823145 3.16436948327426 1.76972058263825
   952 3.52758533105660 1.76229412384004 1.17883186940356
   954 0.04654757141072 3.36563634664122 1.90994938773046
   955 0.25356358245993 2.78651521282216 2.12298910125434
   957 1.01609840425049 0.32087468516385 2.35921298349320
   958 1.19630850411023 0.32515208011747 2.75731028900635
   959 1.42635079568039 3.62024334566011 0.08262798380750
   960 1.67882065059046 3.31756914377297 3.90779419166702
   966 2.47226411285806 1.06948199783926 2.33740427453797
   970 2.79339987003373 0.44992579235645 2.44978413660921
   971 2.75750821807496 0.27979145842460 2.66726139044056
   972 0.14965535990904 0.35478398391386 1.34529153073440
   977 1.59770744785637 0.70944280261261 3.82678570016132
   978 1.31639278194417 0.63950608088606 3.70149393612918
   980 2.22398694076535 0.55429252848266 2.54965842838158
   982 1.34797048325480 0.52200749466307 2.16018306885520
   983 1.56225888325695 0.55834053917350 2.47913680550869
   984 1.99543346868704 0.36758871324760 2.46103947285658
   989 3.97164959783483 0.33169779810396 1.14486795704827
   992 0.59788009257115 3.15724740654220 1.45190457100960
   995 3.26727410596441 0.02779822314318 1.04831178373905
   997 0.38033871246543 0.16919932287176 0.48864125548486
   998 0.40085731296164 0.36990150881376 0.62304263423713
  1000 0.43276187310816 2.54845496513685 0.97216800173328
  1001 0.51576220098165 2.97971956443886 1.00042896773134
  1002 0.39863870435875 0.30857492604872 0.24758907595285
  1003 0.41125673928003 0.46561095078960 0.30847501144881
  1007 2.95504730367755 2.06686538159094 2.90595807560310
  1010 0.40061064099119 3.86304585250733 1.68682547764881
  1011 0.22527265234799 3.49408051750381 1.60137661102855
  1012 3.35867396865472 2.51038888912267 1.42933987975965
  1015 3.88516311468680 3.49902570871794 1.20211805823145
  1016 3.80435636482719 3.94984983332737 0.99175013365893
  1018 3.22964577629147 0.90553958863479 2.48540946507799
  1019 3.19803890006006 2.24940355831090 3.25322292296465
  1020 3.19987403754245 1.67920718056536 3.56455207474822
  1021 3.05794442043222 1.46030701576582 3.43697070908764
  1022 2.88647886458626 1.57805893117542 2.97347673823648
  1023 2.34881703662576 0.35200762781060 2.75008543230411
  1026 0.80531179633845 3.04640690575226 0.81383743252124
  1028 3.89155220925845 2.38820779627609 2.34018597161228
  1030 3.18216593145306 1.35362439932507 2.64185147518195
  1032 3.37257276574684 1.69974328940102 2.32637281331551
  1036 0.00235850363795 2.53158143064665 2.06897168387525
  1037 3.44821400835931 2.73328690211524 1.88675520044936
  1038 3.09729635495452 1.19848520608302 2.44982726195750
  1039 3.26489385392827 1.48295235496747 2.04306808343249
  1040 3.82585415150825 2.22295107103093 1.19815963178991
  1043 1.14505030377916 3.90390631868163 1.92238093396788
  1047 2.85541404814477 3.29524617296365 1.19130855634820
  1048 0.88082499461543 3.82823719332666 1.56892494527170
  1049 0.96753711480264 3.33632248966592 1.41859684690745
  1050 3.32120414790049 3.21688051113211 1.42364414766954
  1051 3.04255448390346 3.40667486348172 1.38613233357735
  1057 1.78425334373206 3.82672180124116 3.13718455252921
  1059 2.11749676123061 0.11597799719757 2.69561226168954
  1060 3.28433816054453 2.89114543063792 1.18664483447385
  1061 2.99996743720847 2.93451259807214 1.03433185358744
  1071 1.40867548875491 2.79332091702477 3.74017977119368
  1073 1.32826284074171 1.94599489795137 3.37686099396632
  1091 0.80396035601121 0.91079826000013 1.20035064346324
  1096 0.83630532688574 0.56452790544588 0.97425765719651
  1097 1.06626814019940 0.89148602887217 0.44375292145169
  1098 1.86018767624082 3.41595572157636 3.21229933513682
  1100 1.43367427266291 2.80074352782708 3.34480091483034
  1101 0.96058313964044 2.75909365106621 3.31926768394775
  1105 1.80839171405542 1.69419328405768 3.51295801687917
  1106 1.74397855365747 1.16763794654359 3.33499417416532
  1109 1.85435557779139 3.86806149566777 3.41268938514404
  1113 0.85700999482750 3.12237099224096 3.98576619217987
  1115 0.95049747672605 2.87510998970465 3.91117891874554
  1120 1.53956269856321 0.08109753227371 3.70132983215473
  1121 1.74316489290390 0.52340392083546 3.87938656446770
  1122 0.64069301278684 3.04148938371393 3.68903799966472
  1123 0.77152715425947 2.83238029139771 3.64659550899127
  1124 0.84257641799998 1.25404708650402 3.32680085862449
  1125 1.20295407416139 0.89742821779177 3.25717748848199
  1127 1.41084950205823 1.11055780594379 3.11903997511800
  1128 1.11425079275082 1.47967188238081 3.14626574457624
  1131 1.58472803052502 2.22290994642625 0.44386012592618
  1133 2.45472414180279 2.59299725065645 0.06465892118783
  1134 2.03256658142763 2.73676414332945 0.24202995467209
  1135 2.19257299559516 1.87512266699074 3.93963621001086
  1136 1.83760648726327 1.70283655172379 0.33880881502259
  1137 2.08634823405307 2.26206864158023 3.87188823806025
  1138 1.79296070250229 2.44748847725605 0.06697264019769
  1140 2.50313380477332 2.99470237660421 3.04019836397913
  1141 2.66209258612598 3.13718458677009 2.62514244942645
  1142 0.76625592684604 1.47827384332635 0.94911300896333
  1143 0.85293674535459 1.54807660743678 0.50726519789493
  1145 2.05794468456427 3.19350334110973 2.99263808116094
  1146 2.22498277091243 3.43876320961724 2.57695683313214
  1147 1.08768459245834 1.24520321343010 0.61635575743042
  1148 0.95753108133191 1.27004724413878 0.99124403105067
  1164 3.21738068896966 2.20604150153192 2.44814724074710
  1166 3.02604293907675 2.40231053771919 2.21278984248909
  1167 3.51116368819921 2.50677411297256 2.45664548616913
  1168 3.26205006066813 2.68240921383457 2.20399387424073
  1169 2.16779710277846 0.38901628278204 0.80646014408785
  1170 2.48594558119768 0.29927079400279 0.58249726439782
  1172 2.32704528890198 0.59792797623960 0.27261307164003
  1173 2.05609084677359 0.67377782786044 0.44364240899050
  1174 0.14944835497090 1.64906474440936 1.40626803081234
  1176 0.36470322169081 1.37005529333688 1.09592393521939
  1177 3.70448811679942 1.80128566707922 1.12986250619552
  1205 3.03505506779362 0.49396107054708 1.12615635045241
  1206 3.20059862182122 0.72204533377715 1.12410396280963
  1212 3.19070951225845 0.33220940964575 1.24540563981451
  1213 3.39991356608641 0.49767058252635 1.27994773386358
  1229 1.02343710092457 2.05865460757803 1.87560753000020
  1238 0.89306868404306 1.92763069737762 1.18266692273446
  1239 1.22013068027301 1.94831920478708 1.47256795663810
  1332 1.66626942459314 2.38792657125574 0.77210651912565
  1333 1.91662686089935 2.25005347579440 1.13413506853979
  1335 1.55401676254130 2.34310181068269 1.30564105480167
  1336 1.52240427503311 2.58111251711891 0.99851466599988
  1337 1.41150141224448 3.47117867610178 1.95098244894225
  1339 1.26063010176643 3.18718624024211 1.63518421080993
  1345 1.30307672187972 3.19501709283897 2.40707472624854
  1346 1.15631939488751 2.81965437130541 2.10117339951899
  1352 2.05936893672279 3.73348646402687 0.87153538939452
  1354 2.12456117582545 3.47853071246771 1.21265880745350
  1355 1.79948788064192 3.51460638961442 0.71101533718831
  1356 1.79801990081215 3.20562778162707 1.00498338281738
  1377 2.26727885609576 0.20088278634732 3.54403062429643
  1378 2.18388716880696 0.47061871093676 3.72233692408658
  1385 2.37762583886332 0.66733140857841 3.45262063556050
  1386 2.45111126248457 0.42365059943786 3.30327047775657
  1395 3.66058802320217 1.84976005054103 0.46167981739266
  1396 3.88152100714169 1.58650171843761 0.31335214365037
  1400 3.62558713051327 1.66683349614639 0.78928069763083
  1401 3.83867415718324 1.42515447295496 0.63855732438853
  1437 0.40359772349750 2.06647787118307 1.52414456409803
  1439 0.42975431889177 2.08143041822023 1.64466410080886
  1440 0.33562580531908 2.19294888861897 1.49676784310444
  1441 0.36251522962101 2.23407050304324 1.65860115650917
  1450 2.45046660531466 3.34608432896079 3.91191556721041
  1451 2.61102077278898 3.59458053996880 0.02613310183297
  1455 2.45081361251489 3.44944399879864 3.67605408324788
  1456 2.58254358857447 3.66815126116259 3.75212090004692
  1458 0.95690073991070 2.10094418657425 0.96911375575552
  1459 1.17715086785559 2.44184028416957 0.72889754808904
  1460 0.80598782290235 2.43235950541740 0.70803059090041
  1461 0.94680072785537 2.59730053981015 0.65246226520941
edges 766
16      2      0
17      0      8
32     16     41
33     41     37
34     37     18
84     58     59
85     59     52
93     59     47
101     76     72
102     72     14
111     72     69
177    115     47
181     59      0
189    115      8
218    143    139
224    134    136
225    136    147
229    140    136
231    143    140
232    149    156
246    152    163
247    163    157
272    171    191
273    191    169
284    185      2
292    177    180
293    180    185
295    171     18
303    174    177
313    199    198
363    220    215
382    230    243
389    241    236
390    236    243
391    231    240
395    231    241
398    235    240
419    254    174
433    260    261
438    264    261
486     16    295
487    295    290
496    295    288
501    292    288
524    260    199
526     58    185
537    310    191
544    195    311
553    311    315
554    315    310
584    264    332
588    163    336
596    339    284
597    311    339
612    354    346
623    347    346
624    354    315
625    343    347
629    243    356
632    147    356
636    343    143
641    365    358
642    358    364
669    139    347
690    376    241
700    214    380
736     41    396
737    396    394
760     11    364
766    403    336
767    399    403
774    157    405
775    405    403
776    119    410
782    406    410
785    408    288
786    406    408
825    410    220
835    365    422
839    425    215
843    425    422
844    396    295
849    406    425
850    394    408
886    169    436
890    439    440
892    230    439
895    241    439
921    413    447
947    171    457
998     36    473
1021    156    481
1042    488    489
1045     36    488
1048     16    488
1049     14    489
1079    500    502
1081    231    500
1083    236    502
1086    198    502
1109    199    510
1112    149    510
1153    191    524
1172     69    529
1194    413    538
1214    544    545
1218     36    545
1220     37    544
1221     41    545
1242    149    553
1243    261    553
1256    557    559
1260    394    559
1261    354    557
1263    399    559
1289    568    569
1290    553    568
1292    332    568
1293    152    569
1294    134    569
1301    300    571
1307     52    573
1308    277    573
1333    581    582
1336    339    581
1337    403    582
1339    354    582
1355    230    587
1410    115    605
1431    545    611
1432    473    611
1476    115    625
1486    629    630
1487    396    629
1490    290    630
1491     98    630
1492    429    630
1507    635    636
1510    569    635
1512    429    636
1513    332    636
1525    343    640
1528    432    640
1540      2    645
1546    647    648
1547     98    647
1549    429    647
1550    413    648
1552    635    648
1553    649    650
1554    136    649
1557    356    650
1558    587    650
1559    380    650
1584      8    658
1586     11    658
1591    660    662
1595    513    662
1602    394    663
1605    399    663
1612    346    667
1614    582    667
1615    668    669
1617    519    668
1618    291    668
1619    636    669
1621    290    669
1631    673    674
1634    422    673
1635    405    674
1636    663    674
1637    425    674
1648    513    678
1649    605    678
1658    544    681
1660     11    681
1691    691    692
1692    481    691
1693    436    691
1694    231    691
1697    376    692
1705    695    696
1706    310    695
1707    557    695
1708    171    695
1710    559    696
1711     37    696
1716    139    698
1718    529    698
1729    432    701
1760    571    711
1761    538    711
1762    460    711
1779    717    718
1780    524    717
1781    436    717
1782    240    717
1784    174    718
1785    235    718
1800    723    724
1801    481    723
1802    510    723
1803    500    723
1806    195    724
1807    725    726
1808    356    725
1809    538    725
1811    380    726
1813    660    726
1839    735    736
1841    447    735
1842    291    735
1843    152    736
1844    635    736
1845    668    736
1846    737    738
1847    399    737
1850    696    738
1853    739    740
1855    701    739
1856    457    739
1859    169    740
1920    177    758
1922    760    761
1923    152    760
1924    649    760
1925    157    760
1927    380    761
1930    762    764
1932    214    762
1934    761    764
1935    215    762
1937    405    764
1980     98    777
1988    180    780
1989    718    780
1998    783    784
2001    645    783
2002    758    784
2004    185    784
2023    791    792
2024    510    791
2027    724    792
2028    698    792
2037    795    796
2038    726    795
2039    513    795
2040    447    795
2041    761    796
2043    735    796
2044    797    798
2045    169    797
2046    481    797
2048    315    798
2049    724    798
2050    347    798
2051    799    800
2054    447    799
2055    571    800
2056    777    800
2057    413    800
2077    605    806
2106    816    817
2108    762    816
2110    667    817
2111    764    817
2117    581    819
2118    519    819
2119    336    819
2126    625    821
2130    519    822
2133     72    822
2142    358    826
2173    826    837
2176    300    837
2177    838    839
2178    439    838
2180    235    838
2181    440    839
2182    826    839
2183    254    839
2192    842    844
2196     76    844
2199    292    844
2208    660    847
2210    214    847
2232    822    854
2233    291    854
2270    277    866
2278    869    870
2281    406    870
2283    777    869
2284    365    870
2286    513    871
2287    799    871
2296    581    874
2297    822    874
2298     69    874
2307    799    877
2308    869    877
2318    838    881
2322    882    883
2324    758    882
2325    260    882
2326    473    883
2328    264    883
2329    884    885
2331    881    884
2332    235    884
2333    277    885
2335    780    885
2352    254    890
2377    899    900
2378    663    899
2380    629    899
2381    673    900
2391    903    904
2392     98    903
2394    900    903
2395    777    904
2396    837    904
2397    365    904
2399    140    905
2401    156    905
2405    907    908
2407    866    907
2409    220    908
2411    816    908
2412    909    910
2413    791    909
2414    783    909
2416    199    910
2417    784    910
2419    911    912
2420    432    911
2424    881    912
2425    230    912
2426    913    914
2427    432    913
2429    740    913
2430    343    914
2431    905    914
2432    797    914
2433    915    916
2434    611    915
2435    890    915
2437    544    916
2439    738    916
2440    917    918
2442    519    917
2443    489    917
2444    264    918
2445    669    918
2446    488    918
2451     18    920
2454      2    920
2456    922    923
2458    911    922
2459    903    922
2461    881    923
2462    837    923
2470    926    927
2472    877    926
2473    291    926
2474    288    927
2475    869    927
2476    290    927
2478    780    928
2479    920    928
2480    524    928
2495    758    933
2513    502    938
2521    941    942
2523    842    941
2524    806    941
2525    926    942
2526    844    942
2527    854    942
2538    946    948
2540    174    946
2542    890    948
2543    436    946
2545    692    948
2549    261    949
2556    890    952
2557    440    952
2558    376    952
2562    954    955
2564    949    954
2565    917    954
2566    284    955
2568    819    955
2571    957    958
2573     14    957
2574     76    958
2576     16    957
2577    292    958
2578    959    960
2579    806    959
2580     47    959
2583     61    960
2584    862    960
2602    740    966
2603    946    966
2604    933    966
2615    970    971
2617    933    970
2618    883    970
2619    429    971
2621    332    971
2625     36    972
2628     11    972
2638    977    978
2641    573    977
2642    842    978
2644    119    978
2649    739    980
2652    933    980
2654    982    983
2655     18    982
2656    957    982
2657    645    982
2658    457    983
2659    958    983
2662    783    984
2663    980    984
2664    983    984
2679    364    989
2680    972    989
2690    284    992
2696    571    995
2702    997    998
2704    605    997
2705    658    998
2707    871    997
2708    364    998
2711   1000   1001
2714    992   1001
2716    847   1000
2717    662   1001
2718   1002   1003
2719    877   1002
2720    997   1002
2721    941   1002
2722    870   1003
2723    998   1003
2724    119   1003
2740    905   1007
2743   1010   1011
2744    489   1010
2746    972   1010
2747    954   1011
2748    992   1011
2756    376   1012
2759   1015   1016
2760   1011   1015
2762    662   1015
2763    989   1016
2764    995   1016
2765    871   1016
2770    629   1018
2771    970   1018
2772    611   1018
2773   1019   1020
2774    649   1019
2775   1007   1019
2776    157   1019
2777    587   1020
2779    673   1020
2780   1021   1022
2781    911   1021
2782   1020   1021
2783    900   1021
2784    913   1022
2785   1007   1022
2788    980   1023
2790    971   1023
2798    678   1026
2799   1001   1026
2800    625   1026
2805    737   1028
2808    336   1028
2811   1030   1032
2813    899   1030
2815    737   1032
2816   1022   1030
2828   1036   1037
2829    955   1036
2830   1028   1036
2832    949   1037
2834   1012   1037
2835   1038   1039
2836    966   1038
2837   1030   1038
2838   1018   1038
2839    948   1039
2840   1032   1039
2841    915   1039
2843    847   1040
2845   1012   1040
2853    645   1043
2856     14   1043
2863    198   1047
2866    711   1047
2867   1048   1049
2868   1010   1048
2869   1043   1048
2870      8   1048
2871    992   1049
2873    625   1049
2874   1050   1051
2875   1015   1050
2877    949   1050
2878    995   1051
2879   1047   1051
2880    260   1051
2898   1057   1059
2900     76   1057
2902    984   1059
2905   1023   1059
2906   1060   1061
2907    660   1060
2908   1050   1060
2909   1012   1060
2910    725   1061
2911   1047   1061
2912    236   1061
2942    960   1071
2950    346   1073
2953    908   1073
3006    681   1091
3007    920   1091
3020   1096   1097
3021      0   1096
3022   1091   1096
3023    658   1096
3024    573   1097
3026    119   1097
3028    862   1098
3029   1057   1098
3030    529   1098
3034   1100   1101
3035    139   1100
3036   1071   1100
3037    529   1100
3038    667   1101
3040    874   1101
3050   1105   1106
3051    866   1105
3052   1073   1105
3053    640   1105
3054    977   1106
3056    701   1106
3067    862   1109
3070   1057   1109
3077    678   1113
3080    806   1113
3083   1071   1115
3084   1113   1115
3098   1120   1121
3099    842   1120
3100   1109   1120
3101    959   1120
3102    977   1121
3104     52   1121
3105   1122   1123
3106    854   1122
3107    796   1122
3108   1113   1122
3109   1101   1123
3110    817   1123
3111   1115   1123
3112   1124   1125
3115    410   1124
3116    978   1125
3118    408   1124
3119    292   1125
3121   1127   1128
3122    457   1127
3123   1125   1127
3124   1106   1127
3125    557   1128
3126   1124   1128
3127   1073   1128
3139   1133   1134
3141    147   1133
3142     61   1134
3144    243   1133
3145    938   1134
3146   1135   1136
3147    912   1135
3149    640   1135
3150    884   1136
3151   1131   1136
3152    866   1136
3153   1137   1138
3154   1135   1137
3155   1133   1137
3156    143   1137
3157   1131   1138
3158   1134   1138
3159   1071   1138
3162   1140   1141
3164    140   1140
3165    149   1141
3167    134   1140
3168    568   1141
3169   1142   1143
3173    907   1143
3176    220   1143
3178   1145   1146
3179   1098   1145
3180   1140   1145
3181    698   1145
3182   1059   1146
3183   1141   1146
3184    791   1146
3185   1147   1148
3186   1097   1147
3187   1143   1147
3188    277   1147
3189   1091   1148
3190   1142   1148
3191    928   1148
3241   1164   1166
3243   1007   1164
3245    156   1166
3246   1032   1164
3248    692   1166
3249   1167   1168
3250   1028   1167
3251   1164   1167
3252    163   1167
3253   1037   1168
3254   1166   1168
3255    553   1168
3256   1169   1170
3259     58   1169
3260    460   1170
3262    180   1169
3263    300   1170
3265   1172   1173
3266    923   1172
3267   1170   1172
3269    885   1173
3270   1169   1173
3271     52   1173
3273   1174   1176
3275    916   1174
3277    681   1176
3280   1142   1176
3282   1040   1177
3283   1174   1177
3284    952   1177
3370   1205   1206
3372    177   1205
3373    254   1206
3375    300   1205
3376    826   1206
3393   1212   1213
3394    882   1212
3395    995   1212
3396   1205   1212
3397    473   1213
3398    989   1213
3399   1206   1213
3446    311   1229
3449    310   1229
3475   1238   1239
3476   1142   1238
3479    524   1239
3480   1229   1239
3777   1332   1333
3780    938   1332
3781    500   1333
3783   1131   1332
3784    240   1333
3786   1335   1336
3787   1239   1335
3788   1333   1335
3789    195   1335
3791   1332   1336
3792    821   1336
3794   1337   1339
3796    909   1337
3798    821   1339
3799   1043   1337
3801   1049   1339
3818   1345   1346
3819   1337   1345
3820     69   1345
3821    792   1345
3822   1339   1346
3823    339   1346
3824    195   1346
3842   1352   1354
3844    460   1352
3846    198   1354
3847     58   1352
3849    910   1354
3850   1355   1356
3851     47   1355
3852   1352   1355
3853     61   1355
3854    821   1356
3855   1354   1356
3856    938   1356
3921   1377   1378
3925   1172   1378
3927   1109   1377
3928   1121   1378
3946   1385   1386
3947    922   1385
3948   1378   1385
3949    701   1385
3950    647   1386
3951   1377   1386
3952   1023   1386
3978   1395   1396
3980    587   1395
3981    214   1395
3983    422   1396
3984    215   1396
3994   1400   1401
3995   1395   1400
3996    440   1400
3997   1177   1400
3998   1396   1401
3999    358   1401
4000   1176   1401
4114   1437   1439
4116   1238   1437
4118   1229   1439
4119   1174   1437
4121    738   1439
4122   1440   1441
4123   1040   1440
4124   1437   1440
4125   1000   1440
4126   1036   1441
4127   1439   1441
4128    284   1441
4154   1450   1451
4155    147   1450
4157     61   1450
4158    538   1451
4160    460   1451
4170   1455   1456
4171    862   1455
4172    134   1455
4173   1450   1455
4174   1377   1456
4175    648   1456
4176   1451   1456
4179   1458   1459
4181    907   1458
4182   1131   1459
4184   1238   1458
4185   1336   1459
4186   1460   1461
4187   1000   1460
4188   1458   1460
4189    816   1460
4190   1026   1461
4191   1459   1461
4192   1115   1461
polygons 447
0   1540   2451   2454   2655   2657
3     16     17   1540   2853   2869   2870
4     16   2454   3007   3021   3022
5   2573   2656   2657   2853   2856
7     32     33     34   2576   2655   2656
10   1584   1586   2628   2746   2868   2870
11     17   1584   3021   3023
13   1586   1660   3006   3022   3023
15   1214   1218   1658   1660   2625   2628
16   1049   2744   2856   2868   2869
17   1042   1048   1049   2573   2576
18     32   1045   1048   1218   1221
19     34   1220   1658   2451   3006   3007
21   1042   1045   2625   2744   2746
22     33   1214   1220   1221
23   3844   3852   3853   4154   4157   4160
27   3260   3267   3921   3925   4160   4174   4176
28     84     85   3259   3270   3271
29   3256   3259   3260   3844   3847
30   3104   3265   3271   3925   3928
31   2578   2584   3067   3100   3101
32     85     93   2580   3098   3101   3104
33     93     84   3847   3851   3852
34   2578   2580   2583   3851   3853
36   2583   2584   4157   4171   4173
37   2574   2659   2664   2898   2900   2902
38    101    102   2571   2573   2574
39   2001   2414   2853   3796   3799
40   2023   2413   3796   3819   3821
42    102    111   2856   3799   3819   3820
43   2413   2414   2662   2902   3182   3184
44   1172   1718   2028   3820   3821
45    111    101   1172   2900   3029   3030
47   1486   1492   2615   2619   2770   2771
48   2380   2770   2813   2837   2838
49   1491   1492   1547   1549
51   2394   2458   2459   2781   2783
54   1547   2392   2459   3946   3947   3950
56   1729   2420   2458   3947   3949
57   1549   2619   2790   3950   3952
58   1853   2602   2604   2649   2652
60   2420   2427   2780   2781   2784
61   1729   1853   1855   2427   2429
62   2429   2602   2784   2816   2836   2837
63   1486   1491   2377   2380   2392   2394
67    177   1410   2077   2579   2580
68   1307   2641   3102   3104
69     85    181   1307   3020   3021   3024
70   2638   2641   2644   3024   3026
71    177    189     17    181     93
73    189   1410   1584   2702   2704   2705
75   2638   2642   3098   3099   3102
76   2523   2524   2579   3099   3101
77   2523   2642   2644   2718   2721   2724
78   2705   2723   2724   3020   3023   3026
81   2077   2524   2704   2720   2721
82   2583   2942   3142   3158   3159
83   1716   1718   3035   3037
84    218   3035   3036   3153   3156   3159
85   3139   3141   3142   4155   4157
86   2584   2942   3028   3030   3036   3037
87    224    225   4155   4172   4173
88    229    224   3164   3167
89   3028   3167   3179   3180   4171   4172
90    218    231   1716   3164   3180   3181
91    229    231    225   3141   3155   3156
92    232   1242   3245   3254   3255
93    232   2399   2401   3162   3164   3165
94   1242   1290   3165   3168
95    246    247   1923   1925
96    224   1293   1294   1554   1923   1924
97   1924   1925   2774   2776
100   1289   1294   3162   3167   3168
101    246   1289   1290   1293   3249   3252   3255
102   2401   2740   3241   3243   3245
103    247   2775   2776   3243   3251   3252
104    229   1554   2399   2740   2774   2775
107   1856   2649   2658   2663   2664
108    272    273    947   1853   1856   1859
109    273    886   1153   1780   1781
110    886   1859   2543   2602   2603
111    284   1540   1998   2001   2004
112    292    293   1920   2002   2004
114    295    272   1153   2451   2479   2480
115    295    947   2654   2655   2658
119    303   1920   2495   2540   2603   2604
121   1779   1780   1989   2478   2480
122    292    303   1784   1988   1989
123   1779   1781   1784   2540   2543
124    284    293   1988   2454   2478   2479
125   1998   2002   2495   2652   2662   2663
126    313   1079   1086   1109   1802   1803
127   1800   1803   1806   3781   3788   3789
128   1086   2513   3846   3855   3856
129   1109   2024   2412   2413   2416
130   1806   2027   3818   3821   3824
131   2412   3794   3796   3798   3849   3854   3855
133   3786   3789   3792   3798   3822   3824
134    313   2416   3846   3849
135   1932   2108   2210   2716   4187   4189
136   2210   2843   3282   3981   3995   3997
139   3273   3280   3476   4116   4119
141   2405   2411   4181   4188   4189
143   3169   3173   3476   4181   4184
145    363   3169   3176   3280   3984   3998   4000
146   2405   2409   3173   3176
148   1932   1935   3978   3981   3984
149    363   1935   2108   2409   2411
150   4116   4124   4125   4184   4187   4188
151   2578   2579   2942   3080   3083   3084
152   1172   2298   3034   3037   3040
154   3028   3029   3067   3070
155   2192   2196   2900   3070   3099   3100
156    101   2133   2196   2232   2526   2527
159    111   2133   2297   2298
160    892   2178   2318   2424   2425
161    382   2425   3144   3147   3154   3155
162    389    390    382    892    895
163    391   1081   3781   3784
164    395    398    391    895   2178   2180
165    389    395   1079   1081   1083
166    390   1083   2513   3139   3144   3145
167   2331   2424   3146   3147   3150
169    398   2332   3150   3151   3777   3783   3784
171   2180   2318   2331   2332
173   1432   2352   2434   2435   3373   3397   3399
174   1920   2324   3372   3394   3396
176    419    303   3370   3372   3373
178    419   2352   2538   2540   2542
179   2435   2542   2839   2841
180   1432   2326   2618   2771   2772
181   2434   2772   2835   2838   2841
182   2325   2878   2880   3394   3395
183    433   2549   2874   2877   2880
184    438    433   2322   2325   2328
185    438   2440   2444   2549   2564   2565
186   2443   2565   2743   2744   2747
187   2564   2747   2760   2875   2877
188    998   2625   2680   3397   3398
191    998   1045   2326   2328   2444   2446
192   1528   1729   3050   3053   3056
193   2270   2329   2333   3150   3152
194   2456   3266   3925   3947   3948
195   1307   1308   2333   3269   3271
199   1308   2270   2641   3050   3051   3054
200   3054   3056   3102   3928   3948   3949
201   2714   2717   2748   2760   2762
202   2690   2711   2714   4122   4125   4128
203   2832   2834   2877   2908   2909
204   2208   2843   2845   2907   2909
205   2566   2829   4126   4128
207   2562   2566   2690   2747   2748
210   2196   2199   2574   2577
211    486    487   1048   1621   2445   2446
212    102   1049   2130   2133   2442   2443
213   1617   1618   2130   2232   2233
214   1615   1618   1621   2470   2473   2476
215    487    496   2474   2476
216   2233   2473   2525   2527
217    501    496    486   2571   2576   2577
219    501   2199   2470   2474   2525   2526
223   1301   2696   3375   3395   3396
224   1760   2696   2866   2878   2879
226   1301   1760   1762   3260   3263
227    292   3256   3262   3263   3372   3375
228   1762   2863   2866   3842   3844   3846
230    524   2002   2324   2325   2416   2417
231    313    524   2863   2879   2880
234    526   2004   2417   3842   3847   3849
235    293    526   3259   3262
240    537   1153   3449   3479   3480
241   1780   1782   3479   3784   3787   3788
243    544   3446   3480   3787   3789
244   1081   1692   1694   1801   1803
246    391   1693   1694   1781   1782
248    553    554   3446   3449
249    554    273    537   2044   2045   2048
250    544    553   1806   2048   2049
251    886   1692   1693   2045   2046
253   2039   2040   2054   2286   2287
254   1841   1842   2054   2307   2472   2473
255   1842   2043   2233   3106   3107
257   2472   2521   2525   2719   2721
258   1648   1649   2286   2704   2707
261   1293   1510   1843   1844
262   1289   1292   1507   1510   1513
263    438    584   1243   1290   1292
264    584   1513   1619   2444   2445
265    588   2808   3250   3252
266   1243   2549   2832   3253   3255
267   2119   2568   2808   2829   2830
268    588    246   1617   1843   1845   2118   2119
269   1507   1615   1619   1844   1845
270   2126   2873   3798   3801
271   2714   2799   2800   2871   2873
272    596   2690   2871   3801   3822   3823
273    544    597   3823   3824
274    596    597   3446   4118   4127   4128
275   1525   1528   2426   2427   2430
276    537    272   1706   1708
277   1859   2045   2426   2429   2432
279    612   1261   2950   3125   3127
280    947   1707   1708   3121   3122   3125
281   1855   1856   3056   3122   3124
284    623    612    624   2048   2050
285    625   2044   2050   2430   2432
286    623    625   1525   2950   3052   3053
287    624    554   1261   1706   1707
289   1355   2419   2425   2777   2781   2782
290    382    629   1355   1557   1558
291    632    629   3141   3144
294    636   1525   3149   3154   3156
295    231    636   2399   2430   2431
296    632    225   1553   1554   1557
297    641   2142   2173   2396   2397
298    642   2142   2679   3376   3398   3399
299    641    642   2284   2708   2722   2723
300   2679   2702   2707   2708   2763   2765
301   1301   2055   2056   2176   2395   2396
302   2051   2055   2287   2696   2764   2765
303   2173   2176   3370   3375   3376
304   2278   2283   2284   2395   2397
305   2270   2407   3173   3187   3188
306   2333   2335   2478   3185   3188   3191
307   3783   3791   4182   4185
309   1785   1989   2329   2332   2335
310   2480   3190   3191   3475   3476   3479
311   2407   3151   3152   4179   4181   4182
313    398   1779   1782   1785
314   1021   2046   2401   2431   2432
315    669   1716   2027   2028   2049   2050
316   1112   2024   3165   3183   3184
319    232   1021   1112   1801   1802
320    669    218    636    625
322   3142   3145   3850   3853   3856
323   1083   1086   2863   2911   2912
326   1761   1762   4158   4160
327   1761   1809   2866   2910   2911
328    629    390   1808   2910   2912
329    632   1808   1809   4154   4155   4158
331   1292   2621   2790   2905   3168   3182   3183
332   1512   1513   2619   2621
333   1294   1510   1552   4170   4172   4175
334    690    389   2756   2906   2909   2912
335   1557   1559   1807   1808   1811
336   1807   1813   2906   2907   2910
338    890    892   1355   3980   3995   3996
339    700   1558   1559   3980   3981
341   2558   2756   2845   3282   3284
342    690    890    895   2557   2558
343    700   1811   1813   2208   2210
345   2557   3284   3996   3997
348   1846   2433   2439   2815   2840   2841
349   2545   2839   2840   3241   3246   3248
350   2805   2815   3246   3250   3251
351   1697   2756   2834   3248   3253   3254
352   2439   3275   4114   4119   4121
353   1697   2542   2545   2556   2558
354   1846   2805   2830   4121   4126   4127
355    433    524   1109   1112   1242   1243
358    584   2328   2615   2618   2621
360   1263   1710   1846   1847   1850
361   1220   1711   1850   2437   2439
362   1260   1263   1602   1605
363     33    736    737   1260   1710   1711
364    736   1221   1431   1487   2770   2772
365    737   1487   1602   2378   2380
369   1605   1847   2378   2811   2813   2815
372   1410   1476   1649   2798   2800
373   3083   3157   3159   4182   4191   4192
376    177   1476   2126   3850   3851   3854
378    189   1476   2867   2870   2873
380   1595   2286   2759   2762   2765
382    760   1586   2705   2708
384   1595   1648   2717   2798   2799
386    760   2628   2679   2680
387    597    553    624   1333   1336   1339
388    596   1336   2117   2566   2568
389    766   1333   1337   2117   2119
390    767   1256   1261   1263   1337   1339
391    766    767   1847   2805   2808
393   1705   1706   1850   3449   4118   4121
395   2785   2811   2816   3243   3246
397   2381   2779   2782   2783
398    774   1631   1635   2773   2776   2779
399    775    767   1605   1635   1636
400    774    247    588    766    775
401    776   2644   3112   3115   3116
402    782    776   2281   2722   2724
403   2192   2199   2642   3116   3119
404    785    501   3112   3118   3119
405    782    786   3115   3118
406    786    785   2278   2281   2474   2475
407   2308   2470   2472   2475
408   1194   1760   1761   2055   2057
409   1194   1550   4158   4175   4176
411   1546   1547   1550   1980   2056   2057
412   2176   2462   3263   3266   3267
414   1980   2391   2392   2395
417   1612   2106   2110   2411   2950   2953
418    623    669   1612   3034   3035   3038
420   1591   1595   1813   2038   2039
422    921   2051   2054   2057
423    921   1194   1807   1809   2038   2040
424   1934   2041   2111   3105   3107   3110
425    774   1922   1925   1934   1937
426   1839   1843   1922   1923   2041   2043
427   1333   1614   2296   3038   3040
428   2117   2118   2130   2296   2297
429   1618   1839   1842   1845
430    775   1337   1614   1937   2110   2111
432   2638   3054   3116   3123   3124
434   2577   2658   2659   3119   3122   3123
436   1553   1559   1922   1924   1927
437   1811   1927   2037   2038   2041
439    921   1550   1552   1839   1841   1844
440   1490   1492   1512   1619   1621
441   1490   1491   1980   2283   2475   2476
444   1336   2296   2298   3818   3820   3823
445   1988   2335   3262   3269   3270
446   1308   3024   3186   3188
447    284    526     84    181     16
449    776    825   3026   3176   3186   3187
450    825   2409   2953   3115   3126   3127
454   2173   2177   2182   2318   2461   2462
456   1634   2777   2779   3978   3980   3983
458    835   1634   2381   2391   2394   2397
460   2142   2181   2182   3994   3996   3999
461    641    835   3983   3998   3999
462    839   1635   1637   1930   1935   1937
463    700   1927   1930   1932   1934
466    839    843   3983   3984
467    843   1631   1634   1637
468    844    487   1486   1487   1490
469     32    486    844    736
470    998   1218   1431   1432
473   2181   2183   2352   2556   2557
474    419   1784   1785   2177   2180   2183
475    395    690   1691   1694   1697
477   1021   1691   1692   3245   3248
478   2182   2183   3373   3376
479    786    849    850   1602   1636   1637
480    850    737    844    496    785
481    835    843    849   2281   2284
482    760    642   1660   3277   3999   4000
483   3006   3189   3190   3277   3280
484    363    839    849    782    825
485    850   1256   1260   3118   3125   3126
486     34    295   1705   1708   1711
488   1658   2437   3273   3275   3277
489    612   1339   1612   1614
491   1507   1512   1546   1549   1552
492   1528   2419   2420   3147   3149
493   1691   1693   2538   2543   2545
494    890   2177   2178   2181
495   2118   2442   2562   2565   2568
496   1591   2762   2875   2907   2908
497   1841   2037   2040   2043
501   1546   3950   3951   4174   4175
503   2322   2326   3393   3394   3397
506   1800   1801   2044   2046   2049
508   1042   2440   2443   2446
510   2798   3077   3084   4190   4192
511   2110   3038   3109   3110
512   1079   2513   3777   3780   3781
515   1800   1802   2023   2024   2027
516   1648   2037   2039   3077   3107   3108
518   1615   1617   2440   2442   2445
521   1718   3030   3179   3181
523   2001   2654   2657   2662   2664
524   1214   1431   2433   2434   2437
525   2287   2307   2707   2719   2720
527   1256   1705   1707   1710
531   1553   1558   2773   2774   2777
533   1855   2649   2788   3946   3949   3952
536   1649   2077   3077   3080
539   2126   2800   3792   4185   4190   4191
541   3051   3053   3146   3149   3152
542   2023   2028   3178   3181   3184
544   1591   2208   2711   2716   2717
545   1631   1636   2377   2378   2381
547   2051   2056   2283   2307   2308
548   2716   2843   4123   4125
552   2106   3110   3111   4186   4189   4192
553   3780   3791   3792   3854   3856
554   2329   2331   2461   3265   3266   3269
555   2322   2324   2495   2617   2618
556   1930   2106   2108   2111
558   1998   2412   2414   2417
559   3067   3927   4170   4171   4174
562   2521   2524   2527   3080   3106   3108
564   2232   2297   3040   3105   3106   3109
565   2405   2407   2953   3051   3052
566   3145   3157   3158   3780   3783
567   2391   2396   2456   2459   2462
568   2192   2521   2523   2526
571   2426   2431   2740   2784   2785
572   2278   2308   2718   2719   2722
573   2419   2424   2456   2458   2461
574   2377   2780   2783   2813   2816
575   2433   2435   2556   3275   3283   3284
576   2604   2617   2771   2836   2838
577   2479   3007   3189   3191
578   2615   2617   2652   2788   2790
580   2538   2603   2835   2836   2839
581   2562   2564   2828   2829   2832
582   2571   2654   2656   2659
583   2763   2764   3393   3395   3398
584   2680   2743   2746   2759   2760   2763
585   2663   2788   2902   2905
586   2743   2748   2867   2868   2871
587   2759   2764   2874   2875   2878
588   2702   2718   2720   2723
589   2711   2799   4186   4187   4190
590   2898   2905   3070   3927   3951   3952
591   2773   2775   2780   2782   2785
592   2828   2834   2845   4122   4123   4126
593   2828   2830   3249   3250   3253
594   2811   2835   2837   2840
595   3282   3283   4119   4123   4124
596   2867   2869   3794   3799   3801
597   2874   2879   2906   2908   2911
599   2898   3029   3178   3179   3182
600   3020   3022   3185   3186   3189
602   3034   3036   3083   3109   3111
603   3050   3052   3121   3124   3127
609   3098   3100   3921   3927   3928
610   3084   3105   3108   3111
612   3112   3121   3123   3126
613   3146   3151   3153   3154   3157
614   3139   3153   3155   3158
615   3162   3178   3180   3183
616   3169   3185   3187   3190
620   3241   3249   3251   3254
621   3256   3265   3267   3270
622   3273   3283   3994   3997   4000
628   3370   3393   3396   3399
630   3475   3786   3787   4179   4184   4185
631   3475   3480   4114   4116   4118
652   3777   3786   3788   3791
653   3794   3818   3819   3822
656   3842   3850   3852   3855
661   3921   3946   3948   3951
663   3978   3994   3995   3998
671   4114   4122   4124   4127
673   4154   4170   4173   4176
674   4179   4186   4188   4191
cells 64
0      0      3      4      5      7     10     11     13     15     16     17     18     19     21     22
1     23     27     28     29     30     31     32     33     34     36    559    609    621    673
2     37      5     38     39     40     42     43     44     45    521    523    542    582    599
3     47     48     49     51     54     56     57     58     60     61     62     63    533    574    576    578
4     32     67     68     69     70     11     71     73     75     76     77     78     81    588
5     82     83     84     85     86     36     87     88     89     90     91    521    614
6     92     93     94     95     96     97     88    100    101    102    103    104    620
7    107    108     58    109    110    111    112    114    115    119    121    122    123    124      0    125    523
8    126    127    128    129    130    131     40    133    134    512    515    553    652    653
9    135    136    139    141    143    145    146    148    149    150    548    595    622    663
10    151    152     86     45    154     76    155    156     31    159    562    564    568    602    610
11    160    161    162    163    164    165    166    167    169    171    512    566    613    614
12    173    174    176    178    179    119    180    181    503    555    576    580    628
13    182    183    184    185     21    186    187    188    191    503    508    583    584    587
14    167    192    193    194     56    195     30    199    200     68    492    541    554    573
15    201    202    203    204    205    187    207    496    544    548    581    592
16     17    210     38    211    212    213    214    215    156    216    217    219    508    518
17    182    223    174    224    226    227     29    228    230    231    112    134    234    235
18    240    241    163    243    127    244    246    109    248    249    250    251    506
19    253    254    255    216    257    258     81    497    516    525    536    562
20    261    262    263    264    185    265    266    267    268    269    101    495    518    581    593
21    270    271    243    272    202    133    273    150    274    539    589    630    631    671    674
22    275     61    276    249    108    277    279    280    281    284    285    286    192    287    603
23    289    104    290    291    275    294     91    295    296    161     60    492    531    571    591
24    297    298    299    223    300    301    302    303    304    525    547    572    583    588    628
25    121    241    305    169    193    306    307    143    309    310    311    313    616    630    652
26    314    285    315    316     93    319    320    295     90    506    515    542    615
27     85    322     23    228    128    323    326    327    328    329    166    291    656
28    331    154     57    332    333    100     89    262    491    501    559    590    599    615
29    162    334    328    290    335    336    338    339    341    342    343    204    136    345
30    348    349    350    351    179    352    353    341    354    575    592    593    595    620    671
31    129    355    125    331    230    184     43    316     94    358    263    555    558    578    585
32    360    361    362    363    364    365    348     48     22    369    181    524    594
33    322     82    372    307    373    376     34     67    151    510    536    539    553    566
34    372     73    378    380    271     10    258    382    384    201    386    300    584    586
35    387    388    389    390    391    360    267    393    274    205    354    287    248    527
36    395    103    391    369    265    350    397    398    399    400    545    574    591
37     77    401    402    403    404    405    406    257    219    407    568    572
38    408    326    409    411    412    226    414    194     27     54    301    501    567    661
39    311    417    286    373    418    141    294     84    320    511    541    552    565    602    613    674
40    224    336    380    253    302    408    420    422    423    327    496    587    597
41    424    425    426     95    427    428    213    255    429    430    389    400    268    511    564
42    155     37    432    210     75    403    107    200    281    434    533    585    590    609    661
43    436    437    335    439    261    426    423    333    409    296     87     96    329    497    673
44    429    439    269    440    422    254    411    441    214     49    407    491    547
45    428    212    388    272    444    159     42    207     16    186    495    586    596    653
46    445    195     28     69    446      4    235    124    447    306    577    600
47    401    432    199    305    446     70    449    450    146    565    603    612
48    454     51    297    289    160    456    397    458    338    460    461    494    567    573    663
49    456    398    462    148    463    339    425     97    436    466    467    531
50    468    440    211    191    358    364     47     18    469    264    470    332    180
51    353    178    473    474    246    475    123    164    342    313    493    494
52    351    334    266    355    475    231    323    126     92    244    203    183    319    477    165    597
53    445    227    122    474    309    412    171    454    478    303    176    554    621
54    270      3    378    447     71    376     33    111     39    131    234    558    596    656
55    424    384    135    437    420    343    463    510    516    544    552    556    589    610
56    441    406    479    480    468    215    365    414    304    458     63    481    467    545
57    482    483    466    299    382    449     13    402     78    461    145    484    481    600    616
58      7    280    434    363    480    485    404    469    217    486    115    527    582    612
59    477    314    102    277     62    251    349    395    110    493    571    580    594
60    139    483    393    488    352    361    276    240    114    486     19    310    577    631
61     15    482    478    473    460    488    345    470    173    298    188    386    524    575    622
62    387    489    427    130     44    418    315     83    444    273    284    152    250
63    149    484    450    390    489    279    362    485    417    479    405    462    430    399    556
