vertices 383
     0 1.16373803925168 0.21844666067203 1.05033586444733
     2 1.55080205165433 0.39268449962532 1.58358663808293
     8 1.05214101553651 0.10816758544818 1.05240222122282
    11 0.41421069153498 0.50657832748184 1.04281622460419
    14 1.01288148910871 3.92084123124000 2.14348487453864
    16 0.45627331805260 0.50006701909635 2.30333317306537
    18 1.30231981986262 0.84893288705230 1.91139440604308
    36 0.06147163742671 0.44727905764466 1.68868027932191
    37 0.64840427877108 0.97113215907950 2.00978159682900
    41 0.39965527468068 0.63968590936449 2.25294020633560
    47 1.59606384760239 3.66224743418892 0.55496523483267
    52 1.81822866603173 0.55794454025058 0.18844755503767
    58 2.01274641059712 0.07609834482545 0.86306091034423
    59 1.68867686338100 0.06897261951659 0.68587722480872
    61 2.03918182264143 3.17755497503020 0.07135631946115
    69 1.19688047178243 3.24813317725896 2.67371902720551
    72 1.09456506505307 3.45401259445812 2.66972755312586
    76 1.32019462795499 3.98280944685515 2.90949535628077
    98 3.25092959436051 0.53889557141594 3.32939942319165
   115 1.20481139183809 3.58402759388596 0.71957921779827
   119 0.94631517423410 0.79130325092439 0.07816011173467
   134 2.77555015171628 3.03007556473759 3.20780172421037
   136 2.81447013468879 2.68762427328525 3.36750643882138
   139 1.80983910385985 2.49705716195416 3.06696342703699
   140 2.56503867715847 2.53260802117020 3.08402497843799
   143 2.16777200170022 2.28694188548031 3.19499694529243
   147 2.69298869146701 2.69945501868844 3.87892327910427
   149 2.81349651962267 2.90257383305168 2.24014783965669
   152 3.57647889253115 3.01698668621300 2.99949672471752
   156 2.80267722679544 2.44829225225631 2.21400055590480
   157 3.63882850729594 2.48258285440545 3.07869714052703
   163 3.72574634127688 2.61992085926416 2.74340106021294
   169 2.07366398853457 1.48625972529033 2.18546304329764
   171 1.48068699771298 1.26590936917221 2.17069183739679
   174 2.46292119351662 1.02663044204980 1.49243938104186
   177 2.42350855028586 0.59181289498352 1.43078911568227
   180 2.22382163605132 0.56435169779866 1.30694270897345
   185 2.01303432096002 0.30383121599104 1.41783161658051
   191 1.58443026179124 1.41055354111030 2.07282500049044
   195 1.39515499987313 2.58453986494149 1.99318557456973
   198 2.61121976644854 3.21917696542327 1.25773441713488
   199 2.62872618249420 3.35425354923618 1.59644920383998
   214 3.96904297294870 2.26353937397919 0.36785538680758
   215 0.36995530698436 1.66750303206932 3.97368399748341
   220 0.67835759793797 1.60113627995667 0.01648617308900
   230 2.90306243994790 2.00082377005386 0.17144681923268
   231 2.43479404224816 2.28994548682535 1.21166084375650
   235 2.30521901241068 1.58366101286963 0.82077515001213
   236 2.70725930431045 2.53458355072003 0.92856227238678
   240 2.16490442005127 1.98208901541963 1.10935114642902
   241 2.73691837700303 2.33687862933575 1.02210679637794
   243 2.75714524917788 2.48252478829546 0.14939592465607
   254 3.16174637258429 1.06975415683112 1.17844072037852
   260 2.97755848778237 3.43775237439884 1.61889586997118
   261 3.20981263205438 3.29027092886953 1.87473975650582
   264 3.32601599707246 3.66239235155654 2.10799737932851
   277 1.73113305439213 1.21956030686736 0.36195441090260
   284 0.61843489079733 2.65997687116086 1.82223042579383
   288 0.39447087912335 0.60179112856491 2.88299069466394
   290 0.06133457194484 0.37547169747191 2.91904295370345
   291 0.22867085139219 3.49259918012555 3.18291428521237
   292 1.13417303145908 0.38512926329581 2.90719798411084
   295 0.28582372522837 0.59841955355394 2.71767888904656
   300 2.99390285598849 0.31558463233605 0.62145322929485
   310 1.23620178421883 1.75181081604777 2.17194307826023
   311 1.20118769476162 2.38855100921604 2.05975928215041
   315 1.30332016642889 2.05796783726154 2.35649261502584
   332 3.18510369652206 3.62568238632493 2.48182503676472
   336 0.11607398617311 2.49804542002931 2.55289278621170
   339 1.01713740986710 2.63211131661655 2.08721342847384
   343 2.14859039939197 2.02932525645838 2.98410748143508
   346 1.35360173771824 2.12037598397341 3.08810257912862
   347 1.75772594907778 2.24566343265987 2.96310162723471
   354 1.10157051353811 2.02177203675969 2.71537730516979
   356 2.88939428288668 2.60817383898445 0.05207776898263
   358 3.81237931895124 1.03568249706786 0.51765761433894
   364 0.25940225497648 0.47846526234089 0.88508947621119
   365 3.84216024814827 0.98550055297322 0.08567352754041
   376 3.22204807502018 2.25299059821742 1.35034105267843
   380 3.69863508638502 2.66006165984163 0.09713560942551
   394 0.39721378198289 1.31514642405104 2.87676826665622
   396 0.23422515955473 0.73181466160966 2.65033596100112
   399 0.35716706654274 1.69659286248095 2.69175317551061
   403 0.37863127873121 2.19419370469106 2.86101002566230
   405 0.18355219104053 2.18751485286768 3.20882298474552
   406 0.42433995879841 1.24786114030993 3.67280226453305
   408 0.53895980539930 1.16969588544369 3.13763080998957
   410 0.66923146467151 1.27707928572796 3.75313082784030
   413 3.33269052571396 3.70640882029999 3.91975302250939
   422 3.91107798771333 1.37823286382519 3.96980564206442
   425 0.23853622171009 1.47838691371151 3.76018255387289
   429 3.12528261226316 0.25616546451400 2.96035975260730
   432 2.35240703170704 1.36956878559705 3.12135684750126
   436 2.26528644071902 1.46594522127786 1.86422508536840
   439 2.90660114063519 1.83479553980897 0.57040067330222
   440 3.52397923710245 1.59830080564550 0.79209382767098
   447 3.67874172427086 3.55118196980261 3.89876469773254
   457 1.70930117194206 0.93951001090316 2.54224641670416
   460 2.61899369713446 3.82421288268145 0.44065661971076
   473 3.68355174508019 0.50081551010314 1.67746979113354
   481 2.49908399061889 2.28579315921676 1.92122296039889
   488 0.27380231854071 0.05006165815708 2.03543610438236
   489 0.41518529692733 3.88154378701290 1.98091981746988
   500 2.34206319213262 2.41658503495690 1.19132801818397
   502 2.45001332090177 2.60451460616926 1.03748928819825
   510 2.46141598391635 3.07909444831432 1.88855406793493
   513 0.20790276499406 3.32561726656894 0.49712032446913
   519 0.37430221251807 3.25212060693991 2.58461729123152
   524 1.67097668051839 1.36249918277795 1.56392934123655
   529 1.67395962179785 3.03817770639900 3.03127257265806
   538 2.99706773279662 3.53318232421843 0.14874561044585
   544 0.39155785271839 0.97929102935308 1.68382145333720
   545 0.10813129646696 0.66840523886149 1.82327291203770
   553 3.11789066848752 2.98951389465080 2.20665058011831
   557 1.00296966129956 1.70856385006242 2.66573474684924
   559 0.55235832205882 1.57183308916649 2.64392086195514
   568 3.10666777642579 3.22972931381867 2.53590737404092
   569 3.33036322673931 3.22166480850203 2.94077657970455
   571 3.13558931057081 0.03020050610478 0.58249994990424
   573 1.64674573134783 0.77247722728559 0.14277561563651
   581 0.72533582413409 2.72129183816723 2.52823184573999
   582 0.77634062581685 2.35078396978921 2.83735862906857
   587 3.14506038845993 2.00506537323051 0.03638151358424
   605 0.94812061248687 3.53648785776398 0.41283978049639
   611 3.71725759859711 0.75139926190833 1.82716716293230
   625 1.16919387726503 3.22948800052551 0.98189947199948
   629 3.48785753339547 0.87186253923952 2.71788363621637
   630 3.38422400381001 0.51984717999129 3.02242902369821
   635 3.37269242365793 3.33454650600960 2.98605195756302
   636 3.37836363846957 3.67704176649499 2.72283202911196
   640 2.11200659758762 1.67942265750909 3.34989628082192
   645 1.54719360014852 0.26378769111534 1.80633426232352
   647 3.01751198381913 0.27447911664650 3.20232106507905
   648 3.04320399834411 3.71925511016980 3.50687591667649
   649 3.17611908818316 2.50575332284235 3.39071643477810
   650 3.17176497837640 2.44544656496422 3.91295617822999
   658 0.74503368315246 0.40318048480424 0.89477853605624
   660 3.84740460381407 2.81539366412916 0.68414485268993
   662 0.15224913188856 3.15864652671034 0.76200316562901
   663 0.23131401091633 1.45763950353656 2.89766870615076
   667 0.96659615293836 2.48091466211919 3.20715555012416
   668 0.06438217548973 3.42528478017151 2.89160825239558
   669 3.89754910744018 3.76498503800989 2.65913136294528
   673 3.45683451599021 1.50521287920624 3.49631646707141
   674 0.07384804757098 1.64471104467039 3.32465387370014
   678 0.78338658759350 3.25547403245585 0.41978355317591
   681 0.56607511582434 0.90528501313983 1.20343374667290
   691 2.57854827572262 2.14845737086632 1.74978734656157
   692 3.01015787210972 2.11700063992507 1.76400168299042
   695 1.12515373936770 1.61394155163800 2.26936800835227
   696 0.67758707259636 1.47568023027701 2.20152462253812
   698 1.82834762808575 2.93329711830558 2.90133465329432
   701 2.16898304279465 1.07434824028316 3.08086693686299
   711 2.88767922643580 3.74219303201782 0.50203327256660
   717 1.99805309555691 1.40148166694777 1.51699304535084
   718 2.18071233200457 1.18824979935039 1.35025836065048
   723 2.26732785102277 2.59606127536380 1.72109523436481
   724 1.69547158759952 2.60166642852027 2.12761549850336
   725 3.17239061584156 2.95074746096447 0.32217537218657
   726 3.67685248884960 2.86131011602622 0.24251430221548
   735 3.91898835404462 3.28616233664230 3.43659489470475
   736 3.68100419663061 3.20843074499991 3.06015626335640
   737 0.04483600037149 1.85632401728867 2.25047651770378
   738 0.33934620835846 1.69305090875286 1.87239976768055
   739 2.12550765090916 0.96899256901120 2.61919497953875
   740 2.28859534644446 1.18091205369694 2.48665821519420
   758 2.42365225856391 0.33516839067553 1.73883844398927
   760 3.56029922488338 2.68430157723077 3.22718871886495
   761 3.95321242526976 2.76290852386888 3.67153856643190
   762 0.44545912185457 2.09071241204044 3.96000599430961
   764 0.38351779760859 2.37108296034661 3.57853744176442
   777 3.53213484751643 0.47740800825913 3.77093936630618
   780 2.04502402460925 1.08255722320672 1.27924068908306
   783 1.95544518340044 0.09692775267548 1.85288904036466
   784 2.12076823530249 0.13316001650757 1.66458419894414
   791 2.14649400073105 3.34445321678971 2.20344706595039
   792 1.73222892774622 2.98870989555835 2.37664622282685
   795 3.87794464230100 3.15429510429305 0.08012376600270
   796 0.04401962590544 3.00197350337712 3.69377117741788
   797 2.11107874879974 1.91519856471642 2.36618586909866
   798 1.71436551089825 2.17446539735734 2.44349769170731
   799 3.75434164288585 3.87010962046276 0.04595499175907
   800 3.48254587418910 3.96220397534585 0.04770281787649
   806 1.14527664000964 3.51946716129913 0.01129841839783
   816 0.78796609782759 2.15399890190570 0.01259251425067
   817 0.73242163343445 2.48129134951204 3.55392636239101
   819 0.39187544022670 2.77661467367762 2.42318008232757
   821 1.54017119880519 3.03727549360398 1.09591289294007
   822 0.81774303688143 3.25595426146491 2.80174514741083
   826 3.34841989620037 0.94505245490963 0.68602861391410
   837 3.14657354378681 0.74458558423691 0.32836259215273
   838 2.72785824730519 1.58664300641666 0.59316135419406
   839 3.23841893967736 1.22998667751486 0.82577214932823
   842 1.33919334306785 0.15227332152236 3.51907782918033
   844 1.18694236176524 0.10187672146349 3.10430167546651
   847 0.03767487629221 2.43844100295715 0.74202908791486
   854 0.64412595471898 3.39483589899276 3.20528451357127
   862 1.99427744313764 3.50301979431755 3.40651295659655
   866 1.82497884451347 1.67653427808374 0.15379627101430
   869 3.96163323663981 0.46299135235386 3.71901945103185
   870 0.11507537854271 0.76722597099369 3.94062641136270
   871 0.05990749658169 3.82330075111226 0.50345781664401
   874 0.91180215335348 3.09960454791290 2.78835498969960
   877 0.09317817872091 0.19203213504543 3.81999527629345
   881 2.56724925307694 1.49524057310753 0.33183408927383
   882 2.99982840686053 0.01904959960774 1.69749433577800
   883 3.15425016346267 0.06460916252837 1.91580184726082
   884 2.16390626819247 1.47989439884333 0.49797575499951
   885 1.99679064261223 1.17578730826809 0.53912778650338
   890 3.42289149581895 1.37777892135299 1.58584483889768
   899 3.46877323389534 1.15547092452059 2.79864890642662
   900 3.25055625056594 1.31630191441719 3.36876861085318
   903 3.14457300448002 0.92844133381521 3.55386125284295
   904 3.42873325635064 0.75445620587164 3.92461720065960
   905 2.67241603848934 2.19673021223514 2.77015431864402
   907 1.09887379126676 1.94951996783873 0.27260461819312
   908 0.94817349663608 1.99281267695267 0.00719220853756
   909 1.97902289907988 3.63802564930416 1.86261277520948
   910 2.21055439669415 3.67029674324650 1.59489361896624
   911 2.83065527476792 1.30910517612952 3.51482196304642
   912 2.62142283462455 1.70346243017759 0.02344433205638
   913 2.44764060512204 1.46719525865873 2.86302778733064
   914 2.31415403051008 1.90872380821595 2.76984226991820
   915 3.54688625678999 1.31820119884084 1.71559523182880
   916 0.17356312915076 1.45809749309337 1.62672297322165
   917 0.21063279352571 3.63762845049307 2.12106376037840
   918 0.05139780807772 3.77133913328730 2.19133386513987
   920 1.37562864913341 0.82482888329003 1.64060818229836
   922 2.86812458098789 0.98735829753887 3.61740253332555
   923 2.76503952910318 0.92653761718170 0.11378996616880
   926 0.34117361246093 3.97345729207665 3.32388774266257
   927 0.17585297387147 0.38293901745802 3.07109607932195
   928 1.63018695427223 1.21175988982665 1.46943110961127
   933 2.49748772788493 0.57641072948852 2.28407226688116
   938 2.03920557489662 2.69629347148283 0.65505332460912
   941 0.99910669960136 3.93300070999462 3.68489084901246
   942 0.80679470605046 3.85614418616823 3.33933012666348
   946 2.51699112253667 1.22118508032933 1.86482437368576
   948 3.21762982556643 1.49844769648537 1.82213507821377
   949 3.46934999717930 3.12478712864576 1.69982160547906
   952 3.60147088220749 1.72265889944315 1.10890512354780
   954 0.12060523978609 3.32591695030685 1.84005963987602
   955 0.32758013191748 2.74684566829727 2.05307110227651
   957 1.09011875631220 0.28117788464916 2.28932612143326
   958 1.27036097799321 0.28541894577082 2.68750953889538
   959 1.50046297570306 3.58059201220355 0.01266441719081
   960 1.75293656912414 3.27794082957236 3.83786020512721
   966 2.54633935346975 1.02981082852503 2.26746495928920
   970 2.86763276752850 0.41029086665711 2.37981669757385
   971 2.83177785893462 0.24008857047732 2.59735487056660
   972 0.22373736877387 0.31513603222177 1.27531558135708
   977 1.67181705014925 0.66969268421359 3.75690376930544
   978 1.39044676975440 0.59973813178924 3.63155659240094
   980 2.29812802938194 0.51456524619908 2.47972708340630
   982 1.42195865513670 0.48235562566684 2.09033590176226
   983 1.63626294080870 0.51867753567585 2.40927457701344
   984 2.06956790938781 0.32784425201380 2.39112371234313
   989 0.04581229120279 0.29207074784097 1.07497602651495
   992 0.67197356509324 3.11750765372331 1.38192426478320
   995 3.34144366734003 3.98808475413694 0.97834929926960
   997 0.45442621842253 0.12945412517014 0.41868929164250
   998 0.47496186094926 0.33016787416662 0.55310652644109
  1000 0.50679823185858 2.50871053922396 0.90217605840507
  1001 0.58983521064682 2.93999187775275 0.93044547758967
  1002 0.47270681602897 0.26880063340343 0.17768642797609
  1003 0.48533830013481 0.42588654071100 0.23858900787708
  1007 3.02908014354620 2.02729182620541 2.83596431983246
  1010 0.47469665515813 3.82330867630486 1.61685016115558
  1011 0.29938720585828 3.45437200420209 1.53139956254267
  1012 3.43277558692000 2.47073550969079 1.35935927231937
  1015 3.95928244879842 3.45932875102925 1.13215777207596
  1016 3.87848491870633 3.91011643408573 0.92179886810347
  1018 3.30372903746821 0.86596436553355 2.41547923957146
  1019 3.27216584647030 2.20986983051337 3.18329560424187
  1020 3.27397248020883 1.63948948899769 3.49453971847884
  1021 3.13203466120967 1.42066292321544 3.36697234519451
  1022 2.96053783697224 1.53847920241472 2.90355374518467
  1023 2.42296610955762 0.31228305776992 2.68016456590836
  1026 0.87937958615529 3.00667250965306 0.74387427950729
  1028 3.96566216528251 2.34862770711038 2.27021242067514
  1030 3.25624458559907 1.31401995768084 2.57192554931799
  1032 3.44667335816031 1.66014879553950 2.25638645424776
  1036 0.07642714532587 2.49197069142569 1.99908033637223
  1037 3.52233293600822 2.69364002793775 1.81684954959082
  1038 3.17137662946283 1.15884203621293 2.37988797697031
  1039 3.33898820968049 1.44331770715654 1.97308471486551
  1040 3.89994994887037 2.18326924217861 1.12813493646433
  1043 1.21908994200690 3.86414855944958 1.85239242220829
  1047 2.92955432924574 3.25565648748193 1.12126471384200
  1048 0.95493235428946 3.78851057279197 1.49896155989035
  1049 1.04168417814876 3.29658185404283 1.34860664979685
  1050 3.39540451825531 3.17731092001719 1.35365335327816
  1051 3.11675760206312 3.36714941566159 1.31612141623023
  1057 1.85839231413045 3.78704214748804 3.06722123041636
  1059 2.19161511867191 0.07624391083842 2.62568423273754
  1060 3.35849154304394 2.85147923021855 1.11663207178183
  1061 3.07411654177356 2.89485019863554 0.96431414047987
  1071 1.48278472259422 2.75372610718826 3.67030922951876
  1073 1.40227199040797 1.90616891777928 3.30690373086367
  1091 0.87814436838084 0.87109462917163 1.13049424906090
  1096 0.91047958060403 0.52478526060376 0.90440873452159
  1097 1.14038036450570 0.85176539619570 0.37386842406988
  1098 1.93425531587108 3.37621101016508 3.14212852745943
  1100 1.50779341641692 2.76108837734634 3.27483556372161
  1101 1.03469775476292 2.71946889849257 3.24928832978809
  1105 1.88241902735819 1.65441278632700 3.44306531884366
  1106 1.81811713073758 1.12791087429895 3.26509311329035
  1109 1.92851147901260 3.82837066547114 3.34275743016175
  1113 0.93114109503990 3.08262888500345 3.91577577717648
  1115 1.02464118872669 2.83544054915186 3.84120079344149
  1120 1.61364749825068 0.04140465011054 3.63141461378028
  1121 1.81722389313535 0.48371939090775 3.80948568454203
  1122 0.71486861394272 3.00176059441981 3.61910427296688
  1123 0.84567612680620 2.79272500470750 3.57667301357120
  1124 0.91660287709728 1.21423058255660 3.25681420188590
  1125 1.27700912411283 0.85761219128901 3.18724287466010
  1127 1.48500114774696 1.07083861561954 3.04906220300049
  1128 1.18834867502869 1.43995810429326 3.07625944558288
  1131 1.65887414791915 2.18344283558931 0.37396683313457
  1133 2.52881760821010 2.55327501991601 3.99469009869823
  1134 2.10666301440386 2.69707343818060 0.17211194507336
  1135 2.26656716829450 1.83545310254817 3.86966757342141
  1136 1.91167675263494 1.66324777231777 0.26875128460829
  1137 2.16046137199000 2.22244498970246 3.80195545447174
  1138 1.86705025507964 2.40789612988667 3.99711107319638
  1140 2.57718732379895 2.95508524931058 2.97027873952361
  1141 2.73620183964855 3.09770730909196 2.55504756445869
  1142 0.84044826968133 1.43858474802240 0.87916534209820
  1143 0.92707795696356 1.50829466887600 0.43737741689723
  1145 2.13183148198265 3.15398895941054 2.92265876246202
  1146 2.29901407413283 3.39922547014810 2.50699348483188
  1147 1.16180951528295 1.20551308426107 0.54645621316641
  1148 1.03171116992431 1.23037701844771 0.92132525784910
  1164 3.29145825251375 2.16645823911129 2.37806854531334
  1166 3.10015351318056 2.36268898761527 2.14271982467060
  1167 3.58514239505871 2.46710522305970 2.38657302780436
  1168 3.33615134233019 2.64271366424758 2.13395874065262
  1169 2.24191031107115 0.34932774070598 0.73649265119003
  1170 2.56009878155268 0.25956391262225 0.51250003920691
  1172 2.40119125317910 0.55821147345985 0.20264798620642
  1173 2.13021522758521 0.63406373012386 0.37371042732825
  1174 0.22357910014438 1.60939826460238 1.33630894107504
  1176 0.43880821062047 1.33036661437089 1.02601606060238
  1177 3.77854311066578 1.76167468133235 1.05986907076618
  1205 3.10925813476378 0.45427672374834 1.05621098003189
  1206 3.27479090478448 0.68234895723140 1.05417289271333
  1212 3.26487721896573 0.29254255713825 1.17545126987513
  1213 3.47407699286810 0.45801149010724 1.21001654692427
  1229 1.09751779405444 2.01895816457468 1.80565699390618
  1238 0.96714745670861 1.88786925117962 1.11264246557772
  1239 1.29428296925640 1.90859846203235 1.40259563737709
  1332 1.74046346802900 2.34833945443371 0.70214913287809
  1333 1.99089627666827 2.21036488919266 1.06423856120019
  1335 1.62811440110266 2.30337634929848 1.23575583914391
  1336 1.59644002968517 2.54142690079006 0.92855229433720
  1337 1.48553253262380 3.43148079503469 1.88095268855623
  1339 1.33464840422117 3.14749201618483 1.56507471384487
  1345 1.37717016113453 3.15520478797126 2.33699282229650
  1346 1.23038424704876 2.77976395384452 2.03114699000846
  1352 2.13350475095710 3.69373291480174 0.80158633605956
  1354 2.19867228334214 3.43890408163588 1.14258823319977
  1355 1.87369832497276 3.47491569795507 0.64111941517820
  1356 1.87222076694728 3.16609451156335 0.93496577130742
  1377 2.34142013208505 0.16119451658639 3.47409473332757
  1378 2.25802562938873 0.43094304606871 3.65239484387607
  1385 2.45173784944545 0.62766413069805 3.38268948853066
  1386 2.52523803064635 0.38395281792749 3.23332407354760
  1395 3.73471428968441 1.81002704071515 0.39171649267605
  1396 3.95566671008562 1.54670674562619 0.24341659570838
  1400 3.69966849458206 1.62717392678561 0.71931032345634
  1401 3.91280933622612 1.38541483387864 0.56860985476629
  1437 0.47767337179917 2.02667555390851 1.45406697033491
  1439 0.50386936751649 2.04167935081484 1.57482182788837
  1440 0.40960390031721 2.15331918139201 1.42663300010788
  1441 0.43654296424523 2.19452970542609 1.58876684976220
  1450 2.52462526242505 3.30646072205902 3.84194357961668
  1451 2.68517087772268 3.55486326456898 3.95615132871647
  1455 2.52497856873752 3.40976933190545 3.60623001400750
  1456 2.65671150685992 3.62841588533411 3.68226676246846
  1458 1.03110766356658 2.06167925370371 0.89846600358233
  1459 1.25124675757575 2.40215980448767 0.65888930563457
  1460 0.88014309050048 2.39257736691471 0.63795757267534
  1461 1.02092940919303 2.55752742660243 0.58244326298897
edges 766
16      2      0
17      0      8
32     16     41
33     41     37
34     37     18
84     58     59
85     59     52
93     59     47
101     76     72
102     72     14
111     72     69
177    115     47
181     59      0
189    115      8
218    143    139
224    134    136
225    136    147
229    140    136
231    143    140
232    149    156
246    152    163
247    163    157
272    171    191
273    191    169
284    185      2
292    177    180
293    180    185
295    171     18
303    174    177
313    199    198
363    220    215
382    230    243
389    241    236
390    236    243
391    231    240
395    231    241
398    235    240
419    254    174
433    260    261
438    264    261
486     16    295
487    295    290
496    295    288
501    292    288
524    260    199
526     58    185
537    310    191
544    195    311
553    311    315
554    315    310
584    264    332
588    163    336
596    339    284
597    311    339
612    354    346
623    347    346
624    354    315
625    343    347
629    243    356
632    147    356
636    343    143
641    365    358
642    358    364
669    139    347
690    376    241
700    214    380
736     41    396
737    396    394
760     11    364
766    403    336
767    399    403
774    157    405
775    405    403
776    119    410
782    406    410
785    408    288
786    406    408
825    410    220
835    365    422
839    425    215
843    425    422
844    396    295
849    406    425
850    394    408
886    169    436
890    439    440
892    230    439
895    241    439
921    413    447
947    171    457
998     36    473
1021    156    481
1042    488    489
1045     36    488
1048     16    488
1049     14    489
1079    500    502
1081    231    500
1083    236    502
1086    198    502
1109    199    510
1112    149    510
1153    191    524
1172     69    529
1194    413    538
1214    544    545
1218     36    545
1220     37    544
1221     41    545
1242    149    553
1243    261    553
1256    557    559
1260    394    559
1261    354    557
1263    399    559
1289    568    569
1290    553    568
1292    332    568
1293    152    569
1294    134    569
1301    300    571
1307     52    573
1308    277    573
1333    581    582
1336    339    581
1337    403    582
1339    354    582
1355    230    587
1410    115    605
1431    545    611
1432    473    611
1476    115    625
1486    629    630
1487    396    629
1490    290    630
1491     98    630
1492    429    630
1507    635    636
1510    569    635
1512    429    636
1513    332    636
1525    343    640
1528    432    640
1540      2    645
1546    647    648
1547     98    647
1549    429    647
1550    413    648
1552    635    648
1553    649    650
1554    136    649
1557    356    650
1558    587    650
1559    380    650
1584      8    658
1586     11    658
1591    660    662
1595    513    662
1602    394    663
1605    399    663
1612    346    667
1614    582    667
1615    668    669
1617    519    668
1618    291    668
1619    636    669
1621    290    669
1631    673    674
1634    422    673
1635    405    674
1636    663    674
1637    425    674
1648    513    678
1649    605    678
1658    544    681
1660     11    681
1691    691    692
1692    481    691
1693    436    691
1694    231    691
1697    376    692
1705    695    696
1706    310    695
1707    557    695
1708    171    695
1710    559    696
1711     37    696
1716    139    698
1718    529    698
1729    432    701
1760    571    711
1761    538    711
1762    460    711
1779    717    718
1780    524    717
1781    436    717
1782    240    717
1784    174    718
1785    235    718
1800    723    724
1801    481    723
1802    510    723
1803    500    723
1806    195    724
1807    725    726
1808    356    725
1809    538    725
1811    380    726
1813    660    726
1839    735    736
1841    447    735
1842    291    735
1843    152    736
1844    635    736
1845    668    736
1846    737    738
1847    399    737
1850    696    738
1853    739    740
1855    701    739
1856    457    739
1859    169    740
1920    177    758
1922    760    761
1923    152    760
1924    649    760
1925    157    760
1927    380    761
1930    762    764
1932    214    762
1934    761    764
1935    215    762
1937    405    764
1980     98    777
1988    180    780
1989    718    780
1998    783    784
2001    645    783
2002    758    784
2004    185    784
2023    791    792
2024    510    791
2027    724    792
2028    698    792
2037    795    796
2038    726    795
2039    513    795
2040    447    795
2041    761    796
2043    735    796
2044    797    798
2045    169    797
2046    481    797
2048    315    798
2049    724    798
2050    347    798
2051    799    800
2054    447    799
2055    571    800
2056    777    800
2057    413    800
2077    605    806
2106    816    817
2108    762    816
2110    667    817
2111    764    817
2117    581    819
2118    519    819
2119    336    819
2126    625    821
2130    519    822
2133     72    822
2142    358    826
2173    826    837
2176    300    837
2177    838    839
2178    439    838
2180    235    838
2181    440    839
2182    826    839
2183    254    839
2192    842    844
2196     76    844
2199    292    844
2208    660    847
2210    214    847
2232    822    854
2233    291    854
2270    277    866
2278    869    870
2281    406    870
2283    777    869
2284    365    870
2286    513    871
2287    799    871
2296    581    874
2297    822    874
2298     69    874
2307    799    877
2308    869    877
2318    838    881
2322    882    883
2324    758    882
2325    260    882
2326    473    883
2328    264    883
2329    884    885
2331    881    884
2332    235    884
2333    277    885
2335    780    885
2352    254    890
2377    899    900
2378    663    899
2380    629    899
2381    673    900
2391    903    904
2392     98    903
2394    900    903
2395    777    904
2396    837    904
2397    365    904
2399    140    905
2401    156    905
2405    907    908
2407    866    907
2409    220    908
2411    816    908
2412    909    910
2413    791    909
2414    783    909
2416    199    910
2417    784    910
2419    911    912
2420    432    911
2424    881    912
2425    230    912
2426    913    914
2427    432    913
2429    740    913
2430    343    914
2431    905    914
2432    797    914
2433    915    916
2434    611    915
2435    890    915
2437    544    916
2439    738    916
2440    917    918
2442    519    917
2443    489    917
2444    264    918
2445    669    918
2446    488    918
2451     18    920
2454      2    920
2456    922    923
2458    911    922
2459    903    922
2461    881    923
2462    837    923
2470    926    927
2472    877    926
2473    291    926
2474    288    927
2475    869    927
2476    290    927
2478    780    928
2479    920    928
2480    524    928
2495    758    933
2513    502    938
2521    941    942
2523    842    941
2524    806    941
2525    926    942
2526    844    942
2527    854    942
2538    946    948
2540    174    946
2542    890    948
2543    436    946
2545    692    948
2549    261    949
2556    890    952
2557    440    952
2558    376    952
2562    954    955
2564    949    954
2565    917    954
2566    284    955
2568    819    955
2571    957    958
2573     14    957
2574     76    958
2576     16    957
2577    292    958
2578    959    960
2579    806    959
2580     47    959
2583     61    960
2584    862    960
2602    740    966
2603    946    966
2604    933    966
2615    970    971
2617    933    970
2618    883    970
2619    429    971
2621    332    971
2625     36    972
2628     11    972
2638    977    978
2641    573    977
2642    842    978
2644    119    978
2649    739    980
2652    933    980
2654    982    983
2655     18    982
2656    957    982
2657    645    982
2658    457    983
2659    958    983
2662    783    984
2663    980    984
2664    983    984
2679    364    989
2680    972    989
2690    284    992
2696    571    995
2702    997    998
2704    605    997
2705    658    998
2707    871    997
2708    364    998
2711   1000   1001
2714    992   1001
2716    847   1000
2717    662   1001
2718   1002   1003
2719    877   1002
2720    997   1002
2721    941   1002
2722    870   1003
2723    998   1003
2724    119   1003
2740    905   1007
2743   1010   1011
2744    489   1010
2746    972   1010
2747    954   1011
2748    992   1011
2756    376   1012
2759   1015   1016
2760   1011   1015
2762    662   1015
2763    989   1016
2764    995   1016
2765    871   1016
2770    629   1018
2771    970   1018
2772    611   1018
2773   1019   1020
2774    649   1019
2775   1007   1019
2776    157   1019
2777    587   1020
2779    673   1020
2780   1021   1022
2781    911   1021
2782   1020   1021
2783    900   1021
2784    913   1022
2785   1007   1022
2788    980   1023
2790    971   1023
2798    678   1026
2799   1001   1026
2800    625   1026
2805    737   1028
2808    336   1028
2811   1030   1032
2813    899   1030
2815    737   1032
2816   1022   1030
2828   1036   1037
2829    955   1036
2830   1028   1036
2832    949   1037
2834   1012   1037
2835   1038   1039
2836    966   1038
2837   1030   1038
2838   1018   1038
2839    948   1039
2840   1032   1039
2841    915   1039
2843    847   1040
2845   1012   1040
2853    645   1043
2856     14   1043
2863    198   1047
2866    711   1047
2867   1048   1049
2868   1010   1048
2869   1043   1048
2870      8   1048
2871    992   1049
2873    625   1049
2874   1050   1051
2875   1015   1050
2877    949   1050
2878    995   1051
2879   1047   1051
2880    260   1051
2898   1057   1059
2900     76   1057
2902    984   1059
2905   1023   1059
2906   1060   1061
2907    660   1060
2908   1050   1060
2909   1012   1060
2910    725   1061
2911   1047   1061
2912    236   1061
2942    960   1071
2950    346   1073
2953    908   1073
3006    681   1091
3007    920   1091
3020   1096   1097
3021      0   1096
3022   1091   1096
3023    658   1096
3024    573   1097
3026    119   1097
3028    862   1098
3029   1057   1098
3030    529   1098
3034   1100   1101
3035    139   1100
3036   1071   1100
3037    529   1100
3038    667   1101
3040    874   1101
3050   1105   1106
3051    866   1105
3052   1073   1105
3053    640   1105
3054    977   1106
3056    701   1106
3067    862   1109
3070   1057   1109
3077    678   1113
3080    806   1113
3083   1071   1115
3084   1113   1115
3098   1120   1121
3099    842   1120
3100   1109   1120
3101    959   1120
3102    977   1121
3104     52   1121
3105   1122   1123
3106    854   1122
3107    796   1122
3108   1113   1122
3109   1101   1123
3110    817   1123
3111   1115   1123
3112   1124   1125
3115    410   1124
3116    978   1125
3118    408   1124
3119    292   1125
3121   1127   1128
3122    457   1127
3123   1125   1127
3124   1106   1127
3125    557   1128
3126   1124   1128
3127   1073   1128
3139   1133   1134
3141    147   1133
3142     61   1134
3144    243   1133
3145    938   1134
3146   1135   1136
3147    912   1135
3149    640   1135
3150    884   1136
3151   1131   1136
3152    866   1136
3153   1137   1138
3154   1135   1137
3155   1133   1137
3156    143   1137
3157   1131   1138
3158   1134   1138
3159   1071   1138
3162   1140   1141
3164    140   1140
3165    149   1141
3167    134   1140
3168    568   1141
3169   1142   1143
3173    907   1143
3176    220   1143
3178   1145   1146
3179   1098   1145
3180   1140   1145
3181    698   1145
3182   1059   1146
3183   1141   1146
3184    791   1146
3185   1147   1148
3186   1097   1147
3187   1143   1147
3188    277   1147
3189   1091   1148
3190   1142   1148
3191    928   1148
3241   1164   1166
3243   1007   1164
3245    156   1166
3246   1032   1164
3248    692   1166
3249   1167   1168
3250   1028   1167
3251   1164   1167
3252    163   1167
3253   1037   1168
3254   1166   1168
3255    553   1168
3256   1169   1170
3259     58   1169
3260    460   1170
3262    180   1169
3263    300   1170
3265   1172   1173
3266    923   1172
3267   1170   1172
3269    885   1173
3270   1169   1173
3271     52   1173
3273   1174   1176
3275    916   1174
3277    681   1176
3280   1142   1176
3282   1040   1177
3283   1174   1177
3284    952   1177
3370   1205   1206
3372    177   1205
3373    254   1206
3375    300   1205
3376    826   1206
3393   1212   1213
3394    882   1212
3395    995   1212
3396   1205   1212
3397    473   1213
3398    989   1213
3399   1206   1213
3446    311   1229
3449    310   1229
3475   1238   1239
3476   1142   1238
3479    524   1239
3480   1229   1239
3777   1332   1333
3780    938   1332
3781    500   1333
3783   1131   1332
3784    240   1333
3786   1335   1336
3787   1239   1335
3788   1333   1335
3789    195   1335
3791   1332   1336
3792    821   1336
3794   1337   1339
3796    909   1337
3798    821   1339
3799   1043   1337
3801   1049   1339
3818   1345   1346
3819   1337   1345
3820     69   1345
3821    792   1345
3822   1339   1346
3823    339   1346
3824    195   1346
3842   1352   1354
3844    460   1352
3846    198   1354
3847     58   1352
3849    910   1354
3850   1355   1356
3851     47   1355
3852   1352   1355
3853     61   1355
3854    821   1356
3855   1354   1356
3856    938   1356
3921   1377   1378
3925   1172   1378
3927   1109   1377
3928   1121   1378
3946   1385   1386
3947    922   1385
3948   1378   1385
3949    701   1385
3950    647   1386
3951   1377   1386
3952   1023   1386
3978   1395   1396
3980    587   1395
3981    214   1395
3983    422   1396
3984    215   1396
3994   1400   1401
3995   1395   1400
3996    440   1400
3997   1177   1400
3998   1396   1401
3999    358   1401
4000   1176   1401
4114   1437   1439
4116   1238   1437
4118   1229   1439
4119   1174   1437
4121    738   1439
4122   1440   1441
4123   1040   1440
4124   1437   1440
4125   1000   1440
4126   1036   1441
4127   1439   1441
4128    284   1441
4154   1450   1451
4155    147   1450
4157     61   1450
4158    538   1451
4160    460   1451
4170   1455   1456
4171    862   1455
4172    134   1455
4173   1450   1455
4174   1377   1456
4175    648   1456
4176   1451   1456
4179   1458   1459
4181    907   1458
4182   1131   1459
4184   1238   1458
4185   1336   1459
4186   1460   1461
4187   1000   1460
4188   1458   1460
4189    816   1460
4190   1026   1461
4191   1459   1461
4192   1115   1461
polygons 447
0   1540   2451   2454   2655   2657
3     16     17   1540   2853   2869   2870
4     16   2454   3007   3021   3022
5   2573   2656   2657   2853   2856
7     32     33     34   2576   2655   2656
10   1584   1586   2628   2746   2868   2870
11     17   1584   3021   3023
13   1586   1660   3006   3022   3023
15   1214   1218   1658   1660   2625   2628
16   1049   2744   2856   2868   2869
17   1042   1048   1049   2573   2576
18     32   1045   1048   1218   1221
19     34   1220   1658   2451   3006   3007
21   1042   1045   2625   2744   2746
22     33   1214   1220   1221
23   3844   3852   3853   4154   4157   4160
27   3260   3267   3921   3925   4160   4174   4176
28     84     85   3259   3270   3271
29   3256   3259   3260   3844   3847
30   3104   3265   3271   3925   3928
31   2578   2584   3067   3100   3101
32     85     93   2580   3098   3101   3104
33     93     84   3847   3851   3852
34   2578   2580   2583   3851   3853
36   2583   2584   4157   4171   4173
37   2574   2659   2664   2898   2900   2902
38    101    102   2571   2573   2574
39   2001   2414   2853   3796   3799
40   2023   2413   3796   3819   3821
42    102    111   2856   3799   3819   3820
43   2413   2414   2662   2902   3182   3184
44   1172   1718   2028   3820   3821
45    111    101   1172   2900   3029   3030
47   1486   1492   2615   2619   2770   2771
48   2380   2770   2813   2837   2838
49   1491   1492   1547   1549
51   2394   2458   2459   2781   2783
54   1547   2392   2459   3946   3947   3950
56   1729   2420   2458   3947   3949
57   1549   2619   2790   3950   3952
58   1853   2602   2604   2649   2652
60   2420   2427   2780   2781   2784
61   1729   1853   1855   2427   2429
62   2429   2602   2784   2816   2836   2837
63   1486   1491   2377   2380   2392   2394
67    177   1410   2077   2579   2580
68   1307   2641   3102   3104
69     85    181   1307   3020   3021   3024
70   2638   2641   2644   3024   3026
71    177    189     17    181     93
73    189   1410   1584   2702   2704   2705
75   2638   2642   3098   3099   3102
76   2523   2524   2579   3099   3101
77   2523   2642   2644   2718   2721   2724
78   2705   2723   2724   3020   3023   3026
81   2077   2524   2704   2720   2721
82   2583   2942   3142   3158   3159
83   1716   1718   3035   3037
84    218   3035   3036   3153   3156   3159
85   3139   3141   3142   4155   4157
86   2584   2942   3028   3030   3036   3037
87    224    225   4155   4172   4173
88    229    224   3164   3167
89   3028   3167   3179   3180   4171   4172
90    218    231   1716   3164   3180   3181
91    229    231    225   3141   3155   3156
92    232   1242   3245   3254   3255
93    232   2399   2401   3162   3164   3165
94   1242   1290   3165   3168
95    246    247   1923   1925
96    224   1293   1294   1554   1923   1924
97   1924   1925   2774   2776
100   1289   1294   3162   3167   3168
101    246   1289   1290   1293   3249   3252   3255
102   2401   2740   3241   3243   3245
103    247   2775   2776   3243   3251   3252
104    229   1554   2399   2740   2774   2775
107   1856   2649   2658   2663   2664
108    272    273    947   1853   1856   1859
109    273    886   1153   1780   1781
110    886   1859   2543   2602   2603
111    284   1540   1998   2001   2004
112    292    293   1920   2002   2004
114    295    272   1153   2451   2479   2480
115    295    947   2654   2655   2658
119    303   1920   2495   2540   2603   2604
121   1779   1780   1989   2478   2480
122    292    303   1784   1988   1989
123   1779   1781   1784   2540   2543
124    284    293   1988   2454   2478   2479
125   1998   2002   2495   2652   2662   2663
126    313   1079   1086   1109   1802   1803
127   1800   1803   1806   3781   3788   3789
128   1086   2513   3846   3855   3856
129   1109   2024   2412   2413   2416
130   1806   2027   3818   3821   3824
131   2412   3794   3796   3798   3849   3854   3855
133   3786   3789   3792   3798   3822   3824
134    313   2416   3846   3849
135   1932   2108   2210   2716   4187   4189
136   2210   2843   3282   3981   3995   3997
139   3273   3280   3476   4116   4119
141   2405   2411   4181   4188   4189
143   3169   3173   3476   4181   4184
145    363   3169   3176   3280   3984   3998   4000
146   2405   2409   3173   3176
148   1932   1935   3978   3981   3984
149    363   1935   2108   2409   2411
150   4116   4124   4125   4184   4187   4188
151   2578   2579   2942   3080   3083   3084
152   1172   2298   3034   3037   3040
154   3028   3029   3067   3070
155   2192   2196   2900   3070   3099   3100
156    101   2133   2196   2232   2526   2527
159    111   2133   2297   2298
160    892   2178   2318   2424   2425
161    382   2425   3144   3147   3154   3155
162    389    390    382    892    895
163    391   1081   3781   3784
164    395    398    391    895   2178   2180
165    389    395   1079   1081   1083
166    390   1083   2513   3139   3144   3145
167   2331   2424   3146   3147   3150
169    398   2332   3150   3151   3777   3783   3784
171   2180   2318   2331   2332
173   1432   2352   2434   2435   3373   3397   3399
174   1920   2324   3372   3394   3396
176    419    303   3370   3372   3373
178    419   2352   2538   2540   2542
179   2435   2542   2839   2841
180   1432   2326   2618   2771   2772
181   2434   2772   2835   2838   2841
182   2325   2878   2880   3394   3395
183    433   2549   2874   2877   2880
184    438    433   2322   2325   2328
185    438   2440   2444   2549   2564   2565
186   2443   2565   2743   2744   2747
187   2564   2747   2760   2875   2877
188    998   2625   2680   3397   3398
191    998   1045   2326   2328   2444   2446
192   1528   1729   3050   3053   3056
193   2270   2329   2333   3150   3152
194   2456   3266   3925   3947   3948
195   1307   1308   2333   3269   3271
199   1308   2270   2641   3050   3051   3054
200   3054   3056   3102   3928   3948   3949
201   2714   2717   2748   2760   2762
202   2690   2711   2714   4122   4125   4128
203   2832   2834   2877   2908   2909
204   2208   2843   2845   2907   2909
205   2566   2829   4126   4128
207   2562   2566   2690   2747   2748
210   2196   2199   2574   2577
211    486    487   1048   1621   2445   2446
212    102   1049   2130   2133   2442   2443
213   1617   1618   2130   2232   2233
214   1615   1618   1621   2470   2473   2476
215    487    496   2474   2476
216   2233   2473   2525   2527
217    501    496    486   2571   2576   2577
219    501   2199   2470   2474   2525   2526
223   1301   2696   3375   3395   3396
224   1760   2696   2866   2878   2879
226   1301   1760   1762   3260   3263
227    292   3256   3262   3263   3372   3375
228   1762   2863   2866   3842   3844   3846
230    524   2002   2324   2325   2416   2417
231    313    524   2863   2879   2880
234    526   2004   2417   3842   3847   3849
235    293    526   3259   3262
240    537   1153   3449   3479   3480
241   1780   1782   3479   3784   3787   3788
243    544   3446   3480   3787   3789
244   1081   1692   1694   1801   1803
246    391   1693   1694   1781   1782
248    553    554   3446   3449
249    554    273    537   2044   2045   2048
250    544    553   1806   2048   2049
251    886   1692   1693   2045   2046
253   2039   2040   2054   2286   2287
254   1841   1842   2054   2307   2472   2473
255   1842   2043   2233   3106   3107
257   2472   2521   2525   2719   2721
258   1648   1649   2286   2704   2707
261   1293   1510   1843   1844
262   1289   1292   1507   1510   1513
263    438    584   1243   1290   1292
264    584   1513   1619   2444   2445
265    588   2808   3250   3252
266   1243   2549   2832   3253   3255
267   2119   2568   2808   2829   2830
268    588    246   1617   1843   1845   2118   2119
269   1507   1615   1619   1844   1845
270   2126   2873   3798   3801
271   2714   2799   2800   2871   2873
272    596   2690   2871   3801   3822   3823
273    544    597   3823   3824
274    596    597   3446   4118   4127   4128
275   1525   1528   2426   2427   2430
276    537    272   1706   1708
277   1859   2045   2426   2429   2432
279    612   1261   2950   3125   3127
280    947   1707   1708   3121   3122   3125
281   1855   1856   3056   3122   3124
284    623    612    624   2048   2050
285    625   2044   2050   2430   2432
286    623    625   1525   2950   3052   3053
287    624    554   1261   1706   1707
289   1355   2419   2425   2777   2781   2782
290    382    629   1355   1557   1558
291    632    629   3141   3144
294    636   1525   3149   3154   3156
295    231    636   2399   2430   2431
296    632    225   1553   1554   1557
297    641   2142   2173   2396   2397
298    642   2142   2679   3376   3398   3399
299    641    642   2284   2708   2722   2723
300   2679   2702   2707   2708   2763   2765
301   1301   2055   2056   2176   2395   2396
302   2051   2055   2287   2696   2764   2765
303   2173   2176   3370   3375   3376
304   2278   2283   2284   2395   2397
305   2270   2407   3173   3187   3188
306   2333   2335   2478   3185   3188   3191
307   3783   3791   4182   4185
309   1785   1989   2329   2332   2335
310   2480   3190   3191   3475   3476   3479
311   2407   3151   3152   4179   4181   4182
313    398   1779   1782   1785
314   1021   2046   2401   2431   2432
315    669   1716   2027   2028   2049   2050
316   1112   2024   3165   3183   3184
319    232   1021   1112   1801   1802
320    669    218    636    625
322   3142   3145   3850   3853   3856
323   1083   1086   2863   2911   2912
326   1761   1762   4158   4160
327   1761   1809   2866   2910   2911
328    629    390   1808   2910   2912
329    632   1808   1809   4154   4155   4158
331   1292   2621   2790   2905   3168   3182   3183
332   1512   1513   2619   2621
333   1294   1510   1552   4170   4172   4175
334    690    389   2756   2906   2909   2912
335   1557   1559   1807   1808   1811
336   1807   1813   2906   2907   2910
338    890    892   1355   3980   3995   3996
339    700   1558   1559   3980   3981
341   2558   2756   2845   3282   3284
342    690    890    895   2557   2558
343    700   1811   1813   2208   2210
345   2557   3284   3996   3997
348   1846   2433   2439   2815   2840   2841
349   2545   2839   2840   3241   3246   3248
350   2805   2815   3246   3250   3251
351   1697   2756   2834   3248   3253   3254
352   2439   3275   4114   4119   4121
353   1697   2542   2545   2556   2558
354   1846   2805   2830   4121   4126   4127
355    433    524   1109   1112   1242   1243
358    584   2328   2615   2618   2621
360   1263   1710   1846   1847   1850
361   1220   1711   1850   2437   2439
362   1260   1263   1602   1605
363     33    736    737   1260   1710   1711
364    736   1221   1431   1487   2770   2772
365    737   1487   1602   2378   2380
369   1605   1847   2378   2811   2813   2815
372   1410   1476   1649   2798   2800
373   3083   3157   3159   4182   4191   4192
376    177   1476   2126   3850   3851   3854
378    189   1476   2867   2870   2873
380   1595   2286   2759   2762   2765
382    760   1586   2705   2708
384   1595   1648   2717   2798   2799
386    760   2628   2679   2680
387    597    553    624   1333   1336   1339
388    596   1336   2117   2566   2568
389    766   1333   1337   2117   2119
390    767   1256   1261   1263   1337   1339
391    766    767   1847   2805   2808
393   1705   1706   1850   3449   4118   4121
395   2785   2811   2816   3243   3246
397   2381   2779   2782   2783
398    774   1631   1635   2773   2776   2779
399    775    767   1605   1635   1636
400    774    247    588    766    775
401    776   2644   3112   3115   3116
402    782    776   2281   2722   2724
403   2192   2199   2642   3116   3119
404    785    501   3112   3118   3119
405    782    786   3115   3118
406    786    785   2278   2281   2474   2475
407   2308   2470   2472   2475
408   1194   1760   1761   2055   2057
409   1194   1550   4158   4175   4176
411   1546   1547   1550   1980   2056   2057
412   2176   2462   3263   3266   3267
414   1980   2391   2392   2395
417   1612   2106   2110   2411   2950   2953
418    623    669   1612   3034   3035   3038
420   1591   1595   1813   2038   2039
422    921   2051   2054   2057
423    921   1194   1807   1809   2038   2040
424   1934   2041   2111   3105   3107   3110
425    774   1922   1925   1934   1937
426   1839   1843   1922   1923   2041   2043
427   1333   1614   2296   3038   3040
428   2117   2118   2130   2296   2297
429   1618   1839   1842   1845
430    775   1337   1614   1937   2110   2111
432   2638   3054   3116   3123   3124
434   2577   2658   2659   3119   3122   3123
436   1553   1559   1922   1924   1927
437   1811   1927   2037   2038   2041
439    921   1550   1552   1839   1841   1844
440   1490   1492   1512   1619   1621
441   1490   1491   1980   2283   2475   2476
444   1336   2296   2298   3818   3820   3823
445   1988   2335   3262   3269   3270
446   1308   3024   3186   3188
447    284    526     84    181     16
449    776    825   3026   3176   3186   3187
450    825   2409   2953   3115   3126   3127
454   2173   2177   2182   2318   2461   2462
456   1634   2777   2779   3978   3980   3983
458    835   1634   2381   2391   2394   2397
460   2142   2181   2182   3994   3996   3999
461    641    835   3983   3998   3999
462    839   1635   1637   1930   1935   1937
463    700   1927   1930   1932   1934
466    839    843   3983   3984
467    843   1631   1634   1637
468    844    487   1486   1487   1490
469     32    486    844    736
470    998   1218   1431   1432
473   2181   2183   2352   2556   2557
474    419   1784   1785   2177   2180   2183
475    395    690   1691   1694   1697
477   1021   1691   1692   3245   3248
478   2182   2183   3373   3376
479    786    849    850   1602   1636   1637
480    850    737    844    496    785
481    835    843    849   2281   2284
482    760    642   1660   3277   3999   4000
483   3006   3189   3190   3277   3280
484    363    839    849    782    825
485    850   1256   1260   3118   3125   3126
486     34    295   1705   1708   1711
488   1658   2437   3273   3275   3277
489    612   1339   1612   1614
491   1507   1512   1546   1549   1552
492   1528   2419   2420   3147   3149
493   1691   1693   2538   2543   2545
494    890   2177   2178   2181
495   2118   2442   2562   2565   2568
496   1591   2762   2875   2907   2908
497   1841   2037   2040   2043
501   1546   3950   3951   4174   4175
503   2322   2326   3393   3394   3397
506   1800   1801   2044   2046   2049
508   1042   2440   2443   2446
510   2798   3077   3084   4190   4192
511   2110   3038   3109   3110
512   1079   2513   3777   3780   3781
515   1800   1802   2023   2024   2027
516   1648   2037   2039   3077   3107   3108
518   1615   1617   2440   2442   2445
521   1718   3030   3179   3181
523   2001   2654   2657   2662   2664
524   1214   1431   2433   2434   2437
525   2287   2307   2707   2719   2720
527   1256   1705   1707   1710
531   1553   1558   2773   2774   2777
533   1855   2649   2788   3946   3949   3952
536   1649   2077   3077   3080
539   2126   2800   3792   4185   4190   4191
541   3051   3053   3146   3149   3152
542   2023   2028   3178   3181   3184
544   1591   2208   2711   2716   2717
545   1631   1636   2377   2378   2381
547   2051   2056   2283   2307   2308
548   2716   2843   4123   4125
552   2106   3110   3111   4186   4189   4192
553   3780   3791   3792   3854   3856
554   2329   2331   2461   3265   3266   3269
555   2322   2324   2495   2617   2618
556   1930   2106   2108   2111
558   1998   2412   2414   2417
559   3067   3927   4170   4171   4174
562   2521   2524   2527   3080   3106   3108
564   2232   2297   3040   3105   3106   3109
565   2405   2407   2953   3051   3052
566   3145   3157   3158   3780   3783
567   2391   2396   2456   2459   2462
568   2192   2521   2523   2526
571   2426   2431   2740   2784   2785
572   2278   2308   2718   2719   2722
573   2419   2424   2456   2458   2461
574   2377   2780   2783   2813   2816
575   2433   2435   2556   3275   3283   3284
576   2604   2617   2771   2836   2838
577   2479   3007   3189   3191
578   2615   2617   2652   2788   2790
580   2538   2603   2835   2836   2839
581   2562   2564   2828   2829   2832
582   2571   2654   2656   2659
583   2763   2764   3393   3395   3398
584   2680   2743   2746   2759   2760   2763
585   2663   2788   2902   2905
586   2743   2748   2867   2868   2871
587   2759   2764   2874   2875   2878
588   2702   2718   2720   2723
589   2711   2799   4186   4187   4190
590   2898   2905   3070   3927   3951   3952
591   2773   2775   2780   2782   2785
592   2828   2834   2845   4122   4123   4126
593   2828   2830   3249   3250   3253
594   2811   2835   2837   2840
595   3282   3283   4119   4123   4124
596   2867   2869   3794   3799   3801
597   2874   2879   2906   2908   2911
599   2898   3029   3178   3179   3182
600   3020   3022   3185   3186   3189
602   3034   3036   3083   3109   3111
603   3050   3052   3121   3124   3127
609   3098   3100   3921   3927   3928
610   3084   3105   3108   3111
612   3112   3121   3123   3126
613   3146   3151   3153   3154   3157
614   3139   3153   3155   3158
615   3162   3178   3180   3183
616   3169   3185   3187   3190
620   3241   3249   3251   3254
621   3256   3265   3267   3270
622   3273   3283   3994   3997   4000
628   3370   3393   3396   3399
630   3475   3786   3787   4179   4184   4185
631   3475   3480   4114   4116   4118
652   3777   3786   3788   3791
653   3794   3818   3819   3822
656   3842   3850   3852   3855
661   3921   3946   3948   3951
663   3978   3994   3995   3998
671   4114   4122   4124   4127
673   4154   4170   4173   4176
674   4179   4186   4188   4191
cells 64
0      0      3      4      5      7     10     11     13     15     16     17     18     19     21     22
1     23     27     28     29     30     31     32     33     34     36    559    609    621    673
2     37      5     38     39     40     42     43     44     45    521    523    542    582    599
3     47     48     49     51     54     56     57     58     60     61     62     63    533    574    576    578
4     32     67     68     69     70     11     71     73     75     76     77     78     81    588
5     82     83     84     85     86     36     87     88     89     90     91    521    614
6     92     93     94     95     96     97     88    100    101    102    103    104    620
7    107    108     58    109    110    111    112    114    115    119    121    122    123    124      0    125    523
8    126    127    128    129    130    131     40    133    134    512    515    553    652    653
9    135    136    139    141    143    145    146    148    149    150    548    595    622    663
10    151    152     86     45    154     76    155    156     31    159    562    564    568    602    610
11    160    161    162    163    164    165    166    167    169    171    512    566    613    614
12    173    174    176    178    179    119    180    181    503    555    576    580    628
13    182    183    184    185     21    186    187    188    191    503    508    583    584    587
14    167    192    193    194     56    195     30    199    200     68    492    541    554    573
15    201    202    203    204    205    187    207    496    544    548    581    592
16     17    210     38    211    212    213    214    215    156    216    217    219    508    518
17    182    223    174    224    226    227     29    228    230    231    112    134    234    235
18    240    241    163    243    127    244    246    109    248    249    250    251    506
19    253    254    255    216    257    258     81    497    516    525    536    562
20    261    262    263    264    185    265    266    267    268    269    101    495    518    581    593
21    270    271    243    272    202    133    273    150    274    539    589    630    631    671    674
22    275     61    276    249    108    277    279    280    281    284    285    286    192    287    603
23    289    104    290    291    275    294     91    295    296    161     60    492    531    571    591
24    297    298    299    223    300    301    302    303    304    525    547    572    583    588    628
25    121    241    305    169    193    306    307    143    309    310    311    313    616    630    652
26    314    285    315    316     93    319    320    295     90    506    515    542    615
27     85    322     23    228    128    323    326    327    328    329    166    291    656
28    331    154     57    332    333    100     89    262    491    501    559    590    599    615
29    162    334    328    290    335    336    338    339    341    342    343    204    136    345
30    348    349    350    351    179    352    353    341    354    575    592    593    595    620    671
31    129    355    125    331    230    184     43    316     94    358    263    555    558    578    585
32    360    361    362    363    364    365    348     48     22    369    181    524    594
33    322     82    372    307    373    376     34     67    151    510    536    539    553    566
34    372     73    378    380    271     10    258    382    384    201    386    300    584    586
35    387    388    389    390    391    360    267    393    274    205    354    287    248    527
36    395    103    391    369    265    350    397    398    399    400    545    574    591
37     77    401    402    403    404    405    406    257    219    407    568    572
38    408    326    409    411    412    226    414    194     27     54    301    501    567    661
39    311    417    286    373    418    141    294     84    320    511    541    552    565    602    613    674
40    224    336    380    253    302    408    420    422    423    327    496    587    597
41    424    425    426     95    427    428    213    255    429    430    389    400    268    511    564
42    155     37    432    210     75    403    107    200    281    434    533    585    590    609    661
43    436    437    335    439    261    426    423    333    409    296     87     96    329    497    673
44    429    439    269    440    422    254    411    441    214     49    407    491    547
45    428    212    388    272    444    159     42    207     16    186    495    586    596    653
46    445    195     28     69    446      4    235    124    447    306    577    600
47    401    432    199    305    446     70    449    450    146    565    603    612
48    454     51    297    289    160    456    397    458    338    460    461    494    567    573    663
49    456    398    462    148    463    339    425     97    436    466    467    531
50    468    440    211    191    358    364     47     18    469    264    470    332    180
51    353    178    473    474    246    475    123    164    342    313    493    494
52    351    334    266    355    475    231    323    126     92    244    203    183    319    477    165    597
53    445    227    122    474    309    412    171    454    478    303    176    554    621
54    270      3    378    447     71    376     33    111     39    131    234    558    596    656
55    424    384    135    437    420    343    463    510    516    544    552    556    589    610
56    441    406    479    480    468    215    365    414    304    458     63    481    467    545
57    482    483    466    299    382    449     13    402     78    461    145    484    481    600    616
58      7    280    434    363    480    485    404    469    217    486    115    527    582    612
59    477    314    102    277     62    251    349    395    110    493    571    580    594
60    139    483    393    488    352    361    276    240    114    486     19    310    577    631
61     15    482    478    473    460    488    345    470    173    298    188    386    524    575    622
62    387    489    427    130     44    418    315     83    444    273    284    152    250
63    149    484    450    390    489    279    362    485    417    479    405    462    430    399    556
