vertices 383
     0 1.08849017402406 0.32428497098734 1.14055083012312
     2 1.47560388684642 0.49849712782950 1.67379209215619
     8 0.97689272917003 0.21402594096850 1.14263074508459
    11 0.33904844503645 0.61252033345754 1.13293546132980
    14 0.93768290874152 0.02682312457138 2.23377280157193
    16 0.38096971980288 0.60607111985398 2.39354735826573
    18 1.22715145249179 0.95482791971533 2.00156573228692
    36 3.98625224310597 0.55310148261462 1.77883317207992
    37 0.57318139571076 1.07704673085625 2.10007248964911
    41 0.32444236493752 0.74546753109281 2.34330088741073
    47 1.52075226619476 3.76808544345819 0.64520438737351
    52 1.74297847845351 0.66387136501037 0.27863883097996
    58 1.93743726717259 0.18193411682908 0.95331384983837
    59 1.61337370037173 0.17481157218622 0.77613237623207
    61 1.96387637052055 3.28337436807535 0.16151993667769
    69 1.12164032105934 3.35406465869073 2.76403680994740
    72 1.01931703936625 3.56004069105846 2.76000336706078
    76 1.24494244667272 0.08866709051333 2.99969534667617
    98 3.17563748157099 0.64480097179125 3.41972522500381
   115 1.12952763294593 3.68988158607304 0.80979875688121
   119 0.87110864569529 0.89728996481521 0.16836233505276
   134 2.70027182519470 3.13590910480759 3.29797133869902
   136 2.73921620666124 2.79350110160610 3.45774681224950
   139 1.73453229594577 2.60290727557407 3.15719777114588
   140 2.48978217436270 2.63842390462420 3.17424244585718
   143 2.09255410681883 2.39275457798574 3.28524177837471
   147 2.61766589082186 2.80541258600885 3.96913524563479
   149 2.73821387203363 3.00816733294895 2.33046778023148
   152 3.50108379796023 3.12303043348761 3.08966431097324
   156 2.72739192607986 2.55413131757841 2.30433876130444
   157 3.56350043676195 2.58841416589616 3.16885459893426
   163 3.65045549812482 2.72573935121852 2.83350519102708
   169 1.99837543519625 1.59226634678467 2.27564288275462
   171 1.40546949842591 1.37179114525299 2.26094709178943
   174 2.38766994314323 1.13257544676078 1.58268643737886
   177 2.34825313108627 0.69769824034604 1.52098752678699
   180 2.14852661578359 0.67021958853671 1.39711666627476
   185 1.93770362623781 0.40962854836054 1.50804962048733
   191 1.50926500604622 1.51655072659168 2.16301108910629
   195 1.31992570724177 2.69050724755374 2.08353004119220
   198 2.53599261346548 3.32498955333676 1.34798798084154
   199 2.55348610909666 3.46007047511062 1.68678088265478
   214 3.89371355576204 2.36951860162556 0.45813345681603
   215 0.29461519459347 1.77362504210043 0.06394462606559
   220 0.60313474538250 1.70724430315280 0.10678365940356
   230 2.82774097797982 2.10684655438777 0.26170361443888
   231 2.35950938526306 2.39571268373373 1.30178669186019
   235 2.22983725348173 1.68969579901562 0.91117665832170
   236 2.63187067594331 2.64049801099186 1.01875103596451
   240 2.08955992115516 2.08783976517841 1.19951656027881
   241 2.66155418293413 2.44270877396253 1.11230824643097
   243 2.68178425759863 2.58849982714521 0.23962971031027
   254 3.08644534097668 1.17565881573499 1.26864378317725
   260 2.90213578929547 3.54343073420463 1.70922169345264
   261 3.13444328138859 3.39596572110939 1.96493636376323
   264 3.25060667311745 3.76812417768794 2.19816565096677
   277 1.65583627265143 1.32547177696356 0.45216802533144
   284 0.54318308714417 2.76593406335411 1.91252338690659
   288 0.31923586602488 0.70782816665763 2.97315062795260
   290 3.98595176467720 0.48140594682218 3.00918728396084
   291 0.15338135594807 3.59854704505507 3.27315108089455
   292 1.05886835590885 0.49117712494619 2.99735414428801
   295 0.21052908576568 0.70443893898472 2.80773388906890
   300 2.91850328393954 0.42153720089103 0.71175212412402
   310 1.16087776412527 1.85788891307697 2.26211865509365
   311 1.12590521470420 2.49444903619655 2.15008726485409
   315 1.22798026217616 2.16398871545168 2.44665747098501
   332 3.10978008807568 3.73137339268784 2.57201638006402
   336 0.04078723866425 2.60389285531332 2.64315642214002
   339 0.94176336036707 2.73811972789213 2.17756645188573
   343 2.07339771253863 2.13511701195771 3.07416188391720
   346 1.27837553513709 2.22638265821981 3.17832243054918
   347 1.68239900145864 2.35161084125204 3.05336361544193
   354 1.02623594351626 2.12778859399365 2.80557794609002
   356 2.81406478808005 2.71420749524379 0.14230998543133
   358 3.73703963385893 1.14157472135594 0.60783577335597
   364 0.18416068254089 0.58437068609628 0.97515769611650
   365 3.76682263732228 1.09140172964702 0.17589802938651
   376 3.14678025108006 2.35885593153337 1.44060284109521
   380 3.62333747860243 2.76609995276030 0.18738322115456
   394 0.32195948600971 1.42122521027156 2.96702719059989
   396 0.15902837540960 0.83754699821133 2.74055824458037
   399 0.28195329241460 1.80243756428888 2.78202931190991
   403 0.30335279677053 2.30014132888540 2.95126679048994
   405 0.10824963556307 2.29346799906074 3.29909865989650
   406 0.34910700347663 1.35390766007111 3.76295872513162
   408 0.46369323891006 1.27581003696287 3.22787136066643
   410 0.59404053342653 1.38312654325261 3.84331019769916
   413 3.25739469983269 3.81238403744714 0.00998568228849
   422 3.83575159193038 1.48431514144716 0.06000467666928
   425 0.16321416885439 1.58451743951028 3.85039441105036
   429 3.04996546916578 0.36204488193050 3.05061146302017
   432 2.27698306781041 1.47538425822996 3.21144577175822
   436 2.18996506476387 1.57190693559338 1.95445410742643
   439 2.83126496974445 1.94076986815768 0.66065186300794
   440 3.44926693914416 1.70424469178784 0.88212826472747
   447 3.60342717481879 3.65718009820933 3.98900149837135
   457 1.63401314814050 1.04545002271195 2.63240686686395
   460 2.54360258984220 3.93015962099612 0.53093674023227
   473 3.60821637612022 0.60664815179738 1.76763552211780
   481 2.42371892878773 2.39159394825934 2.01146796576584
   488 0.19858869099021 0.15592413347855 2.12565471710291
   489 0.33991003948780 3.98750987987089 2.07121050616591
   500 2.26664298899628 2.52253545744051 1.28141087677061
   502 2.37462719105434 2.71040810450142 1.12763167496352
   510 2.38600570054104 3.18493928145698 1.97871276049552
   513 0.13256614401711 3.43163030214474 0.58736440791748
   519 0.29902782503900 3.35809128548640 2.67491693273041
   524 1.59568402940688 1.46844774833932 1.65415723353118
   529 1.59856548495209 3.14392226044778 3.12172737411306
   538 2.92173789852231 3.63912064258755 0.23902486211830
   544 0.31628692107460 1.08518591066883 1.77407247781285
   545 0.03286140327153 0.77424193126809 1.91348768751549
   553 3.04274910957309 3.09511727121118 2.29691120261382
   557 0.92761618958540 1.81463035760014 2.75596235113095
   559 0.47697445704371 1.67784044502034 2.73423311181752
   568 3.03156122142030 3.33547322862735 2.62626283675593
   569 3.25518463368749 3.32749813382500 3.03094092335561
   571 3.06023432039205 0.13611821470014 0.67279658090155
   573 1.57144341466320 0.87845709819777 0.23296395698648
   581 0.65000639581548 2.82721637229172 2.61849789274949
   582 0.70103624052178 2.45677320451551 2.92757065932538
   587 3.06970112837462 2.11103822099141 0.12667508546424
   605 0.87283697809893 3.64241226723739 0.50307917457771
   611 3.64194758920729 0.85722697187600 1.91737325749390
   625 1.09390001379266 3.33542136982083 1.07203103653587
   629 3.41261299717157 0.97763094316499 2.80810769049120
   630 3.30896887882953 0.62574967869099 3.11262992738125
   635 3.29746049833930 3.44038537691981 3.07621371914107
   636 3.30311368115390 3.78284641572361 2.81300978850821
   640 2.03668324005144 1.78533243628860 3.44004901926486
   645 1.47199537349384 0.36963602690491 1.89651133566491
   647 2.94217641430261 0.38033025871522 3.29259141148383
   648 2.96783926623307 3.82520105745565 3.59704233387754
   649 3.10066686271471 2.61174774590125 3.48098190850580
   650 3.09640011286711 2.55149340635306 0.00320346344837
   658 0.66966455721812 0.50916090233377 0.98491549763540
   660 3.77211277143063 2.92137686583628 0.77441356921279
   662 0.07690960925953 3.26462584291451 0.85227836354093
   663 0.15621835960520 1.56353764476825 2.98788759720840
   667 0.89133954029960 2.58698195125213 3.29744842313098
   668 3.98911122825971 3.53123406630182 2.98180578819749
   669 3.82227015107729 3.87093217107842 2.74929729736391
   673 3.38162585543363 1.61115139110239 3.58663710614605
   674 3.99862745503352 1.75070057522173 3.41501715234376
   678 0.70809388466813 3.36146639632506 0.51001167834543
   681 0.49085665908681 1.01116313653280 1.29353846835063
   691 2.50321305055698 2.25420200814466 1.83994332085426
   692 2.93483079550095 2.22275580526185 1.85415380837610
   695 1.04980727537499 1.72000212739112 2.35954341062008
   696 0.60226152098247 1.58164674425093 2.29171156254692
   698 1.75309780967607 3.03896935131332 2.99164637801842
   701 2.09364001128466 1.18033063853521 3.17100061371579
   711 2.81234440369789 3.84811757610559 0.59232365713673
   717 1.92242571218172 1.50737384052999 1.60715453422957
   718 2.10540083058351 1.29421796534161 1.44050377135243
   723 2.19184210607205 2.70206921134337 1.81122753008017
   724 1.62011968761694 2.70761293662843 2.21786146197068
   725 3.09704416377550 3.05675439422512 0.41240351044101
   726 3.60157592967948 2.96732343152286 0.33273388188414
   735 3.84368919337350 3.39212317352829 3.52685765918385
   736 3.60559678018439 3.31434393175869 3.15030906843185
   737 3.96953399854401 1.96215151243113 2.34072103916438
   738 0.26403536412872 1.79889796742557 1.96263427691739
   739 2.05017523916172 1.07497995106791 2.70938219328269
   740 2.21328973716085 1.28686919979595 2.57689987545923
   758 2.34836233032120 0.44100725543274 1.82913044632145
   760 3.48488957428077 2.79030035155084 3.31742917156280
   761 3.87789175908894 2.86890315852589 3.76179028712059
   762 0.37008683093754 2.19669698097673 0.05033116174179
   764 0.30815885313922 2.47710052902981 3.66879827057898
   777 3.45678510897845 0.58333727900027 3.86115135499927
   780 1.96965001563632 1.18842689914030 1.36942609174809
   783 1.88010403678013 0.20278201441919 1.94303334165779
   784 2.04539987080198 0.23896282892302 1.75480541102065
   791 2.07126513188753 3.45039821479558 2.29392805201388
   792 1.65698075027512 3.09460863533292 2.46708552257891
   795 3.80264924770571 3.26031389100883 0.17038147358864
   796 3.96872371502196 3.10798717175400 3.78401166149454
   797 2.03578124098721 2.02107016602554 2.45631345863859
   798 1.63900347130551 2.28043979586402 2.53365610146974
   799 3.67899214312590 3.97606613362034 0.13614421963509
   800 3.40722870785927 0.06814641093530 0.13789458877382
   806 1.06997871777241 3.62538124746560 0.10157523639792
   816 0.71279522047813 2.26004523606012 0.10299677838909
   817 0.65714961988413 2.58738448064175 3.64417460176931
   819 0.31663259122834 2.88250152792202 2.51344564761482
   821 1.46523191692621 3.14300645866060 1.18611865775881
   822 0.74236290443936 3.36190778179762 2.89206907684056
   826 3.27302286390160 1.05095009669295 0.77625914744815
   837 3.07120393611477 0.85051179351081 0.41865364055649
   838 2.65257534121911 1.69268905633258 0.68347041639489
   839 3.16315423068171 1.33582516104263 0.91597988458168
   842 1.26389117750977 0.25822107688400 3.60929698995336
   844 1.11162701892590 0.20781785091247 3.19458129177976
   847 3.96236559623268 2.54440191376490 0.83229505877145
   854 0.56879131402395 3.50076379238482 3.29552946673734
   862 1.91892152432058 3.60884847973151 3.49668233069195
   866 1.74983694932658 1.78259493336976 0.24405239535451
   869 3.88635644382467 0.56892394857501 3.80918497675419
   870 0.03979207413271 0.87313123768240 0.03079835419079
   871 3.98457414738413 3.92926170119200 0.59371401518246
   874 0.83646381416033 3.20548540352915 2.87867458339472
   877 0.01788777192603 0.29803620007284 3.91013131747094
   881 2.49189586701413 1.60124766309349 0.42205572867143
   882 2.92443385799525 0.12487780399970 1.78784148482913
   883 3.07877492372614 0.17038077344599 2.00599607813279
   884 2.08848733065801 1.58586920057956 0.58818495002608
   885 1.92141322736666 1.28169469190313 0.62932916930530
   890 3.34767314493666 1.48363792293947 1.67603697647126
   899 3.39356182399848 1.26127222538701 2.88887397602993
   900 3.17530203374382 1.42216496214869 3.45908407627328
   903 3.06928686178314 1.03435530693745 3.64416629695121
   904 3.35339487873674 0.86036899331386 0.01485334568907
   905 2.59714358995364 2.30258459160345 2.86037713295672
   907 1.02350221604129 2.05577212310917 0.36280718607418
   908 0.87293858930817 2.09903424996407 0.09758979588763
   909 1.90367860500995 3.74392418609263 1.95289111380931
   910 2.13523217819530 3.77620570994930 1.68518386125742
   911 2.75540399712881 1.41498590776932 3.60510065899680
   912 2.54608898233566 1.80945376795588 0.11365825957020
   913 2.37222572698904 1.57296503984016 2.95310068856636
   914 2.23881818643397 2.01456621500457 2.85994584123560
   915 3.47167241950045 1.42403688116387 1.80581495444072
   916 0.09824977215148 1.56395346567036 1.71697083841821
   917 0.13538980581008 3.74366563947509 2.21129643278452
   918 3.97622005810523 3.87729479669668 2.28150536934845
   920 1.30039875077705 0.93073436649425 1.73085672945922
   922 2.79285162566176 1.09328347432325 3.70768224930889
   923 2.68970830632729 1.03246922120025 0.20405323548562
   926 0.26586635552154 0.07947606038726 3.41412269824111
   927 0.10054784869432 0.48888036255084 3.16135112392417
   928 1.55487890522999 1.31763357544167 1.55965062024581
   933 2.42216107173716 0.68227430301843 2.37430385450363
   938 1.96388865059845 2.80217734182196 0.74499229318490
   941 0.92383984219664 0.03901093110448 3.77509636657288
   942 0.73153819583285 3.96216090509200 3.42957661998951
   946 2.44174789015430 1.32706574657389 1.95503873561645
   948 3.14229282452156 1.60434749063752 1.91233058547551
   949 3.39394062618510 3.23055405674526 1.78999752945205
   952 3.52654005796567 1.82850554180394 1.19909397657814
   954 0.04535084311608 3.43185142626225 1.93023917759614
   955 0.25237225754622 2.85273208229105 2.14327653728874
   957 1.01493970073984 0.38707163943583 2.37950820398565
   958 1.19512669280445 0.39136807241045 2.77760600284867
   959 1.42515792473542 3.68645607731703 0.10293413539323
   960 1.67764304774709 3.38374619546856 3.92806540218711
   966 2.47109060733524 1.13572213230614 2.35766851865618
   970 2.79218642662310 0.51615184841165 2.47006276015651
   971 2.75627136991193 0.34601883966258 2.68755565022736
   972 0.14849184312763 0.42097296301831 1.36562902642911
   977 1.59650800116336 0.77568845238658 3.84706400164675
   978 1.31521713927539 0.70574974753098 3.72179007996980
   980 2.22280813116662 0.62048808669170 2.56992546011967
   982 1.34684957747406 0.58817843699311 2.18047091726151
   983 1.56111939806498 0.62453083272992 2.49940930187188
   984 1.99427164119824 0.43379942558734 2.48132682000643
   989 3.97043495180931 0.39788314610897 1.16515322921109
   992 0.59668064271499 3.22348399178568 1.47221190902485
   995 3.26607699800081 0.09401205678448 1.06861132848936
   997 0.37915186148976 0.23545316724633 0.50894671323965
   998 0.39966692938329 0.43612698106903 0.64332519236497
  1000 0.43157147930736 2.61470411245304 0.99246778132780
  1001 0.51456235019615 3.04595228806334 1.02072297647705
  1002 0.39745608744857 0.37483582219314 0.26788366767390
  1003 0.41006979481133 0.53183167809288 0.32875511146261
  1007 2.95385278390835 2.13311035551871 2.92620851383569
  1010 0.39942735079890 3.92927777841852 1.70712811995373
  1011 0.22407904026408 3.56030276601229 1.62167362783484
  1012 3.35746761210246 2.57662160896725 1.44964485322014
  1015 3.88396441915138 3.56524657227109 1.22240367158289
  1016 3.80315537312258 0.01607559515624 1.01204685652100
  1018 3.22847520420915 0.97176108286985 2.50569718454591
  1019 3.19682423682807 2.31566145427172 3.27346115569098
  1020 3.19868012608555 1.74542705495381 3.58483121634515
  1021 3.05677168442105 1.52653708738356 3.45726738548873
  1022 2.88529188401465 1.64428012266583 2.99372050645121
  1023 2.34762862470777 0.41823132431961 2.77035835689421
  1026 0.80411928568059 3.11264189015163 0.83411581403162
  1028 3.89036235095110 2.45442300914651 2.36046243046003
  1030 3.18097237336412 1.41985960031359 2.66210649589539
  1032 3.37136359819409 1.76594573759596 2.34666050557855
  1036 0.00117170868586 2.59779684196785 2.08925261091557
  1037 3.44699043369441 2.79951573803327 1.90702123142762
  1038 3.09611808938449 1.26474455611997 2.47010839896957
  1039 3.26371031709409 1.54918737945921 2.06339837502090
  1040 3.82466865306485 2.28918390294453 1.21848004913532
  1043 1.14389250737484 3.97010786520526 1.94266861632653
  1047 2.85421257028981 3.36143341901938 1.21161298185966
  1048 0.87966913555403 3.89444515544918 1.58921906549757
  1049 0.96635098888934 3.40256794252172 1.43891332217049
  1050 3.31997372099335 3.28306471348581 1.44393705221170
  1051 3.04133654897930 3.47284714471790 1.40642598936112
  1057 1.78304146301334 3.89294464890869 3.15752899569679
  1059 2.11632902022269 0.18222420389831 2.71590280627334
  1060 3.28312220510315 2.95736957566835 1.20695791309798
  1061 2.99875830180796 3.00073097181774 1.05465190299867
  1071 1.40750510542524 2.85950854496556 3.76042658400478
  1073 1.32708716007709 2.01229344573287 3.39713602617884
  1091 0.80275818549554 0.97701495855245 1.22062162753899
  1096 0.83510680073026 0.63075623978485 0.99453927593325
  1097 1.06508017526245 0.95771391069534 0.46402773145350
  1098 1.85897838022751 3.48216775282350 3.23263893705300
  1100 1.43248526763501 2.86695331098640 3.36509487882609
  1101 0.95937669986507 2.82529981081381 3.33956788987527
  1105 1.80721772449698 1.76044055611972 3.53322210909590
  1106 1.74277442270361 1.23387785140087 3.35526271069061
  1109 1.85313782563142 3.93427780483687 3.43299099435117
  1113 0.85578399444394 3.18861602388357 0.00607640113867
  1115 0.94926333896147 2.94132672993809 3.93148098552632
  1120 1.53837680859589 0.14731454321257 3.72162524627918
  1121 1.74199200501248 0.58962873987480 3.89967655073236
  1122 0.63945636264093 3.10773435561829 3.70933647526742
  1123 0.77029663009855 2.89860094941774 3.66689503855775
  1124 0.84139307987216 1.32031493503939 3.34708975748696
  1125 1.20177680253887 0.96367530271507 3.27745271389483
  1127 1.40966494539874 1.17679533318382 3.13931578893652
  1128 1.11305911309349 1.54593008630090 3.16655242391140
  1131 1.58354307777298 2.28903141942372 0.46414042404495
  1133 2.45348649830484 2.65920325819722 0.08491314412538
  1134 2.03139078027935 2.80293460420940 0.26225936976248
  1135 2.19141459489514 1.94133623158986 3.95990711587198
  1136 1.83643030225841 1.76903836776785 0.35910166867355
  1137 2.08515835082568 2.32828870499989 3.89215995643174
  1138 1.79182907456204 2.51365428857890 0.08720423744556
  1140 2.50192647766146 3.06089725594313 3.06046674134935
  1141 2.66087717201909 3.20337444112637 2.64544268120041
  1142 0.76502565569515 1.54448458170644 0.96941041636750
  1143 0.85172166061725 1.61432842233273 0.52755388715384
  1145 2.05675411257457 3.25968619598011 3.01292940166262
  1146 2.22378009610562 3.50499333375260 2.59725726027650
  1147 1.08649012778451 1.31141975917784 0.63664131708178
  1148 0.95632013810535 1.33625168467099 1.01153255463648
  1164 3.21616425230186 2.27227781002057 2.46844072531399
  1166 3.02482540483600 2.46855329377706 2.23307071471554
  1167 3.50993210730801 2.57300912350366 2.47693875647928
  1168 3.26081974792899 2.74864462960835 2.22427538035046
  1169 2.16663609256664 0.45525042213291 0.82673459914511
  1170 2.48473290764617 0.36553249825780 0.60280205153571
  1172 2.32584463081745 0.66416892249937 0.29292903969887
  1173 2.05491985895908 0.74000967165169 0.46392680356484
  1174 0.14824337833608 1.71529725103544 1.42656837934055
  1176 0.36352748737348 1.43626963399358 1.11619520569809
  1177 3.70331713103805 1.86747727085522 1.15017015156799
  1205 3.03381702610202 0.56021040063493 1.14643693848949
  1206 3.19938080760234 0.78831574060597 1.14437638634816
  1212 3.18951495048446 0.39841261372622 1.26571561034136
  1213 3.39873829467148 0.56387887753253 1.30025218109436
  1229 1.02224944149950 2.12491493422377 1.89592359068245
  1238 0.89187451403057 1.99388527130383 1.20298799471478
  1239 1.21892490360108 2.01456868844333 1.49289167795581
  1332 1.66493921394741 2.45390400648809 0.79201158711596
  1333 1.91550413590647 2.31614236056688 1.15434897884714
  1335 1.55274460507403 2.40924054124718 1.32596712011760
  1336 1.52122443281478 2.64740217012621 1.01880735643046
  1337 1.41033915957762 3.53736899553642 1.97130707696316
  1339 1.25954548577689 3.25336199015644 1.65559351005088
  1345 1.30175841687477 3.26131569159933 2.42760024904797
  1346 1.15503740991356 2.88581719445421 2.12154556699474
  1352 2.05816269282710 3.79970938163547 0.89184149997380
  1354 2.12340051586769 3.54471824976130 1.23300382778639
  1355 1.79826100198248 3.58082450097272 0.73131751447139
  1356 1.79680818740163 3.27171615130688 1.02537211332574
  1377 2.26607503983959 0.26710213138282 3.56433235087964
  1378 2.18268163169869 0.53684340384800 3.74264551263276
  1385 2.37643964998657 0.73356825767819 3.47290588184018
  1386 2.44992399413018 0.48988794834540 3.32355771188823
  1395 3.65938861071059 1.91599610642487 0.48195599416751
  1396 3.88031303548653 1.65275456524627 0.33362601584179
  1400 3.62440460209122 1.73303917309533 0.80957749174553
  1401 3.83746962805980 1.49138467416712 0.65883617943612
  1437 0.40240371195740 2.13275031843209 1.54447255375752
  1439 0.42855648640400 2.14769049212769 1.66494272005009
  1440 0.33445582898792 2.25917796143822 1.51710685006412
  1441 0.36133665833969 2.30028171782256 1.67887763889812
  1450 2.44924589890224 3.41224761132776 3.93218254104834
  1451 2.60982192243170 3.66079464717309 0.04642258082666
  1455 2.44958732608398 3.51562186797720 3.69629942082865
  1456 2.58134211630391 3.73437605744752 3.77239557759444
  1458 0.95566798873073 2.16704365271538 0.98961587278331
  1459 1.17596617193672 2.50807093923003 0.74920525364047
  1460 0.80474764549496 2.49861885213647 0.72835565773498
  1461 0.94557600259330 2.66356500500274 0.67276073832956
edges 766
16      2      0
17      0      8
32     16     41
33     41     37
34     37     18
84     58     59
85     59     52
93     59     47
101     76     72
102     72     14
111     72     69
177    115     47
181     59      0
189    115      8
218    143    139
224    134    136
225    136    147
229    140    136
231    143    140
232    149    156
246    152    163
247    163    157
272    171    191
273    191    169
284    185      2
292    177    180
293    180    185
295    171     18
303    174    177
313    199    198
363    220    215
382    230    243
389    241    236
390    236    243
391    231    240
395    231    241
398    235    240
419    254    174
433    260    261
438    264    261
486     16    295
487    295    290
496    295    288
501    292    288
524    260    199
526     58    185
537    310    191
544    195    311
553    311    315
554    315    310
584    264    332
588    163    336
596    339    284
597    311    339
612    354    346
623    347    346
624    354    315
625    343    347
629    243    356
632    147    356
636    343    143
641    365    358
642    358    364
669    139    347
690    376    241
700    214    380
736     41    396
737    396    394
760     11    364
766    403    336
767    399    403
774    157    405
775    405    403
776    119    410
782    406    410
785    408    288
786    406    408
825    410    220
835    365    422
839    425    215
843    425    422
844    396    295
849    406    425
850    394    408
886    169    436
890    439    440
892    230    439
895    241    439
921    413    447
947    171    457
998     36    473
1021    156    481
1042    488    489
1045     36    488
1048     16    488
1049     14    489
1079    500    502
1081    231    500
1083    236    502
1086    198    502
1109    199    510
1112    149    510
1153    191    524
1172     69    529
1194    413    538
1214    544    545
1218     36    545
1220     37    544
1221     41    545
1242    149    553
1243    261    553
1256    557    559
1260    394    559
1261    354    557
1263    399    559
1289    568    569
1290    553    568
1292    332    568
1293    152    569
1294    134    569
1301    300    571
1307     52    573
1308    277    573
1333    581    582
1336    339    581
1337    403    582
1339    354    582
1355    230    587
1410    115    605
1431    545    611
1432    473    611
1476    115    625
1486    629    630
1487    396    629
1490    290    630
1491     98    630
1492    429    630
1507    635    636
1510    569    635
1512    429    636
1513    332    636
1525    343    640
1528    432    640
1540      2    645
1546    647    648
1547     98    647
1549    429    647
1550    413    648
1552    635    648
1553    649    650
1554    136    649
1557    356    650
1558    587    650
1559    380    650
1584      8    658
1586     11    658
1591    660    662
1595    513    662
1602    394    663
1605    399    663
1612    346    667
1614    582    667
1615    668    669
1617    519    668
1618    291    668
1619    636    669
1621    290    669
1631    673    674
1634    422    673
1635    405    674
1636    663    674
1637    425    674
1648    513    678
1649    605    678
1658    544    681
1660     11    681
1691    691    692
1692    481    691
1693    436    691
1694    231    691
1697    376    692
1705    695    696
1706    310    695
1707    557    695
1708    171    695
1710    559    696
1711     37    696
1716    139    698
1718    529    698
1729    432    701
1760    571    711
1761    538    711
1762    460    711
1779    717    718
1780    524    717
1781    436    717
1782    240    717
1784    174    718
1785    235    718
1800    723    724
1801    481    723
1802    510    723
1803    500    723
1806    195    724
1807    725    726
1808    356    725
1809    538    725
1811    380    726
1813    660    726
1839    735    736
1841    447    735
1842    291    735
1843    152    736
1844    635    736
1845    668    736
1846    737    738
1847    399    737
1850    696    738
1853    739    740
1855    701    739
1856    457    739
1859    169    740
1920    177    758
1922    760    761
1923    152    760
1924    649    760
1925    157    760
1927    380    761
1930    762    764
1932    214    762
1934    761    764
1935    215    762
1937    405    764
1980     98    777
1988    180    780
1989    718    780
1998    783    784
2001    645    783
2002    758    784
2004    185    784
2023    791    792
2024    510    791
2027    724    792
2028    698    792
2037    795    796
2038    726    795
2039    513    795
2040    447    795
2041    761    796
2043    735    796
2044    797    798
2045    169    797
2046    481    797
2048    315    798
2049    724    798
2050    347    798
2051    799    800
2054    447    799
2055    571    800
2056    777    800
2057    413    800
2077    605    806
2106    816    817
2108    762    816
2110    667    817
2111    764    817
2117    581    819
2118    519    819
2119    336    819
2126    625    821
2130    519    822
2133     72    822
2142    358    826
2173    826    837
2176    300    837
2177    838    839
2178    439    838
2180    235    838
2181    440    839
2182    826    839
2183    254    839
2192    842    844
2196     76    844
2199    292    844
2208    660    847
2210    214    847
2232    822    854
2233    291    854
2270    277    866
2278    869    870
2281    406    870
2283    777    869
2284    365    870
2286    513    871
2287    799    871
2296    581    874
2297    822    874
2298     69    874
2307    799    877
2308    869    877
2318    838    881
2322    882    883
2324    758    882
2325    260    882
2326    473    883
2328    264    883
2329    884    885
2331    881    884
2332    235    884
2333    277    885
2335    780    885
2352    254    890
2377    899    900
2378    663    899
2380    629    899
2381    673    900
2391    903    904
2392     98    903
2394    900    903
2395    777    904
2396    837    904
2397    365    904
2399    140    905
2401    156    905
2405    907    908
2407    866    907
2409    220    908
2411    816    908
2412    909    910
2413    791    909
2414    783    909
2416    199    910
2417    784    910
2419    911    912
2420    432    911
2424    881    912
2425    230    912
2426    913    914
2427    432    913
2429    740    913
2430    343    914
2431    905    914
2432    797    914
2433    915    916
2434    611    915
2435    890    915
2437    544    916
2439    738    916
2440    917    918
2442    519    917
2443    489    917
2444    264    918
2445    669    918
2446    488    918
2451     18    920
2454      2    920
2456    922    923
2458    911    922
2459    903    922
2461    881    923
2462    837    923
2470    926    927
2472    877    926
2473    291    926
2474    288    927
2475    869    927
2476    290    927
2478    780    928
2479    920    928
2480    524    928
2495    758    933
2513    502    938
2521    941    942
2523    842    941
2524    806    941
2525    926    942
2526    844    942
2527    854    942
2538    946    948
2540    174    946
2542    890    948
2543    436    946
2545    692    948
2549    261    949
2556    890    952
2557    440    952
2558    376    952
2562    954    955
2564    949    954
2565    917    954
2566    284    955
2568    819    955
2571    957    958
2573     14    957
2574     76    958
2576     16    957
2577    292    958
2578    959    960
2579    806    959
2580     47    959
2583     61    960
2584    862    960
2602    740    966
2603    946    966
2604    933    966
2615    970    971
2617    933    970
2618    883    970
2619    429    971
2621    332    971
2625     36    972
2628     11    972
2638    977    978
2641    573    977
2642    842    978
2644    119    978
2649    739    980
2652    933    980
2654    982    983
2655     18    982
2656    957    982
2657    645    982
2658    457    983
2659    958    983
2662    783    984
2663    980    984
2664    983    984
2679    364    989
2680    972    989
2690    284    992
2696    571    995
2702    997    998
2704    605    997
2705    658    998
2707    871    997
2708    364    998
2711   1000   1001
2714    992   1001
2716    847   1000
2717    662   1001
2718   1002   1003
2719    877   1002
2720    997   1002
2721    941   1002
2722    870   1003
2723    998   1003
2724    119   1003
2740    905   1007
2743   1010   1011
2744    489   1010
2746    972   1010
2747    954   1011
2748    992   1011
2756    376   1012
2759   1015   1016
2760   1011   1015
2762    662   1015
2763    989   1016
2764    995   1016
2765    871   1016
2770    629   1018
2771    970   1018
2772    611   1018
2773   1019   1020
2774    649   1019
2775   1007   1019
2776    157   1019
2777    587   1020
2779    673   1020
2780   1021   1022
2781    911   1021
2782   1020   1021
2783    900   1021
2784    913   1022
2785   1007   1022
2788    980   1023
2790    971   1023
2798    678   1026
2799   1001   1026
2800    625   1026
2805    737   1028
2808    336   1028
2811   1030   1032
2813    899   1030
2815    737   1032
2816   1022   1030
2828   1036   1037
2829    955   1036
2830   1028   1036
2832    949   1037
2834   1012   1037
2835   1038   1039
2836    966   1038
2837   1030   1038
2838   1018   1038
2839    948   1039
2840   1032   1039
2841    915   1039
2843    847   1040
2845   1012   1040
2853    645   1043
2856     14   1043
2863    198   1047
2866    711   1047
2867   1048   1049
2868   1010   1048
2869   1043   1048
2870      8   1048
2871    992   1049
2873    625   1049
2874   1050   1051
2875   1015   1050
2877    949   1050
2878    995   1051
2879   1047   1051
2880    260   1051
2898   1057   1059
2900     76   1057
2902    984   1059
2905   1023   1059
2906   1060   1061
2907    660   1060
2908   1050   1060
2909   1012   1060
2910    725   1061
2911   1047   1061
2912    236   1061
2942    960   1071
2950    346   1073
2953    908   1073
3006    681   1091
3007    920   1091
3020   1096   1097
3021      0   1096
3022   1091   1096
3023    658   1096
3024    573   1097
3026    119   1097
3028    862   1098
3029   1057   1098
3030    529   1098
3034   1100   1101
3035    139   1100
3036   1071   1100
3037    529   1100
3038    667   1101
3040    874   1101
3050   1105   1106
3051    866   1105
3052   1073   1105
3053    640   1105
3054    977   1106
3056    701   1106
3067    862   1109
3070   1057   1109
3077    678   1113
3080    806   1113
3083   1071   1115
3084   1113   1115
3098   1120   1121
3099    842   1120
3100   1109   1120
3101    959   1120
3102    977   1121
3104     52   1121
3105   1122   1123
3106    854   1122
3107    796   1122
3108   1113   1122
3109   1101   1123
3110    817   1123
3111   1115   1123
3112   1124   1125
3115    410   1124
3116    978   1125
3118    408   1124
3119    292   1125
3121   1127   1128
3122    457   1127
3123   1125   1127
3124   1106   1127
3125    557   1128
3126   1124   1128
3127   1073   1128
3139   1133   1134
3141    147   1133
3142     61   1134
3144    243   1133
3145    938   1134
3146   1135   1136
3147    912   1135
3149    640   1135
3150    884   1136
3151   1131   1136
3152    866   1136
3153   1137   1138
3154   1135   1137
3155   1133   1137
3156    143   1137
3157   1131   1138
3158   1134   1138
3159   1071   1138
3162   1140   1141
3164    140   1140
3165    149   1141
3167    134   1140
3168    568   1141
3169   1142   1143
3173    907   1143
3176    220   1143
3178   1145   1146
3179   1098   1145
3180   1140   1145
3181    698   1145
3182   1059   1146
3183   1141   1146
3184    791   1146
3185   1147   1148
3186   1097   1147
3187   1143   1147
3188    277   1147
3189   1091   1148
3190   1142   1148
3191    928   1148
3241   1164   1166
3243   1007   1164
3245    156   1166
3246   1032   1164
3248    692   1166
3249   1167   1168
3250   1028   1167
3251   1164   1167
3252    163   1167
3253   1037   1168
3254   1166   1168
3255    553   1168
3256   1169   1170
3259     58   1169
3260    460   1170
3262    180   1169
3263    300   1170
3265   1172   1173
3266    923   1172
3267   1170   1172
3269    885   1173
3270   1169   1173
3271     52   1173
3273   1174   1176
3275    916   1174
3277    681   1176
3280   1142   1176
3282   1040   1177
3283   1174   1177
3284    952   1177
3370   1205   1206
3372    177   1205
3373    254   1206
3375    300   1205
3376    826   1206
3393   1212   1213
3394    882   1212
3395    995   1212
3396   1205   1212
3397    473   1213
3398    989   1213
3399   1206   1213
3446    311   1229
3449    310   1229
3475   1238   1239
3476   1142   1238
3479    524   1239
3480   1229   1239
3777   1332   1333
3780    938   1332
3781    500   1333
3783   1131   1332
3784    240   1333
3786   1335   1336
3787   1239   1335
3788   1333   1335
3789    195   1335
3791   1332   1336
3792    821   1336
3794   1337   1339
3796    909   1337
3798    821   1339
3799   1043   1337
3801   1049   1339
3818   1345   1346
3819   1337   1345
3820     69   1345
3821    792   1345
3822   1339   1346
3823    339   1346
3824    195   1346
3842   1352   1354
3844    460   1352
3846    198   1354
3847     58   1352
3849    910   1354
3850   1355   1356
3851     47   1355
3852   1352   1355
3853     61   1355
3854    821   1356
3855   1354   1356
3856    938   1356
3921   1377   1378
3925   1172   1378
3927   1109   1377
3928   1121   1378
3946   1385   1386
3947    922   1385
3948   1378   1385
3949    701   1385
3950    647   1386
3951   1377   1386
3952   1023   1386
3978   1395   1396
3980    587   1395
3981    214   1395
3983    422   1396
3984    215   1396
3994   1400   1401
3995   1395   1400
3996    440   1400
3997   1177   1400
3998   1396   1401
3999    358   1401
4000   1176   1401
4114   1437   1439
4116   1238   1437
4118   1229   1439
4119   1174   1437
4121    738   1439
4122   1440   1441
4123   1040   1440
4124   1437   1440
4125   1000   1440
4126   1036   1441
4127   1439   1441
4128    284   1441
4154   1450   1451
4155    147   1450
4157     61   1450
4158    538   1451
4160    460   1451
4170   1455   1456
4171    862   1455
4172    134   1455
4173   1450   1455
4174   1377   1456
4175    648   1456
4176   1451   1456
4179   1458   1459
4181    907   1458
4182   1131   1459
4184   1238   1458
4185   1336   1459
4186   1460   1461
4187   1000   1460
4188   1458   1460
4189    816   1460
4190   1026   1461
4191   1459   1461
4192   1115   1461
polygons 447
0   1540   2451   2454   2655   2657
3     16     17   1540   2853   2869   2870
4     16   2454   3007   3021   3022
5   2573   2656   2657   2853   2856
7     32     33     34   2576   2655   2656
10   1584   1586   2628   2746   2868   2870
11     17   1584   3021   3023
13   1586   1660   3006   3022   3023
15   1214   1218   1658   1660   2625   2628
16   1049   2744   2856   2868   2869
17   1042   1048   1049   2573   2576
18     32   1045   1048   1218   1221
19     34   1220   1658   2451   3006   3007
21   1042   1045   2625   2744   2746
22     33   1214   1220   1221
23   3844   3852   3853   4154   4157   4160
27   3260   3267   3921   3925   4160   4174   4176
28     84     85   3259   3270   3271
29   3256   3259   3260   3844   3847
30   3104   3265   3271   3925   3928
31   2578   2584   3067   3100   3101
32     85     93   2580   3098   3101   3104
33     93     84   3847   3851   3852
34   2578   2580   2583   3851   3853
36   2583   2584   4157   4171   4173
37   2574   2659   2664   2898   2900   2902
38    101    102   2571   2573   2574
39   2001   2414   2853   3796   3799
40   2023   2413   3796   3819   3821
42    102    111   2856   3799   3819   3820
43   2413   2414   2662   2902   3182   3184
44   1172   1718   2028   3820   3821
45    111    101   1172   2900   3029   3030
47   1486   1492   2615   2619   2770   2771
48   2380   2770   2813   2837   2838
49   1491   1492   1547   1549
51   2394   2458   2459   2781   2783
54   1547   2392   2459   3946   3947   3950
56   1729   2420   2458   3947   3949
57   1549   2619   2790   3950   3952
58   1853   2602   2604   2649   2652
60   2420   2427   2780   2781   2784
61   1729   1853   1855   2427   2429
62   2429   2602   2784   2816   2836   2837
63   1486   1491   2377   2380   2392   2394
67    177   1410   2077   2579   2580
68   1307   2641   3102   3104
69     85    181   1307   3020   3021   3024
70   2638   2641   2644   3024   3026
71    177    189     17    181     93
73    189   1410   1584   2702   2704   2705
75   2638   2642   3098   3099   3102
76   2523   2524   2579   3099   3101
77   2523   2642   2644   2718   2721   2724
78   2705   2723   2724   3020   3023   3026
81   2077   2524   2704   2720   2721
82   2583   2942   3142   3158   3159
83   1716   1718   3035   3037
84    218   3035   3036   3153   3156   3159
85   3139   3141   3142   4155   4157
86   2584   2942   3028   3030   3036   3037
87    224    225   4155   4172   4173
88    229    224   3164   3167
89   3028   3167   3179   3180   4171   4172
90    218    231   1716   3164   3180   3181
91    229    231    225   3141   3155   3156
92    232   1242   3245   3254   3255
93    232   2399   2401   3162   3164   3165
94   1242   1290   3165   3168
95    246    247   1923   1925
96    224   1293   1294   1554   1923   1924
97   1924   1925   2774   2776
100   1289   1294   3162   3167   3168
101    246   1289   1290   1293   3249   3252   3255
102   2401   2740   3241   3243   3245
103    247   2775   2776   3243   3251   3252
104    229   1554   2399   2740   2774   2775
107   1856   2649   2658   2663   2664
108    272    273    947   1853   1856   1859
109    273    886   1153   1780   1781
110    886   1859   2543   2602   2603
111    284   1540   1998   2001   2004
112    292    293   1920   2002   2004
114    295    272   1153   2451   2479   2480
115    295    947   2654   2655   2658
119    303   1920   2495   2540   2603   2604
121   1779   1780   1989   2478   2480
122    292    303   1784   1988   1989
123   1779   1781   1784   2540   2543
124    284    293   1988   2454   2478   2479
125   1998   2002   2495   2652   2662   2663
126    313   1079   1086   1109   1802   1803
127   1800   1803   1806   3781   3788   3789
128   1086   2513   3846   3855   3856
129   1109   2024   2412   2413   2416
130   1806   2027   3818   3821   3824
131   2412   3794   3796   3798   3849   3854   3855
133   3786   3789   3792   3798   3822   3824
134    313   2416   3846   3849
135   1932   2108   2210   2716   4187   4189
136   2210   2843   3282   3981   3995   3997
139   3273   3280   3476   4116   4119
141   2405   2411   4181   4188   4189
143   3169   3173   3476   4181   4184
145    363   3169   3176   3280   3984   3998   4000
146   2405   2409   3173   3176
148   1932   1935   3978   3981   3984
149    363   1935   2108   2409   2411
150   4116   4124   4125   4184   4187   4188
151   2578   2579   2942   3080   3083   3084
152   1172   2298   3034   3037   3040
154   3028   3029   3067   3070
155   2192   2196   2900   3070   3099   3100
156    101   2133   2196   2232   2526   2527
159    111   2133   2297   2298
160    892   2178   2318   2424   2425
161    382   2425   3144   3147   3154   3155
162    389    390    382    892    895
163    391   1081   3781   3784
164    395    398    391    895   2178   2180
165    389    395   1079   1081   1083
166    390   1083   2513   3139   3144   3145
167   2331   2424   3146   3147   3150
169    398   2332   3150   3151   3777   3783   3784
171   2180   2318   2331   2332
173   1432   2352   2434   2435   3373   3397   3399
174   1920   2324   3372   3394   3396
176    419    303   3370   3372   3373
178    419   2352   2538   2540   2542
179   2435   2542   2839   2841
180   1432   2326   2618   2771   2772
181   2434   2772   2835   2838   2841
182   2325   2878   2880   3394   3395
183    433   2549   2874   2877   2880
184    438    433   2322   2325   2328
185    438   2440   2444   2549   2564   2565
186   2443   2565   2743   2744   2747
187   2564   2747   2760   2875   2877
188    998   2625   2680   3397   3398
191    998   1045   2326   2328   2444   2446
192   1528   1729   3050   3053   3056
193   2270   2329   2333   3150   3152
194   2456   3266   3925   3947   3948
195   1307   1308   2333   3269   3271
199   1308   2270   2641   3050   3051   3054
200   3054   3056   3102   3928   3948   3949
201   2714   2717   2748   2760   2762
202   2690   2711   2714   4122   4125   4128
203   2832   2834   2877   2908   2909
204   2208   2843   2845   2907   2909
205   2566   2829   4126   4128
207   2562   2566   2690   2747   2748
210   2196   2199   2574   2577
211    486    487   1048   1621   2445   2446
212    102   1049   2130   2133   2442   2443
213   1617   1618   2130   2232   2233
214   1615   1618   1621   2470   2473   2476
215    487    496   2474   2476
216   2233   2473   2525   2527
217    501    496    486   2571   2576   2577
219    501   2199   2470   2474   2525   2526
223   1301   2696   3375   3395   3396
224   1760   2696   2866   2878   2879
226   1301   1760   1762   3260   3263
227    292   3256   3262   3263   3372   3375
228   1762   2863   2866   3842   3844   3846
230    524   2002   2324   2325   2416   2417
231    313    524   2863   2879   2880
234    526   2004   2417   3842   3847   3849
235    293    526   3259   3262
240    537   1153   3449   3479   3480
241   1780   1782   3479   3784   3787   3788
243    544   3446   3480   3787   3789
244   1081   1692   1694   1801   1803
246    391   1693   1694   1781   1782
248    553    554   3446   3449
249    554    273    537   2044   2045   2048
250    544    553   1806   2048   2049
251    886   1692   1693   2045   2046
253   2039   2040   2054   2286   2287
254   1841   1842   2054   2307   2472   2473
255   1842   2043   2233   3106   3107
257   2472   2521   2525   2719   2721
258   1648   1649   2286   2704   2707
261   1293   1510   1843   1844
262   1289   1292   1507   1510   1513
263    438    584   1243   1290   1292
264    584   1513   1619   2444   2445
265    588   2808   3250   3252
266   1243   2549   2832   3253   3255
267   2119   2568   2808   2829   2830
268    588    246   1617   1843   1845   2118   2119
269   1507   1615   1619   1844   1845
270   2126   2873   3798   3801
271   2714   2799   2800   2871   2873
272    596   2690   2871   3801   3822   3823
273    544    597   3823   3824
274    596    597   3446   4118   4127   4128
275   1525   1528   2426   2427   2430
276    537    272   1706   1708
277   1859   2045   2426   2429   2432
279    612   1261   2950   3125   3127
280    947   1707   1708   3121   3122   3125
281   1855   1856   3056   3122   3124
284    623    612    624   2048   2050
285    625   2044   2050   2430   2432
286    623    625   1525   2950   3052   3053
287    624    554   1261   1706   1707
289   1355   2419   2425   2777   2781   2782
290    382    629   1355   1557   1558
291    632    629   3141   3144
294    636   1525   3149   3154   3156
295    231    636   2399   2430   2431
296    632    225   1553   1554   1557
297    641   2142   2173   2396   2397
298    642   2142   2679   3376   3398   3399
299    641    642   2284   2708   2722   2723
300   2679   2702   2707   2708   2763   2765
301   1301   2055   2056   2176   2395   2396
302   2051   2055   2287   2696   2764   2765
303   2173   2176   3370   3375   3376
304   2278   2283   2284   2395   2397
305   2270   2407   3173   3187   3188
306   2333   2335   2478   3185   3188   3191
307   3783   3791   4182   4185
309   1785   1989   2329   2332   2335
310   2480   3190   3191   3475   3476   3479
311   2407   3151   3152   4179   4181   4182
313    398   1779   1782   1785
314   1021   2046   2401   2431   2432
315    669   1716   2027   2028   2049   2050
316   1112   2024   3165   3183   3184
319    232   1021   1112   1801   1802
320    669    218    636    625
322   3142   3145   3850   3853   3856
323   1083   1086   2863   2911   2912
326   1761   1762   4158   4160
327   1761   1809   2866   2910   2911
328    629    390   1808   2910   2912
329    632   1808   1809   4154   4155   4158
331   1292   2621   2790   2905   3168   3182   3183
332   1512   1513   2619   2621
333   1294   1510   1552   4170   4172   4175
334    690    389   2756   2906   2909   2912
335   1557   1559   1807   1808   1811
336   1807   1813   2906   2907   2910
338    890    892   1355   3980   3995   3996
339    700   1558   1559   3980   3981
341   2558   2756   2845   3282   3284
342    690    890    895   2557   2558
343    700   1811   1813   2208   2210
345   2557   3284   3996   3997
348   1846   2433   2439   2815   2840   2841
349   2545   2839   2840   3241   3246   3248
350   2805   2815   3246   3250   3251
351   1697   2756   2834   3248   3253   3254
352   2439   3275   4114   4119   4121
353   1697   2542   2545   2556   2558
354   1846   2805   2830   4121   4126   4127
355    433    524   1109   1112   1242   1243
358    584   2328   2615   2618   2621
360   1263   1710   1846   1847   1850
361   1220   1711   1850   2437   2439
362   1260   1263   1602   1605
363     33    736    737   1260   1710   1711
364    736   1221   1431   1487   2770   2772
365    737   1487   1602   2378   2380
369   1605   1847   2378   2811   2813   2815
372   1410   1476   1649   2798   2800
373   3083   3157   3159   4182   4191   4192
376    177   1476   2126   3850   3851   3854
378    189   1476   2867   2870   2873
380   1595   2286   2759   2762   2765
382    760   1586   2705   2708
384   1595   1648   2717   2798   2799
386    760   2628   2679   2680
387    597    553    624   1333   1336   1339
388    596   1336   2117   2566   2568
389    766   1333   1337   2117   2119
390    767   1256   1261   1263   1337   1339
391    766    767   1847   2805   2808
393   1705   1706   1850   3449   4118   4121
395   2785   2811   2816   3243   3246
397   2381   2779   2782   2783
398    774   1631   1635   2773   2776   2779
399    775    767   1605   1635   1636
400    774    247    588    766    775
401    776   2644   3112   3115   3116
402    782    776   2281   2722   2724
403   2192   2199   2642   3116   3119
404    785    501   3112   3118   3119
405    782    786   3115   3118
406    786    785   2278   2281   2474   2475
407   2308   2470   2472   2475
408   1194   1760   1761   2055   2057
409   1194   1550   4158   4175   4176
411   1546   1547   1550   1980   2056   2057
412   2176   2462   3263   3266   3267
414   1980   2391   2392   2395
417   1612   2106   2110   2411   2950   2953
418    623    669   1612   3034   3035   3038
420   1591   1595   1813   2038   2039
422    921   2051   2054   2057
423    921   1194   1807   1809   2038   2040
424   1934   2041   2111   3105   3107   3110
425    774   1922   1925   1934   1937
426   1839   1843   1922   1923   2041   2043
427   1333   1614   2296   3038   3040
428   2117   2118   2130   2296   2297
429   1618   1839   1842   1845
430    775   1337   1614   1937   2110   2111
432   2638   3054   3116   3123   3124
434   2577   2658   2659   3119   3122   3123
436   1553   1559   1922   1924   1927
437   1811   1927   2037   2038   2041
439    921   1550   1552   1839   1841   1844
440   1490   1492   1512   1619   1621
441   1490   1491   1980   2283   2475   2476
444   1336   2296   2298   3818   3820   3823
445   1988   2335   3262   3269   3270
446   1308   3024   3186   3188
447    284    526     84    181     16
449    776    825   3026   3176   3186   3187
450    825   2409   2953   3115   3126   3127
454   2173   2177   2182   2318   2461   2462
456   1634   2777   2779   3978   3980   3983
458    835   1634   2381   2391   2394   2397
460   2142   2181   2182   3994   3996   3999
461    641    835   3983   3998   3999
462    839   1635   1637   1930   1935   1937
463    700   1927   1930   1932   1934
466    839    843   3983   3984
467    843   1631   1634   1637
468    844    487   1486   1487   1490
469     32    486    844    736
470    998   1218   1431   1432
473   2181   2183   2352   2556   2557
474    419   1784   1785   2177   2180   2183
475    395    690   1691   1694   1697
477   1021   1691   1692   3245   3248
478   2182   2183   3373   3376
479    786    849    850   1602   1636   1637
480    850    737    844    496    785
481    835    843    849   2281   2284
482    760    642   1660   3277   3999   4000
483   3006   3189   3190   3277   3280
484    363    839    849    782    825
485    850   1256   1260   3118   3125   3126
486     34    295   1705   1708   1711
488   1658   2437   3273   3275   3277
489    612   1339   1612   1614
491   1507   1512   1546   1549   1552
492   1528   2419   2420   3147   3149
493   1691   1693   2538   2543   2545
494    890   2177   2178   2181
495   2118   2442   2562   2565   2568
496   1591   2762   2875   2907   2908
497   1841   2037   2040   2043
501   1546   3950   3951   4174   4175
503   2322   2326   3393   3394   3397
506   1800   1801   2044   2046   2049
508   1042   2440   2443   2446
510   2798   3077   3084   4190   4192
511   2110   3038   3109   3110
512   1079   2513   3777   3780   3781
515   1800   1802   2023   2024   2027
516   1648   2037   2039   3077   3107   3108
518   1615   1617   2440   2442   2445
521   1718   3030   3179   3181
523   2001   2654   2657   2662   2664
524   1214   1431   2433   2434   2437
525   2287   2307   2707   2719   2720
527   1256   1705   1707   1710
531   1553   1558   2773   2774   2777
533   1855   2649   2788   3946   3949   3952
536   1649   2077   3077   3080
539   2126   2800   3792   4185   4190   4191
541   3051   3053   3146   3149   3152
542   2023   2028   3178   3181   3184
544   1591   2208   2711   2716   2717
545   1631   1636   2377   2378   2381
547   2051   2056   2283   2307   2308
548   2716   2843   4123   4125
552   2106   3110   3111   4186   4189   4192
553   3780   3791   3792   3854   3856
554   2329   2331   2461   3265   3266   3269
555   2322   2324   2495   2617   2618
556   1930   2106   2108   2111
558   1998   2412   2414   2417
559   3067   3927   4170   4171   4174
562   2521   2524   2527   3080   3106   3108
564   2232   2297   3040   3105   3106   3109
565   2405   2407   2953   3051   3052
566   3145   3157   3158   3780   3783
567   2391   2396   2456   2459   2462
568   2192   2521   2523   2526
571   2426   2431   2740   2784   2785
572   2278   2308   2718   2719   2722
573   2419   2424   2456   2458   2461
574   2377   2780   2783   2813   2816
575   2433   2435   2556   3275   3283   3284
576   2604   2617   2771   2836   2838
577   2479   3007   3189   3191
578   2615   2617   2652   2788   2790
580   2538   2603   2835   2836   2839
581   2562   2564   2828   2829   2832
582   2571   2654   2656   2659
583   2763   2764   3393   3395   3398
584   2680   2743   2746   2759   2760   2763
585   2663   2788   2902   2905
586   2743   2748   2867   2868   2871
587   2759   2764   2874   2875   2878
588   2702   2718   2720   2723
589   2711   2799   4186   4187   4190
590   2898   2905   3070   3927   3951   3952
591   2773   2775   2780   2782   2785
592   2828   2834   2845   4122   4123   4126
593   2828   2830   3249   3250   3253
594   2811   2835   2837   2840
595   3282   3283   4119   4123   4124
596   2867   2869   3794   3799   3801
597   2874   2879   2906   2908   2911
599   2898   3029   3178   3179   3182
600   3020   3022   3185   3186   3189
602   3034   3036   3083   3109   3111
603   3050   3052   3121   3124   3127
609   3098   3100   3921   3927   3928
610   3084   3105   3108   3111
612   3112   3121   3123   3126
613   3146   3151   3153   3154   3157
614   3139   3153   3155   3158
615   3162   3178   3180   3183
616   3169   3185   3187   3190
620   3241   3249   3251   3254
621   3256   3265   3267   3270
622   3273   3283   3994   3997   4000
628   3370   3393   3396   3399
630   3475   3786   3787   4179   4184   4185
631   3475   3480   4114   4116   4118
652   3777   3786   3788   3791
653   3794   3818   3819   3822
656   3842   3850   3852   3855
661   3921   3946   3948   3951
663   3978   3994   3995   3998
671   4114   4122   4124   4127
673   4154   4170   4173   4176
674   4179   4186   4188   4191
cells 64
0      0      3      4      5      7     10     11     13     15     16     17     18     19     21     22
1     23     27     28     29     30     31     32     33     34     36    559    609    621    673
2     37      5     38     39     40     42     43     44     45    521    523    542    582    599
3     47     48     49     51     54     56     57     58     60     61     62     63    533    574    576    578
4     32     67     68     69     70     11     71     73     75     76     77     78     81    588
5     82     83     84     85     86     36     87     88     89     90     91    521    614
6     92     93     94     95     96     97     88    100    101    102    103    104    620
7    107    108     58    109    110    111    112    114    115    119    121    122    123    124      0    125    523
8    126    127    128    129    130    131     40    133    134    512    515    553    652    653
9    135    136    139    141    143    145    146    148    149    150    548    595    622    663
10    151    152     86     45    154     76    155    156     31    159    562    564    568    602    610
11    160    161    162    163    164    165    166    167    169    171    512    566    613    614
12    173    174    176    178    179    119    180    181    503    555    576    580    628
13    182    183    184    185     21    186    187    188    191    503    508    583    584    587
14    167    192    193    194     56    195     30    199    200     68    492    541    554    573
15    201    202    203    204    205    187    207    496    544    548    581    592
16     17    210     38    211    212    213    214    215    156    216    217    219    508    518
17    182    223    174    224    226    227     29    228    230    231    112    134    234    235
18    240    241    163    243    127    244    246    109    248    249    250    251    506
19    253    254    255    216    257    258     81    497    516    525    536    562
20    261    262    263    264    185    265    266    267    268    269    101    495    518    581    593
21    270    271    243    272    202    133    273    150    274    539    589    630    631    671    674
22    275     61    276    249    108    277    279    280    281    284    285    286    192    287    603
23    289    104    290    291    275    294     91    295    296    161     60    492    531    571    591
24    297    298    299    223    300    301    302    303    304    525    547    572    583    588    628
25    121    241    305    169    193    306    307    143    309    310    311    313    616    630    652
26    314    285    315    316     93    319    320    295     90    506    515    542    615
27     85    322     23    228    128    323    326    327    328    329    166    291    656
28    331    154     57    332    333    100     89    262    491    501    559    590    599    615
29    162    334    328    290    335    336    338    339    341    342    343    204    136    345
30    348    349    350    351    179    352    353    341    354    575    592    593    595    620    671
31    129    355    125    331    230    184     43    316     94    358    263    555    558    578    585
32    360    361    362    363    364    365    348     48     22    369    181    524    594
33    322     82    372    307    373    376     34     67    151    510    536    539    553    566
34    372     73    378    380    271     10    258    382    384    201    386    300    584    586
35    387    388    389    390    391    360    267    393    274    205    354    287    248    527
36    395    103    391    369    265    350    397    398    399    400    545    574    591
37     77    401    402    403    404    405    406    257    219    407    568    572
38    408    326    409    411    412    226    414    194     27     54    301    501    567    661
39    311    417    286    373    418    141    294     84    320    511    541    552    565    602    613    674
40    224    336    380    253    302    408    420    422    423    327    496    587    597
41    424    425    426     95    427    428    213    255    429    430    389    400    268    511    564
42    155     37    432    210     75    403    107    200    281    434    533    585    590    609    661
43    436    437    335    439    261    426    423    333    409    296     87     96    329    497    673
44    429    439    269    440    422    254    411    441    214     49    407    491    547
45    428    212    388    272    444    159     42    207     16    186    495    586    596    653
46    445    195     28     69    446      4    235    124    447    306    577    600
47    401    432    199    305    446     70    449    450    146    565    603    612
48    454     51    297    289    160    456    397    458    338    460    461    494    567    573    663
49    456    398    462    148    463    339    425     97    436    466    467    531
50    468    440    211    191    358    364     47     18    469    264    470    332    180
51    353    178    473    474    246    475    123    164    342    313    493    494
52    351    334    266    355    475    231    323    126     92    244    203    183    319    477    165    597
53    445    227    122    474    309    412    171    454    478    303    176    554    621
54    270      3    378    447     71    376     33    111     39    131    234    558    596    656
55    424    384    135    437    420    343    463    510    516    544    552    556    589    610
56    441    406    479    480    468    215    365    414    304    458     63    481    467    545
57    482    483    466    299    382    449     13    402     78    461    145    484    481    600    616
58      7    280    434    363    480    485    404    469    217    486    115    527    582    612
59    477    314    102    277     62    251    349    395    110    493    571    580    594
60    139    483    393    488    352    361    276    240    114    486     19    310    577    631
61     15    482    478    473    460    488    345    470    173    298    188    386    524    575    622
62    387    489    427    130     44    418    315     83    444    273    284    152    250
63    149    484    450    390    489    279    362    485    417    479    405    462    430    399    556
