vertices 383
     0 1.15095691279222 0.12030478405410 1.09784969936629
     2 1.53804718044680 0.29454057428055 1.63117160802249
     8 1.03937851042208 0.01005097778120 1.09992202025475
    11 0.40149568471740 0.40841077655441 1.09031378183402
    14 1.00026861404881 3.82272994782929 2.19107146409758
    16 0.44350390695852 0.40190217589075 2.35093535385101
    18 1.28958993523865 0.75073986315232 1.95892980421567
    36 0.04871261655024 0.34907667055989 1.73621422384589
    37 0.63572561753409 0.87291536052278 2.05739962308705
    41 0.38693526885260 0.54135639944305 2.30063850958579
    47 1.58334507582196 3.56402903085807 0.60247075130299
    52 1.80553782700273 0.45974475880258 0.23606146185073
    58 2.00004457377771 3.97796560107250 0.91063749091252
    59 1.67596616121648 3.97083422985598 0.73340753024361
    61 2.02645937882812 3.07938405700140 0.11901195053191
    69 1.18430497610496 3.14999195538992 2.72126544268917
    72 1.08199838982354 3.35594669041781 2.71723909863646
    76 1.30759784542161 3.88451323223882 2.95694947211968
    98 3.23826691974771 0.44067867267100 3.37705405684952
   115 1.19206957089804 3.48582382453211 0.76708758638122
   119 0.93364907788641 0.69313205668274 0.12572584895056
   134 2.76296155061949 2.93189253220700 3.25543757872251
   136 2.80189887826187 2.58935088239457 3.41528464704601
   139 1.79714689735371 2.39878571757874 3.11461205909628
   140 2.55241575006320 2.43426583564993 3.13171889422714
   143 2.15513301828318 2.18860872699801 3.24271897896006
   147 2.68035009481769 2.60127037329100 3.92665212089799
   149 2.80086455173278 2.80412444199574 2.28788153565534
   152 3.56380495670168 2.91903863247275 3.04710774510794
   156 2.79006392859960 2.34994910054771 2.26175153605762
   157 3.62626891380341 2.38420960032073 3.12631600627736
   163 3.71322495222617 2.52157711924508 2.79082041854762
   169 2.06099159410586 1.38808927497672 2.23309988756600
   171 1.46790483900332 1.16778108963793 2.21822973834995
   174 2.45024718427718 0.92842471540490 1.54000282865092
   177 2.41076763583062 0.49357886461763 1.47836753375932
   180 2.21108247613126 0.46612419591904 1.35451004818980
   185 2.00029215054893 0.20565961916641 1.46539470454507
   191 1.57159370011612 1.31236240850741 2.12041171166136
   195 1.38277772550289 2.48639670992637 2.04070434665933
   198 2.59828639493178 3.12087920633501 1.30548727477205
   199 2.61582718099439 3.25587369733137 1.64420112066927
   214 3.95635987079792 2.16538341194221 0.41550463564343
   215 0.35725226744962 1.56937254451020 0.02129593062694
   220 0.66574440777840 1.50297865460857 0.06410425817034
   230 2.89036817385984 1.90265465421380 0.21913886019106
   231 2.42204982864116 2.19157315479578 1.25945444444348
   235 2.29245383422696 1.48545937686392 0.86845076540441
   236 2.69466347752823 2.43649646170269 0.97611464696732
   240 2.15215864090383 1.88370203052868 1.15704357539831
   241 2.72436665552767 2.23855737564311 1.06974694626208
   243 2.74446632844754 2.38442275481080 0.19707017907350
   254 3.14901404656821 0.97148876456980 1.22606347707749
   260 2.96479673680066 3.33943488432707 1.66664602741079
   261 3.19707881810314 3.19199683560996 1.92233505429157
   264 3.31320435846202 3.56407660447476 2.15550993245622
   277 1.71845101359699 1.12137505549133 0.40956327817193
   284 0.60578555709071 2.56180753793866 1.86985260032543
   288 0.38179927231220 0.50362933660078 2.93054375256763
   290 0.04861423083474 0.27726207068615 2.96657113065163
   291 0.21601573665009 3.39440620676244 3.23049924869176
   292 1.12146428567479 0.28702955848171 2.95473133545233
   295 0.27309696948373 0.50023670419891 2.76515731379341
   300 2.98119468083423 0.21732341879696 0.66908058936997
   310 1.22351555535188 1.65348744104935 2.21948685586108
   311 1.18853614134364 2.29019105740015 2.10734401272748
   315 1.29064809703119 1.95971253041828 2.40405278945076
   332 3.17239119159843 3.52738097681900 2.52933845491037
   336 0.10336498504825 2.39976437778086 2.60051528936231
   339 1.00430239204650 2.53399275039101 2.13482618267635
   343 2.13591875427822 1.93099526909084 3.03178753074802
   346 1.34096514180413 2.02219047909696 3.13569578640859
   347 1.74502335702502 2.14741663444764 3.01076672995867
   354 1.08889711143996 1.92356352863151 2.76297864801950
   356 2.87670030826976 2.51005247657012 0.09978354616409
   358 3.79967642693692 0.93744921615128 0.56523689191159
   364 0.24671203669921 0.38028181561413 0.93261493475328
   365 3.82946775127921 0.88729007475616 0.13328111336080
   376 3.20938118556884 2.15469489238587 1.39792364864502
   380 3.68598219057283 2.56189554861608 0.14481879625943
   394 0.38451884661884 1.21701651093977 2.92435461297386
   396 0.22154741969093 0.63345744727848 2.69790845688161
   399 0.34453566687894 1.59819764415782 2.73940501877222
   403 0.36596225868216 2.09597513201534 2.90865506960647
   405 0.17088773838691 2.08930821541484 3.25646035084173
   406 0.41168352797977 1.14969412137354 3.72039095746010
   408 0.52628047498046 1.07156394085940 3.18523527313191
   410 0.65660063779594 1.17890306020022 3.80072606344647
   413 3.32001626215817 3.60826869434986 3.96733365071213
   422 3.89839299219081 1.28010584816680 0.01741075349103
   425 0.22584285276881 1.38027059850383 3.80779943762619
   429 3.11259534654963 0.15790723323745 3.00791266908464
   432 2.33965849358696 1.27130107155711 3.16888077524685
   436 2.25267827921444 1.36776746767264 1.91176215923630
   439 2.89391794437209 1.73662626842889 0.61806575830324
   440 3.51125142084662 1.50009287995881 0.83972230364764
   447 3.66608789411180 3.45303320107768 3.94635081554049
   457 1.69656054984325 0.84131538925027 2.58982880176804
   460 2.60624946038900 3.72608771759829 0.48830187051653
   473 3.67081737333187 0.40258357549599 1.72502200373400
   481 2.48637147348234 2.18740853667738 1.96890198036497
   488 0.26113395606421 3.95178434034968 2.08302718386973
   489 0.40247810694594 3.78337328185126 2.02855789401978
   500 2.32923495060519 2.31833454719922 1.23914536985397
   502 2.43722810935530 2.50651090295303 1.08515437032787
   510 2.44875277390759 2.98076419986230 1.93630903699869
   513 0.19521853500466 3.22743648323811 0.54470435906169
   519 0.36169008570580 3.15395416024863 2.63223463094868
   524 1.65819507463976 1.26431106696246 1.61138202310377
   529 1.66124253975251 2.93989395949195 3.07897582609110
   538 2.98436778703994 3.43504233065588 0.19639665600690
   544 0.37880872877619 0.88108035403366 1.73136055911550
   545 0.09531037314728 0.57010964724506 1.87080536446619
   553 3.10536565498374 2.89109412853129 2.25432856379447
   557 0.99028327444634 1.61033587882462 2.71338038043753
   559 0.53954679652500 1.47355909576598 2.69161741452658
   568 3.09415408328394 3.13142304992938 2.58358971722291
   569 3.31786783307688 3.12349249622087 2.98840065997060
   571 3.12285097249118 3.93202716715838 0.63013635789964
   573 1.63405452483777 0.67429909675753 0.19037513773972
   581 0.71260310963616 2.62312814135784 2.57577183603030
   582 0.76365868914369 2.25259326367012 2.88495218735596
   587 3.13236833014076 1.90687582775043 0.08407905795951
   605 0.93544119066693 3.43829499063120 0.46041947638961
   611 3.70451741217574 0.65307992105343 1.87469914467590
   625 1.15644794215974 3.13127372813447 1.02945456712023
   629 3.47520653632984 0.77352536758966 2.76549221089792
   630 3.37159948207503 0.42162819827673 3.06997513679248
   635 3.36008032266439 3.23623920157655 3.03361788901228
   636 3.36571140686608 3.57880441103315 2.77036855677916
   640 2.09927957344552 1.58124294523928 3.39749518152654
   645 1.53444288708153 0.16566753612473 1.85388618966349
   647 3.00478938821517 0.17619827529002 3.24992088985291
   648 3.03046746128063 3.62106636610505 3.55440474886303
   649 3.16334986890980 2.40757445875846 3.43854223718243
   650 3.15907378743145 2.34729532307308 3.96065043742433
   658 0.73227317542783 0.30503250252370 0.94227679466611
   660 3.83472706868636 2.71720435660700 0.73172993823887
   662 0.13956368109701 3.06046531850837 0.80959829917424
   663 0.21878817450569 1.35934160792519 2.94523080433952
   667 0.95394485478459 2.38278468010455 3.25477731236806
   668 0.05175276418605 3.32710120987689 2.93918128443892
   669 3.88492360186375 3.66681870390078 2.70669090520589
   673 3.44427824423379 1.40699241322431 3.54402330490439
   674 0.06122523530688 1.54649370320062 3.37238708777605
   678 0.77071972443539 3.15730530327746 0.46737266022818
   681 0.55334072165182 0.80709026015419 1.25094730832079
   691 2.56583096870281 2.05006808753239 1.79743560082842
   692 2.99748394080954 2.01864220366977 1.81163257248863
   695 1.11251533571997 1.51567274298138 2.31686664681216
   696 0.66485294969302 1.37736193700813 2.24905359228539
   698 1.81572822774429 2.83493303429582 2.94898314763163
   701 2.15625383112898 0.97615256547205 3.12842310922311
   711 2.87498067235442 3.64405923851017 0.54968251830211
   717 1.98539290779950 1.30330509596955 1.56441784954941
   718 2.16801450793698 1.09010921092528 1.39777679517627
   723 2.25465481797098 2.49765630778659 1.76889436400299
   724 1.68298195979470 2.50341290394324 2.17519580995983
   725 3.15968780268742 2.85258225605307 0.36984637728253
   726 3.66421148433727 2.76312756905129 0.29017769009689
   735 3.90632590537928 3.18797259256557 3.48420805873846
   736 3.66821865669413 3.11020495279328 3.10769981403809
   737 0.03210683489606 1.75800639764540 2.29807218442217
   738 0.32661995357200 1.59473573452757 1.91995838472205
   739 2.11279350583074 0.87081141053682 2.66680450137004
   740 2.27589462670390 1.08269553646681 2.53431716210879
   758 2.41084082533842 0.23691476144416 1.78650443165947
   760 3.54764922265398 2.58615985623560 3.27495651313246
   761 3.94055015228851 2.66473712404518 3.71915855213567
   762 0.43277062263978 1.99252575081360 0.00763242193969
   764 0.37082442248118 2.27291586565036 3.62612561207785
   777 3.51943030406061 0.37919424815487 3.81851647840914
   780 2.03229672349560 0.98440595982524 1.32676112999172
   783 1.94266996504913 3.99877440752802 1.90041331351117
   784 2.10797785710049 0.03496167360982 1.71218422393071
   791 2.13385059097513 3.24608538683826 2.25104247167404
   792 1.71969968641478 2.89043385279496 2.42407165099713
   795 3.86531431344901 3.05612551101394 0.12777013198515
   796 0.03137883908581 2.90378980937817 3.74137749485996
   797 2.09841257627083 1.81687057460355 2.41376604506926
   798 1.70170820037570 2.07619599209201 2.49107583408333
   799 3.74167307675472 3.77192252245639 0.09349164899535
   800 3.46985901296936 3.86403239553213 0.09524113929429
   806 1.13261538914890 3.42125771056220 0.05887711083711
   816 0.77543677634845 2.05583960456502 0.06023303255694
   817 0.71983957538943 2.38318357915286 3.60147862018986
   819 0.37926638414006 2.67841773014101 2.47077173622089
   821 1.52726119002278 2.93917059346221 1.14343045601751
   822 0.80502277856275 3.15777293490309 2.84932895552078
   826 3.33569349343386 0.84680357809837 0.73360626318665
   837 3.13387218889699 0.64636386752831 0.37596057795565
   838 2.71512811029549 1.48845390146420 0.64079440242679
   839 3.22568052403805 1.13176003829328 0.87337884202481
   842 1.32650207879878 0.05408122061113 3.56663574166119
   844 1.17424568598702 0.00367749211646 3.15191472231913
   847 0.02498925457280 2.34024187077903 0.78961212557515
   854 0.63145332496651 3.29662390668725 3.25286368205492
   862 1.98157492028384 3.40484723301440 3.45405420109115
   866 1.81237158341158 1.57845439124537 0.20137529975822
   869 3.94896366747080 0.36477927365926 3.76657112371481
   870 0.10241192000718 0.66901932875820 3.98819983885924
   871 0.04722527383689 3.72511524074484 0.55101958439484
   874 0.89908247989843 3.00141780780011 2.83592255976722
   877 0.08050839118528 0.09384273942168 3.86753198038551
   881 2.55452392100922 1.39708759036017 0.37946401854477
   882 2.98703711411719 3.92073510973411 1.74523210877157
   883 3.14139620185826 3.96625784050307 1.96337087513609
   884 2.15112377353865 1.38171526425743 0.54559991587040
   885 1.98404572355196 1.07760534740444 0.58672047928115
   890 3.41018485304208 1.27950435529654 1.63346898873599
   899 3.45614168438503 1.05713316280672 2.84625831663367
   900 3.23790692352331 1.21798383371724 3.41642435588206
   903 3.13190674376068 0.83020969019777 3.60149861829079
   904 3.41602504505858 0.65624050930382 3.97221317948296
   905 2.65980193186007 2.09838511918820 2.81785777635808
   907 1.08621185627398 1.85148019101269 0.32002409752955
   908 0.93561819089295 1.89471536121861 0.05480862997027
   909 1.96623927630109 3.53975844427167 1.91016153139436
   910 2.19773740472513 3.57188820434501 1.64247502581609
   911 2.81800294084673 1.21086081156794 3.56244300783897
   912 2.60871306845924 1.60530072457095 0.07111935920489
   913 2.43488510883723 1.36887672370052 2.91061590677207
   914 2.30148551507844 1.81036395847665 2.81746791587616
   915 3.53414105509667 1.21993705240723 1.76316852391331
   916 0.16085669315493 1.35982824725875 1.67429569591444
   917 0.19801704998420 3.53956285270342 2.16862521107263
   918 0.03886682319066 3.67318828976584 2.23883443648046
   920 1.36287935908778 0.72663827311659 1.68820300560266
   922 2.85545207709328 0.88913770783012 3.66502851423997
   923 2.75233714468439 0.82832844032333 0.16137213368902
   926 0.32849902291265 3.87527794407114 3.37146713285205
   927 0.16316936240267 0.28473682696976 3.11867711166021
   928 1.61744740029614 1.11364761778287 1.51696784655266
   933 2.48469113149713 0.47822303511115 2.33173124663203
   938 2.02645546527046 2.59823949551686 0.70303705506544
   941 0.98645041500167 3.83482414649083 3.73243271678570
   942 0.79415869040314 3.75797224351253 3.38691521441215
   946 2.50433169889174 1.12298439463366 1.91237578431960
   948 3.20494955625620 1.40016619241594 1.86971581066735
   949 3.45663296889530 3.02654159302027 1.74738238647726
   952 3.58875336641080 1.62441975685829 1.15651728593363
   954 0.10796988684861 3.22776786868546 1.88758776900520
   955 0.31497758654247 2.64864041206972 2.10063234480106
   957 1.07745332813531 0.18304095453025 2.33684611806940
   958 1.25770335424684 0.18728130617662 2.73493420648856
   959 1.48776279523159 3.48236384693664 0.06024603154513
   960 1.74020145942967 3.17975443723628 3.88547586659698
   966 2.53364723560271 0.93155278056219 2.31509895127096
   970 2.85484051538647 0.31202134699538 2.42745382105552
   971 2.81899147404116 0.14189137755811 2.64489435766106
   972 0.21101545244175 0.21695213222716 1.32285407387552
   977 1.65913603372529 0.57151192755653 3.80445269557648
   978 1.37777759145106 0.50158066814450 3.67912840072636
   980 2.28536960393961 0.41645833492132 2.52734908407635
   982 1.40925464623602 0.38421769168393 2.13782654645840
   983 1.62358092701800 0.42051277219708 2.45681178950712
   984 2.05678068631812 0.22972614383727 2.43868951931239
   989 0.03309443344640 0.19386989601664 1.12251641901028
   992 0.65930495808315 3.01933775747123 1.42951934299978
   995 3.32868713824944 3.88992510466130 1.02594159906240
   997 0.44174093673340 0.03125700104713 0.46625650154738
   998 0.46226479845099 0.23200833771024 0.60069462771781
  1000 0.49417269899008 2.41052016987600 0.94979299928718
  1001 0.57719005494457 2.84181483805463 0.97806520760395
  1002 0.46003460147070 0.17062038628251 0.22522252788254
  1003 0.47265969201060 0.32772203278854 0.28613162248881
  1007 3.01646730230106 1.92892065324369 2.88368046695703
  1010 0.46200400409735 3.72514581636653 1.66444847789082
  1011 0.28668504182296 3.35619743084405 1.57900918492488
  1012 3.42010734721222 2.37247850069527 1.40695824032788
  1015 3.94658405675834 3.36114421363652 1.17976799988374
  1016 3.86578091757900 3.81195570754103 0.96938190016257
  1018 3.29102507039039 0.76764378305291 2.46305535081315
  1019 3.25948609845730 2.11143101921193 3.23095948617213
  1020 3.26128904757924 1.54131758968793 3.54222259908776
  1021 3.11932813333916 1.32239982429382 3.41461315634195
  1022 2.94788636144668 1.44016007813020 2.95120548474901
  1023 2.41021765349908 0.21411792232911 2.72776438010631
  1026 0.86672457377159 2.90849713757261 0.79150640868312
  1028 3.95295090988188 2.25032366134773 2.31785377713971
  1030 3.24358611521815 1.21570218321655 2.61955340330957
  1032 3.43401589740783 1.56188180299663 2.30401914372861
  1036 0.06375715722412 2.39370197730032 2.04662252761578
  1037 3.50967633351959 2.59538280326927 1.86443733462098
  1038 3.15868957622413 1.06052434938866 2.42748659973710
  1039 3.32629180011204 1.34503642095772 2.02063855289347
  1040 3.88725649011632 2.08504357967193 1.17574621289326
  1043 1.20640173643624 3.76606463276473 1.90003723985454
  1047 2.91683727688001 3.15741114106940 1.16893842371077
  1048 0.94216650415435 3.69038008585933 1.54656440240198
  1049 1.02893088774217 3.19839255236175 1.39619649823925
  1050 3.38266891946564 3.07905184006733 1.40128789679843
  1051 3.10400298401807 3.26885995654630 1.36377905674299
  1057 1.84569031708570 3.68882331527994 3.11473105692458
  1059 2.17885688078091 3.97804498073356 2.67325634216012
  1060 3.34578161306112 2.75325210555829 1.16425249332746
  1061 3.06140318937564 2.79662866998643 1.01192930346360
  1071 1.47004634861216 2.65548726926947 3.71790419165013
  1073 1.38963813159836 1.80798222541259 3.35453913832967
  1091 0.86538529790846 0.77291429138175 1.17801463858204
  1096 0.89772362393166 0.42663062247328 0.95190656968361
  1097 1.12767525475267 0.75358704383535 0.42141221092909
  1098 1.92162779946026 3.27808550579521 3.18987483111485
  1100 1.49507323237926 2.66286829382417 3.32244486839327
  1101 1.02201456779463 2.62122309450968 3.29690037671514
  1105 1.86978966441435 1.55627414777493 3.49066609701131
  1106 1.80542188545880 1.02970583527741 3.31268900387565
  1109 1.91580311507620 3.73017543103231 3.39031509878785
  1113 0.91848414419094 2.98445191237962 3.96338572963510
  1115 1.01199610860418 2.73721886078008 3.88880639243156
  1120 1.60096298758987 3.94320864791657 3.67896392942897
  1121 1.80454611470666 0.38550722581762 3.85703369795612
  1122 0.70217350664303 2.90356392683968 3.66666108613074
  1123 0.83300969121652 2.69447434677139 3.62421125053673
  1124 0.90398274067327 1.11608077331594 3.30444413384467
  1125 1.26434688206633 0.75950034199998 3.23484913678036
  1127 1.47225542245232 0.97263622658871 3.09671944171591
  1128 1.17566075452043 1.34172011503959 3.12392370616468
  1131 1.64612708023600 2.08518508160945 0.42152963218055
  1133 2.51621565131982 2.45513927315488 0.04238213148636
  1134 2.09395014151512 2.59896611571101 0.21979082612506
  1135 2.25393104256530 1.73725602020856 3.91733231936751
  1136 1.89899807141523 1.56497875834551 0.31646768486711
  1137 2.14775710350543 2.12417663827909 3.84958222887505
  1138 1.85427059159996 2.30969287524276 0.04473104172241
  1140 2.56457251528385 2.85685463416110 3.01787883631587
  1141 2.72353777509615 2.99933121113936 2.60278447005896
  1142 0.82772749809803 1.34040760826621 0.92673088377978
  1143 0.91438473170530 1.41014210097645 0.48488072701655
  1145 2.11936955811334 3.05566394714511 2.97028353050923
  1146 2.28641611504671 3.30084210177760 2.55458229717610
  1147 1.14910256004635 1.10732337849218 0.59399097807739
  1148 1.01897410275231 1.13218913802962 0.96887654068637
  1164 3.27883691317253 2.06811648146867 2.42579382394935
  1166 3.08749713942344 2.26437635012442 2.19045948021074
  1167 3.57265684693541 2.36886052651644 2.43429257730266
  1168 3.32352770968116 2.54449730805506 2.18165860633814
  1169 2.22914909232172 0.25110705104515 0.78414437313439
  1170 2.54739026980440 0.16130976086493 0.56012624417815
  1172 2.38846984842688 0.46000471501156 0.25021946862597
  1173 2.11746330538200 0.53587298475633 0.42130469145568
  1174 0.21088036977725 1.51115584051941 1.38388184415629
  1176 0.42608085374600 1.23218187585233 1.07358841100790
  1177 3.76586422770001 1.66344370228334 1.10747069032268
  1205 3.09654428467158 0.35601669751638 1.10381759677406
  1206 3.26205334736002 0.58406489516150 1.10177968127638
  1212 3.25212149700310 0.19434809980026 1.22301281797819
  1213 3.46129251018587 0.35980100874588 1.25756411122228
  1229 1.08483828707389 1.92069528468948 1.85319868313030
  1238 0.95448903750265 1.78969025684379 1.16024753931592
  1239 1.28156446740561 1.81038383245217 1.45014481728669
  1332 1.72792426858729 2.25047741171275 0.75047405903251
  1333 1.97788144412396 2.11240916885753 1.11192075177115
  1335 1.61557358491273 2.20536774298172 1.28321673834518
  1336 1.58379958772452 2.44310797415207 0.97616709588566
  1337 1.47286320583319 3.33334918598815 1.92857544968980
  1339 1.32184616118750 3.04938021505538 1.61262278807469
  1345 1.36472096628384 3.05699642794837 2.38429838439777
  1346 1.21789392054186 2.68189022651129 2.07867542010117
  1352 2.12080335996078 3.59560241023942 0.84915549911451
  1354 2.18591352168348 3.34069845480988 1.19021801182235
  1355 1.86095312562878 3.37672442207495 0.68863714215601
  1356 1.85945938219327 3.06797169966096 0.98245678818623
  1377 2.32870857703607 0.06299226002897 3.52165730358387
  1378 2.24532004838646 0.33272070848484 3.69995486413885
  1385 2.43902923566643 0.52941136536995 3.43027838375126
  1386 2.51251469591169 0.28572960629299 3.28092400416974
  1395 3.72200965762928 1.71185311627842 0.43934753123703
  1396 3.94296306369337 1.44856097767420 0.29101558566049
  1400 3.68698267848616 1.52897273757804 0.76691972054016
  1401 3.90011124398840 1.28724965281184 0.61622167991677
  1437 0.46501421150943 1.92850049365901 1.50171017834676
  1439 0.49117748552262 1.94347412864444 1.62231812769491
  1440 0.39699724284579 2.05505214490919 1.47431362283926
  1441 0.42390180116864 2.09620570668586 1.63626155019442
  1450 2.51192248429939 3.20829687141333 3.88960755740673
  1451 2.67243640782971 3.45670756148176 0.00378334120369
  1455 2.51227842409238 3.31163469505225 3.65376898972930
  1456 2.64396152202733 3.53026093246071 3.72978456648879
  1458 1.01837754504355 1.96323415777680 0.94643524439186
  1459 1.23852888839917 2.30393961924016 0.70650606020599
  1460 0.86748834987630 2.29440670990350 0.68561576463247
  1461 1.00827315225388 2.45932980254637 0.63009484220135
edges 766
16      2      0
17      0      8
32     16     41
33     41     37
34     37     18
84     58     59
85     59     52
93     59     47
101     76     72
102     72     14
111     72     69
177    115     47
181     59      0
189    115      8
218    143    139
224    134    136
225    136    147
229    140    136
231    143    140
232    149    156
246    152    163
247    163    157
272    171    191
273    191    169
284    185      2
292    177    180
293    180    185
295    171     18
303    174    177
313    199    198
363    220    215
382    230    243
389    241    236
390    236    243
391    231    240
395    231    241
398    235    240
419    254    174
433    260    261
438    264    261
486     16    295
487    295    290
496    295    288
501    292    288
524    260    199
526     58    185
537    310    191
544    195    311
553    311    315
554    315    310
584    264    332
588    163    336
596    339    284
597    311    339
612    354    346
623    347    346
624    354    315
625    343    347
629    243    356
632    147    356
636    343    143
641    365    358
642    358    364
669    139    347
690    376    241
700    214    380
736     41    396
737    396    394
760     11    364
766    403    336
767    399    403
774    157    405
775    405    403
776    119    410
782    406    410
785    408    288
786    406    408
825    410    220
835    365    422
839    425    215
843    425    422
844    396    295
849    406    425
850    394    408
886    169    436
890    439    440
892    230    439
895    241    439
921    413    447
947    171    457
998     36    473
1021    156    481
1042    488    489
1045     36    488
1048     16    488
1049     14    489
1079    500    502
1081    231    500
1083    236    502
1086    198    502
1109    199    510
1112    149    510
1153    191    524
1172     69    529
1194    413    538
1214    544    545
1218     36    545
1220     37    544
1221     41    545
1242    149    553
1243    261    553
1256    557    559
1260    394    559
1261    354    557
1263    399    559
1289    568    569
1290    553    568
1292    332    568
1293    152    569
1294    134    569
1301    300    571
1307     52    573
1308    277    573
1333    581    582
1336    339    581
1337    403    582
1339    354    582
1355    230    587
1410    115    605
1431    545    611
1432    473    611
1476    115    625
1486    629    630
1487    396    629
1490    290    630
1491     98    630
1492    429    630
1507    635    636
1510    569    635
1512    429    636
1513    332    636
1525    343    640
1528    432    640
1540      2    645
1546    647    648
1547     98    647
1549    429    647
1550    413    648
1552    635    648
1553    649    650
1554    136    649
1557    356    650
1558    587    650
1559    380    650
1584      8    658
1586     11    658
1591    660    662
1595    513    662
1602    394    663
1605    399    663
1612    346    667
1614    582    667
1615    668    669
1617    519    668
1618    291    668
1619    636    669
1621    290    669
1631    673    674
1634    422    673
1635    405    674
1636    663    674
1637    425    674
1648    513    678
1649    605    678
1658    544    681
1660     11    681
1691    691    692
1692    481    691
1693    436    691
1694    231    691
1697    376    692
1705    695    696
1706    310    695
1707    557    695
1708    171    695
1710    559    696
1711     37    696
1716    139    698
1718    529    698
1729    432    701
1760    571    711
1761    538    711
1762    460    711
1779    717    718
1780    524    717
1781    436    717
1782    240    717
1784    174    718
1785    235    718
1800    723    724
1801    481    723
1802    510    723
1803    500    723
1806    195    724
1807    725    726
1808    356    725
1809    538    725
1811    380    726
1813    660    726
1839    735    736
1841    447    735
1842    291    735
1843    152    736
1844    635    736
1845    668    736
1846    737    738
1847    399    737
1850    696    738
1853    739    740
1855    701    739
1856    457    739
1859    169    740
1920    177    758
1922    760    761
1923    152    760
1924    649    760
1925    157    760
1927    380    761
1930    762    764
1932    214    762
1934    761    764
1935    215    762
1937    405    764
1980     98    777
1988    180    780
1989    718    780
1998    783    784
2001    645    783
2002    758    784
2004    185    784
2023    791    792
2024    510    791
2027    724    792
2028    698    792
2037    795    796
2038    726    795
2039    513    795
2040    447    795
2041    761    796
2043    735    796
2044    797    798
2045    169    797
2046    481    797
2048    315    798
2049    724    798
2050    347    798
2051    799    800
2054    447    799
2055    571    800
2056    777    800
2057    413    800
2077    605    806
2106    816    817
2108    762    816
2110    667    817
2111    764    817
2117    581    819
2118    519    819
2119    336    819
2126    625    821
2130    519    822
2133     72    822
2142    358    826
2173    826    837
2176    300    837
2177    838    839
2178    439    838
2180    235    838
2181    440    839
2182    826    839
2183    254    839
2192    842    844
2196     76    844
2199    292    844
2208    660    847
2210    214    847
2232    822    854
2233    291    854
2270    277    866
2278    869    870
2281    406    870
2283    777    869
2284    365    870
2286    513    871
2287    799    871
2296    581    874
2297    822    874
2298     69    874
2307    799    877
2308    869    877
2318    838    881
2322    882    883
2324    758    882
2325    260    882
2326    473    883
2328    264    883
2329    884    885
2331    881    884
2332    235    884
2333    277    885
2335    780    885
2352    254    890
2377    899    900
2378    663    899
2380    629    899
2381    673    900
2391    903    904
2392     98    903
2394    900    903
2395    777    904
2396    837    904
2397    365    904
2399    140    905
2401    156    905
2405    907    908
2407    866    907
2409    220    908
2411    816    908
2412    909    910
2413    791    909
2414    783    909
2416    199    910
2417    784    910
2419    911    912
2420    432    911
2424    881    912
2425    230    912
2426    913    914
2427    432    913
2429    740    913
2430    343    914
2431    905    914
2432    797    914
2433    915    916
2434    611    915
2435    890    915
2437    544    916
2439    738    916
2440    917    918
2442    519    917
2443    489    917
2444    264    918
2445    669    918
2446    488    918
2451     18    920
2454      2    920
2456    922    923
2458    911    922
2459    903    922
2461    881    923
2462    837    923
2470    926    927
2472    877    926
2473    291    926
2474    288    927
2475    869    927
2476    290    927
2478    780    928
2479    920    928
2480    524    928
2495    758    933
2513    502    938
2521    941    942
2523    842    941
2524    806    941
2525    926    942
2526    844    942
2527    854    942
2538    946    948
2540    174    946
2542    890    948
2543    436    946
2545    692    948
2549    261    949
2556    890    952
2557    440    952
2558    376    952
2562    954    955
2564    949    954
2565    917    954
2566    284    955
2568    819    955
2571    957    958
2573     14    957
2574     76    958
2576     16    957
2577    292    958
2578    959    960
2579    806    959
2580     47    959
2583     61    960
2584    862    960
2602    740    966
2603    946    966
2604    933    966
2615    970    971
2617    933    970
2618    883    970
2619    429    971
2621    332    971
2625     36    972
2628     11    972
2638    977    978
2641    573    977
2642    842    978
2644    119    978
2649    739    980
2652    933    980
2654    982    983
2655     18    982
2656    957    982
2657    645    982
2658    457    983
2659    958    983
2662    783    984
2663    980    984
2664    983    984
2679    364    989
2680    972    989
2690    284    992
2696    571    995
2702    997    998
2704    605    997
2705    658    998
2707    871    997
2708    364    998
2711   1000   1001
2714    992   1001
2716    847   1000
2717    662   1001
2718   1002   1003
2719    877   1002
2720    997   1002
2721    941   1002
2722    870   1003
2723    998   1003
2724    119   1003
2740    905   1007
2743   1010   1011
2744    489   1010
2746    972   1010
2747    954   1011
2748    992   1011
2756    376   1012
2759   1015   1016
2760   1011   1015
2762    662   1015
2763    989   1016
2764    995   1016
2765    871   1016
2770    629   1018
2771    970   1018
2772    611   1018
2773   1019   1020
2774    649   1019
2775   1007   1019
2776    157   1019
2777    587   1020
2779    673   1020
2780   1021   1022
2781    911   1021
2782   1020   1021
2783    900   1021
2784    913   1022
2785   1007   1022
2788    980   1023
2790    971   1023
2798    678   1026
2799   1001   1026
2800    625   1026
2805    737   1028
2808    336   1028
2811   1030   1032
2813    899   1030
2815    737   1032
2816   1022   1030
2828   1036   1037
2829    955   1036
2830   1028   1036
2832    949   1037
2834   1012   1037
2835   1038   1039
2836    966   1038
2837   1030   1038
2838   1018   1038
2839    948   1039
2840   1032   1039
2841    915   1039
2843    847   1040
2845   1012   1040
2853    645   1043
2856     14   1043
2863    198   1047
2866    711   1047
2867   1048   1049
2868   1010   1048
2869   1043   1048
2870      8   1048
2871    992   1049
2873    625   1049
2874   1050   1051
2875   1015   1050
2877    949   1050
2878    995   1051
2879   1047   1051
2880    260   1051
2898   1057   1059
2900     76   1057
2902    984   1059
2905   1023   1059
2906   1060   1061
2907    660   1060
2908   1050   1060
2909   1012   1060
2910    725   1061
2911   1047   1061
2912    236   1061
2942    960   1071
2950    346   1073
2953    908   1073
3006    681   1091
3007    920   1091
3020   1096   1097
3021      0   1096
3022   1091   1096
3023    658   1096
3024    573   1097
3026    119   1097
3028    862   1098
3029   1057   1098
3030    529   1098
3034   1100   1101
3035    139   1100
3036   1071   1100
3037    529   1100
3038    667   1101
3040    874   1101
3050   1105   1106
3051    866   1105
3052   1073   1105
3053    640   1105
3054    977   1106
3056    701   1106
3067    862   1109
3070   1057   1109
3077    678   1113
3080    806   1113
3083   1071   1115
3084   1113   1115
3098   1120   1121
3099    842   1120
3100   1109   1120
3101    959   1120
3102    977   1121
3104     52   1121
3105   1122   1123
3106    854   1122
3107    796   1122
3108   1113   1122
3109   1101   1123
3110    817   1123
3111   1115   1123
3112   1124   1125
3115    410   1124
3116    978   1125
3118    408   1124
3119    292   1125
3121   1127   1128
3122    457   1127
3123   1125   1127
3124   1106   1127
3125    557   1128
3126   1124   1128
3127   1073   1128
3139   1133   1134
3141    147   1133
3142     61   1134
3144    243   1133
3145    938   1134
3146   1135   1136
3147    912   1135
3149    640   1135
3150    884   1136
3151   1131   1136
3152    866   1136
3153   1137   1138
3154   1135   1137
3155   1133   1137
3156    143   1137
3157   1131   1138
3158   1134   1138
3159   1071   1138
3162   1140   1141
3164    140   1140
3165    149   1141
3167    134   1140
3168    568   1141
3169   1142   1143
3173    907   1143
3176    220   1143
3178   1145   1146
3179   1098   1145
3180   1140   1145
3181    698   1145
3182   1059   1146
3183   1141   1146
3184    791   1146
3185   1147   1148
3186   1097   1147
3187   1143   1147
3188    277   1147
3189   1091   1148
3190   1142   1148
3191    928   1148
3241   1164   1166
3243   1007   1164
3245    156   1166
3246   1032   1164
3248    692   1166
3249   1167   1168
3250   1028   1167
3251   1164   1167
3252    163   1167
3253   1037   1168
3254   1166   1168
3255    553   1168
3256   1169   1170
3259     58   1169
3260    460   1170
3262    180   1169
3263    300   1170
3265   1172   1173
3266    923   1172
3267   1170   1172
3269    885   1173
3270   1169   1173
3271     52   1173
3273   1174   1176
3275    916   1174
3277    681   1176
3280   1142   1176
3282   1040   1177
3283   1174   1177
3284    952   1177
3370   1205   1206
3372    177   1205
3373    254   1206
3375    300   1205
3376    826   1206
3393   1212   1213
3394    882   1212
3395    995   1212
3396   1205   1212
3397    473   1213
3398    989   1213
3399   1206   1213
3446    311   1229
3449    310   1229
3475   1238   1239
3476   1142   1238
3479    524   1239
3480   1229   1239
3777   1332   1333
3780    938   1332
3781    500   1333
3783   1131   1332
3784    240   1333
3786   1335   1336
3787   1239   1335
3788   1333   1335
3789    195   1335
3791   1332   1336
3792    821   1336
3794   1337   1339
3796    909   1337
3798    821   1339
3799   1043   1337
3801   1049   1339
3818   1345   1346
3819   1337   1345
3820     69   1345
3821    792   1345
3822   1339   1346
3823    339   1346
3824    195   1346
3842   1352   1354
3844    460   1352
3846    198   1354
3847     58   1352
3849    910   1354
3850   1355   1356
3851     47   1355
3852   1352   1355
3853     61   1355
3854    821   1356
3855   1354   1356
3856    938   1356
3921   1377   1378
3925   1172   1378
3927   1109   1377
3928   1121   1378
3946   1385   1386
3947    922   1385
3948   1378   1385
3949    701   1385
3950    647   1386
3951   1377   1386
3952   1023   1386
3978   1395   1396
3980    587   1395
3981    214   1395
3983    422   1396
3984    215   1396
3994   1400   1401
3995   1395   1400
3996    440   1400
3997   1177   1400
3998   1396   1401
3999    358   1401
4000   1176   1401
4114   1437   1439
4116   1238   1437
4118   1229   1439
4119   1174   1437
4121    738   1439
4122   1440   1441
4123   1040   1440
4124   1437   1440
4125   1000   1440
4126   1036   1441
4127   1439   1441
4128    284   1441
4154   1450   1451
4155    147   1450
4157     61   1450
4158    538   1451
4160    460   1451
4170   1455   1456
4171    862   1455
4172    134   1455
4173   1450   1455
4174   1377   1456
4175    648   1456
4176   1451   1456
4179   1458   1459
4181    907   1458
4182   1131   1459
4184   1238   1458
4185   1336   1459
4186   1460   1461
4187   1000   1460
4188   1458   1460
4189    816   1460
4190   1026   1461
4191   1459   1461
4192   1115   1461
polygons 447
0   1540   2451   2454   2655   2657
3     16     17   1540   2853   2869   2870
4     16   2454   3007   3021   3022
5   2573   2656   2657   2853   2856
7     32     33     34   2576   2655   2656
10   1584   1586   2628   2746   2868   2870
11     17   1584   3021   3023
13   1586   1660   3006   3022   3023
15   1214   1218   1658   1660   2625   2628
16   1049   2744   2856   2868   2869
17   1042   1048   1049   2573   2576
18     32   1045   1048   1218   1221
19     34   1220   1658   2451   3006   3007
21   1042   1045   2625   2744   2746
22     33   1214   1220   1221
23   3844   3852   3853   4154   4157   4160
27   3260   3267   3921   3925   4160   4174   4176
28     84     85   3259   3270   3271
29   3256   3259   3260   3844   3847
30   3104   3265   3271   3925   3928
31   2578   2584   3067   3100   3101
32     85     93   2580   3098   3101   3104
33     93     84   3847   3851   3852
34   2578   2580   2583   3851   3853
36   2583   2584   4157   4171   4173
37   2574   2659   2664   2898   2900   2902
38    101    102   2571   2573   2574
39   2001   2414   2853   3796   3799
40   2023   2413   3796   3819   3821
42    102    111   2856   3799   3819   3820
43   2413   2414   2662   2902   3182   3184
44   1172   1718   2028   3820   3821
45    111    101   1172   2900   3029   3030
47   1486   1492   2615   2619   2770   2771
48   2380   2770   2813   2837   2838
49   1491   1492   1547   1549
51   2394   2458   2459   2781   2783
54   1547   2392   2459   3946   3947   3950
56   1729   2420   2458   3947   3949
57   1549   2619   2790   3950   3952
58   1853   2602   2604   2649   2652
60   2420   2427   2780   2781   2784
61   1729   1853   1855   2427   2429
62   2429   2602   2784   2816   2836   2837
63   1486   1491   2377   2380   2392   2394
67    177   1410   2077   2579   2580
68   1307   2641   3102   3104
69     85    181   1307   3020   3021   3024
70   2638   2641   2644   3024   3026
71    177    189     17    181     93
73    189   1410   1584   2702   2704   2705
75   2638   2642   3098   3099   3102
76   2523   2524   2579   3099   3101
77   2523   2642   2644   2718   2721   2724
78   2705   2723   2724   3020   3023   3026
81   2077   2524   2704   2720   2721
82   2583   2942   3142   3158   3159
83   1716   1718   3035   3037
84    218   3035   3036   3153   3156   3159
85   3139   3141   3142   4155   4157
86   2584   2942   3028   3030   3036   3037
87    224    225   4155   4172   4173
88    229    224   3164   3167
89   3028   3167   3179   3180   4171   4172
90    218    231   1716   3164   3180   3181
91    229    231    225   3141   3155   3156
92    232   1242   3245   3254   3255
93    232   2399   2401   3162   3164   3165
94   1242   1290   3165   3168
95    246    247   1923   1925
96    224   1293   1294   1554   1923   1924
97   1924   1925   2774   2776
100   1289   1294   3162   3167   3168
101    246   1289   1290   1293   3249   3252   3255
102   2401   2740   3241   3243   3245
103    247   2775   2776   3243   3251   3252
104    229   1554   2399   2740   2774   2775
107   1856   2649   2658   2663   2664
108    272    273    947   1853   1856   1859
109    273    886   1153   1780   1781
110    886   1859   2543   2602   2603
111    284   1540   1998   2001   2004
112    292    293   1920   2002   2004
114    295    272   1153   2451   2479   2480
115    295    947   2654   2655   2658
119    303   1920   2495   2540   2603   2604
121   1779   1780   1989   2478   2480
122    292    303   1784   1988   1989
123   1779   1781   1784   2540   2543
124    284    293   1988   2454   2478   2479
125   1998   2002   2495   2652   2662   2663
126    313   1079   1086   1109   1802   1803
127   1800   1803   1806   3781   3788   3789
128   1086   2513   3846   3855   3856
129   1109   2024   2412   2413   2416
130   1806   2027   3818   3821   3824
131   2412   3794   3796   3798   3849   3854   3855
133   3786   3789   3792   3798   3822   3824
134    313   2416   3846   3849
135   1932   2108   2210   2716   4187   4189
136   2210   2843   3282   3981   3995   3997
139   3273   3280   3476   4116   4119
141   2405   2411   4181   4188   4189
143   3169   3173   3476   4181   4184
145    363   3169   3176   3280   3984   3998   4000
146   2405   2409   3173   3176
148   1932   1935   3978   3981   3984
149    363   1935   2108   2409   2411
150   4116   4124   4125   4184   4187   4188
151   2578   2579   2942   3080   3083   3084
152   1172   2298   3034   3037   3040
154   3028   3029   3067   3070
155   2192   2196   2900   3070   3099   3100
156    101   2133   2196   2232   2526   2527
159    111   2133   2297   2298
160    892   2178   2318   2424   2425
161    382   2425   3144   3147   3154   3155
162    389    390    382    892    895
163    391   1081   3781   3784
164    395    398    391    895   2178   2180
165    389    395   1079   1081   1083
166    390   1083   2513   3139   3144   3145
167   2331   2424   3146   3147   3150
169    398   2332   3150   3151   3777   3783   3784
171   2180   2318   2331   2332
173   1432   2352   2434   2435   3373   3397   3399
174   1920   2324   3372   3394   3396
176    419    303   3370   3372   3373
178    419   2352   2538   2540   2542
179   2435   2542   2839   2841
180   1432   2326   2618   2771   2772
181   2434   2772   2835   2838   2841
182   2325   2878   2880   3394   3395
183    433   2549   2874   2877   2880
184    438    433   2322   2325   2328
185    438   2440   2444   2549   2564   2565
186   2443   2565   2743   2744   2747
187   2564   2747   2760   2875   2877
188    998   2625   2680   3397   3398
191    998   1045   2326   2328   2444   2446
192   1528   1729   3050   3053   3056
193   2270   2329   2333   3150   3152
194   2456   3266   3925   3947   3948
195   1307   1308   2333   3269   3271
199   1308   2270   2641   3050   3051   3054
200   3054   3056   3102   3928   3948   3949
201   2714   2717   2748   2760   2762
202   2690   2711   2714   4122   4125   4128
203   2832   2834   2877   2908   2909
204   2208   2843   2845   2907   2909
205   2566   2829   4126   4128
207   2562   2566   2690   2747   2748
210   2196   2199   2574   2577
211    486    487   1048   1621   2445   2446
212    102   1049   2130   2133   2442   2443
213   1617   1618   2130   2232   2233
214   1615   1618   1621   2470   2473   2476
215    487    496   2474   2476
216   2233   2473   2525   2527
217    501    496    486   2571   2576   2577
219    501   2199   2470   2474   2525   2526
223   1301   2696   3375   3395   3396
224   1760   2696   2866   2878   2879
226   1301   1760   1762   3260   3263
227    292   3256   3262   3263   3372   3375
228   1762   2863   2866   3842   3844   3846
230    524   2002   2324   2325   2416   2417
231    313    524   2863   2879   2880
234    526   2004   2417   3842   3847   3849
235    293    526   3259   3262
240    537   1153   3449   3479   3480
241   1780   1782   3479   3784   3787   3788
243    544   3446   3480   3787   3789
244   1081   1692   1694   1801   1803
246    391   1693   1694   1781   1782
248    553    554   3446   3449
249    554    273    537   2044   2045   2048
250    544    553   1806   2048   2049
251    886   1692   1693   2045   2046
253   2039   2040   2054   2286   2287
254   1841   1842   2054   2307   2472   2473
255   1842   2043   2233   3106   3107
257   2472   2521   2525   2719   2721
258   1648   1649   2286   2704   2707
261   1293   1510   1843   1844
262   1289   1292   1507   1510   1513
263    438    584   1243   1290   1292
264    584   1513   1619   2444   2445
265    588   2808   3250   3252
266   1243   2549   2832   3253   3255
267   2119   2568   2808   2829   2830
268    588    246   1617   1843   1845   2118   2119
269   1507   1615   1619   1844   1845
270   2126   2873   3798   3801
271   2714   2799   2800   2871   2873
272    596   2690   2871   3801   3822   3823
273    544    597   3823   3824
274    596    597   3446   4118   4127   4128
275   1525   1528   2426   2427   2430
276    537    272   1706   1708
277   1859   2045   2426   2429   2432
279    612   1261   2950   3125   3127
280    947   1707   1708   3121   3122   3125
281   1855   1856   3056   3122   3124
284    623    612    624   2048   2050
285    625   2044   2050   2430   2432
286    623    625   1525   2950   3052   3053
287    624    554   1261   1706   1707
289   1355   2419   2425   2777   2781   2782
290    382    629   1355   1557   1558
291    632    629   3141   3144
294    636   1525   3149   3154   3156
295    231    636   2399   2430   2431
296    632    225   1553   1554   1557
297    641   2142   2173   2396   2397
298    642   2142   2679   3376   3398   3399
299    641    642   2284   2708   2722   2723
300   2679   2702   2707   2708   2763   2765
301   1301   2055   2056   2176   2395   2396
302   2051   2055   2287   2696   2764   2765
303   2173   2176   3370   3375   3376
304   2278   2283   2284   2395   2397
305   2270   2407   3173   3187   3188
306   2333   2335   2478   3185   3188   3191
307   3783   3791   4182   4185
309   1785   1989   2329   2332   2335
310   2480   3190   3191   3475   3476   3479
311   2407   3151   3152   4179   4181   4182
313    398   1779   1782   1785
314   1021   2046   2401   2431   2432
315    669   1716   2027   2028   2049   2050
316   1112   2024   3165   3183   3184
319    232   1021   1112   1801   1802
320    669    218    636    625
322   3142   3145   3850   3853   3856
323   1083   1086   2863   2911   2912
326   1761   1762   4158   4160
327   1761   1809   2866   2910   2911
328    629    390   1808   2910   2912
329    632   1808   1809   4154   4155   4158
331   1292   2621   2790   2905   3168   3182   3183
332   1512   1513   2619   2621
333   1294   1510   1552   4170   4172   4175
334    690    389   2756   2906   2909   2912
335   1557   1559   1807   1808   1811
336   1807   1813   2906   2907   2910
338    890    892   1355   3980   3995   3996
339    700   1558   1559   3980   3981
341   2558   2756   2845   3282   3284
342    690    890    895   2557   2558
343    700   1811   1813   2208   2210
345   2557   3284   3996   3997
348   1846   2433   2439   2815   2840   2841
349   2545   2839   2840   3241   3246   3248
350   2805   2815   3246   3250   3251
351   1697   2756   2834   3248   3253   3254
352   2439   3275   4114   4119   4121
353   1697   2542   2545   2556   2558
354   1846   2805   2830   4121   4126   4127
355    433    524   1109   1112   1242   1243
358    584   2328   2615   2618   2621
360   1263   1710   1846   1847   1850
361   1220   1711   1850   2437   2439
362   1260   1263   1602   1605
363     33    736    737   1260   1710   1711
364    736   1221   1431   1487   2770   2772
365    737   1487   1602   2378   2380
369   1605   1847   2378   2811   2813   2815
372   1410   1476   1649   2798   2800
373   3083   3157   3159   4182   4191   4192
376    177   1476   2126   3850   3851   3854
378    189   1476   2867   2870   2873
380   1595   2286   2759   2762   2765
382    760   1586   2705   2708
384   1595   1648   2717   2798   2799
386    760   2628   2679   2680
387    597    553    624   1333   1336   1339
388    596   1336   2117   2566   2568
389    766   1333   1337   2117   2119
390    767   1256   1261   1263   1337   1339
391    766    767   1847   2805   2808
393   1705   1706   1850   3449   4118   4121
395   2785   2811   2816   3243   3246
397   2381   2779   2782   2783
398    774   1631   1635   2773   2776   2779
399    775    767   1605   1635   1636
400    774    247    588    766    775
401    776   2644   3112   3115   3116
402    782    776   2281   2722   2724
403   2192   2199   2642   3116   3119
404    785    501   3112   3118   3119
405    782    786   3115   3118
406    786    785   2278   2281   2474   2475
407   2308   2470   2472   2475
408   1194   1760   1761   2055   2057
409   1194   1550   4158   4175   4176
411   1546   1547   1550   1980   2056   2057
412   2176   2462   3263   3266   3267
414   1980   2391   2392   2395
417   1612   2106   2110   2411   2950   2953
418    623    669   1612   3034   3035   3038
420   1591   1595   1813   2038   2039
422    921   2051   2054   2057
423    921   1194   1807   1809   2038   2040
424   1934   2041   2111   3105   3107   3110
425    774   1922   1925   1934   1937
426   1839   1843   1922   1923   2041   2043
427   1333   1614   2296   3038   3040
428   2117   2118   2130   2296   2297
429   1618   1839   1842   1845
430    775   1337   1614   1937   2110   2111
432   2638   3054   3116   3123   3124
434   2577   2658   2659   3119   3122   3123
436   1553   1559   1922   1924   1927
437   1811   1927   2037   2038   2041
439    921   1550   1552   1839   1841   1844
440   1490   1492   1512   1619   1621
441   1490   1491   1980   2283   2475   2476
444   1336   2296   2298   3818   3820   3823
445   1988   2335   3262   3269   3270
446   1308   3024   3186   3188
447    284    526     84    181     16
449    776    825   3026   3176   3186   3187
450    825   2409   2953   3115   3126   3127
454   2173   2177   2182   2318   2461   2462
456   1634   2777   2779   3978   3980   3983
458    835   1634   2381   2391   2394   2397
460   2142   2181   2182   3994   3996   3999
461    641    835   3983   3998   3999
462    839   1635   1637   1930   1935   1937
463    700   1927   1930   1932   1934
466    839    843   3983   3984
467    843   1631   1634   1637
468    844    487   1486   1487   1490
469     32    486    844    736
470    998   1218   1431   1432
473   2181   2183   2352   2556   2557
474    419   1784   1785   2177   2180   2183
475    395    690   1691   1694   1697
477   1021   1691   1692   3245   3248
478   2182   2183   3373   3376
479    786    849    850   1602   1636   1637
480    850    737    844    496    785
481    835    843    849   2281   2284
482    760    642   1660   3277   3999   4000
483   3006   3189   3190   3277   3280
484    363    839    849    782    825
485    850   1256   1260   3118   3125   3126
486     34    295   1705   1708   1711
488   1658   2437   3273   3275   3277
489    612   1339   1612   1614
491   1507   1512   1546   1549   1552
492   1528   2419   2420   3147   3149
493   1691   1693   2538   2543   2545
494    890   2177   2178   2181
495   2118   2442   2562   2565   2568
496   1591   2762   2875   2907   2908
497   1841   2037   2040   2043
501   1546   3950   3951   4174   4175
503   2322   2326   3393   3394   3397
506   1800   1801   2044   2046   2049
508   1042   2440   2443   2446
510   2798   3077   3084   4190   4192
511   2110   3038   3109   3110
512   1079   2513   3777   3780   3781
515   1800   1802   2023   2024   2027
516   1648   2037   2039   3077   3107   3108
518   1615   1617   2440   2442   2445
521   1718   3030   3179   3181
523   2001   2654   2657   2662   2664
524   1214   1431   2433   2434   2437
525   2287   2307   2707   2719   2720
527   1256   1705   1707   1710
531   1553   1558   2773   2774   2777
533   1855   2649   2788   3946   3949   3952
536   1649   2077   3077   3080
539   2126   2800   3792   4185   4190   4191
541   3051   3053   3146   3149   3152
542   2023   2028   3178   3181   3184
544   1591   2208   2711   2716   2717
545   1631   1636   2377   2378   2381
547   2051   2056   2283   2307   2308
548   2716   2843   4123   4125
552   2106   3110   3111   4186   4189   4192
553   3780   3791   3792   3854   3856
554   2329   2331   2461   3265   3266   3269
555   2322   2324   2495   2617   2618
556   1930   2106   2108   2111
558   1998   2412   2414   2417
559   3067   3927   4170   4171   4174
562   2521   2524   2527   3080   3106   3108
564   2232   2297   3040   3105   3106   3109
565   2405   2407   2953   3051   3052
566   3145   3157   3158   3780   3783
567   2391   2396   2456   2459   2462
568   2192   2521   2523   2526
571   2426   2431   2740   2784   2785
572   2278   2308   2718   2719   2722
573   2419   2424   2456   2458   2461
574   2377   2780   2783   2813   2816
575   2433   2435   2556   3275   3283   3284
576   2604   2617   2771   2836   2838
577   2479   3007   3189   3191
578   2615   2617   2652   2788   2790
580   2538   2603   2835   2836   2839
581   2562   2564   2828   2829   2832
582   2571   2654   2656   2659
583   2763   2764   3393   3395   3398
584   2680   2743   2746   2759   2760   2763
585   2663   2788   2902   2905
586   2743   2748   2867   2868   2871
587   2759   2764   2874   2875   2878
588   2702   2718   2720   2723
589   2711   2799   4186   4187   4190
590   2898   2905   3070   3927   3951   3952
591   2773   2775   2780   2782   2785
592   2828   2834   2845   4122   4123   4126
593   2828   2830   3249   3250   3253
594   2811   2835   2837   2840
595   3282   3283   4119   4123   4124
596   2867   2869   3794   3799   3801
597   2874   2879   2906   2908   2911
599   2898   3029   3178   3179   3182
600   3020   3022   3185   3186   3189
602   3034   3036   3083   3109   3111
603   3050   3052   3121   3124   3127
609   3098   3100   3921   3927   3928
610   3084   3105   3108   3111
612   3112   3121   3123   3126
613   3146   3151   3153   3154   3157
614   3139   3153   3155   3158
615   3162   3178   3180   3183
616   3169   3185   3187   3190
620   3241   3249   3251   3254
621   3256   3265   3267   3270
622   3273   3283   3994   3997   4000
628   3370   3393   3396   3399
630   3475   3786   3787   4179   4184   4185
631   3475   3480   4114   4116   4118
652   3777   3786   3788   3791
653   3794   3818   3819   3822
656   3842   3850   3852   3855
661   3921   3946   3948   3951
663   3978   3994   3995   3998
671   4114   4122   4124   4127
673   4154   4170   4173   4176
674   4179   4186   4188   4191
cells 64
0      0      3      4      5      7     10     11     13     15     16     17     18     19     21     22
1     23     27     28     29     30     31     32     33     34     36    559    609    621    673
2     37      5     38     39     40     42     43     44     45    521    523    542    582    599
3     47     48     49     51     54     56     57     58     60     61     62     63    533    574    576    578
4     32     67     68     69     70     11     71     73     75     76     77     78     81    588
5     82     83     84     85     86     36     87     88     89     90     91    521    614
6     92     93     94     95     96     97     88    100    101    102    103    104    620
7    107    108     58    109    110    111    112    114    115    119    121    122    123    124      0    125    523
8    126    127    128    129    130    131     40    133    134    512    515    553    652    653
9    135    136    139    141    143    145    146    148    149    150    548    595    622    663
10    151    152     86     45    154     76    155    156     31    159    562    564    568    602    610
11    160    161    162    163    164    165    166    167    169    171    512    566    613    614
12    173    174    176    178    179    119    180    181    503    555    576    580    628
13    182    183    184    185     21    186    187    188    191    503    508    583    584    587
14    167    192    193    194     56    195     30    199    200     68    492    541    554    573
15    201    202    203    204    205    187    207    496    544    548    581    592
16     17    210     38    211    212    213    214    215    156    216    217    219    508    518
17    182    223    174    224    226    227     29    228    230    231    112    134    234    235
18    240    241    163    243    127    244    246    109    248    249    250    251    506
19    253    254    255    216    257    258     81    497    516    525    536    562
20    261    262    263    264    185    265    266    267    268    269    101    495    518    581    593
21    270    271    243    272    202    133    273    150    274    539    589    630    631    671    674
22    275     61    276    249    108    277    279    280    281    284    285    286    192    287    603
23    289    104    290    291    275    294     91    295    296    161     60    492    531    571    591
24    297    298    299    223    300    301    302    303    304    525    547    572    583    588    628
25    121    241    305    169    193    306    307    143    309    310    311    313    616    630    652
26    314    285    315    316     93    319    320    295     90    506    515    542    615
27     85    322     23    228    128    323    326    327    328    329    166    291    656
28    331    154     57    332    333    100     89    262    491    501    559    590    599    615
29    162    334    328    290    335    336    338    339    341    342    343    204    136    345
30    348    349    350    351    179    352    353    341    354    575    592    593    595    620    671
31    129    355    125    331    230    184     43    316     94    358    263    555    558    578    585
32    360    361    362    363    364    365    348     48     22    369    181    524    594
33    322     82    372    307    373    376     34     67    151    510    536    539    553    566
34    372     73    378    380    271     10    258    382    384    201    386    300    584    586
35    387    388    389    390    391    360    267    393    274    205    354    287    248    527
36    395    103    391    369    265    350    397    398    399    400    545    574    591
37     77    401    402    403    404    405    406    257    219    407    568    572
38    408    326    409    411    412    226    414    194     27     54    301    501    567    661
39    311    417    286    373    418    141    294     84    320    511    541    552    565    602    613    674
40    224    336    380    253    302    408    420    422    423    327    496    587    597
41    424    425    426     95    427    428    213    255    429    430    389    400    268    511    564
42    155     37    432    210     75    403    107    200    281    434    533    585    590    609    661
43    436    437    335    439    261    426    423    333    409    296     87     96    329    497    673
44    429    439    269    440    422    254    411    441    214     49    407    491    547
45    428    212    388    272    444    159     42    207     16    186    495    586    596    653
46    445    195     28     69    446      4    235    124    447    306    577    600
47    401    432    199    305    446     70    449    450    146    565    603    612
48    454     51    297    289    160    456    397    458    338    460    461    494    567    573    663
49    456    398    462    148    463    339    425     97    436    466    467    531
50    468    440    211    191    358    364     47     18    469    264    470    332    180
51    353    178    473    474    246    475    123    164    342    313    493    494
52    351    334    266    355    475    231    323    126     92    244    203    183    319    477    165    597
53    445    227    122    474    309    412    171    454    478    303    176    554    621
54    270      3    378    447     71    376     33    111     39    131    234    558    596    656
55    424    384    135    437    420    343    463    510    516    544    552    556    589    610
56    441    406    479    480    468    215    365    414    304    458     63    481    467    545
57    482    483    466    299    382    449     13    402     78    461    145    484    481    600    616
58      7    280    434    363    480    485    404    469    217    486    115    527    582    612
59    477    314    102    277     62    251    349    395    110    493    571    580    594
60    139    483    393    488    352    361    276    240    114    486     19    310    577    631
61     15    482    478    473    460    488    345    470    173    298    188    386    524    575    622
62    387    489    427    130     44    418    315     83    444    273    284    152    250
63    149    484    450    390    489    279    362    485    417    479    405    462    430    399    556
