vertices 383
     0 0.91867665551499 0.03294432044927 1.03261964259222
     2 1.30579935595935 0.20715190158615 1.56584706052277
     8 0.80707483586717 3.92268401036523 1.03470106479572
    11 0.16923795813324 0.32120919831985 1.02498714387443
    14 0.76784228023651 3.73550733175877 2.12584210061040
    16 0.21113993493085 0.31477011053932 2.28559245342752
    18 1.05734714126038 0.66351090139869 1.89362438565804
    36 3.81644160087941 0.26177466477464 1.67088437435227
    37 0.40334852326421 0.78573989567501 1.99213963288648
    41 0.15462125270609 0.45415993482325 2.23535688495760
    47 1.35090660949230 3.47676182899159 0.53727941746491
    52 1.57314264956250 0.37256707742230 0.17067933367959
    58 1.76759242170851 3.89059124397622 0.84537768895728
    59 1.44352935448461 3.88347115729746 0.66820609706215
    61 1.79403266023447 2.99203553094763 0.05354583016966
    69 0.95178120860322 3.06274233848486 2.65612096355917
    72 0.84945271016866 3.26872499625188 2.65208682215356
    76 1.07508524307699 3.79736989875488 2.89177674358390
    98 3.00578075876431 0.35349710333921 3.31178613884014
   115 0.95969679384399 3.39855941685436 0.70186826336166
   119 0.70127626775305 0.60599268099659 0.06041684303315
   134 2.53040330769660 2.84457502075666 3.19000127860084
   136 2.56934911419616 2.50220413868829 3.34975575737644
   139 1.56468324805499 2.31160525539761 3.04923635494517
   140 2.31993219337266 2.34713247794492 3.06627129286620
   143 1.92271617965997 2.10145639507364 3.17726774861485
   147 2.44779916759740 2.51411027185761 3.86115417422005
   149 2.56836013523922 2.71684572425307 2.22250950255287
   152 3.33121049147443 2.83169093514837 2.98170010265825
   156 2.55753276948389 2.26284187638250 2.19638064497009
   157 3.39361458660521 2.29713198240848 3.06088685599760
   163 3.48056892937820 2.43444569078945 2.72557560062202
   169 1.82852870579736 1.30097697844813 2.16767949873232
   171 1.23566516733740 1.08045720855733 2.15303441422228
   174 2.21782966501563 0.84127606054222 1.47475754409601
   177 2.17842781266176 0.40639193826583 1.41304373280710
   180 1.97869270835596 0.37890813623897 1.28917053355760
   185 1.76786256627853 0.11828787232549 1.40011424607356
   191 1.33948960651724 1.22526330708223 2.05506687613223
   195 1.15002361691410 2.39919683349704 1.97562809212595
   198 2.36621950545915 3.03367965074032 1.24001228182796
   199 2.38370139283864 3.16877995198680 1.57882330042743
   214 3.72385910739806 2.07821138064168 0.35018650427937
   215 0.12476621042105 1.48234866892760 3.95599972752827
   220 0.43328775107154 1.41596968217015 3.99884367222371
   230 2.65788908541355 1.81555651552406 0.15374142073830
   231 2.18968568235091 2.10441449692620 1.19376797438342
   235 2.05999300930458 1.39841821349964 0.80325116144476
   236 2.46198123731063 2.34916338600171 0.91080749482955
   240 1.91972079291203 1.79654123970333 1.09153226789699
   241 2.49165977620577 2.15141196139303 1.00434612299652
   243 2.51191938514423 2.29718229711399 0.13166539093639
   254 2.91661114591211 0.88436468127815 1.16068738786862
   260 2.73227863123812 3.25209540616391 1.60126287523656
   261 2.96459198882426 3.10462432903261 1.85698425549406
   264 3.08076454216869 3.47680166452643 2.09022789706161
   277 1.48598764089776 1.03415647505629 0.34421594288467
   284 0.37333638600062 2.47462284538231 1.80459098449336
   288 0.14938734070417 0.41653610791342 2.86520038484594
   290 3.81609448327910 0.19010925917194 2.90124021626677
   291 3.98352555534054 3.30724501299156 3.16520768376526
   292 0.88902500691030 0.19987437586799 2.88940565686564
   295 0.04068409146621 0.41314762092526 2.69978820856451
   300 2.74863840817990 0.13025274345117 0.60381707896379
   310 0.99103294653139 1.56664622861111 2.15418296646895
   311 0.95605467081472 2.20317142603938 2.04216812265925
   315 1.05812594936808 1.87271515049546 2.33870884059007
   332 2.93993367450564 3.44003633985085 2.46408374340251
   336 3.87095445444971 2.31258674210962 2.53521123170299
   339 0.77193379523676 2.44681029419104 2.06964667034747
   343 1.90357582645455 1.84381147511745 2.96615256922886
   346 1.10854103155080 1.93509288176136 3.07037166622483
   347 1.51254932689692 2.06032177410584 2.94540298482662
   354 0.85638652657345 1.83650363164642 2.69762542842914
   356 2.64420951647015 2.42290742229694 0.03433745491497
   358 3.56718808393330 0.85027134425584 0.49988308181675
   364 0.01432945327156 0.29305630604821 0.86719422282945
   365 3.59696790011510 0.80009519336003 0.06795095473901
   376 2.97694078442213 2.06756020230881 1.33266905416359
   380 3.45347691413347 2.47481231819087 0.07941878275164
   394 0.15212137018998 1.12994457238063 2.85909587152381
   396 3.98919244592037 0.54623771900940 2.63262463502889
   399 0.11211483456330 1.51116077339437 2.67408457555425
   403 0.13350911064836 2.00884534124035 2.84331583283297
   405 3.93839735843761 2.00217209787377 3.19115578623060
   406 0.17926909542105 1.06262669387723 3.65499736054509
   408 0.29384832752546 0.98453759649292 3.11993278910601
   410 0.42420391279263 1.09184675617082 3.73535225265440
   413 3.08754280917023 3.52107735278510 3.90204332055563
   422 3.66589715821538 1.19302784407283 3.95205268319813
   425 3.99336676855258 1.29324030297635 3.74243828370052
   429 2.88010919540175 0.07074970877734 2.94268449845309
   432 2.10711183284884 1.18407623679211 3.10348233202313
   436 2.02009651177999 1.28060468832303 1.84652501610640
   439 2.66140760107404 1.64946957344660 0.55269431649505
   440 3.27957024901677 1.41294622627651 0.77412854248774
   447 3.43356609316043 3.36588043602562 3.88105824230297
   457 1.46417410839597 0.75415231302603 2.52445294701426
   460 2.37374631794857 3.63884237459220 0.42299265651332
   473 3.43837341436372 0.31533070190682 1.65968595322598
   481 2.25386740354866 2.10030655861924 1.90350698333474
   488 0.02875589365241 3.86462539533088 2.01770643357902
   489 0.17007413101668 3.69620566124168 1.96326649147012
   500 2.09680837293216 2.23124984053152 1.17337712129476
   502 2.20478664546667 2.41904806424794 1.01965030913270
   510 2.21613133046238 2.89364657583167 1.87071329565928
   513 3.96270666896682 3.14034365284559 0.47942295184727
   519 0.12916905869327 3.06678650387962 2.56698023151147
   524 1.42586335695862 1.17714495563546 1.54625148233627
   529 1.42870352318504 2.85259178946973 3.01380514755272
   538 2.75188386605534 3.34780578033811 0.13107756510703
   544 0.14646260791200 0.79387653057605 1.66614882044671
   545 3.86305506251687 0.48294126616078 1.80555477264447
   553 2.87290011190353 2.80379008585594 2.18895326134444
   557 0.75776454992804 1.52336383624414 2.64800828238384
   559 0.30713553725182 1.38657366204957 2.62628814927131
   568 2.86171782283568 3.04415105398324 2.51832675844962
   569 3.08531849509919 3.03616393823894 2.92297211200452
   571 2.89038523535427 3.84480700610677 0.56485852338463
   573 1.40159549654631 0.58716081559072 0.12500793613413
   581 0.48016746891925 2.53589862012354 2.51057262050701
   582 0.53119228987696 2.16547996709016 2.81962158374489
   587 2.89984028056742 1.81974157234392 0.01871873042230
   605 0.70299134401724 3.35110361537946 0.39513677001889
   611 3.47211178841813 0.56593012274082 1.80943869516580
   625 0.92406741575471 3.04411697578092 0.96407288079627
   629 3.24276578932052 0.68632456399633 2.70015913967816
   630 3.13911006590145 0.33444657740678 3.00469164802599
   635 3.12761006637557 3.14908570897481 2.96825815466037
   636 3.13326847338333 3.49152035738481 2.70506591675346
   640 1.86684409771348 1.49401397531118 3.33207616332695
   645 1.30219027726882 0.07829468497295 1.78856484499289
   647 2.77232625181672 0.08903321577280 3.18465404460120
   648 2.79798630677333 3.53389944195159 3.48909859276665
   649 2.93080364481807 2.32045458794575 3.37298589428645
   650 2.92653689301767 2.26020432267426 3.89523727179935
   658 0.49981689040145 0.21785422738217 0.87697107486475
   660 3.60226081212231 2.63008299674957 0.66648048987300
   662 3.90704942220038 2.97332993518339 0.74434381923667
   663 3.98638100034528 1.27225314400766 2.87995038313945
   667 0.72149631303491 2.29569225959680 3.18950381454704
   668 3.81925473666204 3.23992983866454 2.87385824869882
   669 3.65241041904063 3.57962335730769 2.64134466332068
   673 3.21176061693035 1.31985658832306 3.47868240639997
   674 3.82878454704213 1.45941756041796 3.30706787028635
   678 0.53824274588016 3.07016924523214 0.40206434598052
   681 0.32104158163491 0.71984795985977 1.18558618157137
   691 2.33337074301140 1.96290147953101 1.73196755893116
   692 2.76497940722199 1.93144960293019 1.74618135590452
   695 0.87994656135214 1.42874335011636 2.25161851628929
   696 0.43241952314532 1.29037833012952 2.18377679672785
   698 1.58324353515704 2.74764363282254 2.88370745526071
   701 1.92378354166171 0.88904708438466 3.06304104560261
   711 2.64248929528589 3.55679783690285 0.48438030922093
   717 1.75249647417671 1.21605381481006 1.49923808086046
   718 1.93554967279506 1.00290850219573 1.33258391720481
   723 2.02195566194606 2.41083174496798 1.70321291893891
   724 1.45021659354146 2.41632461544230 2.10992365354947
   725 2.92718804007270 2.76545979845069 0.30443901198160
   726 3.43171668109256 2.67603531533454 0.22476909764955
   735 3.67383367205652 3.10082421460122 3.41891303612014
   736 3.43574782562710 3.02304238337313 3.04235757027861
   737 3.79970106382420 1.67085265670829 2.23277933951728
   738 0.09420153287853 1.50760038974323 1.85470306532353
   739 1.88032012029614 0.78369399228248 2.60143006072187
   740 2.04343984635382 0.99558620159802 2.46894609483894
   758 2.17854641860055 0.14969649440034 1.72118512246625
   760 3.31500670596204 2.49899932651122 3.20944284710676
   761 3.70802977912848 2.57760792067060 3.65384086392323
   762 0.20022463497030 1.90540386621666 3.94239658215037
   764 0.13829832165724 2.18580855540188 3.56086051393503
   777 3.28692881767019 0.29203610070526 3.75320815829340
   780 1.79979387908720 0.89709647993804 1.26149289581893
   783 1.71027037193611 3.91145151110837 1.83508559148148
   784 1.87556116671854 3.94763093840130 1.64686016329496
   791 1.90142459742289 3.15913710427666 2.18603621146314
   792 1.48710727263154 2.80331296213322 2.35922375409780
   795 3.63278513537166 2.96902634795997 0.06242761314091
   796 3.79886257593158 2.81670057335989 3.67606293484028
   797 1.86593259409970 1.72978550986090 2.34834813825097
   798 1.46913828120397 1.98916277682237 2.42569889268387
   799 3.50912739786448 3.68476676110651 0.02820258436686
   800 3.23737632854636 3.77684059092722 0.02995366121840
   806 0.90012452569596 3.33407429689357 3.99364421229333
   816 0.54294504200904 1.96876596103529 3.99507563492415
   817 0.48728144744544 2.29609723758941 3.53624456114924
   819 0.14678233950444 2.59118093981562 2.40550778430488
   821 1.29551159180959 2.85163369461670 1.07818470529788
   822 0.57250631270205 3.07060346088806 2.78414541081578
   826 3.10316415944125 0.75965121200218 0.66832026745329
   837 2.90134347750914 0.55921222743934 0.31072331639061
   838 2.48274117868172 1.40140992352477 0.57553496296981
   839 2.99333023677511 1.04450526231376 0.80802786347763
   842 1.09404188337528 3.96691965110737 3.50135758088489
   844 0.94177831109249 3.91651649910441 3.08664264144206
   847 3.79251656803141 2.25310129907831 0.72436226876026
   854 0.39893302844561 3.20946149191401 3.18758995197525
   862 1.74906318318199 3.31751115544775 3.38873814373837
   866 1.58001022983652 1.49128982688320 0.13611994395377
   869 3.71650915206595 0.27762365950861 3.70123607776820
   870 3.86994327371999 0.58182388810095 3.92284637086487
   871 3.81471713685327 3.63796107509961 0.48578167808278
   874 0.66661875048807 2.91416287454383 2.77075329044719
   877 3.84803673134729 0.00674809882132 3.80217775330403
   881 2.32204485358236 1.30995085765715 0.31410315618780
   882 2.75458985968467 3.83357724667383 1.67989078859486
   883 2.90892689090768 3.87907640648562 1.89805065644368
   884 1.91863924224121 1.29457141033137 0.48022900575934
   885 1.75156311688864 0.99037778148660 0.52137949544770
   890 3.17785335734015 1.19233704626137 1.56807984167054
   899 3.22371803879157 0.96997607913723 2.78092526266462
   900 3.00545296573522 1.13088026448068 3.35114158134478
   903 2.89943303992337 0.74305573629122 3.53622798144524
   904 3.18354165296486 0.56906492687417 3.90691162479183
   905 2.42728846261874 2.01129973177650 2.75240222972032
   907 0.85364924074326 1.76451213165333 0.25490007072882
   908 0.70308514888281 1.80778231673695 3.98967177025466
   909 1.73384649267814 3.45262873698117 1.84496626886264
   910 1.96541009798618 3.48494488204413 1.57725720208941
   911 2.58555586349051 1.12368189243011 3.49716062314395
   912 2.37623757830536 1.51815434605840 0.00569099572120
   913 2.20236040138598 1.28165909292471 2.84511637620707
   914 2.06895839333058 1.72328010464468 2.75196188257723
   915 3.30186053230106 1.13272900014337 1.69787431745965
   916 3.92841035000507 1.27264752469105 1.60903832143437
   917 3.96553790022437 3.45235071548593 2.10335838226670
   918 3.80635905587231 3.58598439193746 2.17357006797851
   920 1.13058493447014 0.63942059848702 1.62291836535802
   922 2.62300408474435 0.80198319588036 3.59974116072374
   923 2.51985659251335 0.74116727786625 0.09612214418688
   926 0.09601209528442 3.78818875690784 3.30618021471117
   927 3.93069531700232 0.19758289415139 3.05341042576600
   928 1.38504250815334 1.02629020249971 1.45171959197991
   933 2.25233469849741 0.39095646289679 2.26634924502928
   938 1.79405208828759 2.51082540824885 0.63689134584729
   941 0.75399182365308 3.74772036691527 3.66715620553335
   942 0.56168913187627 3.67087087282497 3.32163610164857
   946 2.27190754731969 1.03575180312067 1.84710379038761
   948 2.97243990962182 1.31305837703886 1.80438230784211
   949 3.22407538522930 2.93922349649102 1.68204899660339
   952 3.35679136948726 1.53719350894625 1.09113497366409
   954 3.87550190857141 3.14053623594722 1.82229868204298
   955 0.08252940136043 2.56141195084875 2.03533575715596
   957 0.84511652848234 0.09573835304499 2.27156808075141
   958 1.02528903538420 0.10005016934462 2.66967168047700
   959 1.25530912747232 3.39514153660862 3.99500174169285
   960 1.50780563662918 3.09240728057981 3.82011013587687
   966 2.30125744613268 0.84443265883059 2.24971027961133
   970 2.62232760320502 0.22485356079809 2.36211665659303
   971 2.58639655396291 0.05472048006924 2.57962187659498
   972 3.97866562907016 0.12964413868409 1.25771298921419
   977 1.42665533200378 0.48439838164559 3.73911548293350
   978 1.14537821166547 0.41445764015948 3.61385220375305
   980 2.05297206214327 0.32916434008618 2.46197352129208
   982 1.17705555482273 0.29682960383335 2.07252710520196
   983 1.39131097795599 0.33319700428168 2.39145725961133
   984 1.82444842958016 0.14248458265154 2.37338735196974
   989 3.80058050214333 0.10655347669819 1.05720952474018
   992 0.42683101216518 2.93218102770348 1.36427903722734
   995 3.09622988985517 3.80269878809310 0.96067542291923
   997 0.20930927103274 3.94416238222334 0.40101415056496
   998 0.22982334031080 0.14482075247609 0.53538266482202
  1000 0.26172602706188 2.32341163988130 0.88453134566399
  1001 0.34471139786482 2.75464788100140 0.91278337545817
  1002 0.22761557933713 0.08355131528011 0.15994263222785
  1003 0.24022725765632 0.24052531675171 0.22080643007418
  1007 2.78400495271349 1.84182467968569 2.81823606154627
  1010 0.22958847075169 3.63797197830426 1.59919220699897
  1011 0.05423349072322 3.26899279992504 1.51373511086964
  1012 3.18761527831041 2.28531788784477 1.34171201828868
  1015 3.71411430742216 3.27393656498316 1.11445802524784
  1016 3.63330522869756 3.72476847430273 0.90410858714703
  1018 3.05864112728713 0.68045752481559 2.39775799409195
  1019 3.02696536652256 2.02438591581085 3.16548298179005
  1020 3.02883323515502 1.45411596041427 3.47687570349739
  1021 2.88693931614893 1.23523779639881 3.34932386031629
  1022 2.71544975251121 1.35297947544947 2.88574572542651
  1023 2.17778566536084 0.12692866269590 2.66240944884786
  1026 0.63427252839013 2.82133761560761 0.72616515864718
  1028 3.72052826165105 2.16310970379179 2.25250899950929
  1030 3.01112398511165 1.12856634585191 2.55414426663466
  1032 3.20150896583303 1.47463009688881 2.23871564803890
  1036 3.83133932301805 2.30648209116031 1.98130833860487
  1037 3.27712752558410 2.50821062457338 1.79906528709031
  1038 2.92627972318570 0.97346572971317 2.36216322796737
  1039 3.09387285697118 1.25789223019008 1.95548217047820
  1040 3.65483222500089 1.99788049241635 1.11055492910547
  1043 0.97406996923283 3.67878013775019 1.83472149817340
  1047 2.68436119991744 3.07010387430108 1.10367752611364
  1048 0.70984913714770 3.60312327666598 1.48127701122795
  1049 0.79651207629765 3.11127020542559 1.33098507589064
  1050 3.15010720986103 2.99173454592347 1.33599584444954
  1051 2.87147701062039 3.18151037913649 1.29848509861325
  1057 1.61318350742660 3.60164114655327 3.04962126459404
  1059 1.94650066315138 3.89093568392737 2.60796410630690
  1060 3.11326372987136 2.66606166965232 1.09902813994041
  1061 2.82890268614981 2.70941970498364 0.94672668684865
  1071 1.23766975950387 2.56817193052117 3.65245414954614
  1073 1.15725956787956 1.72102921365315 3.28917995061130
  1091 0.63291003423576 0.68570514128298 1.11267341975099
  1096 0.66525977940011 0.33945000367868 0.88659390958779
  1097 0.89523773225725 0.66640923158129 0.35607882035431
  1098 1.68912046230557 3.19084709000567 3.12472110003986
  1100 1.26264394332739 2.57563732637444 3.25714606275356
  1101 0.78952614564917 2.53398544684687 3.23162127255214
  1105 1.63737839305698 1.46913844148899 3.42525229504028
  1106 1.57291552766255 0.94259044062553 3.24730289524245
  1109 1.68327583078936 3.64296948266907 3.32505682213442
  1113 0.68591320102855 2.89731788480975 3.89814145481787
  1115 0.77937915160581 2.65002186117670 3.82354477604648
  1120 1.36853338077265 3.85600536845731 3.61368658598650
  1121 1.57215719142384 0.29832472466915 3.79173507445912
  1122 0.46958509681924 2.81643962021153 3.60140051057191
  1123 0.60042044756466 2.60730572474211 3.55896348387708
  1124 0.67154881044682 1.02903800418586 3.23915277286940
  1125 1.03193642875440 0.67238531717190 3.16950410444671
  1127 1.23981682531242 0.88550227375341 3.03136492872745
  1128 0.94321577588088 1.25464481784994 3.05860829472797
  1131 1.41370612264921 1.99765522018033 0.35619089486618
  1133 2.28361106960442 2.36788216857543 3.97694365143178
  1134 1.86155423655743 2.51158987462590 0.15427714670639
  1135 2.02159786209220 1.65001344918242 3.85195277658635
  1136 1.66660195525473 1.47771269762704 0.25116328083694
  1137 1.91531286256222 2.03697647816652 3.78420273687763
  1138 1.62201779929994 2.22230265792411 3.97922192195388
  1140 2.33207302808401 2.76957106172908 2.95251487405288
  1141 2.49102190442415 2.91205200445221 2.53750195425522
  1142 0.59516315576479 1.25316735460640 0.86148008899149
  1143 0.68187108250520 1.32303304206952 0.41962635790491
  1145 1.88690128499679 2.96835785910331 2.90498947395932
  1146 2.05392823560285 3.21369747749696 2.48932215720481
  1147 0.91664547036171 1.02010633063567 0.52870141294376
  1148 0.78646610790775 1.04492972904264 0.90359809218288
  1164 3.04630462427788 1.98098555544529 2.36049476540338
  1166 2.85496911417256 2.17726183891506 2.12511827885522
  1167 3.34005488408265 2.28170923283321 2.36899299197073
  1168 3.09095161827409 2.45734221492116 2.11632508773900
  1169 1.99681372648724 0.16394881687506 0.71877834249387
  1170 2.31487351033005 0.07425035597770 0.49486787665016
  1172 2.15599381444779 0.37287225663834 0.18500507948797
  1173 1.88509105553763 0.44870609372775 0.35598016241156
  1174 3.97839985836164 1.42399577590996 1.31863372179235
  1176 0.19369944587572 1.14495719676425 1.00824643938377
  1177 3.53349175158235 1.57615298118273 1.04223882517660
  1205 2.86394478886752 0.26892035285973 1.03848914429119
  1206 3.02952258027760 0.49704057231275 1.03642362151866
  1212 3.01967007820156 0.10709284279387 1.15778659729459
  1213 3.22890729593573 0.27256369539510 1.19232040453499
  1229 0.85240976574961 1.83362892865193 1.78800445450589
  1238 0.72202459549879 1.70259120328968 1.09507207207429
  1239 1.04907214907804 1.72327509683172 1.38497945719428
  1332 1.49501322781282 2.16243782390266 0.68382032990743
  1333 1.74571719887228 2.02474797555815 1.04635521100147
  1335 1.38284602891411 2.11787691270313 1.21805125604263
  1336 1.35138164503403 2.35612547836756 0.91086205037679
  1337 1.24051135698988 3.24603866561382 1.86338143475611
  1339 1.08976673340369 2.96202189524444 1.54771963624284
  1345 1.13183280501545 2.97004893176567 2.31980294918473
  1346 0.98513567454328 2.59446267026879 2.01365322287992
  1352 1.88831030518186 3.50839909928061 0.78390724340911
  1354 1.95357644451315 3.25338869017816 1.12509127677305
  1355 1.62839441370553 3.28950979489993 0.62338041328525
  1356 1.62695125555854 2.98032326383250 0.91748711663761
  1377 2.09622047853860 3.97579652988959 3.45639817362439
  1378 2.01282659655492 0.24553897129591 3.63471448890111
  1385 2.20659472023801 0.44227200010201 3.36496085517892
  1386 2.28007885141034 0.19859426113743 3.21561429357742
  1395 3.48954404251581 1.62469202931356 0.37400603594579
  1396 3.71045803020797 1.36146510569394 0.22567933820580
  1400 3.45457140426902 1.44172088284947 0.70163505459814
  1401 3.66761788229911 1.20008476449501 0.55088613428303
  1437 0.23256309245488 1.84145978161985 1.43654722169667
  1439 0.25871828818893 1.85639577028708 1.55701022710514
  1440 0.16461927105511 1.96787988570702 1.40918310279031
  1441 0.19149994492975 2.00898112555746 1.57094628440566
  1450 2.27938001046822 3.12090039914409 3.82422314499543
  1451 2.43997250102626 3.36948195731735 3.93847979986153
  1455 2.27971733047372 3.22428239509742 3.58833120038604
  1456 2.41149108619415 3.44307004078540 3.66444651839463
  1458 0.78579984329395 1.87566973869304 0.88179316048016
  1459 1.00614885781313 2.21676177897744 0.64129131226683
  1460 0.63486254967702 2.20734270443191 0.62044056276788
  1461 0.77570039774343 2.37229705361311 0.56482897168647
edges 766
16      2      0
17      0      8
32     16     41
33     41     37
34     37     18
84     58     59
85     59     52
93     59     47
101     76     72
102     72     14
111     72     69
177    115     47
181     59      0
189    115      8
218    143    139
224    134    136
225    136    147
229    140    136
231    143    140
232    149    156
246    152    163
247    163    157
272    171    191
273    191    169
284    185      2
292    177    180
293    180    185
295    171     18
303    174    177
313    199    198
363    220    215
382    230    243
389    241    236
390    236    243
391    231    240
395    231    241
398    235    240
419    254    174
433    260    261
438    264    261
486     16    295
487    295    290
496    295    288
501    292    288
524    260    199
526     58    185
537    310    191
544    195    311
553    311    315
554    315    310
584    264    332
588    163    336
596    339    284
597    311    339
612    354    346
623    347    346
624    354    315
625    343    347
629    243    356
632    147    356
636    343    143
641    365    358
642    358    364
669    139    347
690    376    241
700    214    380
736     41    396
737    396    394
760     11    364
766    403    336
767    399    403
774    157    405
775    405    403
776    119    410
782    406    410
785    408    288
786    406    408
825    410    220
835    365    422
839    425    215
843    425    422
844    396    295
849    406    425
850    394    408
886    169    436
890    439    440
892    230    439
895    241    439
921    413    447
947    171    457
998     36    473
1021    156    481
1042    488    489
1045     36    488
1048     16    488
1049     14    489
1079    500    502
1081    231    500
1083    236    502
1086    198    502
1109    199    510
1112    149    510
1153    191    524
1172     69    529
1194    413    538
1214    544    545
1218     36    545
1220     37    544
1221     41    545
1242    149    553
1243    261    553
1256    557    559
1260    394    559
1261    354    557
1263    399    559
1289    568    569
1290    553    568
1292    332    568
1293    152    569
1294    134    569
1301    300    571
1307     52    573
1308    277    573
1333    581    582
1336    339    581
1337    403    582
1339    354    582
1355    230    587
1410    115    605
1431    545    611
1432    473    611
1476    115    625
1486    629    630
1487    396    629
1490    290    630
1491     98    630
1492    429    630
1507    635    636
1510    569    635
1512    429    636
1513    332    636
1525    343    640
1528    432    640
1540      2    645
1546    647    648
1547     98    647
1549    429    647
1550    413    648
1552    635    648
1553    649    650
1554    136    649
1557    356    650
1558    587    650
1559    380    650
1584      8    658
1586     11    658
1591    660    662
1595    513    662
1602    394    663
1605    399    663
1612    346    667
1614    582    667
1615    668    669
1617    519    668
1618    291    668
1619    636    669
1621    290    669
1631    673    674
1634    422    673
1635    405    674
1636    663    674
1637    425    674
1648    513    678
1649    605    678
1658    544    681
1660     11    681
1691    691    692
1692    481    691
1693    436    691
1694    231    691
1697    376    692
1705    695    696
1706    310    695
1707    557    695
1708    171    695
1710    559    696
1711     37    696
1716    139    698
1718    529    698
1729    432    701
1760    571    711
1761    538    711
1762    460    711
1779    717    718
1780    524    717
1781    436    717
1782    240    717
1784    174    718
1785    235    718
1800    723    724
1801    481    723
1802    510    723
1803    500    723
1806    195    724
1807    725    726
1808    356    725
1809    538    725
1811    380    726
1813    660    726
1839    735    736
1841    447    735
1842    291    735
1843    152    736
1844    635    736
1845    668    736
1846    737    738
1847    399    737
1850    696    738
1853    739    740
1855    701    739
1856    457    739
1859    169    740
1920    177    758
1922    760    761
1923    152    760
1924    649    760
1925    157    760
1927    380    761
1930    762    764
1932    214    762
1934    761    764
1935    215    762
1937    405    764
1980     98    777
1988    180    780
1989    718    780
1998    783    784
2001    645    783
2002    758    784
2004    185    784
2023    791    792
2024    510    791
2027    724    792
2028    698    792
2037    795    796
2038    726    795
2039    513    795
2040    447    795
2041    761    796
2043    735    796
2044    797    798
2045    169    797
2046    481    797
2048    315    798
2049    724    798
2050    347    798
2051    799    800
2054    447    799
2055    571    800
2056    777    800
2057    413    800
2077    605    806
2106    816    817
2108    762    816
2110    667    817
2111    764    817
2117    581    819
2118    519    819
2119    336    819
2126    625    821
2130    519    822
2133     72    822
2142    358    826
2173    826    837
2176    300    837
2177    838    839
2178    439    838
2180    235    838
2181    440    839
2182    826    839
2183    254    839
2192    842    844
2196     76    844
2199    292    844
2208    660    847
2210    214    847
2232    822    854
2233    291    854
2270    277    866
2278    869    870
2281    406    870
2283    777    869
2284    365    870
2286    513    871
2287    799    871
2296    581    874
2297    822    874
2298     69    874
2307    799    877
2308    869    877
2318    838    881
2322    882    883
2324    758    882
2325    260    882
2326    473    883
2328    264    883
2329    884    885
2331    881    884
2332    235    884
2333    277    885
2335    780    885
2352    254    890
2377    899    900
2378    663    899
2380    629    899
2381    673    900
2391    903    904
2392     98    903
2394    900    903
2395    777    904
2396    837    904
2397    365    904
2399    140    905
2401    156    905
2405    907    908
2407    866    907
2409    220    908
2411    816    908
2412    909    910
2413    791    909
2414    783    909
2416    199    910
2417    784    910
2419    911    912
2420    432    911
2424    881    912
2425    230    912
2426    913    914
2427    432    913
2429    740    913
2430    343    914
2431    905    914
2432    797    914
2433    915    916
2434    611    915
2435    890    915
2437    544    916
2439    738    916
2440    917    918
2442    519    917
2443    489    917
2444    264    918
2445    669    918
2446    488    918
2451     18    920
2454      2    920
2456    922    923
2458    911    922
2459    903    922
2461    881    923
2462    837    923
2470    926    927
2472    877    926
2473    291    926
2474    288    927
2475    869    927
2476    290    927
2478    780    928
2479    920    928
2480    524    928
2495    758    933
2513    502    938
2521    941    942
2523    842    941
2524    806    941
2525    926    942
2526    844    942
2527    854    942
2538    946    948
2540    174    946
2542    890    948
2543    436    946
2545    692    948
2549    261    949
2556    890    952
2557    440    952
2558    376    952
2562    954    955
2564    949    954
2565    917    954
2566    284    955
2568    819    955
2571    957    958
2573     14    957
2574     76    958
2576     16    957
2577    292    958
2578    959    960
2579    806    959
2580     47    959
2583     61    960
2584    862    960
2602    740    966
2603    946    966
2604    933    966
2615    970    971
2617    933    970
2618    883    970
2619    429    971
2621    332    971
2625     36    972
2628     11    972
2638    977    978
2641    573    977
2642    842    978
2644    119    978
2649    739    980
2652    933    980
2654    982    983
2655     18    982
2656    957    982
2657    645    982
2658    457    983
2659    958    983
2662    783    984
2663    980    984
2664    983    984
2679    364    989
2680    972    989
2690    284    992
2696    571    995
2702    997    998
2704    605    997
2705    658    998
2707    871    997
2708    364    998
2711   1000   1001
2714    992   1001
2716    847   1000
2717    662   1001
2718   1002   1003
2719    877   1002
2720    997   1002
2721    941   1002
2722    870   1003
2723    998   1003
2724    119   1003
2740    905   1007
2743   1010   1011
2744    489   1010
2746    972   1010
2747    954   1011
2748    992   1011
2756    376   1012
2759   1015   1016
2760   1011   1015
2762    662   1015
2763    989   1016
2764    995   1016
2765    871   1016
2770    629   1018
2771    970   1018
2772    611   1018
2773   1019   1020
2774    649   1019
2775   1007   1019
2776    157   1019
2777    587   1020
2779    673   1020
2780   1021   1022
2781    911   1021
2782   1020   1021
2783    900   1021
2784    913   1022
2785   1007   1022
2788    980   1023
2790    971   1023
2798    678   1026
2799   1001   1026
2800    625   1026
2805    737   1028
2808    336   1028
2811   1030   1032
2813    899   1030
2815    737   1032
2816   1022   1030
2828   1036   1037
2829    955   1036
2830   1028   1036
2832    949   1037
2834   1012   1037
2835   1038   1039
2836    966   1038
2837   1030   1038
2838   1018   1038
2839    948   1039
2840   1032   1039
2841    915   1039
2843    847   1040
2845   1012   1040
2853    645   1043
2856     14   1043
2863    198   1047
2866    711   1047
2867   1048   1049
2868   1010   1048
2869   1043   1048
2870      8   1048
2871    992   1049
2873    625   1049
2874   1050   1051
2875   1015   1050
2877    949   1050
2878    995   1051
2879   1047   1051
2880    260   1051
2898   1057   1059
2900     76   1057
2902    984   1059
2905   1023   1059
2906   1060   1061
2907    660   1060
2908   1050   1060
2909   1012   1060
2910    725   1061
2911   1047   1061
2912    236   1061
2942    960   1071
2950    346   1073
2953    908   1073
3006    681   1091
3007    920   1091
3020   1096   1097
3021      0   1096
3022   1091   1096
3023    658   1096
3024    573   1097
3026    119   1097
3028    862   1098
3029   1057   1098
3030    529   1098
3034   1100   1101
3035    139   1100
3036   1071   1100
3037    529   1100
3038    667   1101
3040    874   1101
3050   1105   1106
3051    866   1105
3052   1073   1105
3053    640   1105
3054    977   1106
3056    701   1106
3067    862   1109
3070   1057   1109
3077    678   1113
3080    806   1113
3083   1071   1115
3084   1113   1115
3098   1120   1121
3099    842   1120
3100   1109   1120
3101    959   1120
3102    977   1121
3104     52   1121
3105   1122   1123
3106    854   1122
3107    796   1122
3108   1113   1122
3109   1101   1123
3110    817   1123
3111   1115   1123
3112   1124   1125
3115    410   1124
3116    978   1125
3118    408   1124
3119    292   1125
3121   1127   1128
3122    457   1127
3123   1125   1127
3124   1106   1127
3125    557   1128
3126   1124   1128
3127   1073   1128
3139   1133   1134
3141    147   1133
3142     61   1134
3144    243   1133
3145    938   1134
3146   1135   1136
3147    912   1135
3149    640   1135
3150    884   1136
3151   1131   1136
3152    866   1136
3153   1137   1138
3154   1135   1137
3155   1133   1137
3156    143   1137
3157   1131   1138
3158   1134   1138
3159   1071   1138
3162   1140   1141
3164    140   1140
3165    149   1141
3167    134   1140
3168    568   1141
3169   1142   1143
3173    907   1143
3176    220   1143
3178   1145   1146
3179   1098   1145
3180   1140   1145
3181    698   1145
3182   1059   1146
3183   1141   1146
3184    791   1146
3185   1147   1148
3186   1097   1147
3187   1143   1147
3188    277   1147
3189   1091   1148
3190   1142   1148
3191    928   1148
3241   1164   1166
3243   1007   1164
3245    156   1166
3246   1032   1164
3248    692   1166
3249   1167   1168
3250   1028   1167
3251   1164   1167
3252    163   1167
3253   1037   1168
3254   1166   1168
3255    553   1168
3256   1169   1170
3259     58   1169
3260    460   1170
3262    180   1169
3263    300   1170
3265   1172   1173
3266    923   1172
3267   1170   1172
3269    885   1173
3270   1169   1173
3271     52   1173
3273   1174   1176
3275    916   1174
3277    681   1176
3280   1142   1176
3282   1040   1177
3283   1174   1177
3284    952   1177
3370   1205   1206
3372    177   1205
3373    254   1206
3375    300   1205
3376    826   1206
3393   1212   1213
3394    882   1212
3395    995   1212
3396   1205   1212
3397    473   1213
3398    989   1213
3399   1206   1213
3446    311   1229
3449    310   1229
3475   1238   1239
3476   1142   1238
3479    524   1239
3480   1229   1239
3777   1332   1333
3780    938   1332
3781    500   1333
3783   1131   1332
3784    240   1333
3786   1335   1336
3787   1239   1335
3788   1333   1335
3789    195   1335
3791   1332   1336
3792    821   1336
3794   1337   1339
3796    909   1337
3798    821   1339
3799   1043   1337
3801   1049   1339
3818   1345   1346
3819   1337   1345
3820     69   1345
3821    792   1345
3822   1339   1346
3823    339   1346
3824    195   1346
3842   1352   1354
3844    460   1352
3846    198   1354
3847     58   1352
3849    910   1354
3850   1355   1356
3851     47   1355
3852   1352   1355
3853     61   1355
3854    821   1356
3855   1354   1356
3856    938   1356
3921   1377   1378
3925   1172   1378
3927   1109   1377
3928   1121   1378
3946   1385   1386
3947    922   1385
3948   1378   1385
3949    701   1385
3950    647   1386
3951   1377   1386
3952   1023   1386
3978   1395   1396
3980    587   1395
3981    214   1395
3983    422   1396
3984    215   1396
3994   1400   1401
3995   1395   1400
3996    440   1400
3997   1177   1400
3998   1396   1401
3999    358   1401
4000   1176   1401
4114   1437   1439
4116   1238   1437
4118   1229   1439
4119   1174   1437
4121    738   1439
4122   1440   1441
4123   1040   1440
4124   1437   1440
4125   1000   1440
4126   1036   1441
4127   1439   1441
4128    284   1441
4154   1450   1451
4155    147   1450
4157     61   1450
4158    538   1451
4160    460   1451
4170   1455   1456
4171    862   1455
4172    134   1455
4173   1450   1455
4174   1377   1456
4175    648   1456
4176   1451   1456
4179   1458   1459
4181    907   1458
4182   1131   1459
4184   1238   1458
4185   1336   1459
4186   1460   1461
4187   1000   1460
4188   1458   1460
4189    816   1460
4190   1026   1461
4191   1459   1461
4192   1115   1461
polygons 447
0   1540   2451   2454   2655   2657
3     16     17   1540   2853   2869   2870
4     16   2454   3007   3021   3022
5   2573   2656   2657   2853   2856
7     32     33     34   2576   2655   2656
10   1584   1586   2628   2746   2868   2870
11     17   1584   3021   3023
13   1586   1660   3006   3022   3023
15   1214   1218   1658   1660   2625   2628
16   1049   2744   2856   2868   2869
17   1042   1048   1049   2573   2576
18     32   1045   1048   1218   1221
19     34   1220   1658   2451   3006   3007
21   1042   1045   2625   2744   2746
22     33   1214   1220   1221
23   3844   3852   3853   4154   4157   4160
27   3260   3267   3921   3925   4160   4174   4176
28     84     85   3259   3270   3271
29   3256   3259   3260   3844   3847
30   3104   3265   3271   3925   3928
31   2578   2584   3067   3100   3101
32     85     93   2580   3098   3101   3104
33     93     84   3847   3851   3852
34   2578   2580   2583   3851   3853
36   2583   2584   4157   4171   4173
37   2574   2659   2664   2898   2900   2902
38    101    102   2571   2573   2574
39   2001   2414   2853   3796   3799
40   2023   2413   3796   3819   3821
42    102    111   2856   3799   3819   3820
43   2413   2414   2662   2902   3182   3184
44   1172   1718   2028   3820   3821
45    111    101   1172   2900   3029   3030
47   1486   1492   2615   2619   2770   2771
48   2380   2770   2813   2837   2838
49   1491   1492   1547   1549
51   2394   2458   2459   2781   2783
54   1547   2392   2459   3946   3947   3950
56   1729   2420   2458   3947   3949
57   1549   2619   2790   3950   3952
58   1853   2602   2604   2649   2652
60   2420   2427   2780   2781   2784
61   1729   1853   1855   2427   2429
62   2429   2602   2784   2816   2836   2837
63   1486   1491   2377   2380   2392   2394
67    177   1410   2077   2579   2580
68   1307   2641   3102   3104
69     85    181   1307   3020   3021   3024
70   2638   2641   2644   3024   3026
71    177    189     17    181     93
73    189   1410   1584   2702   2704   2705
75   2638   2642   3098   3099   3102
76   2523   2524   2579   3099   3101
77   2523   2642   2644   2718   2721   2724
78   2705   2723   2724   3020   3023   3026
81   2077   2524   2704   2720   2721
82   2583   2942   3142   3158   3159
83   1716   1718   3035   3037
84    218   3035   3036   3153   3156   3159
85   3139   3141   3142   4155   4157
86   2584   2942   3028   3030   3036   3037
87    224    225   4155   4172   4173
88    229    224   3164   3167
89   3028   3167   3179   3180   4171   4172
90    218    231   1716   3164   3180   3181
91    229    231    225   3141   3155   3156
92    232   1242   3245   3254   3255
93    232   2399   2401   3162   3164   3165
94   1242   1290   3165   3168
95    246    247   1923   1925
96    224   1293   1294   1554   1923   1924
97   1924   1925   2774   2776
100   1289   1294   3162   3167   3168
101    246   1289   1290   1293   3249   3252   3255
102   2401   2740   3241   3243   3245
103    247   2775   2776   3243   3251   3252
104    229   1554   2399   2740   2774   2775
107   1856   2649   2658   2663   2664
108    272    273    947   1853   1856   1859
109    273    886   1153   1780   1781
110    886   1859   2543   2602   2603
111    284   1540   1998   2001   2004
112    292    293   1920   2002   2004
114    295    272   1153   2451   2479   2480
115    295    947   2654   2655   2658
119    303   1920   2495   2540   2603   2604
121   1779   1780   1989   2478   2480
122    292    303   1784   1988   1989
123   1779   1781   1784   2540   2543
124    284    293   1988   2454   2478   2479
125   1998   2002   2495   2652   2662   2663
126    313   1079   1086   1109   1802   1803
127   1800   1803   1806   3781   3788   3789
128   1086   2513   3846   3855   3856
129   1109   2024   2412   2413   2416
130   1806   2027   3818   3821   3824
131   2412   3794   3796   3798   3849   3854   3855
133   3786   3789   3792   3798   3822   3824
134    313   2416   3846   3849
135   1932   2108   2210   2716   4187   4189
136   2210   2843   3282   3981   3995   3997
139   3273   3280   3476   4116   4119
141   2405   2411   4181   4188   4189
143   3169   3173   3476   4181   4184
145    363   3169   3176   3280   3984   3998   4000
146   2405   2409   3173   3176
148   1932   1935   3978   3981   3984
149    363   1935   2108   2409   2411
150   4116   4124   4125   4184   4187   4188
151   2578   2579   2942   3080   3083   3084
152   1172   2298   3034   3037   3040
154   3028   3029   3067   3070
155   2192   2196   2900   3070   3099   3100
156    101   2133   2196   2232   2526   2527
159    111   2133   2297   2298
160    892   2178   2318   2424   2425
161    382   2425   3144   3147   3154   3155
162    389    390    382    892    895
163    391   1081   3781   3784
164    395    398    391    895   2178   2180
165    389    395   1079   1081   1083
166    390   1083   2513   3139   3144   3145
167   2331   2424   3146   3147   3150
169    398   2332   3150   3151   3777   3783   3784
171   2180   2318   2331   2332
173   1432   2352   2434   2435   3373   3397   3399
174   1920   2324   3372   3394   3396
176    419    303   3370   3372   3373
178    419   2352   2538   2540   2542
179   2435   2542   2839   2841
180   1432   2326   2618   2771   2772
181   2434   2772   2835   2838   2841
182   2325   2878   2880   3394   3395
183    433   2549   2874   2877   2880
184    438    433   2322   2325   2328
185    438   2440   2444   2549   2564   2565
186   2443   2565   2743   2744   2747
187   2564   2747   2760   2875   2877
188    998   2625   2680   3397   3398
191    998   1045   2326   2328   2444   2446
192   1528   1729   3050   3053   3056
193   2270   2329   2333   3150   3152
194   2456   3266   3925   3947   3948
195   1307   1308   2333   3269   3271
199   1308   2270   2641   3050   3051   3054
200   3054   3056   3102   3928   3948   3949
201   2714   2717   2748   2760   2762
202   2690   2711   2714   4122   4125   4128
203   2832   2834   2877   2908   2909
204   2208   2843   2845   2907   2909
205   2566   2829   4126   4128
207   2562   2566   2690   2747   2748
210   2196   2199   2574   2577
211    486    487   1048   1621   2445   2446
212    102   1049   2130   2133   2442   2443
213   1617   1618   2130   2232   2233
214   1615   1618   1621   2470   2473   2476
215    487    496   2474   2476
216   2233   2473   2525   2527
217    501    496    486   2571   2576   2577
219    501   2199   2470   2474   2525   2526
223   1301   2696   3375   3395   3396
224   1760   2696   2866   2878   2879
226   1301   1760   1762   3260   3263
227    292   3256   3262   3263   3372   3375
228   1762   2863   2866   3842   3844   3846
230    524   2002   2324   2325   2416   2417
231    313    524   2863   2879   2880
234    526   2004   2417   3842   3847   3849
235    293    526   3259   3262
240    537   1153   3449   3479   3480
241   1780   1782   3479   3784   3787   3788
243    544   3446   3480   3787   3789
244   1081   1692   1694   1801   1803
246    391   1693   1694   1781   1782
248    553    554   3446   3449
249    554    273    537   2044   2045   2048
250    544    553   1806   2048   2049
251    886   1692   1693   2045   2046
253   2039   2040   2054   2286   2287
254   1841   1842   2054   2307   2472   2473
255   1842   2043   2233   3106   3107
257   2472   2521   2525   2719   2721
258   1648   1649   2286   2704   2707
261   1293   1510   1843   1844
262   1289   1292   1507   1510   1513
263    438    584   1243   1290   1292
264    584   1513   1619   2444   2445
265    588   2808   3250   3252
266   1243   2549   2832   3253   3255
267   2119   2568   2808   2829   2830
268    588    246   1617   1843   1845   2118   2119
269   1507   1615   1619   1844   1845
270   2126   2873   3798   3801
271   2714   2799   2800   2871   2873
272    596   2690   2871   3801   3822   3823
273    544    597   3823   3824
274    596    597   3446   4118   4127   4128
275   1525   1528   2426   2427   2430
276    537    272   1706   1708
277   1859   2045   2426   2429   2432
279    612   1261   2950   3125   3127
280    947   1707   1708   3121   3122   3125
281   1855   1856   3056   3122   3124
284    623    612    624   2048   2050
285    625   2044   2050   2430   2432
286    623    625   1525   2950   3052   3053
287    624    554   1261   1706   1707
289   1355   2419   2425   2777   2781   2782
290    382    629   1355   1557   1558
291    632    629   3141   3144
294    636   1525   3149   3154   3156
295    231    636   2399   2430   2431
296    632    225   1553   1554   1557
297    641   2142   2173   2396   2397
298    642   2142   2679   3376   3398   3399
299    641    642   2284   2708   2722   2723
300   2679   2702   2707   2708   2763   2765
301   1301   2055   2056   2176   2395   2396
302   2051   2055   2287   2696   2764   2765
303   2173   2176   3370   3375   3376
304   2278   2283   2284   2395   2397
305   2270   2407   3173   3187   3188
306   2333   2335   2478   3185   3188   3191
307   3783   3791   4182   4185
309   1785   1989   2329   2332   2335
310   2480   3190   3191   3475   3476   3479
311   2407   3151   3152   4179   4181   4182
313    398   1779   1782   1785
314   1021   2046   2401   2431   2432
315    669   1716   2027   2028   2049   2050
316   1112   2024   3165   3183   3184
319    232   1021   1112   1801   1802
320    669    218    636    625
322   3142   3145   3850   3853   3856
323   1083   1086   2863   2911   2912
326   1761   1762   4158   4160
327   1761   1809   2866   2910   2911
328    629    390   1808   2910   2912
329    632   1808   1809   4154   4155   4158
331   1292   2621   2790   2905   3168   3182   3183
332   1512   1513   2619   2621
333   1294   1510   1552   4170   4172   4175
334    690    389   2756   2906   2909   2912
335   1557   1559   1807   1808   1811
336   1807   1813   2906   2907   2910
338    890    892   1355   3980   3995   3996
339    700   1558   1559   3980   3981
341   2558   2756   2845   3282   3284
342    690    890    895   2557   2558
343    700   1811   1813   2208   2210
345   2557   3284   3996   3997
348   1846   2433   2439   2815   2840   2841
349   2545   2839   2840   3241   3246   3248
350   2805   2815   3246   3250   3251
351   1697   2756   2834   3248   3253   3254
352   2439   3275   4114   4119   4121
353   1697   2542   2545   2556   2558
354   1846   2805   2830   4121   4126   4127
355    433    524   1109   1112   1242   1243
358    584   2328   2615   2618   2621
360   1263   1710   1846   1847   1850
361   1220   1711   1850   2437   2439
362   1260   1263   1602   1605
363     33    736    737   1260   1710   1711
364    736   1221   1431   1487   2770   2772
365    737   1487   1602   2378   2380
369   1605   1847   2378   2811   2813   2815
372   1410   1476   1649   2798   2800
373   3083   3157   3159   4182   4191   4192
376    177   1476   2126   3850   3851   3854
378    189   1476   2867   2870   2873
380   1595   2286   2759   2762   2765
382    760   1586   2705   2708
384   1595   1648   2717   2798   2799
386    760   2628   2679   2680
387    597    553    624   1333   1336   1339
388    596   1336   2117   2566   2568
389    766   1333   1337   2117   2119
390    767   1256   1261   1263   1337   1339
391    766    767   1847   2805   2808
393   1705   1706   1850   3449   4118   4121
395   2785   2811   2816   3243   3246
397   2381   2779   2782   2783
398    774   1631   1635   2773   2776   2779
399    775    767   1605   1635   1636
400    774    247    588    766    775
401    776   2644   3112   3115   3116
402    782    776   2281   2722   2724
403   2192   2199   2642   3116   3119
404    785    501   3112   3118   3119
405    782    786   3115   3118
406    786    785   2278   2281   2474   2475
407   2308   2470   2472   2475
408   1194   1760   1761   2055   2057
409   1194   1550   4158   4175   4176
411   1546   1547   1550   1980   2056   2057
412   2176   2462   3263   3266   3267
414   1980   2391   2392   2395
417   1612   2106   2110   2411   2950   2953
418    623    669   1612   3034   3035   3038
420   1591   1595   1813   2038   2039
422    921   2051   2054   2057
423    921   1194   1807   1809   2038   2040
424   1934   2041   2111   3105   3107   3110
425    774   1922   1925   1934   1937
426   1839   1843   1922   1923   2041   2043
427   1333   1614   2296   3038   3040
428   2117   2118   2130   2296   2297
429   1618   1839   1842   1845
430    775   1337   1614   1937   2110   2111
432   2638   3054   3116   3123   3124
434   2577   2658   2659   3119   3122   3123
436   1553   1559   1922   1924   1927
437   1811   1927   2037   2038   2041
439    921   1550   1552   1839   1841   1844
440   1490   1492   1512   1619   1621
441   1490   1491   1980   2283   2475   2476
444   1336   2296   2298   3818   3820   3823
445   1988   2335   3262   3269   3270
446   1308   3024   3186   3188
447    284    526     84    181     16
449    776    825   3026   3176   3186   3187
450    825   2409   2953   3115   3126   3127
454   2173   2177   2182   2318   2461   2462
456   1634   2777   2779   3978   3980   3983
458    835   1634   2381   2391   2394   2397
460   2142   2181   2182   3994   3996   3999
461    641    835   3983   3998   3999
462    839   1635   1637   1930   1935   1937
463    700   1927   1930   1932   1934
466    839    843   3983   3984
467    843   1631   1634   1637
468    844    487   1486   1487   1490
469     32    486    844    736
470    998   1218   1431   1432
473   2181   2183   2352   2556   2557
474    419   1784   1785   2177   2180   2183
475    395    690   1691   1694   1697
477   1021   1691   1692   3245   3248
478   2182   2183   3373   3376
479    786    849    850   1602   1636   1637
480    850    737    844    496    785
481    835    843    849   2281   2284
482    760    642   1660   3277   3999   4000
483   3006   3189   3190   3277   3280
484    363    839    849    782    825
485    850   1256   1260   3118   3125   3126
486     34    295   1705   1708   1711
488   1658   2437   3273   3275   3277
489    612   1339   1612   1614
491   1507   1512   1546   1549   1552
492   1528   2419   2420   3147   3149
493   1691   1693   2538   2543   2545
494    890   2177   2178   2181
495   2118   2442   2562   2565   2568
496   1591   2762   2875   2907   2908
497   1841   2037   2040   2043
501   1546   3950   3951   4174   4175
503   2322   2326   3393   3394   3397
506   1800   1801   2044   2046   2049
508   1042   2440   2443   2446
510   2798   3077   3084   4190   4192
511   2110   3038   3109   3110
512   1079   2513   3777   3780   3781
515   1800   1802   2023   2024   2027
516   1648   2037   2039   3077   3107   3108
518   1615   1617   2440   2442   2445
521   1718   3030   3179   3181
523   2001   2654   2657   2662   2664
524   1214   1431   2433   2434   2437
525   2287   2307   2707   2719   2720
527   1256   1705   1707   1710
531   1553   1558   2773   2774   2777
533   1855   2649   2788   3946   3949   3952
536   1649   2077   3077   3080
539   2126   2800   3792   4185   4190   4191
541   3051   3053   3146   3149   3152
542   2023   2028   3178   3181   3184
544   1591   2208   2711   2716   2717
545   1631   1636   2377   2378   2381
547   2051   2056   2283   2307   2308
548   2716   2843   4123   4125
552   2106   3110   3111   4186   4189   4192
553   3780   3791   3792   3854   3856
554   2329   2331   2461   3265   3266   3269
555   2322   2324   2495   2617   2618
556   1930   2106   2108   2111
558   1998   2412   2414   2417
559   3067   3927   4170   4171   4174
562   2521   2524   2527   3080   3106   3108
564   2232   2297   3040   3105   3106   3109
565   2405   2407   2953   3051   3052
566   3145   3157   3158   3780   3783
567   2391   2396   2456   2459   2462
568   2192   2521   2523   2526
571   2426   2431   2740   2784   2785
572   2278   2308   2718   2719   2722
573   2419   2424   2456   2458   2461
574   2377   2780   2783   2813   2816
575   2433   2435   2556   3275   3283   3284
576   2604   2617   2771   2836   2838
577   2479   3007   3189   3191
578   2615   2617   2652   2788   2790
580   2538   2603   2835   2836   2839
581   2562   2564   2828   2829   2832
582   2571   2654   2656   2659
583   2763   2764   3393   3395   3398
584   2680   2743   2746   2759   2760   2763
585   2663   2788   2902   2905
586   2743   2748   2867   2868   2871
587   2759   2764   2874   2875   2878
588   2702   2718   2720   2723
589   2711   2799   4186   4187   4190
590   2898   2905   3070   3927   3951   3952
591   2773   2775   2780   2782   2785
592   2828   2834   2845   4122   4123   4126
593   2828   2830   3249   3250   3253
594   2811   2835   2837   2840
595   3282   3283   4119   4123   4124
596   2867   2869   3794   3799   3801
597   2874   2879   2906   2908   2911
599   2898   3029   3178   3179   3182
600   3020   3022   3185   3186   3189
602   3034   3036   3083   3109   3111
603   3050   3052   3121   3124   3127
609   3098   3100   3921   3927   3928
610   3084   3105   3108   3111
612   3112   3121   3123   3126
613   3146   3151   3153   3154   3157
614   3139   3153   3155   3158
615   3162   3178   3180   3183
616   3169   3185   3187   3190
620   3241   3249   3251   3254
621   3256   3265   3267   3270
622   3273   3283   3994   3997   4000
628   3370   3393   3396   3399
630   3475   3786   3787   4179   4184   4185
631   3475   3480   4114   4116   4118
652   3777   3786   3788   3791
653   3794   3818   3819   3822
656   3842   3850   3852   3855
661   3921   3946   3948   3951
663   3978   3994   3995   3998
671   4114   4122   4124   4127
673   4154   4170   4173   4176
674   4179   4186   4188   4191
cells 64
0      0      3      4      5      7     10     11     13     15     16     17     18     19     21     22
1     23     27     28     29     30     31     32     33     34     36    559    609    621    673
2     37      5     38     39     40     42     43     44     45    521    523    542    582    599
3     47     48     49     51     54     56     57     58     60     61     62     63    533    574    576    578
4     32     67     68     69     70     11     71     73     75     76     77     78     81    588
5     82     83     84     85     86     36     87     88     89     90     91    521    614
6     92     93     94     95     96     97     88    100    101    102    103    104    620
7    107    108     58    109    110    111    112    114    115    119    121    122    123    124      0    125    523
8    126    127    128    129    130    131     40    133    134    512    515    553    652    653
9    135    136    139    141    143    145    146    148    149    150    548    595    622    663
10    151    152     86     45    154     76    155    156     31    159    562    564    568    602    610
11    160    161    162    163    164    165    166    167    169    171    512    566    613    614
12    173    174    176    178    179    119    180    181    503    555    576    580    628
13    182    183    184    185     21    186    187    188    191    503    508    583    584    587
14    167    192    193    194     56    195     30    199    200     68    492    541    554    573
15    201    202    203    204    205    187    207    496    544    548    581    592
16     17    210     38    211    212    213    214    215    156    216    217    219    508    518
17    182    223    174    224    226    227     29    228    230    231    112    134    234    235
18    240    241    163    243    127    244    246    109    248    249    250    251    506
19    253    254    255    216    257    258     81    497    516    525    536    562
20    261    262    263    264    185    265    266    267    268    269    101    495    518    581    593
21    270    271    243    272    202    133    273    150    274    539    589    630    631    671    674
22    275     61    276    249    108    277    279    280    281    284    285    286    192    287    603
23    289    104    290    291    275    294     91    295    296    161     60    492    531    571    591
24    297    298    299    223    300    301    302    303    304    525    547    572    583    588    628
25    121    241    305    169    193    306    307    143    309    310    311    313    616    630    652
26    314    285    315    316     93    319    320    295     90    506    515    542    615
27     85    322     23    228    128    323    326    327    328    329    166    291    656
28    331    154     57    332    333    100     89    262    491    501    559    590    599    615
29    162    334    328    290    335    336    338    339    341    342    343    204    136    345
30    348    349    350    351    179    352    353    341    354    575    592    593    595    620    671
31    129    355    125    331    230    184     43    316     94    358    263    555    558    578    585
32    360    361    362    363    364    365    348     48     22    369    181    524    594
33    322     82    372    307    373    376     34     67    151    510    536    539    553    566
34    372     73    378    380    271     10    258    382    384    201    386    300    584    586
35    387    388    389    390    391    360    267    393    274    205    354    287    248    527
36    395    103    391    369    265    350    397    398    399    400    545    574    591
37     77    401    402    403    404    405    406    257    219    407    568    572
38    408    326    409    411    412    226    414    194     27     54    301    501    567    661
39    311    417    286    373    418    141    294     84    320    511    541    552    565    602    613    674
40    224    336    380    253    302    408    420    422    423    327    496    587    597
41    424    425    426     95    427    428    213    255    429    430    389    400    268    511    564
42    155     37    432    210     75    403    107    200    281    434    533    585    590    609    661
43    436    437    335    439    261    426    423    333    409    296     87     96    329    497    673
44    429    439    269    440    422    254    411    441    214     49    407    491    547
45    428    212    388    272    444    159     42    207     16    186    495    586    596    653
46    445    195     28     69    446      4    235    124    447    306    577    600
47    401    432    199    305    446     70    449    450    146    565    603    612
48    454     51    297    289    160    456    397    458    338    460    461    494    567    573    663
49    456    398    462    148    463    339    425     97    436    466    467    531
50    468    440    211    191    358    364     47     18    469    264    470    332    180
51    353    178    473    474    246    475    123    164    342    313    493    494
52    351    334    266    355    475    231    323    126     92    244    203    183    319    477    165    597
53    445    227    122    474    309    412    171    454    478    303    176    554    621
54    270      3    378    447     71    376     33    111     39    131    234    558    596    656
55    424    384    135    437    420    343    463    510    516    544    552    556    589    610
56    441    406    479    480    468    215    365    414    304    458     63    481    467    545
57    482    483    466    299    382    449     13    402     78    461    145    484    481    600    616
58      7    280    434    363    480    485    404    469    217    486    115    527    582    612
59    477    314    102    277     62    251    349    395    110    493    571    580    594
60    139    483    393    488    352    361    276    240    114    486     19    310    577    631
61     15    482    478    473    460    488    345    470    173    298    188    386    524    575    622
62    387    489    427    130     44    418    315     83    444    273    284    152    250
63    149    484    450    390    489    279    362    485    417    479    405    462    430    399    556
