vertices 383
     0 1.00711655609429 0.21649719999151 1.04661027232103
     2 1.39424831003510 0.39070723753085 1.57982911742234
     8 0.89551314709233 0.10623764294150 1.04869353993179
    11 0.25768625329554 0.50478191060568 1.03896921048050
    14 0.85626771507890 3.91907747365056 2.13983553878807
    16 0.29957295705535 0.49834701698345 2.29957333807817
    18 1.14579514347736 0.84708007648207 1.90761336990244
    36 3.90488595948400 0.44533291498499 1.68486739122915
    37 0.49177831896938 0.96931449182293 2.00613387147179
    41 0.24305889298561 0.63773423416250 2.24934389278562
    47 1.43932953571380 3.66031961895089 0.55127543395884
    52 1.66157302748175 0.55614095930172 0.18464892492619
    58 1.85601599405359 0.07414242241659 0.85936700872886
    59 1.53195303790684 0.06702195217396 0.68219975734823
    61 1.88245445529430 3.17558386819939 0.06751573701898
    69 1.04020242628603 3.24629891379540 2.67012584592087
    72 0.93786825849731 3.45229452419007 2.66609011879175
    76 1.16350310939249 3.98094345479712 2.90577621303286
    98 3.09419615803228 0.53707122655099 3.32577259795253
   115 1.04812618882200 3.58211954411962 0.71586242257379
   119 0.78971035411209 0.78956908145646 0.07439884502036
   134 2.61881091188916 3.02812407275236 3.20396930271745
   136 2.65775875527383 2.68578097776053 3.36371011516109
   139 1.65309994771204 2.49517914073503 3.06321065380891
   140 2.40835667372541 2.53071412222413 3.08024282931629
   143 2.01114739531534 2.28502960001799 3.19123788849278
   147 2.53620853371260 2.69768596356193 3.87512087744898
   149 2.65678099613701 2.90039947566638 2.23648677778136
   152 3.41961525268183 3.01523986202205 2.99567353622267
   156 2.64594958806945 2.44642449722760 2.21035725216772
   157 3.48201141917310 2.48071971085692 3.07485971311114
   163 3.56896568021453 2.61802491890286 2.73957460978143
   169 1.91695546668831 1.48456440908361 2.18165276729266
   171 1.32411343946141 1.26401460438263 2.16704101884960
   174 2.30625659919128 1.02485200604409 1.48875348697953
   177 2.26686217290922 0.58996652646533 1.42703032922509
   180 2.06711923314111 0.56248001178235 1.30315391747448
   185 1.85628563468646 0.30184619204047 1.41410444387176
   191 1.42795820025691 1.40885268957611 2.06905193325485
   195 1.23841654974222 2.58276722467988 1.98964415370452
   198 2.45468606015893 3.21724522881371 1.25398466139299
   199 2.47216009508270 3.35235509918503 1.59280770848687
   214 3.81227881036396 2.26178109091367 0.36417208578155
   215 0.21319037982554 1.66593805358931 3.96998442416495
   220 0.52171559747460 1.59955959394951 0.01282968027922
   230 2.74630546748930 1.99913897967160 0.16772428183285
   231 2.27813120866179 2.28799039681845 1.20771181429326
   235 2.14841746154038 1.58201305617353 0.81725283650267
   236 2.55037837083334 2.53272044998331 0.92479818737477
   240 2.00815003439516 1.98011424815539 1.10549568105422
   241 2.58005428712234 2.33498801315638 1.01832743409935
   243 2.60033020580607 2.48074527785837 0.14564906338735
   254 3.00504606384778 1.06794155286888 1.17466182010878
   260 2.82069028861033 3.43564113183123 1.61524601280956
   261 3.05301027744212 3.28816600372319 1.87096696967883
   264 3.16918737363287 3.66035999981768 2.10422181935768
   277 1.57440982870362 1.21772686730282 0.35819223502509
   284 0.46175740100769 2.65819039293470 1.81859469613846
   288 0.23780734064850 0.60011722963123 2.87918381352454
   290 3.90450987973573 0.37368728596563 2.91522581515734
   291 0.07194260682680 3.49081922011527 3.17919498898819
   292 0.97744791402959 0.38345118360307 2.90338837600065
   295 0.12910680147567 0.59672975249110 2.71377570917836
   300 2.83704653499713 0.31383684554716 0.61780848539872
   310 1.07945777287426 1.75026405434276 2.16817439696451
   311 1.04447605735036 2.38675766172531 2.05617500749044
   315 1.14654498367280 2.05631141243126 2.35269182765550
   332 3.02835820270792 3.62358673337282 2.47807256548920
   336 3.95939177778419 2.49615547299485 2.54919987546795
   339 0.86036447761610 2.63038072782549 2.08365503000670
   343 1.99202151318263 2.02737836303063 2.98009276335670
   346 1.19697152005825 2.11867895742907 3.08435021014066
   347 1.60096623994191 2.24390591906999 2.95937690240437
   354 0.94480908827098 2.02009359566234 2.71160948407877
   356 2.73263004282800 2.60648479164328 0.04831223755697
   358 3.65560996260253 1.03384410696121 0.51386314648269
   364 0.10275975038296 0.47662593097996 0.88116283438480
   365 3.68538676704106 0.98366645598073 0.08193484295654
   376 3.06537270403928 2.25113911074911 1.34666485483692
   380 3.54188894965728 2.65839564922435 0.09339387273321
   394 0.24054754935000 1.31353836653710 2.87309033308497
   396 0.07762008461044 0.72981081228609 2.64661816671814
   399 0.20054419024646 1.69475091447761 2.68807290926091
   403 0.22193556617852 2.19242370488645 2.85729985686085
   405 0.02681744238916 2.18575114131967 3.20514611915541
   406 0.26769895499853 1.24621456272647 3.66897128243405
   408 0.38227274155474 1.16813329753864 3.13392665788823
   410 0.51263451571633 1.27543458018191 3.74932777429247
   413 3.17596011117635 3.70464844551266 3.91603102314065
   422 3.75431661772609 1.37660927725354 3.96603432924171
   425 0.08179111298727 1.47682879910881 3.75641585724685
   429 2.96852485453858 0.25433382556492 2.95668067419051
   432 2.19551957372600 1.36764959536501 3.11745383821921
   436 2.10850734284525 1.46418298981075 1.86052216070431
   439 2.74982126272478 1.83304568044353 0.56667407115509
   440 3.36810369630848 1.59652335633826 0.78807558914400
   447 3.52197657246596 3.54945624916284 3.89504629794090
   457 1.55260033832307 0.93773365911604 2.53843112496330
   460 2.46216172969773 3.82240966134591 0.43698055585843
   473 3.52679904096507 0.49889489796179 1.67366793123762
   481 2.34229020751589 2.28389216041216 1.91748343547492
   488 0.11718589137627 0.04820200666267 2.03169007239468
   489 0.25850116669360 3.87978033815706 1.97725271772752
   500 2.18524185045350 2.41484096904330 1.18731094399625
   502 2.29321356934124 2.60259058970089 1.03361832272848
   510 2.30453902786110 3.07722459847763 1.88466553463257
   513 0.05111878534585 3.32393015794801 0.49341376582057
   519 0.21758623270544 3.25035907497580 2.58097356749643
   524 1.51430265925443 1.36072507432845 1.56026154395986
   529 1.51711469531923 3.03613818274102 3.02780723065620
   538 2.84029938678532 3.53137312075983 0.14506155983864
   544 0.23490031742782 0.97744968079879 1.68014991257443
   545 3.95150283885432 0.66651922094708 1.81954928083383
   553 2.96132520698084 2.98733940139009 2.20292965925059
   557 0.84618474744309 1.70696373834316 2.66199148510447
   559 0.39555950568768 1.57017304056394 2.64027764152282
   568 2.95014704368762 3.22770644519530 2.53231986836518
   569 3.17373041774322 3.21971382390874 2.93694092707048
   571 2.97880133774049 0.02837551786874 0.57884854557105
   573 1.49002012580387 0.77073851177734 0.13897877285253
   581 0.56859987599271 2.71946159383743 2.52457268733955
   582 0.61962325480436 2.34906078063551 2.83360629916686
   587 2.98825585825800 2.00331900709225 0.03270060915432
   605 0.79141287478751 3.53467149277178 0.40912591528956
   611 3.56054134076148 0.74950969359918 1.82343082532692
   625 1.01249481098939 3.22768868555173 0.97805284276493
   629 3.33118998600005 0.86989724330354 2.71414215347903
   630 3.22752362940341 0.51802152921982 3.01868130484139
   635 3.21603064706470 3.33265727168597 2.98223448962767
   636 3.22169463758900 3.67507789838212 2.71904818783044
   640 1.95527860456576 1.67757798021763 3.34604023360274
   645 1.39064004123843 0.26185634442132 1.80254436885010
   647 2.86074514612477 0.27261415582557 3.19864025079407
   648 2.88640047144025 3.71747301894271 3.50308035640027
   649 3.01921576801618 2.50403485032642 3.38693806268590
   650 3.01495144056110 2.44378723456211 3.90921414094693
   658 0.58824117072809 0.40142792423068 0.89095507013851
   660 3.69067769809688 2.81366423194147 0.68047660115197
   662 3.99546156696793 3.15691245027111 0.75833838754119
   663 0.07481179060646 1.45584065183602 2.89394079529624
   667 0.80992624832016 2.47927405090618 3.20348464595787
   668 3.90767267276531 3.42350186923765 2.88784295737070
   669 3.74082519870063 3.76319321091113 2.65532463260659
   673 3.30017217913760 1.50343593018053 3.49266081488986
   674 3.91721070793795 1.64300449235308 3.32105175205086
   678 0.62666208050746 3.25374850514619 0.41605184363467
   681 0.40948747490756 0.90341627941908 1.19956427553672
   691 2.42180075022289 2.14647675591859 1.74593153506585
   692 2.85340476117310 2.11502093870901 1.76014756526244
   695 0.96835977803127 1.61234815129362 2.26561845764010
   696 0.52084356752169 1.47397658245315 2.19776971891354
   698 1.67165858195626 2.93119402329922 2.89770114706332
   701 2.01219954697543 1.07263581521916 3.07701571386989
   711 2.73090365519382 3.74036416236442 0.49836837873435
   717 1.84086028322192 1.39961983628883 1.51324101205550
   718 2.02396953463598 1.18647950290250 1.34658533968868
   723 2.11035868902101 2.59444724529184 1.71715744893509
   724 1.53860574985909 2.59990715184500 2.12391745476670
   725 3.01560319868612 2.94903784681522 0.31841369881255
   726 3.52012855094671 2.85961885149821 0.23874436646779
   735 3.76224907784632 3.28439930691724 3.43290061066028
   736 3.52416749377030 3.20661422219700 3.05633875774576
   737 3.88813604686037 1.85443141545458 2.24676751723371
   738 0.18263920013911 1.69117822097211 1.86870202078917
   739 1.96873641358593 0.96728230810106 2.61540861194883
   740 2.13186288684046 1.17917959332286 2.48292238250882
   758 2.26698397455081 0.33327087627653 1.73517181488270
   760 3.40340469702936 2.68257437869188 3.22340235769681
   761 3.79644149967691 2.76118740762132 3.66782548384388
   762 0.28863977223597 2.08898525886808 3.95638734464646
   764 0.22671305124078 2.36938904703821 3.57485277163401
   777 3.37534382091037 0.47561014644785 3.76719362330464
   780 1.88820796370573 1.08065313155892 1.27548320273717
   783 1.79869721478017 0.09502192072951 1.84906564823349
   784 1.96398405046897 0.13119684906070 1.66084608463331
   791 1.98985481548401 3.34273982033576 2.20005920638282
   792 1.57551337149050 2.98688683294934 2.37326257009098
   795 3.72119390947642 3.15261016832321 0.07640954523038
   796 3.88727410159760 3.00028426091363 3.69004795501989
   797 1.95435776262691 1.91337067981212 2.36231918287974
   798 1.55754834234086 2.17275560067714 2.43967650622290
   799 3.59753475204447 3.86834097040227 0.04219058637275
   800 3.32579210480596 3.96041047949705 0.04394151373414
   806 0.98854120265905 3.51764053938848 0.00763981733313
   816 0.63137507784884 2.15235934453890 0.00907503173208
   817 0.57569415761323 2.47968206911696 3.55024251563175
   819 0.23520714584171 2.77473987960748 2.41950040025559
   821 1.38400479316826 3.03516601759385 1.09218007990806
   822 0.66092304389135 3.25417716972126 2.79814651230893
   826 3.19158066702405 0.94322834564642 0.68231104218250
   837 2.98975576660296 0.74278839803842 0.32471616447060
   838 2.57117141896497 1.58500397482312 0.58952848633374
   839 3.08177325136261 1.22806303745889 0.82200836100701
   842 1.18246214077699 0.15049139497783 3.51534326584857
   844 1.03019934652334 0.10008898052409 3.10063361595720
   847 3.88093946434067 2.43667662046058 0.73835985276941
   854 0.48734946177080 3.39303587477775 3.20158031776120
   862 1.83747548090806 3.50105679657102 3.40272597870734
   866 1.66845197929711 1.67487462092453 0.15010125464603
   869 3.80492921338192 0.46119748810562 3.71521980006615
   870 3.95836379612646 0.76539387099447 3.93682819253669
   871 3.90312998532520 3.82153604836544 0.49977609938386
   874 0.75504677043550 3.09771894601355 2.78475504389706
   877 3.93645334966910 0.19033011847516 3.81615883080779
   881 2.41046492835246 1.49353688418147 0.32808799721792
   882 2.84301014832952 0.01714910115629 1.69387699643503
   883 2.99734439970355 0.06264742874741 1.91203840860442
   884 2.00706096049165 1.47815519812815 0.49420870732115
   885 1.83998514055419 1.17394750876634 0.53536046795358
   890 3.26630045928884 1.37591315544894 1.58206263539626
   899 3.31214477536736 1.15355782274460 2.79490894683464
   900 3.09387639779854 1.31446796270037 3.36512680653845
   903 2.98785198338091 0.92663176381475 3.55021628450630
   904 3.27195900367810 0.75263768327530 3.92089730722252
   905 2.51570961168647 2.19488316763659 2.76636764420246
   907 0.94206957635640 1.94812270807749 0.26888473829558
   908 0.79151520414207 1.99139251736515 0.00367061605787
   909 1.82227541524303 3.63621327369283 1.85896273069268
   910 2.05384380831430 3.66854713361695 1.59125504254504
   911 2.67398046391959 1.30725580986533 3.51114762133745
   912 2.46465718280472 1.70173687146405 0.01967154372536
   913 2.29077272803037 1.46523475368146 2.85907092546688
   914 2.15737617796863 1.90686268932035 2.76591997320883
   915 3.39030552150597 1.31630358202852 1.71186168613555
   916 0.01684284664583 1.45621855028219 1.62303301551441
   917 0.05395666027946 3.63591850286818 2.11734842731293
   918 3.89477221039848 3.76955387758350 2.18756231670223
   920 1.21902859955257 0.82299099655520 1.63690003964136
   922 2.71142816468874 0.98555901789681 3.61372746141346
   923 2.60827787035294 0.92474159465642 0.11011668309160
   926 0.18442847719637 3.97177020400187 3.32016739004506
   927 0.01911264605230 0.38115981951346 3.06739890280431
   928 1.47346868625279 1.20983719902469 1.46570799763483
   933 2.34076873917674 0.57453349008666 2.28032932710761
   938 1.88248256708711 2.69436737041135 0.65078699617941
   941 0.84241255800268 3.93129863205810 3.68114308595462
   942 0.65011031065767 3.85445004524978 3.33562508034524
   946 2.36033756938145 1.21932088739405 1.86109715100854
   948 3.06086547412339 1.49664333592897 1.81836617171262
   949 3.31248010898027 3.12277745531399 1.69603536102759
   952 3.44529045866950 1.72076333585144 1.10510678266096
   954 3.96392398142292 3.32410675516037 1.83629066941793
   955 0.17096009348278 2.74497063676771 2.04932935509565
   957 0.93354923345422 0.27930037267294 2.28555659086711
   958 1.11371486440294 0.28361964871024 2.68366155973850
   959 1.34373000736124 3.57870214972497 0.00899617223098
   960 1.59623171742472 3.27595329411858 3.83409227950703
   966 2.38969125418543 1.02802114090512 2.26368456557179
   970 2.71074159447279 0.40843634084906 2.37610326763020
   971 2.67480124038682 0.23830528206579 2.59361450995369
   972 0.06709890269245 0.31320097818867 1.27172178402044
   977 1.51507780409573 0.66798223154769 3.75309702209308
   978 1.23380462404233 0.59803963771933 3.62783944976396
   980 2.14139617079097 0.51274222920529 2.47595667729731
   982 1.26550898356044 0.48038949581573 2.08651007941023
   983 1.47975615920682 0.51676311792216 2.40543616370308
   984 1.91287540495066 0.32606466170138 2.38737347522157
   989 3.88899162435347 0.29010936450496 1.07119615461645
   992 0.51525180368405 3.11575917318274 1.37827491465208
   995 3.18464821485406 3.98626633140255 0.97466792238844
   997 0.29773161740035 0.12774702790236 0.41500606295943
   998 0.31824521849619 0.32839283265297 0.54936363012026
  1000 0.35014974186899 2.50699396489376 0.89852737949761
  1001 0.43313215296592 2.93822435502410 0.92677746604655
  1002 0.31603882958956 0.26713631704460 0.17393344626837
  1003 0.32864954512112 0.42409364563795 0.23479078489322
  1007 2.87242758177157 2.02540885503128 2.83220281160013
  1010 0.31801343361501 3.82154621337317 1.61318499105839
  1011 0.14265717351784 3.45256730957825 1.52772746753932
  1012 3.27603427783606 2.46889015303810 1.35570822661003
  1015 3.80253267480988 3.45750953086519 1.12844360647319
  1016 3.72172187763391 3.90833986818619 0.91809937495355
  1018 3.14707236251964 0.86403227998291 2.41174508348819
  1019 3.11538089494141 2.20797796420376 3.17944816227402
  1020 3.11725711910909 1.63768425577892 3.49085371985401
  1021 2.97537433116129 1.41881551655420 3.36330831922848
  1022 2.80387835279932 1.53655838457149 2.89970776728104
  1023 2.26621018523675 0.31051156233398 2.67639931710753
  1026 0.72269468800536 3.00491223494812 0.74015410296689
  1028 3.80896549425717 2.34667291736366 2.26648937534976
  1030 3.09954609772527 1.31215208735039 2.56811749500482
  1032 3.28992845591226 1.65820128838794 2.25269997636418
  1036 3.91978049393193 2.49004633080776 1.99529738170723
  1037 3.36553779897372 2.69178191804578 1.81304570472603
  1038 3.01470736500331 1.15705979440886 2.37614594153918
  1039 3.18230316899202 1.44147563602181 1.96948143055708
  1040 3.74326702826182 2.18145646951761 1.12455077851459
  1043 1.06250582031234 3.86234376332787 1.84870539991431
  1047 2.77277732210636 3.25365718500891 1.11767656633373
  1048 0.79828570518246 3.78668842496806 1.49526510697967
  1049 0.88493626015058 3.29484817684616 1.34498256477927
  1050 3.23851015296719 3.17528840691652 1.34998828244599
  1051 2.95988589246209 3.36505681564193 1.31247912197743
  1057 1.70159222207953 3.78521462459137 3.06362503820991
  1059 2.03492925348435 0.07452161476678 2.62195540902187
  1060 3.20167485165730 2.84963138040897 1.11302789286470
  1061 2.91731615920791 2.89298671795305 0.96073012135075
  1071 1.32609683778052 2.75171550625286 3.66642545824126
  1073 1.24569524783818 1.90462868302371 3.30315761005698
  1091 0.72133339729880 0.86927671469991 1.12665389133495
  1096 0.75368197330809 0.52302123483179 0.90057606189698
  1097 0.98366408501248 0.84998148995500 0.37005317536225
  1098 1.77753362849070 3.37440062713780 3.13872576633535
  1100 1.35106962395517 2.75919729479090 3.27112417706904
  1101 0.87795114851454 2.71755000354480 3.24560033413296
  1105 1.72581121043967 1.65271693948858 3.43922143303086
  1106 1.66133382177666 1.12617701424873 3.26127803562212
  1109 1.77168312408067 3.82654047987038 3.33904930888683
  1113 0.77432030725294 3.08089375101106 3.91213614245537
  1115 0.86777581346720 2.83359401808090 3.83753976182685
  1120 1.45695827873287 0.03957233649745 3.62767227366188
  1121 1.66058984428509 0.48189964483835 3.80572049866559
  1122 0.55799336076326 3.00001776890531 3.61539480026382
  1123 0.68882405802942 2.79088610745661 3.57296131833244
  1124 0.75997032603564 1.21262989388567 3.25314642855263
  1125 1.12036148268341 0.85596829864047 3.18348941933179
  1127 1.32823991409205 1.06908633760762 3.04534734235011
  1128 1.03164150631502 1.43823465554665 3.07259516154017
  1131 1.50214342622522 2.18117275410845 0.37017673950268
  1133 2.37201255398921 2.55144173360271 3.99092268373097
  1134 1.94998466032640 2.69513121185723 0.16824677610727
  1135 2.11005088850152 1.83357609693295 3.86594601893364
  1136 1.75505080546125 1.66126790033968 0.26516718361892
  1137 2.00373888817390 2.22053812265366 3.79819389752553
  1138 1.71046598838004 2.40583382409124 3.99319347926117
  1140 2.42049446831002 2.95312486512709 2.96650069886933
  1141 2.57944240463133 3.09560707569820 2.55149243615887
  1142 0.68357599913524 1.43673109322747 0.87547407263516
  1143 0.77029380489869 1.50661217109564 0.43360987182427
  1145 1.97531925264261 3.15190881447101 2.91898393688184
  1146 2.14234908675078 3.39727586220926 2.50331069417153
  1147 1.00507153831122 1.20367403087440 0.54268012218419
  1148 0.87488452736258 1.22849131330578 0.91758878152624
  1164 3.13472187746368 2.16456645025165 2.37447864495318
  1166 2.94338976543961 2.36084297877209 2.13909815233745
  1167 3.42845779067695 2.46528306552894 2.38297851827518
  1168 3.17936049449863 2.64091429001584 2.13030661031030
  1169 2.08525192210863 0.34752520864721 0.73275573749178
  1170 2.40328777715615 0.25783769369983 0.50886094031935
  1172 2.24441410327518 0.55645076370867 0.19900405138673
  1173 1.97352828411727 0.63228047438268 0.36996219315327
  1174 0.06683227811124 1.60756974455773 1.33262247242096
  1176 0.28213855305116 1.32852522224183 1.02222792764018
  1177 3.62193216306745 1.75971288218287 1.05623013111500
  1205 2.95234906816232 0.45249980483354 1.05246841133607
  1206 3.11793979288729 0.68063501914721 1.05040008130909
  1212 3.10809292687589 0.29065136305512 1.17177892619354
  1213 3.31734377675208 0.45612815896750 1.20631280816335
  1229 0.94083924991255 2.01721518720071 1.80201351031008
  1238 0.81045085987959 1.88617328666515 1.10907932776271
  1239 1.13749258356659 1.90685949754677 1.39898980885580
  1332 1.58339501203445 2.34591165906823 0.69767051362943
  1333 1.83417238966906 2.20827106860446 1.06031180774497
  1335 1.47123621966510 2.30142086311748 1.23205923495851
  1336 1.43980643836435 2.53971766339545 0.92485683737987
  1337 1.32894471136295 3.42960192309503 1.87738015812038
  1339 1.17822702595024 3.14557566185055 1.56174884729226
  1345 1.22021014781401 3.15364298082857 2.33388363580234
  1346 1.07352703758583 2.77800891735266 2.02767623940170
  1352 1.97672908184792 3.69197088124678 0.79789929138270
  1354 2.04201076433121 3.43694813600838 1.13909785758395
  1355 1.71680216443812 3.47307547004541 0.63736943509114
  1356 1.71536528664176 3.16384397124760 0.93150971260612
  1377 2.18463593634890 0.15936987357042 3.47038820008405
  1378 2.10124292048535 0.42911241455881 3.64870687751713
  1385 2.29501776450279 0.62585085333153 3.37894393480354
  1386 2.36850139317338 0.38217650977788 3.22959775559857
  1395 3.57797185088543 1.80826287507410 0.38799012086896
  1396 3.79887818055734 1.54504609965930 0.23966599141442
  1400 3.54300741627747 1.62528424043039 0.71562234941111
  1401 3.75604110570367 1.38366096049687 0.56486807273890
  1437 0.32099819859966 2.02503285886348 1.45053565478251
  1439 0.34715979783124 2.03996953244966 1.57102046822339
  1440 0.25304410005176 2.15146998929789 1.42316697739404
  1441 0.27992995623497 2.19257900214882 1.58496160039555
  1450 2.36778730632270 3.30444348003361 3.83820113381833
  1451 2.52839165684447 3.55305050069929 3.95246827102739
  1455 2.36812048223489 3.40783096884247 3.60229829457779
  1456 2.49990742673024 3.62664294644371 3.67842460811531
  1458 0.87420423390685 2.05916366146746 0.89591214382226
  1459 1.09458926599778 2.40033473498302 0.65530851411781
  1460 0.72325489985885 2.39094247081985 0.63445935516275
  1461 0.86410021625635 2.55589941824801 0.57883471211434
edges 766
16      2      0
17      0      8
32     16     41
33     41     37
34     37     18
84     58     59
85     59     52
93     59     47
101     76     72
102     72     14
111     72     69
177    115     47
181     59      0
189    115      8
218    143    139
224    134    136
225    136    147
229    140    136
231    143    140
232    149    156
246    152    163
247    163    157
272    171    191
273    191    169
284    185      2
292    177    180
293    180    185
295    171     18
303    174    177
313    199    198
363    220    215
382    230    243
389    241    236
390    236    243
391    231    240
395    231    241
398    235    240
419    254    174
433    260    261
438    264    261
486     16    295
487    295    290
496    295    288
501    292    288
524    260    199
526     58    185
537    310    191
544    195    311
553    311    315
554    315    310
584    264    332
588    163    336
596    339    284
597    311    339
612    354    346
623    347    346
624    354    315
625    343    347
629    243    356
632    147    356
636    343    143
641    365    358
642    358    364
669    139    347
690    376    241
700    214    380
736     41    396
737    396    394
760     11    364
766    403    336
767    399    403
774    157    405
775    405    403
776    119    410
782    406    410
785    408    288
786    406    408
825    410    220
835    365    422
839    425    215
843    425    422
844    396    295
849    406    425
850    394    408
886    169    436
890    439    440
892    230    439
895    241    439
921    413    447
947    171    457
998     36    473
1021    156    481
1042    488    489
1045     36    488
1048     16    488
1049     14    489
1079    500    502
1081    231    500
1083    236    502
1086    198    502
1109    199    510
1112    149    510
1153    191    524
1172     69    529
1194    413    538
1214    544    545
1218     36    545
1220     37    544
1221     41    545
1242    149    553
1243    261    553
1256    557    559
1260    394    559
1261    354    557
1263    399    559
1289    568    569
1290    553    568
1292    332    568
1293    152    569
1294    134    569
1301    300    571
1307     52    573
1308    277    573
1333    581    582
1336    339    581
1337    403    582
1339    354    582
1355    230    587
1410    115    605
1431    545    611
1432    473    611
1476    115    625
1486    629    630
1487    396    629
1490    290    630
1491     98    630
1492    429    630
1507    635    636
1510    569    635
1512    429    636
1513    332    636
1525    343    640
1528    432    640
1540      2    645
1546    647    648
1547     98    647
1549    429    647
1550    413    648
1552    635    648
1553    649    650
1554    136    649
1557    356    650
1558    587    650
1559    380    650
1584      8    658
1586     11    658
1591    660    662
1595    513    662
1602    394    663
1605    399    663
1612    346    667
1614    582    667
1615    668    669
1617    519    668
1618    291    668
1619    636    669
1621    290    669
1631    673    674
1634    422    673
1635    405    674
1636    663    674
1637    425    674
1648    513    678
1649    605    678
1658    544    681
1660     11    681
1691    691    692
1692    481    691
1693    436    691
1694    231    691
1697    376    692
1705    695    696
1706    310    695
1707    557    695
1708    171    695
1710    559    696
1711     37    696
1716    139    698
1718    529    698
1729    432    701
1760    571    711
1761    538    711
1762    460    711
1779    717    718
1780    524    717
1781    436    717
1782    240    717
1784    174    718
1785    235    718
1800    723    724
1801    481    723
1802    510    723
1803    500    723
1806    195    724
1807    725    726
1808    356    725
1809    538    725
1811    380    726
1813    660    726
1839    735    736
1841    447    735
1842    291    735
1843    152    736
1844    635    736
1845    668    736
1846    737    738
1847    399    737
1850    696    738
1853    739    740
1855    701    739
1856    457    739
1859    169    740
1920    177    758
1922    760    761
1923    152    760
1924    649    760
1925    157    760
1927    380    761
1930    762    764
1932    214    762
1934    761    764
1935    215    762
1937    405    764
1980     98    777
1988    180    780
1989    718    780
1998    783    784
2001    645    783
2002    758    784
2004    185    784
2023    791    792
2024    510    791
2027    724    792
2028    698    792
2037    795    796
2038    726    795
2039    513    795
2040    447    795
2041    761    796
2043    735    796
2044    797    798
2045    169    797
2046    481    797
2048    315    798
2049    724    798
2050    347    798
2051    799    800
2054    447    799
2055    571    800
2056    777    800
2057    413    800
2077    605    806
2106    816    817
2108    762    816
2110    667    817
2111    764    817
2117    581    819
2118    519    819
2119    336    819
2126    625    821
2130    519    822
2133     72    822
2142    358    826
2173    826    837
2176    300    837
2177    838    839
2178    439    838
2180    235    838
2181    440    839
2182    826    839
2183    254    839
2192    842    844
2196     76    844
2199    292    844
2208    660    847
2210    214    847
2232    822    854
2233    291    854
2270    277    866
2278    869    870
2281    406    870
2283    777    869
2284    365    870
2286    513    871
2287    799    871
2296    581    874
2297    822    874
2298     69    874
2307    799    877
2308    869    877
2318    838    881
2322    882    883
2324    758    882
2325    260    882
2326    473    883
2328    264    883
2329    884    885
2331    881    884
2332    235    884
2333    277    885
2335    780    885
2352    254    890
2377    899    900
2378    663    899
2380    629    899
2381    673    900
2391    903    904
2392     98    903
2394    900    903
2395    777    904
2396    837    904
2397    365    904
2399    140    905
2401    156    905
2405    907    908
2407    866    907
2409    220    908
2411    816    908
2412    909    910
2413    791    909
2414    783    909
2416    199    910
2417    784    910
2419    911    912
2420    432    911
2424    881    912
2425    230    912
2426    913    914
2427    432    913
2429    740    913
2430    343    914
2431    905    914
2432    797    914
2433    915    916
2434    611    915
2435    890    915
2437    544    916
2439    738    916
2440    917    918
2442    519    917
2443    489    917
2444    264    918
2445    669    918
2446    488    918
2451     18    920
2454      2    920
2456    922    923
2458    911    922
2459    903    922
2461    881    923
2462    837    923
2470    926    927
2472    877    926
2473    291    926
2474    288    927
2475    869    927
2476    290    927
2478    780    928
2479    920    928
2480    524    928
2495    758    933
2513    502    938
2521    941    942
2523    842    941
2524    806    941
2525    926    942
2526    844    942
2527    854    942
2538    946    948
2540    174    946
2542    890    948
2543    436    946
2545    692    948
2549    261    949
2556    890    952
2557    440    952
2558    376    952
2562    954    955
2564    949    954
2565    917    954
2566    284    955
2568    819    955
2571    957    958
2573     14    957
2574     76    958
2576     16    957
2577    292    958
2578    959    960
2579    806    959
2580     47    959
2583     61    960
2584    862    960
2602    740    966
2603    946    966
2604    933    966
2615    970    971
2617    933    970
2618    883    970
2619    429    971
2621    332    971
2625     36    972
2628     11    972
2638    977    978
2641    573    977
2642    842    978
2644    119    978
2649    739    980
2652    933    980
2654    982    983
2655     18    982
2656    957    982
2657    645    982
2658    457    983
2659    958    983
2662    783    984
2663    980    984
2664    983    984
2679    364    989
2680    972    989
2690    284    992
2696    571    995
2702    997    998
2704    605    997
2705    658    998
2707    871    997
2708    364    998
2711   1000   1001
2714    992   1001
2716    847   1000
2717    662   1001
2718   1002   1003
2719    877   1002
2720    997   1002
2721    941   1002
2722    870   1003
2723    998   1003
2724    119   1003
2740    905   1007
2743   1010   1011
2744    489   1010
2746    972   1010
2747    954   1011
2748    992   1011
2756    376   1012
2759   1015   1016
2760   1011   1015
2762    662   1015
2763    989   1016
2764    995   1016
2765    871   1016
2770    629   1018
2771    970   1018
2772    611   1018
2773   1019   1020
2774    649   1019
2775   1007   1019
2776    157   1019
2777    587   1020
2779    673   1020
2780   1021   1022
2781    911   1021
2782   1020   1021
2783    900   1021
2784    913   1022
2785   1007   1022
2788    980   1023
2790    971   1023
2798    678   1026
2799   1001   1026
2800    625   1026
2805    737   1028
2808    336   1028
2811   1030   1032
2813    899   1030
2815    737   1032
2816   1022   1030
2828   1036   1037
2829    955   1036
2830   1028   1036
2832    949   1037
2834   1012   1037
2835   1038   1039
2836    966   1038
2837   1030   1038
2838   1018   1038
2839    948   1039
2840   1032   1039
2841    915   1039
2843    847   1040
2845   1012   1040
2853    645   1043
2856     14   1043
2863    198   1047
2866    711   1047
2867   1048   1049
2868   1010   1048
2869   1043   1048
2870      8   1048
2871    992   1049
2873    625   1049
2874   1050   1051
2875   1015   1050
2877    949   1050
2878    995   1051
2879   1047   1051
2880    260   1051
2898   1057   1059
2900     76   1057
2902    984   1059
2905   1023   1059
2906   1060   1061
2907    660   1060
2908   1050   1060
2909   1012   1060
2910    725   1061
2911   1047   1061
2912    236   1061
2942    960   1071
2950    346   1073
2953    908   1073
3006    681   1091
3007    920   1091
3020   1096   1097
3021      0   1096
3022   1091   1096
3023    658   1096
3024    573   1097
3026    119   1097
3028    862   1098
3029   1057   1098
3030    529   1098
3034   1100   1101
3035    139   1100
3036   1071   1100
3037    529   1100
3038    667   1101
3040    874   1101
3050   1105   1106
3051    866   1105
3052   1073   1105
3053    640   1105
3054    977   1106
3056    701   1106
3067    862   1109
3070   1057   1109
3077    678   1113
3080    806   1113
3083   1071   1115
3084   1113   1115
3098   1120   1121
3099    842   1120
3100   1109   1120
3101    959   1120
3102    977   1121
3104     52   1121
3105   1122   1123
3106    854   1122
3107    796   1122
3108   1113   1122
3109   1101   1123
3110    817   1123
3111   1115   1123
3112   1124   1125
3115    410   1124
3116    978   1125
3118    408   1124
3119    292   1125
3121   1127   1128
3122    457   1127
3123   1125   1127
3124   1106   1127
3125    557   1128
3126   1124   1128
3127   1073   1128
3139   1133   1134
3141    147   1133
3142     61   1134
3144    243   1133
3145    938   1134
3146   1135   1136
3147    912   1135
3149    640   1135
3150    884   1136
3151   1131   1136
3152    866   1136
3153   1137   1138
3154   1135   1137
3155   1133   1137
3156    143   1137
3157   1131   1138
3158   1134   1138
3159   1071   1138
3162   1140   1141
3164    140   1140
3165    149   1141
3167    134   1140
3168    568   1141
3169   1142   1143
3173    907   1143
3176    220   1143
3178   1145   1146
3179   1098   1145
3180   1140   1145
3181    698   1145
3182   1059   1146
3183   1141   1146
3184    791   1146
3185   1147   1148
3186   1097   1147
3187   1143   1147
3188    277   1147
3189   1091   1148
3190   1142   1148
3191    928   1148
3241   1164   1166
3243   1007   1164
3245    156   1166
3246   1032   1164
3248    692   1166
3249   1167   1168
3250   1028   1167
3251   1164   1167
3252    163   1167
3253   1037   1168
3254   1166   1168
3255    553   1168
3256   1169   1170
3259     58   1169
3260    460   1170
3262    180   1169
3263    300   1170
3265   1172   1173
3266    923   1172
3267   1170   1172
3269    885   1173
3270   1169   1173
3271     52   1173
3273   1174   1176
3275    916   1174
3277    681   1176
3280   1142   1176
3282   1040   1177
3283   1174   1177
3284    952   1177
3370   1205   1206
3372    177   1205
3373    254   1206
3375    300   1205
3376    826   1206
3393   1212   1213
3394    882   1212
3395    995   1212
3396   1205   1212
3397    473   1213
3398    989   1213
3399   1206   1213
3446    311   1229
3449    310   1229
3475   1238   1239
3476   1142   1238
3479    524   1239
3480   1229   1239
3777   1332   1333
3780    938   1332
3781    500   1333
3783   1131   1332
3784    240   1333
3786   1335   1336
3787   1239   1335
3788   1333   1335
3789    195   1335
3791   1332   1336
3792    821   1336
3794   1337   1339
3796    909   1337
3798    821   1339
3799   1043   1337
3801   1049   1339
3818   1345   1346
3819   1337   1345
3820     69   1345
3821    792   1345
3822   1339   1346
3823    339   1346
3824    195   1346
3842   1352   1354
3844    460   1352
3846    198   1354
3847     58   1352
3849    910   1354
3850   1355   1356
3851     47   1355
3852   1352   1355
3853     61   1355
3854    821   1356
3855   1354   1356
3856    938   1356
3921   1377   1378
3925   1172   1378
3927   1109   1377
3928   1121   1378
3946   1385   1386
3947    922   1385
3948   1378   1385
3949    701   1385
3950    647   1386
3951   1377   1386
3952   1023   1386
3978   1395   1396
3980    587   1395
3981    214   1395
3983    422   1396
3984    215   1396
3994   1400   1401
3995   1395   1400
3996    440   1400
3997   1177   1400
3998   1396   1401
3999    358   1401
4000   1176   1401
4114   1437   1439
4116   1238   1437
4118   1229   1439
4119   1174   1437
4121    738   1439
4122   1440   1441
4123   1040   1440
4124   1437   1440
4125   1000   1440
4126   1036   1441
4127   1439   1441
4128    284   1441
4154   1450   1451
4155    147   1450
4157     61   1450
4158    538   1451
4160    460   1451
4170   1455   1456
4171    862   1455
4172    134   1455
4173   1450   1455
4174   1377   1456
4175    648   1456
4176   1451   1456
4179   1458   1459
4181    907   1458
4182   1131   1459
4184   1238   1458
4185   1336   1459
4186   1460   1461
4187   1000   1460
4188   1458   1460
4189    816   1460
4190   1026   1461
4191   1459   1461
4192   1115   1461
polygons 447
0   1540   2451   2454   2655   2657
3     16     17   1540   2853   2869   2870
4     16   2454   3007   3021   3022
5   2573   2656   2657   2853   2856
7     32     33     34   2576   2655   2656
10   1584   1586   2628   2746   2868   2870
11     17   1584   3021   3023
13   1586   1660   3006   3022   3023
15   1214   1218   1658   1660   2625   2628
16   1049   2744   2856   2868   2869
17   1042   1048   1049   2573   2576
18     32   1045   1048   1218   1221
19     34   1220   1658   2451   3006   3007
21   1042   1045   2625   2744   2746
22     33   1214   1220   1221
23   3844   3852   3853   4154   4157   4160
27   3260   3267   3921   3925   4160   4174   4176
28     84     85   3259   3270   3271
29   3256   3259   3260   3844   3847
30   3104   3265   3271   3925   3928
31   2578   2584   3067   3100   3101
32     85     93   2580   3098   3101   3104
33     93     84   3847   3851   3852
34   2578   2580   2583   3851   3853
36   2583   2584   4157   4171   4173
37   2574   2659   2664   2898   2900   2902
38    101    102   2571   2573   2574
39   2001   2414   2853   3796   3799
40   2023   2413   3796   3819   3821
42    102    111   2856   3799   3819   3820
43   2413   2414   2662   2902   3182   3184
44   1172   1718   2028   3820   3821
45    111    101   1172   2900   3029   3030
47   1486   1492   2615   2619   2770   2771
48   2380   2770   2813   2837   2838
49   1491   1492   1547   1549
51   2394   2458   2459   2781   2783
54   1547   2392   2459   3946   3947   3950
56   1729   2420   2458   3947   3949
57   1549   2619   2790   3950   3952
58   1853   2602   2604   2649   2652
60   2420   2427   2780   2781   2784
61   1729   1853   1855   2427   2429
62   2429   2602   2784   2816   2836   2837
63   1486   1491   2377   2380   2392   2394
67    177   1410   2077   2579   2580
68   1307   2641   3102   3104
69     85    181   1307   3020   3021   3024
70   2638   2641   2644   3024   3026
71    177    189     17    181     93
73    189   1410   1584   2702   2704   2705
75   2638   2642   3098   3099   3102
76   2523   2524   2579   3099   3101
77   2523   2642   2644   2718   2721   2724
78   2705   2723   2724   3020   3023   3026
81   2077   2524   2704   2720   2721
82   2583   2942   3142   3158   3159
83   1716   1718   3035   3037
84    218   3035   3036   3153   3156   3159
85   3139   3141   3142   4155   4157
86   2584   2942   3028   3030   3036   3037
87    224    225   4155   4172   4173
88    229    224   3164   3167
89   3028   3167   3179   3180   4171   4172
90    218    231   1716   3164   3180   3181
91    229    231    225   3141   3155   3156
92    232   1242   3245   3254   3255
93    232   2399   2401   3162   3164   3165
94   1242   1290   3165   3168
95    246    247   1923   1925
96    224   1293   1294   1554   1923   1924
97   1924   1925   2774   2776
100   1289   1294   3162   3167   3168
101    246   1289   1290   1293   3249   3252   3255
102   2401   2740   3241   3243   3245
103    247   2775   2776   3243   3251   3252
104    229   1554   2399   2740   2774   2775
107   1856   2649   2658   2663   2664
108    272    273    947   1853   1856   1859
109    273    886   1153   1780   1781
110    886   1859   2543   2602   2603
111    284   1540   1998   2001   2004
112    292    293   1920   2002   2004
114    295    272   1153   2451   2479   2480
115    295    947   2654   2655   2658
119    303   1920   2495   2540   2603   2604
121   1779   1780   1989   2478   2480
122    292    303   1784   1988   1989
123   1779   1781   1784   2540   2543
124    284    293   1988   2454   2478   2479
125   1998   2002   2495   2652   2662   2663
126    313   1079   1086   1109   1802   1803
127   1800   1803   1806   3781   3788   3789
128   1086   2513   3846   3855   3856
129   1109   2024   2412   2413   2416
130   1806   2027   3818   3821   3824
131   2412   3794   3796   3798   3849   3854   3855
133   3786   3789   3792   3798   3822   3824
134    313   2416   3846   3849
135   1932   2108   2210   2716   4187   4189
136   2210   2843   3282   3981   3995   3997
139   3273   3280   3476   4116   4119
141   2405   2411   4181   4188   4189
143   3169   3173   3476   4181   4184
145    363   3169   3176   3280   3984   3998   4000
146   2405   2409   3173   3176
148   1932   1935   3978   3981   3984
149    363   1935   2108   2409   2411
150   4116   4124   4125   4184   4187   4188
151   2578   2579   2942   3080   3083   3084
152   1172   2298   3034   3037   3040
154   3028   3029   3067   3070
155   2192   2196   2900   3070   3099   3100
156    101   2133   2196   2232   2526   2527
159    111   2133   2297   2298
160    892   2178   2318   2424   2425
161    382   2425   3144   3147   3154   3155
162    389    390    382    892    895
163    391   1081   3781   3784
164    395    398    391    895   2178   2180
165    389    395   1079   1081   1083
166    390   1083   2513   3139   3144   3145
167   2331   2424   3146   3147   3150
169    398   2332   3150   3151   3777   3783   3784
171   2180   2318   2331   2332
173   1432   2352   2434   2435   3373   3397   3399
174   1920   2324   3372   3394   3396
176    419    303   3370   3372   3373
178    419   2352   2538   2540   2542
179   2435   2542   2839   2841
180   1432   2326   2618   2771   2772
181   2434   2772   2835   2838   2841
182   2325   2878   2880   3394   3395
183    433   2549   2874   2877   2880
184    438    433   2322   2325   2328
185    438   2440   2444   2549   2564   2565
186   2443   2565   2743   2744   2747
187   2564   2747   2760   2875   2877
188    998   2625   2680   3397   3398
191    998   1045   2326   2328   2444   2446
192   1528   1729   3050   3053   3056
193   2270   2329   2333   3150   3152
194   2456   3266   3925   3947   3948
195   1307   1308   2333   3269   3271
199   1308   2270   2641   3050   3051   3054
200   3054   3056   3102   3928   3948   3949
201   2714   2717   2748   2760   2762
202   2690   2711   2714   4122   4125   4128
203   2832   2834   2877   2908   2909
204   2208   2843   2845   2907   2909
205   2566   2829   4126   4128
207   2562   2566   2690   2747   2748
210   2196   2199   2574   2577
211    486    487   1048   1621   2445   2446
212    102   1049   2130   2133   2442   2443
213   1617   1618   2130   2232   2233
214   1615   1618   1621   2470   2473   2476
215    487    496   2474   2476
216   2233   2473   2525   2527
217    501    496    486   2571   2576   2577
219    501   2199   2470   2474   2525   2526
223   1301   2696   3375   3395   3396
224   1760   2696   2866   2878   2879
226   1301   1760   1762   3260   3263
227    292   3256   3262   3263   3372   3375
228   1762   2863   2866   3842   3844   3846
230    524   2002   2324   2325   2416   2417
231    313    524   2863   2879   2880
234    526   2004   2417   3842   3847   3849
235    293    526   3259   3262
240    537   1153   3449   3479   3480
241   1780   1782   3479   3784   3787   3788
243    544   3446   3480   3787   3789
244   1081   1692   1694   1801   1803
246    391   1693   1694   1781   1782
248    553    554   3446   3449
249    554    273    537   2044   2045   2048
250    544    553   1806   2048   2049
251    886   1692   1693   2045   2046
253   2039   2040   2054   2286   2287
254   1841   1842   2054   2307   2472   2473
255   1842   2043   2233   3106   3107
257   2472   2521   2525   2719   2721
258   1648   1649   2286   2704   2707
261   1293   1510   1843   1844
262   1289   1292   1507   1510   1513
263    438    584   1243   1290   1292
264    584   1513   1619   2444   2445
265    588   2808   3250   3252
266   1243   2549   2832   3253   3255
267   2119   2568   2808   2829   2830
268    588    246   1617   1843   1845   2118   2119
269   1507   1615   1619   1844   1845
270   2126   2873   3798   3801
271   2714   2799   2800   2871   2873
272    596   2690   2871   3801   3822   3823
273    544    597   3823   3824
274    596    597   3446   4118   4127   4128
275   1525   1528   2426   2427   2430
276    537    272   1706   1708
277   1859   2045   2426   2429   2432
279    612   1261   2950   3125   3127
280    947   1707   1708   3121   3122   3125
281   1855   1856   3056   3122   3124
284    623    612    624   2048   2050
285    625   2044   2050   2430   2432
286    623    625   1525   2950   3052   3053
287    624    554   1261   1706   1707
289   1355   2419   2425   2777   2781   2782
290    382    629   1355   1557   1558
291    632    629   3141   3144
294    636   1525   3149   3154   3156
295    231    636   2399   2430   2431
296    632    225   1553   1554   1557
297    641   2142   2173   2396   2397
298    642   2142   2679   3376   3398   3399
299    641    642   2284   2708   2722   2723
300   2679   2702   2707   2708   2763   2765
301   1301   2055   2056   2176   2395   2396
302   2051   2055   2287   2696   2764   2765
303   2173   2176   3370   3375   3376
304   2278   2283   2284   2395   2397
305   2270   2407   3173   3187   3188
306   2333   2335   2478   3185   3188   3191
307   3783   3791   4182   4185
309   1785   1989   2329   2332   2335
310   2480   3190   3191   3475   3476   3479
311   2407   3151   3152   4179   4181   4182
313    398   1779   1782   1785
314   1021   2046   2401   2431   2432
315    669   1716   2027   2028   2049   2050
316   1112   2024   3165   3183   3184
319    232   1021   1112   1801   1802
320    669    218    636    625
322   3142   3145   3850   3853   3856
323   1083   1086   2863   2911   2912
326   1761   1762   4158   4160
327   1761   1809   2866   2910   2911
328    629    390   1808   2910   2912
329    632   1808   1809   4154   4155   4158
331   1292   2621   2790   2905   3168   3182   3183
332   1512   1513   2619   2621
333   1294   1510   1552   4170   4172   4175
334    690    389   2756   2906   2909   2912
335   1557   1559   1807   1808   1811
336   1807   1813   2906   2907   2910
338    890    892   1355   3980   3995   3996
339    700   1558   1559   3980   3981
341   2558   2756   2845   3282   3284
342    690    890    895   2557   2558
343    700   1811   1813   2208   2210
345   2557   3284   3996   3997
348   1846   2433   2439   2815   2840   2841
349   2545   2839   2840   3241   3246   3248
350   2805   2815   3246   3250   3251
351   1697   2756   2834   3248   3253   3254
352   2439   3275   4114   4119   4121
353   1697   2542   2545   2556   2558
354   1846   2805   2830   4121   4126   4127
355    433    524   1109   1112   1242   1243
358    584   2328   2615   2618   2621
360   1263   1710   1846   1847   1850
361   1220   1711   1850   2437   2439
362   1260   1263   1602   1605
363     33    736    737   1260   1710   1711
364    736   1221   1431   1487   2770   2772
365    737   1487   1602   2378   2380
369   1605   1847   2378   2811   2813   2815
372   1410   1476   1649   2798   2800
373   3083   3157   3159   4182   4191   4192
376    177   1476   2126   3850   3851   3854
378    189   1476   2867   2870   2873
380   1595   2286   2759   2762   2765
382    760   1586   2705   2708
384   1595   1648   2717   2798   2799
386    760   2628   2679   2680
387    597    553    624   1333   1336   1339
388    596   1336   2117   2566   2568
389    766   1333   1337   2117   2119
390    767   1256   1261   1263   1337   1339
391    766    767   1847   2805   2808
393   1705   1706   1850   3449   4118   4121
395   2785   2811   2816   3243   3246
397   2381   2779   2782   2783
398    774   1631   1635   2773   2776   2779
399    775    767   1605   1635   1636
400    774    247    588    766    775
401    776   2644   3112   3115   3116
402    782    776   2281   2722   2724
403   2192   2199   2642   3116   3119
404    785    501   3112   3118   3119
405    782    786   3115   3118
406    786    785   2278   2281   2474   2475
407   2308   2470   2472   2475
408   1194   1760   1761   2055   2057
409   1194   1550   4158   4175   4176
411   1546   1547   1550   1980   2056   2057
412   2176   2462   3263   3266   3267
414   1980   2391   2392   2395
417   1612   2106   2110   2411   2950   2953
418    623    669   1612   3034   3035   3038
420   1591   1595   1813   2038   2039
422    921   2051   2054   2057
423    921   1194   1807   1809   2038   2040
424   1934   2041   2111   3105   3107   3110
425    774   1922   1925   1934   1937
426   1839   1843   1922   1923   2041   2043
427   1333   1614   2296   3038   3040
428   2117   2118   2130   2296   2297
429   1618   1839   1842   1845
430    775   1337   1614   1937   2110   2111
432   2638   3054   3116   3123   3124
434   2577   2658   2659   3119   3122   3123
436   1553   1559   1922   1924   1927
437   1811   1927   2037   2038   2041
439    921   1550   1552   1839   1841   1844
440   1490   1492   1512   1619   1621
441   1490   1491   1980   2283   2475   2476
444   1336   2296   2298   3818   3820   3823
445   1988   2335   3262   3269   3270
446   1308   3024   3186   3188
447    284    526     84    181     16
449    776    825   3026   3176   3186   3187
450    825   2409   2953   3115   3126   3127
454   2173   2177   2182   2318   2461   2462
456   1634   2777   2779   3978   3980   3983
458    835   1634   2381   2391   2394   2397
460   2142   2181   2182   3994   3996   3999
461    641    835   3983   3998   3999
462    839   1635   1637   1930   1935   1937
463    700   1927   1930   1932   1934
466    839    843   3983   3984
467    843   1631   1634   1637
468    844    487   1486   1487   1490
469     32    486    844    736
470    998   1218   1431   1432
473   2181   2183   2352   2556   2557
474    419   1784   1785   2177   2180   2183
475    395    690   1691   1694   1697
477   1021   1691   1692   3245   3248
478   2182   2183   3373   3376
479    786    849    850   1602   1636   1637
480    850    737    844    496    785
481    835    843    849   2281   2284
482    760    642   1660   3277   3999   4000
483   3006   3189   3190   3277   3280
484    363    839    849    782    825
485    850   1256   1260   3118   3125   3126
486     34    295   1705   1708   1711
488   1658   2437   3273   3275   3277
489    612   1339   1612   1614
491   1507   1512   1546   1549   1552
492   1528   2419   2420   3147   3149
493   1691   1693   2538   2543   2545
494    890   2177   2178   2181
495   2118   2442   2562   2565   2568
496   1591   2762   2875   2907   2908
497   1841   2037   2040   2043
501   1546   3950   3951   4174   4175
503   2322   2326   3393   3394   3397
506   1800   1801   2044   2046   2049
508   1042   2440   2443   2446
510   2798   3077   3084   4190   4192
511   2110   3038   3109   3110
512   1079   2513   3777   3780   3781
515   1800   1802   2023   2024   2027
516   1648   2037   2039   3077   3107   3108
518   1615   1617   2440   2442   2445
521   1718   3030   3179   3181
523   2001   2654   2657   2662   2664
524   1214   1431   2433   2434   2437
525   2287   2307   2707   2719   2720
527   1256   1705   1707   1710
531   1553   1558   2773   2774   2777
533   1855   2649   2788   3946   3949   3952
536   1649   2077   3077   3080
539   2126   2800   3792   4185   4190   4191
541   3051   3053   3146   3149   3152
542   2023   2028   3178   3181   3184
544   1591   2208   2711   2716   2717
545   1631   1636   2377   2378   2381
547   2051   2056   2283   2307   2308
548   2716   2843   4123   4125
552   2106   3110   3111   4186   4189   4192
553   3780   3791   3792   3854   3856
554   2329   2331   2461   3265   3266   3269
555   2322   2324   2495   2617   2618
556   1930   2106   2108   2111
558   1998   2412   2414   2417
559   3067   3927   4170   4171   4174
562   2521   2524   2527   3080   3106   3108
564   2232   2297   3040   3105   3106   3109
565   2405   2407   2953   3051   3052
566   3145   3157   3158   3780   3783
567   2391   2396   2456   2459   2462
568   2192   2521   2523   2526
571   2426   2431   2740   2784   2785
572   2278   2308   2718   2719   2722
573   2419   2424   2456   2458   2461
574   2377   2780   2783   2813   2816
575   2433   2435   2556   3275   3283   3284
576   2604   2617   2771   2836   2838
577   2479   3007   3189   3191
578   2615   2617   2652   2788   2790
580   2538   2603   2835   2836   2839
581   2562   2564   2828   2829   2832
582   2571   2654   2656   2659
583   2763   2764   3393   3395   3398
584   2680   2743   2746   2759   2760   2763
585   2663   2788   2902   2905
586   2743   2748   2867   2868   2871
587   2759   2764   2874   2875   2878
588   2702   2718   2720   2723
589   2711   2799   4186   4187   4190
590   2898   2905   3070   3927   3951   3952
591   2773   2775   2780   2782   2785
592   2828   2834   2845   4122   4123   4126
593   2828   2830   3249   3250   3253
594   2811   2835   2837   2840
595   3282   3283   4119   4123   4124
596   2867   2869   3794   3799   3801
597   2874   2879   2906   2908   2911
599   2898   3029   3178   3179   3182
600   3020   3022   3185   3186   3189
602   3034   3036   3083   3109   3111
603   3050   3052   3121   3124   3127
609   3098   3100   3921   3927   3928
610   3084   3105   3108   3111
612   3112   3121   3123   3126
613   3146   3151   3153   3154   3157
614   3139   3153   3155   3158
615   3162   3178   3180   3183
616   3169   3185   3187   3190
620   3241   3249   3251   3254
621   3256   3265   3267   3270
622   3273   3283   3994   3997   4000
628   3370   3393   3396   3399
630   3475   3786   3787   4179   4184   4185
631   3475   3480   4114   4116   4118
652   3777   3786   3788   3791
653   3794   3818   3819   3822
656   3842   3850   3852   3855
661   3921   3946   3948   3951
663   3978   3994   3995   3998
671   4114   4122   4124   4127
673   4154   4170   4173   4176
674   4179   4186   4188   4191
cells 64
0      0      3      4      5      7     10     11     13     15     16     17     18     19     21     22
1     23     27     28     29     30     31     32     33     34     36    559    609    621    673
2     37      5     38     39     40     42     43     44     45    521    523    542    582    599
3     47     48     49     51     54     56     57     58     60     61     62     63    533    574    576    578
4     32     67     68     69     70     11     71     73     75     76     77     78     81    588
5     82     83     84     85     86     36     87     88     89     90     91    521    614
6     92     93     94     95     96     97     88    100    101    102    103    104    620
7    107    108     58    109    110    111    112    114    115    119    121    122    123    124      0    125    523
8    126    127    128    129    130    131     40    133    134    512    515    553    652    653
9    135    136    139    141    143    145    146    148    149    150    548    595    622    663
10    151    152     86     45    154     76    155    156     31    159    562    564    568    602    610
11    160    161    162    163    164    165    166    167    169    171    512    566    613    614
12    173    174    176    178    179    119    180    181    503    555    576    580    628
13    182    183    184    185     21    186    187    188    191    503    508    583    584    587
14    167    192    193    194     56    195     30    199    200     68    492    541    554    573
15    201    202    203    204    205    187    207    496    544    548    581    592
16     17    210     38    211    212    213    214    215    156    216    217    219    508    518
17    182    223    174    224    226    227     29    228    230    231    112    134    234    235
18    240    241    163    243    127    244    246    109    248    249    250    251    506
19    253    254    255    216    257    258     81    497    516    525    536    562
20    261    262    263    264    185    265    266    267    268    269    101    495    518    581    593
21    270    271    243    272    202    133    273    150    274    539    589    630    631    671    674
22    275     61    276    249    108    277    279    280    281    284    285    286    192    287    603
23    289    104    290    291    275    294     91    295    296    161     60    492    531    571    591
24    297    298    299    223    300    301    302    303    304    525    547    572    583    588    628
25    121    241    305    169    193    306    307    143    309    310    311    313    616    630    652
26    314    285    315    316     93    319    320    295     90    506    515    542    615
27     85    322     23    228    128    323    326    327    328    329    166    291    656
28    331    154     57    332    333    100     89    262    491    501    559    590    599    615
29    162    334    328    290    335    336    338    339    341    342    343    204    136    345
30    348    349    350    351    179    352    353    341    354    575    592    593    595    620    671
31    129    355    125    331    230    184     43    316     94    358    263    555    558    578    585
32    360    361    362    363    364    365    348     48     22    369    181    524    594
33    322     82    372    307    373    376     34     67    151    510    536    539    553    566
34    372     73    378    380    271     10    258    382    384    201    386    300    584    586
35    387    388    389    390    391    360    267    393    274    205    354    287    248    527
36    395    103    391    369    265    350    397    398    399    400    545    574    591
37     77    401    402    403    404    405    406    257    219    407    568    572
38    408    326    409    411    412    226    414    194     27     54    301    501    567    661
39    311    417    286    373    418    141    294     84    320    511    541    552    565    602    613    674
40    224    336    380    253    302    408    420    422    423    327    496    587    597
41    424    425    426     95    427    428    213    255    429    430    389    400    268    511    564
42    155     37    432    210     75    403    107    200    281    434    533    585    590    609    661
43    436    437    335    439    261    426    423    333    409    296     87     96    329    497    673
44    429    439    269    440    422    254    411    441    214     49    407    491    547
45    428    212    388    272    444    159     42    207     16    186    495    586    596    653
46    445    195     28     69    446      4    235    124    447    306    577    600
47    401    432    199    305    446     70    449    450    146    565    603    612
48    454     51    297    289    160    456    397    458    338    460    461    494    567    573    663
49    456    398    462    148    463    339    425     97    436    466    467    531
50    468    440    211    191    358    364     47     18    469    264    470    332    180
51    353    178    473    474    246    475    123    164    342    313    493    494
52    351    334    266    355    475    231    323    126     92    244    203    183    319    477    165    597
53    445    227    122    474    309    412    171    454    478    303    176    554    621
54    270      3    378    447     71    376     33    111     39    131    234    558    596    656
55    424    384    135    437    420    343    463    510    516    544    552    556    589    610
56    441    406    479    480    468    215    365    414    304    458     63    481    467    545
57    482    483    466    299    382    449     13    402     78    461    145    484    481    600    616
58      7    280    434    363    480    485    404    469    217    486    115    527    582    612
59    477    314    102    277     62    251    349    395    110    493    571    580    594
60    139    483    393    488    352    361    276    240    114    486     19    310    577    631
61     15    482    478    473    460    488    345    470    173    298    188    386    524    575    622
62    387    489    427    130     44    418    315     83    444    273    284    152    250
63    149    484    450    390    489    279    362    485    417    479    405    462    430    399    556
