vertices 383
     0 0.98133712121318 0.31770976003317 1.11517094297026
     2 1.36846856030140 0.49191975955144 1.64839014601308
     8 0.86973416396573 0.20745068696867 1.11725404829466
    11 0.23190629241196 0.60599455437239 1.10752920781585
    14 0.83048810040017 0.02029062835019 2.20839568507071
    16 0.27379296323659 0.59956056027290 2.36813406884639
    18 1.12001543033458 0.94829230504965 1.97617396009805
    36 3.87910530075834 0.54654589098315 1.75342653885953
    37 0.46599948826907 1.07052686723073 2.07469405079076
    41 0.21727964552906 0.73894544024198 2.31790542443922
    47 1.41355067810454 3.76153233440341 0.61983644664929
    52 1.63579491621594 0.65735325927013 0.25321099670282
    58 1.83023694930114 0.17535491292010 0.92792839454642
    59 1.50617424440078 0.16823454302225 0.75076097180778
    61 1.85667563898939 3.27679627299112 0.13607622979559
    69 1.01442426813114 3.34751135213424 2.73868600640386
    72 0.91208948906240 3.55350817424632 2.73465004884372
    76 1.13772381924851 0.08215638314352 2.97433616289564
    98 3.06841840762174 0.63828333507174 3.39433311703013
   115 1.02234743843456 3.68333249773747 0.78442287213220
   119 0.76393170834397 0.89078202160876 0.14295983750841
   134 2.59303265298663 3.12933504640262 3.27252895634736
   136 2.63198036165751 2.78699275638452 3.43226980396430
   139 1.62732105523756 2.59639196736521 3.13177105675272
   140 2.38257879809848 2.63192626895037 3.14880327937884
   143 1.98536903769738 2.38624162996821 3.25979848520219
   147 2.51042993727933 2.79889784379034 3.94368209205256
   149 2.63100280292626 3.00160979861692 2.30504671878396
   152 3.39383656722690 3.11645256508409 3.06423305207155
   156 2.62017105865339 2.54763613731353 2.27891701241819
   157 3.45623346870592 2.58193091052774 3.14341946570410
   163 3.54318783967173 2.71923594593476 2.80813386339558
   169 1.89117620082466 1.58577679539609 2.25021371713600
   171 1.29833421606086 1.36522740210328 2.23560230237222
   174 2.28047712768758 1.12606453621607 1.55731388119758
   177 2.24108267662725 0.69117934384416 1.49559053798985
   180 2.04134066337567 0.66369306851046 1.37171470866673
   185 1.83050634426497 0.40305861567790 1.48266555972424
   191 1.40217904242389 1.51006544403671 2.13761321395194
   195 1.21263808885026 2.68398029029522 2.05820512620049
   198 2.42890761637480 3.31845744251707 1.32254520853835
   199 2.44638172202186 3.45356696136431 1.66136803888503
   214 3.78650019196604 2.36299357764659 0.43273227486060
   215 0.18741247293551 1.76715119267266 0.03854559445940
   220 0.49593712991129 1.70077267568668 0.08139124990287
   230 2.72052683931127 2.10035134819363 0.23628398091167
   231 2.25235147507460 2.38920354692695 1.27627000138867
   235 2.12263915619015 1.68322600596928 0.88581218552197
   236 2.52459850376888 2.63393190109897 0.99335800671657
   240 1.98237199633343 2.08133066462734 1.17405573103730
   241 2.55427410604719 2.43620088968433 1.08688638175552
   243 2.57455141333974 2.58195830840431 0.21420881297624
   254 2.97926639047889 1.16915476536475 1.24322249264159
   260 2.79491128952131 3.53685245041226 1.68380623329335
   261 3.02723149442357 3.38937715627661 1.93952620482877
   264 3.14340824106091 3.76157056634903 2.17278100043644
   277 1.54863254241463 1.31893972919670 0.42675457061092
   284 0.43597835199480 2.75940258512157 1.88715585863516
   288 0.21203065577743 0.70133054224204 2.94774418716054
   290 3.87872951997182 0.47489869729518 2.98378529673861
   291 0.04616420331935 3.59203156827161 3.24775495827557
   292 0.95166887756114 0.48466385374729 2.97194863567466
   295 0.10332819890302 0.69794308641910 2.78233265836717
   300 2.81126778041367 0.41504911767305 0.68636891607859
   310 1.05367866767446 1.85147663791675 2.23673551852804
   311 1.01869699017017 2.48797004108498 2.12473607512836
   315 1.12076591857739 2.15752400626509 2.42125287255225
   332 3.00257984336708 3.72479675530606 2.54663167468896
   336 3.93361345346332 2.59736679076099 2.61776015588130
   339 0.83458505271844 2.73159333081538 2.15221623583309
   343 1.96624234208597 2.12859100135095 3.04865350350985
   346 1.17119334406606 2.21989231862204 3.15291119980139
   347 1.57518739357489 2.34511890326747 3.02793770003178
   354 0.91903026914652 2.12130647211627 2.78017042050489
   356 2.70685059664755 2.70769731204061 0.11687288702431
   358 3.62983076634427 1.13505672875298 0.58242202725713
   364 0.07698025091681 0.57783855893646 0.94972278683120
   365 3.65960834692558 1.08487907981329 0.15049351649172
   376 3.03959395663976 2.35235131154776 1.41522444813420
   380 3.51611041624016 2.75960765178613 0.16195405806913
   394 0.21476866252373 1.41475434473148 2.94164901485201
   396 0.05184203903853 0.83102184743667 2.71517642731760
   399 0.17476664536654 1.79596141899072 2.75663366747761
   403 0.19615729566033 2.29363578052525 2.92586044070176
   405 0.00103927974627 2.28696335058045 3.27370622429076
   406 0.24192062975915 1.34742770951299 3.73753160115229
   408 0.35649542673597 1.26934724146285 3.20248800987538
   410 0.48685644755131 1.37664775554170 3.81788872455453
   413 3.15018152988540 3.80586018646307 3.98459096284705
   422 3.72853799976240 1.47782118991458 0.03459345666896
   425 0.05601308063143 1.57804110929824 3.82497563582976
   429 2.94274623386352 0.35554556074709 3.02524091090089
   432 2.16973998441843 1.46886054405959 3.18601355317478
   436 2.08272785140967 1.56539524955029 1.92908275975573
   439 2.72404221351134 1.93425800757605 0.63523335875385
   440 3.34232393593242 1.69773575608455 0.85663393125803
   447 3.49619826490921 3.65066799087595 3.96360622346152
   457 1.52682086172677 1.03894654549992 2.60699198183120
   460 2.43638307091330 3.92362224441089 0.50554146662393
   473 3.50102010358777 0.60010744279006 1.74222730206982
   481 2.31651165369640 2.38510437105318 1.98604378223523
   488 0.09140627754834 0.14941279276284 2.10024983030517
   489 0.23272071313514 3.98099261904300 2.04581287037825
   500 2.15946323946903 2.51605267814177 1.25586920770162
   502 2.26743467095213 2.70380145451100 1.10217754628832
   510 2.27875982942729 3.17843603208643 1.95322511471028
   513 0.02534010598930 3.42514305883381 0.56197356854570
   519 0.19180756283919 3.35157171157703 2.64953385653695
   524 1.48852337709906 1.46193785516771 1.62882309259615
   529 1.49133587788423 3.13734967457472 3.09636828292172
   538 2.81452066261664 3.63258495442250 0.21362168700768
   544 0.20912046493037 1.07866219964294 1.74870848129264
   545 3.92572160250446 0.76773048205958 1.88810776155043
   553 2.93554718443246 3.08854957775082 2.27148917797910
   557 0.82040581689213 1.80817686982956 2.73055272797158
   559 0.36977845232452 1.67138582094112 2.70883931859177
   568 2.92436957037303 3.32891694360992 2.60087979576375
   569 3.14795340488128 3.32092471570320 3.00550055399186
   571 2.95302251348415 0.12958790351815 0.64740912815382
   573 1.46424160618324 0.87195154055952 0.20754081022149
   581 0.54282123213339 2.82067374968891 2.59313294711692
   582 0.59384482674344 2.45027329706141 2.90216682388125
   587 2.96247751357285 2.10453120375404 0.10126032978088
   605 0.76563423914937 3.63588461624872 0.47768611848017
   611 3.53476233246616 0.85072067337496 1.89198949067300
   625 0.98671577820653 3.32890182822953 1.04661280003798
   629 3.30541180944895 0.97110888631934 2.78270180766251
   630 3.20174565812977 0.61923346431867 3.08724124588243
   635 3.19025312283889 3.43386731970847 3.05079369498462
   636 3.19591694523967 3.77628828539703 2.78760755620585
   640 1.92949831048019 1.77879086753228 3.41460196849224
   645 1.36486019831843 0.36306963743497 1.87110440709982
   647 2.83496647856306 0.37382561137400 3.26720032154848
   648 2.86062157627018 3.81868450985562 3.57164009786564
   649 2.99343731779074 2.60524656619339 3.45549808046815
   650 2.98917318809401 2.54499909435006 3.97777429124052
   658 0.56246259390035 0.50264063457345 0.95951537923177
   660 3.66489875734702 2.91487665300791 0.74903647991175
   662 3.96968277017871 3.25812523402690 0.82689840901882
   663 0.04903602456591 1.55705339588280 2.96249917145157
   667 0.78414812559208 2.58048758774981 3.27204554407632
   668 3.88189414864943 3.52471390267109 2.95640223404013
   669 3.71504641488094 3.86440463223870 2.72388427396694
   673 3.27439591926182 1.60464757455570 3.56122070604455
   674 3.89143336042048 1.74421685102267 3.38961196984586
   678 0.60088316869534 3.35496135997183 0.48461203937664
   681 0.38370747565336 1.00462903259903 1.26812449846298
   691 2.39602191745922 2.24768897406690 1.81449175585912
   692 2.82762577933271 2.21623279717251 1.82870740446277
   695 0.94258089151603 1.71356094560523 2.33417933203260
   696 0.49506398884599 1.57518922059490 2.26632994186137
   698 1.64587992283462 3.03240541326066 2.96626209365466
   701 1.98642060492434 1.17384839626382 3.14557589958225
   711 2.70512486963554 3.84157662541289 0.56692920868156
   717 1.81508028989476 1.50083243593318 1.58180276170519
   718 1.99819126307224 1.28769116804498 1.41514630229093
   723 2.08457964085408 2.69566036768192 1.78571750336779
   724 1.51282691636282 2.70112023373450 2.19247821722096
   725 2.98982406848301 3.05025011686647 0.38697405580606
   726 3.49434986008025 2.96083111211533 0.30730464406071
   735 3.73647055153221 3.38561117510632 3.50146117947808
   736 3.49838777725229 3.30782533931547 3.12489779664367
   737 3.86235773951016 1.95564327280350 2.31532740221104
   738 0.15686042976855 1.79239078829293 1.93726272988907
   739 1.94295693682280 1.06849513552700 2.68396905463807
   740 2.10608333360841 1.28039191653930 2.55148305637698
   758 2.24120431584821 0.43448322984009 1.80373264652670
   760 3.37762632010326 2.78378623157072 3.29196245985547
   761 3.77066303477794 2.86239957311867 3.73638551812188
   762 0.26286118001542 2.19019773242067 0.02494882633749
   764 0.20093441049947 2.47060203757431 3.64341315114339
   777 3.34956515996300 0.57682260113141 3.83575242059430
   780 1.86242984746096 1.18186499111361 1.34404405101589
   783 1.77291748245040 0.19623501809461 1.91762598529769
   784 1.93820437338445 0.23240967868147 1.72940673726430
   791 1.96407655728405 3.44395220111203 2.26862149867047
   792 1.54973491335103 3.08809923284042 2.44182434524494
   795 3.69541545308041 3.25382291869788 0.14496939289000
   796 3.86149565118645 3.10149689913521 3.75860798323243
   797 1.92857902820375 2.01458277470824 2.43088006403559
   798 1.53176955495143 2.27396823523086 2.50823757992362
   799 3.57175619889738 3.96955299248477 0.11075028851017
   800 3.30001354425148 0.06162235606426 0.11250123976464
   806 0.96276290684527 3.61885362133147 0.07619990534385
   816 0.60559867859939 2.25357230717761 0.07763755428997
   817 0.54991689314905 2.58089609603765 3.61880294442830
   819 0.20942899455465 2.87595153842031 2.48806060603530
   821 1.35822806324600 3.13637807284888 1.16074048797704
   822 0.63514383566486 3.35539011535056 2.86670685558607
   826 3.16580177691190 1.04444060941912 0.75086932562273
   837 2.96397700010711 0.84400071818947 0.39327578423638
   838 2.54539294452755 1.68621688685811 0.65808808555127
   839 3.05599383862465 1.32927700811710 0.89056718701563
   842 1.15668340537889 0.25170407462020 3.58390394378443
   844 1.00442022684915 0.20130176835867 3.16919362985182
   847 3.85516046104254 2.53788936888256 0.80691972842630
   854 0.46157082258375 3.49424846193998 3.27014011858960
   862 1.81169691847075 3.60226882707676 3.47128669970943
   866 1.64267422781941 1.77608482594059 0.21866694579213
   869 3.77915087105955 0.56240964927930 3.78377868987742
   870 3.93258533639046 0.86660700210816 0.00538758826529
   871 3.87735123514264 3.92274853060022 0.56833561029742
   874 0.72926811265852 3.19893114925837 2.85331540669026
   877 3.91067489458229 0.29154257290395 3.88471794322839
   881 2.38468638504380 1.59474941497930 0.39664787136006
   882 2.81723098077173 0.11836074618271 1.76243763374839
   883 2.97156455172454 0.16385877512788 1.98059777811477
   884 1.98128215262621 1.57936778753949 0.56276931484386
   885 1.81420672497572 1.27516004652241 0.60392151169926
   890 3.24052090819189 1.47712564029127 1.65062237089038
   899 3.28636684691445 1.25476932327595 2.86346843937474
   900 3.06809926600053 1.41567872137992 3.43368604016414
   903 2.96207492445747 1.02784262499636 3.61877591522838
   904 3.24618066758558 0.85384973142676 3.98945551136360
   905 2.48993136028525 2.29609464143803 2.83492751093729
   907 0.91629113559298 2.04933359681659 0.33744938511045
   908 0.76573747885367 2.09260599254807 0.07223331520122
   909 1.79649568704307 3.73742614184633 1.92752361915796
   910 2.02806447800234 3.76976032020711 1.65981566551716
   911 2.64820183409519 1.40846733836060 3.57970726601868
   912 2.43887855344492 1.80294916051090 0.08823087770879
   913 2.26499307429314 1.56644567868606 2.92763018247540
   914 2.13159710471243 2.00807443772777 2.83447951518233
   915 3.36452592100764 1.41751595652099 1.78042108645083
   916 3.99106341400937 1.55743068355656 1.69159240768263
   917 0.02817755861458 3.73713183852924 2.18590779500457
   918 3.86899421993739 3.87076588005769 2.25612109178841
   920 1.19324890461921 0.92420327201756 1.70546095814561
   922 2.68564956533530 1.08677033244893 3.68228743376765
   923 2.58249951311616 1.02595339967722 0.17867688777926
   926 0.15864957316669 0.07298336469482 3.38872765876438
   927 3.99333403138850 0.48237137519758 3.13596071203064
   928 1.44768919761405 1.31104944691659 1.53426914176716
   933 2.31498917171587 0.67574572113387 2.34888959955853
   938 1.85670382144530 2.79557916344679 0.71934510403511
   941 0.81663432514535 0.03251160903823 3.74970335928717
   942 0.62433189559724 3.95566312061200 3.40418508666182
   946 2.33455817959227 1.32053290381251 1.92965733974048
   948 3.03508636062685 1.59785544514424 1.88692573572671
   949 3.28670092744175 3.22398909619961 1.76459449870800
   952 3.41951114074180 1.82197624452414 1.17366665363540
   954 3.93814518658458 3.42531930804738 1.90484989400726
   955 0.14518220084137 2.84618208961333 2.11788916119748
   957 0.90776903967222 0.38051363587413 2.35411656044525
   958 1.08793518542423 0.38483263212648 2.75222240675256
   959 1.31795137223342 3.67991493217493 0.07755652454709
   960 1.57045320439093 3.37716565917753 3.90265265660974
   966 2.36391201098830 1.12923308513110 2.33224467212499
   970 2.68496183993104 0.50964819125711 2.44466345244006
   971 2.64902151071946 0.33951745156955 2.66217448111898
   972 0.04131912962683 0.41441402657469 1.34028060186927
   977 1.48929893429692 0.76919527794317 3.82165764940701
   978 1.20802626189781 0.69925308198615 3.69640058556516
   980 2.11561644007879 0.61395487130205 2.54451712160029
   982 1.23972867980134 0.58160319688570 2.15507009712569
   983 1.45397642412939 0.61797665323049 2.47399705350799
   984 1.88709587200002 0.42727779142513 2.45593412408760
   989 3.86321261717448 0.39132231164130 1.13975542099777
   992 0.48947264441057 3.21697242844827 1.44683535096024
   995 3.15886904351217 0.08747902491708 1.04322716133989
   997 0.27195316375861 0.22896001075010 0.48356566135328
   998 0.29246652812741 0.42960542036153 0.61792291599047
  1000 0.32437175029904 2.60820733913504 0.96708780571772
  1001 0.40735349090805 3.03943735755774 0.99533769003514
  1002 0.29026054071212 0.36834901784289 0.24249344351157
  1003 0.30287116119359 0.52530634400594 0.30335085994477
  1007 2.84664941185935 2.12661987569761 2.90076267170222
  1010 0.29223376672508 3.92275857919993 1.68174481787969
  1011 0.11687815985139 3.55377979518809 1.59628725122179
  1012 3.25025546464052 2.57010228506575 1.42426786935306
  1015 3.77675391746058 3.55872176287365 1.19700309019336
  1016 3.69594300413587 0.00955247939700 0.98665858277077
  1018 3.12129359983485 0.96524390185551 2.48030468775829
  1019 3.08960263118860 2.30918900643824 3.24800802489067
  1020 3.09147915514498 1.73889691648541 3.55941345329604
  1021 2.94959609167146 1.52002717764450 3.43186747789093
  1022 2.77810047108110 1.63776954289865 2.96826720980646
  1023 2.24043081977698 0.41172390311436 2.74496005848734
  1026 0.69691581407192 3.10612525588696 0.80871445826032
  1028 3.78318737245631 2.44788394223067 2.33504948258877
  1030 3.07376767529508 1.41336374734194 2.63667718964222
  1032 3.26414977531875 1.75941321570024 2.32125986606401
  1036 3.89400292765088 2.59125776457341 2.06385694531960
  1037 3.33975888856193 2.79299365054396 1.88160466429596
  1038 2.98892871241956 1.25827157010116 2.44470569321311
  1039 3.15652413906375 1.54268765233260 2.03804084172787
  1040 3.71748780608850 2.28266908525377 1.19311079522604
  1043 1.03672616456168 3.96355700499547 1.91726591001053
  1047 2.74699859511045 3.35486935321361 1.18623712446497
  1048 0.77250620128905 3.88790121844551 1.56382554732132
  1049 0.85915667996553 3.39606155476400 1.41354343902520
  1050 3.21273095869515 3.27650002344549 1.41854795689448
  1051 2.93410664323680 3.46626839630129 1.38103903765182
  1057 1.67581319876415 3.88642722741933 3.13218514031388
  1059 2.00915015849691 0.17573420378607 2.69051621666498
  1060 3.17589585867381 2.95084359200025 1.18158782748631
  1061 2.89153732514894 2.99419893693107 1.02929036360551
  1071 1.30031814696323 2.85292802902785 3.73498572043274
  1073 1.21991756557116 2.00584148629071 3.37172004327788
  1091 0.69555385368583 0.97048930813658 1.19521436536041
  1096 0.72790275980599 0.62423368647535 0.96913658281597
  1097 0.95788506072822 0.95119421167422 0.43861495060593
  1098 1.75175513336703 3.47561246608464 3.20728674018814
  1100 1.32529116270106 2.86041000148892 3.33968419479240
  1101 0.85217264955276 2.81876269908771 3.31416068242440
  1105 1.70003263459027 1.75392975403524 3.50778291665194
  1106 1.63555443872738 1.22738970909013 3.32983920029353
  1109 1.74590429969437 3.92775307351121 3.40761027963183
  1113 0.74854148402310 3.18210603966574 3.98069589044171
  1115 0.84199635518063 2.93480803367609 3.90610025486734
  1120 1.43117995219702 0.14078472044363 3.69623307518140
  1121 1.63481169644349 0.58311160737125 3.87428124272859
  1122 0.53221500638920 3.10123021923910 3.68395499143447
  1123 0.66304537177853 2.89209938313697 3.64152171545983
  1124 0.73419288176209 1.31384340620882 3.32170763852419
  1125 1.09458321274494 0.95718243869998 3.25205073045366
  1127 1.30246052976949 1.17029937461727 3.11390928066287
  1128 1.00586298066034 1.53944688789901 3.14115726801360
  1131 1.47636417437613 2.28238437447422 0.43873606328673
  1133 2.34623525186416 2.65265442424062 0.05948312241380
  1134 1.92420583497639 2.79634379708165 0.23680746358791
  1135 2.08427203936765 1.93478804752546 3.93450493466415
  1136 1.72927108429425 1.76247964571064 0.33372816402867
  1137 1.97796035873695 2.32174952172643 3.86675317698715
  1138 1.68468666936352 2.50704573394289 0.06175357016103
  1140 2.39471679595199 3.05433591473203 3.03506133105235
  1141 2.55366448084413 3.19681761854213 2.62005296388837
  1142 0.65779658103360 1.53794327481081 0.94403497597863
  1143 0.74451514602991 1.60782420309347 0.50217308919162
  1145 1.94954128770535 3.25312007261620 2.98754479168188
  1146 2.11657066326743 3.49848738604449 2.57187114250293
  1147 0.97929199340864 1.30488694589671 0.61124277198062
  1148 0.84910506280791 1.32970388546158 0.98614956915639
  1164 3.10894359112694 2.26577724867875 2.44303871633713
  1166 2.91761091164726 2.46205447542370 2.20765767973217
  1167 3.40268001354628 2.56649412334356 2.45153853209669
  1168 3.15358165484579 2.74212578610946 2.19886591966517
  1169 2.05947340305142 0.44873818565242 0.80131698608765
  1170 2.37750959247929 0.35905027974889 0.57742179930469
  1172 2.21863604893837 0.65766300972213 0.26756496413314
  1173 1.94774970650394 0.73349302001563 0.43852367056511
  1174 0.04105302576590 1.70878201040345 1.40118250919589
  1176 0.25635919412912 1.42973779808002 1.09078820588355
  1177 3.59615337005676 1.86092585502071 1.12478996639754
  1205 2.92657061410941 0.55371194839864 1.12102814743226
  1206 3.09216068901005 0.78184592613077 1.11895996758364
  1212 3.08231388333128 0.39186422583965 1.24033807105857
  1213 3.29156380219177 0.55734055432057 1.27487169933320
  1229 0.91506012523918 2.11842814779238 1.87057446297713
  1238 0.78467276556898 1.98738698743914 1.17764128121849
  1239 1.11171305041949 2.00807304136670 1.46755157501719
  1332 1.55761584418074 2.44712277899758 0.76622709207329
  1333 1.80839776143828 2.30948299738883 1.12887259296024
  1335 1.44545704961130 2.40263442070078 1.30062205714049
  1336 1.41402814847170 2.64093333567680 0.99341836593996
  1337 1.30316569598760 3.53081455023746 1.94594136939552
  1339 1.15244891424500 3.24678838378392 1.63031129050070
  1345 1.19443046312397 3.25485667337461 2.40244653359284
  1346 1.04774808705657 2.87922202495101 2.09623749454190
  1352 1.95094990249107 3.79318356977194 0.86646055889110
  1354 2.01623168658760 3.53816050167685 1.20765925274013
  1355 1.69102282902570 3.57428822737174 0.70593043101452
  1356 1.68958592966770 3.26505567528368 1.00007120708887
  1377 2.15885725144794 0.26058180175706 3.53894877912439
  1378 2.07546450916602 0.53032425736274 3.71726752062035
  1385 2.26923936726311 0.72706264239787 3.44750435476339
  1386 2.34272273119462 0.48338851150418 3.29815817088752
  1395 3.55219333703764 1.90947464541930 0.45655020460237
  1396 3.77309916735492 1.64625886883005 0.30822693326701
  1400 3.51722883585469 1.72649675722441 0.78418037011952
  1401 3.73026184896401 1.48487439869150 0.63342710980281
  1437 0.29521997021261 2.12624642619896 1.51909692583702
  1439 0.32138143165887 2.14118284900747 1.63958126183246
  1440 0.22726631224597 2.25268269252916 1.49172851932088
  1441 0.25415187979193 2.29379146576658 1.65352243345464
  1450 2.34200863354005 3.40565575013804 3.90676157579575
  1451 2.50261274160690 3.65426240491819 0.02102834389668
  1455 2.34234172171881 3.50904321799128 3.67085838440308
  1456 2.47412834202194 3.72785467803190 3.74698448889263
  1458 0.84842446333640 2.16036966963102 0.96448381936283
  1459 1.06880734972924 2.50154858122478 0.72386785486384
  1460 0.69747594546369 2.49215624529170 0.70302104101118
  1461 0.83832108462075 2.65711286059896 0.64739580209173
edges 766
16      2      0
17      0      8
32     16     41
33     41     37
34     37     18
84     58     59
85     59     52
93     59     47
101     76     72
102     72     14
111     72     69
177    115     47
181     59      0
189    115      8
218    143    139
224    134    136
225    136    147
229    140    136
231    143    140
232    149    156
246    152    163
247    163    157
272    171    191
273    191    169
284    185      2
292    177    180
293    180    185
295    171     18
303    174    177
313    199    198
363    220    215
382    230    243
389    241    236
390    236    243
391    231    240
395    231    241
398    235    240
419    254    174
433    260    261
438    264    261
486     16    295
487    295    290
496    295    288
501    292    288
524    260    199
526     58    185
537    310    191
544    195    311
553    311    315
554    315    310
584    264    332
588    163    336
596    339    284
597    311    339
612    354    346
623    347    346
624    354    315
625    343    347
629    243    356
632    147    356
636    343    143
641    365    358
642    358    364
669    139    347
690    376    241
700    214    380
736     41    396
737    396    394
760     11    364
766    403    336
767    399    403
774    157    405
775    405    403
776    119    410
782    406    410
785    408    288
786    406    408
825    410    220
835    365    422
839    425    215
843    425    422
844    396    295
849    406    425
850    394    408
886    169    436
890    439    440
892    230    439
895    241    439
921    413    447
947    171    457
998     36    473
1021    156    481
1042    488    489
1045     36    488
1048     16    488
1049     14    489
1079    500    502
1081    231    500
1083    236    502
1086    198    502
1109    199    510
1112    149    510
1153    191    524
1172     69    529
1194    413    538
1214    544    545
1218     36    545
1220     37    544
1221     41    545
1242    149    553
1243    261    553
1256    557    559
1260    394    559
1261    354    557
1263    399    559
1289    568    569
1290    553    568
1292    332    568
1293    152    569
1294    134    569
1301    300    571
1307     52    573
1308    277    573
1333    581    582
1336    339    581
1337    403    582
1339    354    582
1355    230    587
1410    115    605
1431    545    611
1432    473    611
1476    115    625
1486    629    630
1487    396    629
1490    290    630
1491     98    630
1492    429    630
1507    635    636
1510    569    635
1512    429    636
1513    332    636
1525    343    640
1528    432    640
1540      2    645
1546    647    648
1547     98    647
1549    429    647
1550    413    648
1552    635    648
1553    649    650
1554    136    649
1557    356    650
1558    587    650
1559    380    650
1584      8    658
1586     11    658
1591    660    662
1595    513    662
1602    394    663
1605    399    663
1612    346    667
1614    582    667
1615    668    669
1617    519    668
1618    291    668
1619    636    669
1621    290    669
1631    673    674
1634    422    673
1635    405    674
1636    663    674
1637    425    674
1648    513    678
1649    605    678
1658    544    681
1660     11    681
1691    691    692
1692    481    691
1693    436    691
1694    231    691
1697    376    692
1705    695    696
1706    310    695
1707    557    695
1708    171    695
1710    559    696
1711     37    696
1716    139    698
1718    529    698
1729    432    701
1760    571    711
1761    538    711
1762    460    711
1779    717    718
1780    524    717
1781    436    717
1782    240    717
1784    174    718
1785    235    718
1800    723    724
1801    481    723
1802    510    723
1803    500    723
1806    195    724
1807    725    726
1808    356    725
1809    538    725
1811    380    726
1813    660    726
1839    735    736
1841    447    735
1842    291    735
1843    152    736
1844    635    736
1845    668    736
1846    737    738
1847    399    737
1850    696    738
1853    739    740
1855    701    739
1856    457    739
1859    169    740
1920    177    758
1922    760    761
1923    152    760
1924    649    760
1925    157    760
1927    380    761
1930    762    764
1932    214    762
1934    761    764
1935    215    762
1937    405    764
1980     98    777
1988    180    780
1989    718    780
1998    783    784
2001    645    783
2002    758    784
2004    185    784
2023    791    792
2024    510    791
2027    724    792
2028    698    792
2037    795    796
2038    726    795
2039    513    795
2040    447    795
2041    761    796
2043    735    796
2044    797    798
2045    169    797
2046    481    797
2048    315    798
2049    724    798
2050    347    798
2051    799    800
2054    447    799
2055    571    800
2056    777    800
2057    413    800
2077    605    806
2106    816    817
2108    762    816
2110    667    817
2111    764    817
2117    581    819
2118    519    819
2119    336    819
2126    625    821
2130    519    822
2133     72    822
2142    358    826
2173    826    837
2176    300    837
2177    838    839
2178    439    838
2180    235    838
2181    440    839
2182    826    839
2183    254    839
2192    842    844
2196     76    844
2199    292    844
2208    660    847
2210    214    847
2232    822    854
2233    291    854
2270    277    866
2278    869    870
2281    406    870
2283    777    869
2284    365    870
2286    513    871
2287    799    871
2296    581    874
2297    822    874
2298     69    874
2307    799    877
2308    869    877
2318    838    881
2322    882    883
2324    758    882
2325    260    882
2326    473    883
2328    264    883
2329    884    885
2331    881    884
2332    235    884
2333    277    885
2335    780    885
2352    254    890
2377    899    900
2378    663    899
2380    629    899
2381    673    900
2391    903    904
2392     98    903
2394    900    903
2395    777    904
2396    837    904
2397    365    904
2399    140    905
2401    156    905
2405    907    908
2407    866    907
2409    220    908
2411    816    908
2412    909    910
2413    791    909
2414    783    909
2416    199    910
2417    784    910
2419    911    912
2420    432    911
2424    881    912
2425    230    912
2426    913    914
2427    432    913
2429    740    913
2430    343    914
2431    905    914
2432    797    914
2433    915    916
2434    611    915
2435    890    915
2437    544    916
2439    738    916
2440    917    918
2442    519    917
2443    489    917
2444    264    918
2445    669    918
2446    488    918
2451     18    920
2454      2    920
2456    922    923
2458    911    922
2459    903    922
2461    881    923
2462    837    923
2470    926    927
2472    877    926
2473    291    926
2474    288    927
2475    869    927
2476    290    927
2478    780    928
2479    920    928
2480    524    928
2495    758    933
2513    502    938
2521    941    942
2523    842    941
2524    806    941
2525    926    942
2526    844    942
2527    854    942
2538    946    948
2540    174    946
2542    890    948
2543    436    946
2545    692    948
2549    261    949
2556    890    952
2557    440    952
2558    376    952
2562    954    955
2564    949    954
2565    917    954
2566    284    955
2568    819    955
2571    957    958
2573     14    957
2574     76    958
2576     16    957
2577    292    958
2578    959    960
2579    806    959
2580     47    959
2583     61    960
2584    862    960
2602    740    966
2603    946    966
2604    933    966
2615    970    971
2617    933    970
2618    883    970
2619    429    971
2621    332    971
2625     36    972
2628     11    972
2638    977    978
2641    573    977
2642    842    978
2644    119    978
2649    739    980
2652    933    980
2654    982    983
2655     18    982
2656    957    982
2657    645    982
2658    457    983
2659    958    983
2662    783    984
2663    980    984
2664    983    984
2679    364    989
2680    972    989
2690    284    992
2696    571    995
2702    997    998
2704    605    997
2705    658    998
2707    871    997
2708    364    998
2711   1000   1001
2714    992   1001
2716    847   1000
2717    662   1001
2718   1002   1003
2719    877   1002
2720    997   1002
2721    941   1002
2722    870   1003
2723    998   1003
2724    119   1003
2740    905   1007
2743   1010   1011
2744    489   1010
2746    972   1010
2747    954   1011
2748    992   1011
2756    376   1012
2759   1015   1016
2760   1011   1015
2762    662   1015
2763    989   1016
2764    995   1016
2765    871   1016
2770    629   1018
2771    970   1018
2772    611   1018
2773   1019   1020
2774    649   1019
2775   1007   1019
2776    157   1019
2777    587   1020
2779    673   1020
2780   1021   1022
2781    911   1021
2782   1020   1021
2783    900   1021
2784    913   1022
2785   1007   1022
2788    980   1023
2790    971   1023
2798    678   1026
2799   1001   1026
2800    625   1026
2805    737   1028
2808    336   1028
2811   1030   1032
2813    899   1030
2815    737   1032
2816   1022   1030
2828   1036   1037
2829    955   1036
2830   1028   1036
2832    949   1037
2834   1012   1037
2835   1038   1039
2836    966   1038
2837   1030   1038
2838   1018   1038
2839    948   1039
2840   1032   1039
2841    915   1039
2843    847   1040
2845   1012   1040
2853    645   1043
2856     14   1043
2863    198   1047
2866    711   1047
2867   1048   1049
2868   1010   1048
2869   1043   1048
2870      8   1048
2871    992   1049
2873    625   1049
2874   1050   1051
2875   1015   1050
2877    949   1050
2878    995   1051
2879   1047   1051
2880    260   1051
2898   1057   1059
2900     76   1057
2902    984   1059
2905   1023   1059
2906   1060   1061
2907    660   1060
2908   1050   1060
2909   1012   1060
2910    725   1061
2911   1047   1061
2912    236   1061
2942    960   1071
2950    346   1073
2953    908   1073
3006    681   1091
3007    920   1091
3020   1096   1097
3021      0   1096
3022   1091   1096
3023    658   1096
3024    573   1097
3026    119   1097
3028    862   1098
3029   1057   1098
3030    529   1098
3034   1100   1101
3035    139   1100
3036   1071   1100
3037    529   1100
3038    667   1101
3040    874   1101
3050   1105   1106
3051    866   1105
3052   1073   1105
3053    640   1105
3054    977   1106
3056    701   1106
3067    862   1109
3070   1057   1109
3077    678   1113
3080    806   1113
3083   1071   1115
3084   1113   1115
3098   1120   1121
3099    842   1120
3100   1109   1120
3101    959   1120
3102    977   1121
3104     52   1121
3105   1122   1123
3106    854   1122
3107    796   1122
3108   1113   1122
3109   1101   1123
3110    817   1123
3111   1115   1123
3112   1124   1125
3115    410   1124
3116    978   1125
3118    408   1124
3119    292   1125
3121   1127   1128
3122    457   1127
3123   1125   1127
3124   1106   1127
3125    557   1128
3126   1124   1128
3127   1073   1128
3139   1133   1134
3141    147   1133
3142     61   1134
3144    243   1133
3145    938   1134
3146   1135   1136
3147    912   1135
3149    640   1135
3150    884   1136
3151   1131   1136
3152    866   1136
3153   1137   1138
3154   1135   1137
3155   1133   1137
3156    143   1137
3157   1131   1138
3158   1134   1138
3159   1071   1138
3162   1140   1141
3164    140   1140
3165    149   1141
3167    134   1140
3168    568   1141
3169   1142   1143
3173    907   1143
3176    220   1143
3178   1145   1146
3179   1098   1145
3180   1140   1145
3181    698   1145
3182   1059   1146
3183   1141   1146
3184    791   1146
3185   1147   1148
3186   1097   1147
3187   1143   1147
3188    277   1147
3189   1091   1148
3190   1142   1148
3191    928   1148
3241   1164   1166
3243   1007   1164
3245    156   1166
3246   1032   1164
3248    692   1166
3249   1167   1168
3250   1028   1167
3251   1164   1167
3252    163   1167
3253   1037   1168
3254   1166   1168
3255    553   1168
3256   1169   1170
3259     58   1169
3260    460   1170
3262    180   1169
3263    300   1170
3265   1172   1173
3266    923   1172
3267   1170   1172
3269    885   1173
3270   1169   1173
3271     52   1173
3273   1174   1176
3275    916   1174
3277    681   1176
3280   1142   1176
3282   1040   1177
3283   1174   1177
3284    952   1177
3370   1205   1206
3372    177   1205
3373    254   1206
3375    300   1205
3376    826   1206
3393   1212   1213
3394    882   1212
3395    995   1212
3396   1205   1212
3397    473   1213
3398    989   1213
3399   1206   1213
3446    311   1229
3449    310   1229
3475   1238   1239
3476   1142   1238
3479    524   1239
3480   1229   1239
3777   1332   1333
3780    938   1332
3781    500   1333
3783   1131   1332
3784    240   1333
3786   1335   1336
3787   1239   1335
3788   1333   1335
3789    195   1335
3791   1332   1336
3792    821   1336
3794   1337   1339
3796    909   1337
3798    821   1339
3799   1043   1337
3801   1049   1339
3818   1345   1346
3819   1337   1345
3820     69   1345
3821    792   1345
3822   1339   1346
3823    339   1346
3824    195   1346
3842   1352   1354
3844    460   1352
3846    198   1354
3847     58   1352
3849    910   1354
3850   1355   1356
3851     47   1355
3852   1352   1355
3853     61   1355
3854    821   1356
3855   1354   1356
3856    938   1356
3921   1377   1378
3925   1172   1378
3927   1109   1377
3928   1121   1378
3946   1385   1386
3947    922   1385
3948   1378   1385
3949    701   1385
3950    647   1386
3951   1377   1386
3952   1023   1386
3978   1395   1396
3980    587   1395
3981    214   1395
3983    422   1396
3984    215   1396
3994   1400   1401
3995   1395   1400
3996    440   1400
3997   1177   1400
3998   1396   1401
3999    358   1401
4000   1176   1401
4114   1437   1439
4116   1238   1437
4118   1229   1439
4119   1174   1437
4121    738   1439
4122   1440   1441
4123   1040   1440
4124   1437   1440
4125   1000   1440
4126   1036   1441
4127   1439   1441
4128    284   1441
4154   1450   1451
4155    147   1450
4157     61   1450
4158    538   1451
4160    460   1451
4170   1455   1456
4171    862   1455
4172    134   1455
4173   1450   1455
4174   1377   1456
4175    648   1456
4176   1451   1456
4179   1458   1459
4181    907   1458
4182   1131   1459
4184   1238   1458
4185   1336   1459
4186   1460   1461
4187   1000   1460
4188   1458   1460
4189    816   1460
4190   1026   1461
4191   1459   1461
4192   1115   1461
polygons 447
0   1540   2451   2454   2655   2657
3     16     17   1540   2853   2869   2870
4     16   2454   3007   3021   3022
5   2573   2656   2657   2853   2856
7     32     33     34   2576   2655   2656
10   1584   1586   2628   2746   2868   2870
11     17   1584   3021   3023
13   1586   1660   3006   3022   3023
15   1214   1218   1658   1660   2625   2628
16   1049   2744   2856   2868   2869
17   1042   1048   1049   2573   2576
18     32   1045   1048   1218   1221
19     34   1220   1658   2451   3006   3007
21   1042   1045   2625   2744   2746
22     33   1214   1220   1221
23   3844   3852   3853   4154   4157   4160
27   3260   3267   3921   3925   4160   4174   4176
28     84     85   3259   3270   3271
29   3256   3259   3260   3844   3847
30   3104   3265   3271   3925   3928
31   2578   2584   3067   3100   3101
32     85     93   2580   3098   3101   3104
33     93     84   3847   3851   3852
34   2578   2580   2583   3851   3853
36   2583   2584   4157   4171   4173
37   2574   2659   2664   2898   2900   2902
38    101    102   2571   2573   2574
39   2001   2414   2853   3796   3799
40   2023   2413   3796   3819   3821
42    102    111   2856   3799   3819   3820
43   2413   2414   2662   2902   3182   3184
44   1172   1718   2028   3820   3821
45    111    101   1172   2900   3029   3030
47   1486   1492   2615   2619   2770   2771
48   2380   2770   2813   2837   2838
49   1491   1492   1547   1549
51   2394   2458   2459   2781   2783
54   1547   2392   2459   3946   3947   3950
56   1729   2420   2458   3947   3949
57   1549   2619   2790   3950   3952
58   1853   2602   2604   2649   2652
60   2420   2427   2780   2781   2784
61   1729   1853   1855   2427   2429
62   2429   2602   2784   2816   2836   2837
63   1486   1491   2377   2380   2392   2394
67    177   1410   2077   2579   2580
68   1307   2641   3102   3104
69     85    181   1307   3020   3021   3024
70   2638   2641   2644   3024   3026
71    177    189     17    181     93
73    189   1410   1584   2702   2704   2705
75   2638   2642   3098   3099   3102
76   2523   2524   2579   3099   3101
77   2523   2642   2644   2718   2721   2724
78   2705   2723   2724   3020   3023   3026
81   2077   2524   2704   2720   2721
82   2583   2942   3142   3158   3159
83   1716   1718   3035   3037
84    218   3035   3036   3153   3156   3159
85   3139   3141   3142   4155   4157
86   2584   2942   3028   3030   3036   3037
87    224    225   4155   4172   4173
88    229    224   3164   3167
89   3028   3167   3179   3180   4171   4172
90    218    231   1716   3164   3180   3181
91    229    231    225   3141   3155   3156
92    232   1242   3245   3254   3255
93    232   2399   2401   3162   3164   3165
94   1242   1290   3165   3168
95    246    247   1923   1925
96    224   1293   1294   1554   1923   1924
97   1924   1925   2774   2776
100   1289   1294   3162   3167   3168
101    246   1289   1290   1293   3249   3252   3255
102   2401   2740   3241   3243   3245
103    247   2775   2776   3243   3251   3252
104    229   1554   2399   2740   2774   2775
107   1856   2649   2658   2663   2664
108    272    273    947   1853   1856   1859
109    273    886   1153   1780   1781
110    886   1859   2543   2602   2603
111    284   1540   1998   2001   2004
112    292    293   1920   2002   2004
114    295    272   1153   2451   2479   2480
115    295    947   2654   2655   2658
119    303   1920   2495   2540   2603   2604
121   1779   1780   1989   2478   2480
122    292    303   1784   1988   1989
123   1779   1781   1784   2540   2543
124    284    293   1988   2454   2478   2479
125   1998   2002   2495   2652   2662   2663
126    313   1079   1086   1109   1802   1803
127   1800   1803   1806   3781   3788   3789
128   1086   2513   3846   3855   3856
129   1109   2024   2412   2413   2416
130   1806   2027   3818   3821   3824
131   2412   3794   3796   3798   3849   3854   3855
133   3786   3789   3792   3798   3822   3824
134    313   2416   3846   3849
135   1932   2108   2210   2716   4187   4189
136   2210   2843   3282   3981   3995   3997
139   3273   3280   3476   4116   4119
141   2405   2411   4181   4188   4189
143   3169   3173   3476   4181   4184
145    363   3169   3176   3280   3984   3998   4000
146   2405   2409   3173   3176
148   1932   1935   3978   3981   3984
149    363   1935   2108   2409   2411
150   4116   4124   4125   4184   4187   4188
151   2578   2579   2942   3080   3083   3084
152   1172   2298   3034   3037   3040
154   3028   3029   3067   3070
155   2192   2196   2900   3070   3099   3100
156    101   2133   2196   2232   2526   2527
159    111   2133   2297   2298
160    892   2178   2318   2424   2425
161    382   2425   3144   3147   3154   3155
162    389    390    382    892    895
163    391   1081   3781   3784
164    395    398    391    895   2178   2180
165    389    395   1079   1081   1083
166    390   1083   2513   3139   3144   3145
167   2331   2424   3146   3147   3150
169    398   2332   3150   3151   3777   3783   3784
171   2180   2318   2331   2332
173   1432   2352   2434   2435   3373   3397   3399
174   1920   2324   3372   3394   3396
176    419    303   3370   3372   3373
178    419   2352   2538   2540   2542
179   2435   2542   2839   2841
180   1432   2326   2618   2771   2772
181   2434   2772   2835   2838   2841
182   2325   2878   2880   3394   3395
183    433   2549   2874   2877   2880
184    438    433   2322   2325   2328
185    438   2440   2444   2549   2564   2565
186   2443   2565   2743   2744   2747
187   2564   2747   2760   2875   2877
188    998   2625   2680   3397   3398
191    998   1045   2326   2328   2444   2446
192   1528   1729   3050   3053   3056
193   2270   2329   2333   3150   3152
194   2456   3266   3925   3947   3948
195   1307   1308   2333   3269   3271
199   1308   2270   2641   3050   3051   3054
200   3054   3056   3102   3928   3948   3949
201   2714   2717   2748   2760   2762
202   2690   2711   2714   4122   4125   4128
203   2832   2834   2877   2908   2909
204   2208   2843   2845   2907   2909
205   2566   2829   4126   4128
207   2562   2566   2690   2747   2748
210   2196   2199   2574   2577
211    486    487   1048   1621   2445   2446
212    102   1049   2130   2133   2442   2443
213   1617   1618   2130   2232   2233
214   1615   1618   1621   2470   2473   2476
215    487    496   2474   2476
216   2233   2473   2525   2527
217    501    496    486   2571   2576   2577
219    501   2199   2470   2474   2525   2526
223   1301   2696   3375   3395   3396
224   1760   2696   2866   2878   2879
226   1301   1760   1762   3260   3263
227    292   3256   3262   3263   3372   3375
228   1762   2863   2866   3842   3844   3846
230    524   2002   2324   2325   2416   2417
231    313    524   2863   2879   2880
234    526   2004   2417   3842   3847   3849
235    293    526   3259   3262
240    537   1153   3449   3479   3480
241   1780   1782   3479   3784   3787   3788
243    544   3446   3480   3787   3789
244   1081   1692   1694   1801   1803
246    391   1693   1694   1781   1782
248    553    554   3446   3449
249    554    273    537   2044   2045   2048
250    544    553   1806   2048   2049
251    886   1692   1693   2045   2046
253   2039   2040   2054   2286   2287
254   1841   1842   2054   2307   2472   2473
255   1842   2043   2233   3106   3107
257   2472   2521   2525   2719   2721
258   1648   1649   2286   2704   2707
261   1293   1510   1843   1844
262   1289   1292   1507   1510   1513
263    438    584   1243   1290   1292
264    584   1513   1619   2444   2445
265    588   2808   3250   3252
266   1243   2549   2832   3253   3255
267   2119   2568   2808   2829   2830
268    588    246   1617   1843   1845   2118   2119
269   1507   1615   1619   1844   1845
270   2126   2873   3798   3801
271   2714   2799   2800   2871   2873
272    596   2690   2871   3801   3822   3823
273    544    597   3823   3824
274    596    597   3446   4118   4127   4128
275   1525   1528   2426   2427   2430
276    537    272   1706   1708
277   1859   2045   2426   2429   2432
279    612   1261   2950   3125   3127
280    947   1707   1708   3121   3122   3125
281   1855   1856   3056   3122   3124
284    623    612    624   2048   2050
285    625   2044   2050   2430   2432
286    623    625   1525   2950   3052   3053
287    624    554   1261   1706   1707
289   1355   2419   2425   2777   2781   2782
290    382    629   1355   1557   1558
291    632    629   3141   3144
294    636   1525   3149   3154   3156
295    231    636   2399   2430   2431
296    632    225   1553   1554   1557
297    641   2142   2173   2396   2397
298    642   2142   2679   3376   3398   3399
299    641    642   2284   2708   2722   2723
300   2679   2702   2707   2708   2763   2765
301   1301   2055   2056   2176   2395   2396
302   2051   2055   2287   2696   2764   2765
303   2173   2176   3370   3375   3376
304   2278   2283   2284   2395   2397
305   2270   2407   3173   3187   3188
306   2333   2335   2478   3185   3188   3191
307   3783   3791   4182   4185
309   1785   1989   2329   2332   2335
310   2480   3190   3191   3475   3476   3479
311   2407   3151   3152   4179   4181   4182
313    398   1779   1782   1785
314   1021   2046   2401   2431   2432
315    669   1716   2027   2028   2049   2050
316   1112   2024   3165   3183   3184
319    232   1021   1112   1801   1802
320    669    218    636    625
322   3142   3145   3850   3853   3856
323   1083   1086   2863   2911   2912
326   1761   1762   4158   4160
327   1761   1809   2866   2910   2911
328    629    390   1808   2910   2912
329    632   1808   1809   4154   4155   4158
331   1292   2621   2790   2905   3168   3182   3183
332   1512   1513   2619   2621
333   1294   1510   1552   4170   4172   4175
334    690    389   2756   2906   2909   2912
335   1557   1559   1807   1808   1811
336   1807   1813   2906   2907   2910
338    890    892   1355   3980   3995   3996
339    700   1558   1559   3980   3981
341   2558   2756   2845   3282   3284
342    690    890    895   2557   2558
343    700   1811   1813   2208   2210
345   2557   3284   3996   3997
348   1846   2433   2439   2815   2840   2841
349   2545   2839   2840   3241   3246   3248
350   2805   2815   3246   3250   3251
351   1697   2756   2834   3248   3253   3254
352   2439   3275   4114   4119   4121
353   1697   2542   2545   2556   2558
354   1846   2805   2830   4121   4126   4127
355    433    524   1109   1112   1242   1243
358    584   2328   2615   2618   2621
360   1263   1710   1846   1847   1850
361   1220   1711   1850   2437   2439
362   1260   1263   1602   1605
363     33    736    737   1260   1710   1711
364    736   1221   1431   1487   2770   2772
365    737   1487   1602   2378   2380
369   1605   1847   2378   2811   2813   2815
372   1410   1476   1649   2798   2800
373   3083   3157   3159   4182   4191   4192
376    177   1476   2126   3850   3851   3854
378    189   1476   2867   2870   2873
380   1595   2286   2759   2762   2765
382    760   1586   2705   2708
384   1595   1648   2717   2798   2799
386    760   2628   2679   2680
387    597    553    624   1333   1336   1339
388    596   1336   2117   2566   2568
389    766   1333   1337   2117   2119
390    767   1256   1261   1263   1337   1339
391    766    767   1847   2805   2808
393   1705   1706   1850   3449   4118   4121
395   2785   2811   2816   3243   3246
397   2381   2779   2782   2783
398    774   1631   1635   2773   2776   2779
399    775    767   1605   1635   1636
400    774    247    588    766    775
401    776   2644   3112   3115   3116
402    782    776   2281   2722   2724
403   2192   2199   2642   3116   3119
404    785    501   3112   3118   3119
405    782    786   3115   3118
406    786    785   2278   2281   2474   2475
407   2308   2470   2472   2475
408   1194   1760   1761   2055   2057
409   1194   1550   4158   4175   4176
411   1546   1547   1550   1980   2056   2057
412   2176   2462   3263   3266   3267
414   1980   2391   2392   2395
417   1612   2106   2110   2411   2950   2953
418    623    669   1612   3034   3035   3038
420   1591   1595   1813   2038   2039
422    921   2051   2054   2057
423    921   1194   1807   1809   2038   2040
424   1934   2041   2111   3105   3107   3110
425    774   1922   1925   1934   1937
426   1839   1843   1922   1923   2041   2043
427   1333   1614   2296   3038   3040
428   2117   2118   2130   2296   2297
429   1618   1839   1842   1845
430    775   1337   1614   1937   2110   2111
432   2638   3054   3116   3123   3124
434   2577   2658   2659   3119   3122   3123
436   1553   1559   1922   1924   1927
437   1811   1927   2037   2038   2041
439    921   1550   1552   1839   1841   1844
440   1490   1492   1512   1619   1621
441   1490   1491   1980   2283   2475   2476
444   1336   2296   2298   3818   3820   3823
445   1988   2335   3262   3269   3270
446   1308   3024   3186   3188
447    284    526     84    181     16
449    776    825   3026   3176   3186   3187
450    825   2409   2953   3115   3126   3127
454   2173   2177   2182   2318   2461   2462
456   1634   2777   2779   3978   3980   3983
458    835   1634   2381   2391   2394   2397
460   2142   2181   2182   3994   3996   3999
461    641    835   3983   3998   3999
462    839   1635   1637   1930   1935   1937
463    700   1927   1930   1932   1934
466    839    843   3983   3984
467    843   1631   1634   1637
468    844    487   1486   1487   1490
469     32    486    844    736
470    998   1218   1431   1432
473   2181   2183   2352   2556   2557
474    419   1784   1785   2177   2180   2183
475    395    690   1691   1694   1697
477   1021   1691   1692   3245   3248
478   2182   2183   3373   3376
479    786    849    850   1602   1636   1637
480    850    737    844    496    785
481    835    843    849   2281   2284
482    760    642   1660   3277   3999   4000
483   3006   3189   3190   3277   3280
484    363    839    849    782    825
485    850   1256   1260   3118   3125   3126
486     34    295   1705   1708   1711
488   1658   2437   3273   3275   3277
489    612   1339   1612   1614
491   1507   1512   1546   1549   1552
492   1528   2419   2420   3147   3149
493   1691   1693   2538   2543   2545
494    890   2177   2178   2181
495   2118   2442   2562   2565   2568
496   1591   2762   2875   2907   2908
497   1841   2037   2040   2043
501   1546   3950   3951   4174   4175
503   2322   2326   3393   3394   3397
506   1800   1801   2044   2046   2049
508   1042   2440   2443   2446
510   2798   3077   3084   4190   4192
511   2110   3038   3109   3110
512   1079   2513   3777   3780   3781
515   1800   1802   2023   2024   2027
516   1648   2037   2039   3077   3107   3108
518   1615   1617   2440   2442   2445
521   1718   3030   3179   3181
523   2001   2654   2657   2662   2664
524   1214   1431   2433   2434   2437
525   2287   2307   2707   2719   2720
527   1256   1705   1707   1710
531   1553   1558   2773   2774   2777
533   1855   2649   2788   3946   3949   3952
536   1649   2077   3077   3080
539   2126   2800   3792   4185   4190   4191
541   3051   3053   3146   3149   3152
542   2023   2028   3178   3181   3184
544   1591   2208   2711   2716   2717
545   1631   1636   2377   2378   2381
547   2051   2056   2283   2307   2308
548   2716   2843   4123   4125
552   2106   3110   3111   4186   4189   4192
553   3780   3791   3792   3854   3856
554   2329   2331   2461   3265   3266   3269
555   2322   2324   2495   2617   2618
556   1930   2106   2108   2111
558   1998   2412   2414   2417
559   3067   3927   4170   4171   4174
562   2521   2524   2527   3080   3106   3108
564   2232   2297   3040   3105   3106   3109
565   2405   2407   2953   3051   3052
566   3145   3157   3158   3780   3783
567   2391   2396   2456   2459   2462
568   2192   2521   2523   2526
571   2426   2431   2740   2784   2785
572   2278   2308   2718   2719   2722
573   2419   2424   2456   2458   2461
574   2377   2780   2783   2813   2816
575   2433   2435   2556   3275   3283   3284
576   2604   2617   2771   2836   2838
577   2479   3007   3189   3191
578   2615   2617   2652   2788   2790
580   2538   2603   2835   2836   2839
581   2562   2564   2828   2829   2832
582   2571   2654   2656   2659
583   2763   2764   3393   3395   3398
584   2680   2743   2746   2759   2760   2763
585   2663   2788   2902   2905
586   2743   2748   2867   2868   2871
587   2759   2764   2874   2875   2878
588   2702   2718   2720   2723
589   2711   2799   4186   4187   4190
590   2898   2905   3070   3927   3951   3952
591   2773   2775   2780   2782   2785
592   2828   2834   2845   4122   4123   4126
593   2828   2830   3249   3250   3253
594   2811   2835   2837   2840
595   3282   3283   4119   4123   4124
596   2867   2869   3794   3799   3801
597   2874   2879   2906   2908   2911
599   2898   3029   3178   3179   3182
600   3020   3022   3185   3186   3189
602   3034   3036   3083   3109   3111
603   3050   3052   3121   3124   3127
609   3098   3100   3921   3927   3928
610   3084   3105   3108   3111
612   3112   3121   3123   3126
613   3146   3151   3153   3154   3157
614   3139   3153   3155   3158
615   3162   3178   3180   3183
616   3169   3185   3187   3190
620   3241   3249   3251   3254
621   3256   3265   3267   3270
622   3273   3283   3994   3997   4000
628   3370   3393   3396   3399
630   3475   3786   3787   4179   4184   4185
631   3475   3480   4114   4116   4118
652   3777   3786   3788   3791
653   3794   3818   3819   3822
656   3842   3850   3852   3855
661   3921   3946   3948   3951
663   3978   3994   3995   3998
671   4114   4122   4124   4127
673   4154   4170   4173   4176
674   4179   4186   4188   4191
cells 64
0      0      3      4      5      7     10     11     13     15     16     17     18     19     21     22
1     23     27     28     29     30     31     32     33     34     36    559    609    621    673
2     37      5     38     39     40     42     43     44     45    521    523    542    582    599
3     47     48     49     51     54     56     57     58     60     61     62     63    533    574    576    578
4     32     67     68     69     70     11     71     73     75     76     77     78     81    588
5     82     83     84     85     86     36     87     88     89     90     91    521    614
6     92     93     94     95     96     97     88    100    101    102    103    104    620
7    107    108     58    109    110    111    112    114    115    119    121    122    123    124      0    125    523
8    126    127    128    129    130    131     40    133    134    512    515    553    652    653
9    135    136    139    141    143    145    146    148    149    150    548    595    622    663
10    151    152     86     45    154     76    155    156     31    159    562    564    568    602    610
11    160    161    162    163    164    165    166    167    169    171    512    566    613    614
12    173    174    176    178    179    119    180    181    503    555    576    580    628
13    182    183    184    185     21    186    187    188    191    503    508    583    584    587
14    167    192    193    194     56    195     30    199    200     68    492    541    554    573
15    201    202    203    204    205    187    207    496    544    548    581    592
16     17    210     38    211    212    213    214    215    156    216    217    219    508    518
17    182    223    174    224    226    227     29    228    230    231    112    134    234    235
18    240    241    163    243    127    244    246    109    248    249    250    251    506
19    253    254    255    216    257    258     81    497    516    525    536    562
20    261    262    263    264    185    265    266    267    268    269    101    495    518    581    593
21    270    271    243    272    202    133    273    150    274    539    589    630    631    671    674
22    275     61    276    249    108    277    279    280    281    284    285    286    192    287    603
23    289    104    290    291    275    294     91    295    296    161     60    492    531    571    591
24    297    298    299    223    300    301    302    303    304    525    547    572    583    588    628
25    121    241    305    169    193    306    307    143    309    310    311    313    616    630    652
26    314    285    315    316     93    319    320    295     90    506    515    542    615
27     85    322     23    228    128    323    326    327    328    329    166    291    656
28    331    154     57    332    333    100     89    262    491    501    559    590    599    615
29    162    334    328    290    335    336    338    339    341    342    343    204    136    345
30    348    349    350    351    179    352    353    341    354    575    592    593    595    620    671
31    129    355    125    331    230    184     43    316     94    358    263    555    558    578    585
32    360    361    362    363    364    365    348     48     22    369    181    524    594
33    322     82    372    307    373    376     34     67    151    510    536    539    553    566
34    372     73    378    380    271     10    258    382    384    201    386    300    584    586
35    387    388    389    390    391    360    267    393    274    205    354    287    248    527
36    395    103    391    369    265    350    397    398    399    400    545    574    591
37     77    401    402    403    404    405    406    257    219    407    568    572
38    408    326    409    411    412    226    414    194     27     54    301    501    567    661
39    311    417    286    373    418    141    294     84    320    511    541    552    565    602    613    674
40    224    336    380    253    302    408    420    422    423    327    496    587    597
41    424    425    426     95    427    428    213    255    429    430    389    400    268    511    564
42    155     37    432    210     75    403    107    200    281    434    533    585    590    609    661
43    436    437    335    439    261    426    423    333    409    296     87     96    329    497    673
44    429    439    269    440    422    254    411    441    214     49    407    491    547
45    428    212    388    272    444    159     42    207     16    186    495    586    596    653
46    445    195     28     69    446      4    235    124    447    306    577    600
47    401    432    199    305    446     70    449    450    146    565    603    612
48    454     51    297    289    160    456    397    458    338    460    461    494    567    573    663
49    456    398    462    148    463    339    425     97    436    466    467    531
50    468    440    211    191    358    364     47     18    469    264    470    332    180
51    353    178    473    474    246    475    123    164    342    313    493    494
52    351    334    266    355    475    231    323    126     92    244    203    183    319    477    165    597
53    445    227    122    474    309    412    171    454    478    303    176    554    621
54    270      3    378    447     71    376     33    111     39    131    234    558    596    656
55    424    384    135    437    420    343    463    510    516    544    552    556    589    610
56    441    406    479    480    468    215    365    414    304    458     63    481    467    545
57    482    483    466    299    382    449     13    402     78    461    145    484    481    600    616
58      7    280    434    363    480    485    404    469    217    486    115    527    582    612
59    477    314    102    277     62    251    349    395    110    493    571    580    594
60    139    483    393    488    352    361    276    240    114    486     19    310    577    631
61     15    482    478    473    460    488    345    470    173    298    188    386    524    575    622
62    387    489    427    130     44    418    315     83    444    273    284    152    250
63    149    484    450    390    489    279    362    485    417    479    405    462    430    399    556
