vertices 383
     0 0.97931882348563 0.35920773915409 1.04724834446285
     2 1.36644964512205 0.53341845296755 1.58046754613583
     8 0.86771539996099 0.24894784812141 1.04933148895194
    11 0.22988765329808 0.64749168878304 1.03960628253913
    14 0.82846971866089 0.06178766034751 2.14047325728777
    16 0.27177476597475 0.64105705046605 2.30021134797868
    18 1.11799628407250 0.98979005345420 1.90825144122207
    36 3.87708737544362 0.58804291081376 1.68550485483786
    37 0.46398027302960 1.11202416331796 2.00677160584916
    41 0.21526087001427 0.78044354045964 2.24998210326924
    47 1.41153223930179 3.80303164208757 0.55191417822895
    52 1.63377511231984 0.69885244910253 0.18528726437408
    58 1.82821852615215 0.21685380738981 0.86000558775866
    59 1.50415519361233 0.20973305553244 0.68283819659472
    61 1.85465699282423 3.31829564258107 0.06815381982911
    69 1.01240417563914 3.38900872670262 2.67076405309591
    72 0.91007021622769 3.59500384735662 2.66672832820295
    76 1.13570518465412 0.12365315195793 2.90641488125646
    98 3.06639828403840 0.67978103284699 3.32640960328780
   115 1.02032927088357 3.72483126067063 0.71650079979536
   119 0.76191215116308 0.93228021261771 0.07503711293294
   134 2.59101302742122 3.17083405435951 3.20460676452943
   136 2.62996074435443 2.82849154833713 3.36434766258159
   139 1.62530125245950 2.63789026743716 3.06384933904680
   140 2.38055912695170 2.67342501052544 3.08088132063898
   143 1.98334933851464 2.42774035620900 3.19187689125402
   147 2.50841059620483 2.84039691763257 3.87575969402880
   149 2.62898301945300 3.04310907211867 2.23712460909104
   152 3.39181688073144 3.15795100865956 2.99631061337752
   156 2.61815126786324 2.58913462971354 2.21099501703365
   157 3.45421348166648 2.62342943712490 3.07549718976467
   163 3.54116784144385 2.76073442554853 2.74021144637264
   169 1.88915631619582 1.62727475404677 2.18229153549218
   171 1.29631480374764 1.40672533971316 2.16767968938540
   174 2.27845802188512 1.16756228854183 1.48939195142078
   177 2.23906382215508 0.73267764303284 1.42766857596691
   180 2.03932142737102 0.70519121915418 1.30379242036846
   185 1.82848820000439 0.44455769985716 1.41474270559831
   191 1.40015946991728 1.55156322324871 2.06969074527162
   195 1.21061841754746 2.72547779657799 1.99028271224274
   198 2.42688951936646 3.35995670985358 1.25462268843528
   199 2.44436393900684 3.49506624640057 1.59344530650358
   214 3.78448129557929 2.40449228729301 0.36480943719117
   215 0.18539287548355 1.80864959936217 3.97062293258616
   220 0.49391707271798 1.74227149181690 0.01346843346157
   230 2.71850726163697 2.14185014611280 0.16836263285585
   231 2.25033319123712 2.43070146265698 1.20835041390451
   235 2.12062012741553 1.72472412700431 0.81789017653796
   236 2.52258101853056 2.67543230209131 0.92543603882731
   240 1.98035235254166 2.12282656402890 1.10613434411046
   241 2.55225698939295 2.47769891083217 1.01896564152907
   243 2.57253216357879 2.62345701150335 0.14628729378937
   254 2.97724756725804 1.21065243912501 1.17530054869492
   260 2.79289324944020 3.57835153706160 1.61588355841462
   261 3.02521289100105 3.43087615127481 1.87160385863130
   264 3.14139010053371 3.80306944263932 2.10485850673327
   277 1.54661210486324 1.36043847570439 0.35883139740324
   284 0.43396051158455 2.80090014703660 1.81923199236630
   288 0.21000967050747 0.74282745092712 2.87982161304168
   290 3.87671191067694 0.51639746438568 2.91586319647217
   291 0.04414493783994 3.63352948242876 3.17983219520150
   292 0.94964982292786 0.52616129944436 2.90402673865345
   295 0.10130886395896 0.73943988655347 2.71441290944150
   300 2.80924928972917 0.45654790584416 0.61844593020936
   310 1.05165912129416 1.89297428844848 2.16881280185793
   311 1.01667785648242 2.52946830249950 2.05681311852942
   315 1.11874629441158 2.19902152248341 2.35333019962483
   332 3.00056097003272 3.76629586549725 2.47870992501928
   336 3.93159387065470 2.63886481545388 2.54983700235729
   339 0.83256686151827 2.77309070105213 2.08429283851285
   343 1.96422252461573 2.17008918420516 2.98073204952089
   346 1.16917312871776 2.26138945966053 3.08498874475019
   347 1.57316760413228 2.38661645115403 2.96001553752292
   354 0.91701041637085 2.16280370486750 2.71224696540206
   356 2.70483151492223 2.74919607642833 0.04895055367476
   358 3.62781158862133 1.17655486327906 0.51450027885436
   364 0.07496209250603 0.61933592351690 0.88180050608244
   365 3.65758868299355 1.12637763279604 0.08257184943469
   376 3.03757404852616 2.39384974955977 1.34730226829551
   380 3.51409224835848 2.80110641656551 0.09403126908278
   394 0.21274952831772 1.45624906592077 2.87372768250725
   396 0.04982233018787 0.87252027660725 2.64725561272207
   399 0.17274636026980 1.83746127286154 2.68871010671708
   403 0.19413755586398 2.33513365835251 2.85793680102106
   405 3.99901932542711 2.32846123078368 3.20578347965656
   406 0.23990058244161 1.38892565069065 3.66960909642202
   408 0.35447481882916 1.31084405453741 3.13456417178359
   410 0.48483653934200 1.41814581883152 3.74996598295254
   413 3.14816281310601 3.84735887989592 3.91666856408553
   422 3.72651829447530 1.51931978263624 3.96667165396669
   425 0.05399309508075 1.61953937483975 3.75705323536803
   429 2.94072709634616 0.39704430834598 2.95731858290863
   432 2.16772078732491 1.51035988691938 3.11809250705991
   436 2.08070810886877 1.60689330400355 1.86116094739099
   439 2.72202321415291 1.97575689273228 0.56731204877981
   440 3.34030630026439 1.73923446708440 0.78871295245322
   447 3.49417894845356 3.69216660620507 3.89568373358821
   457 1.52480185319782 1.08044424530287 2.53907008017175
   460 2.43436413896720 3.96512155905891 0.43761859116581
   473 3.49900056222849 0.64160472295835 1.67430553481863
   481 2.31449216046505 2.42660296429510 1.91812186992566
   488 0.08938787193278 0.19091103354435 2.03232769677429
   489 0.23070285139948 0.02249000195860 1.97789050044208
   500 2.15744366091000 2.55755243585902 1.18794950489217
   502 2.26541583503595 2.74530263819989 1.03425642421662
   510 2.27674140827056 3.21993435730869 1.88530417350866
   513 0.02332160572654 3.46663992793946 0.49405073300990
   519 0.18978832120744 3.39306931301705 2.58161076131714
   524 1.48650393617274 1.50343568540580 1.56090094623135
   529 1.48931622760996 3.17884754311888 3.02844587140872
   538 2.81250243503981 3.67408393650855 0.14569902111337
   544 0.20710180005342 1.12015939026983 1.68078714392857
   545 3.92370408385792 0.80922856414245 1.82018657125618
   553 2.93352739786544 3.13004879613803 2.20356715314762
   557 0.81838617143399 1.84967432303128 2.66262891377686
   559 0.36776144202967 1.71288365074553 2.64091492846474
   568 2.92234975021347 3.37041608877515 2.53295761919252
   569 3.14593339727948 3.36242363600155 2.93757816643183
   571 2.95100422062475 0.17108604814627 0.57948587052324
   573 1.46222243428939 0.91344966459261 0.13961725054302
   581 0.54080169528533 2.86217130619948 2.52520998030540
   582 0.59182465993118 2.49177073146601 2.83424344982633
   587 2.96045807989438 2.14603002299489 0.03333846691410
   605 0.76361529704276 3.67738278362723 0.40976304877668
   611 3.53274321230893 0.89221920745186 1.82406843786666
   625 0.98469815723359 3.37040010953982 0.97869099231581
   629 3.30339158565715 1.01260707941659 2.71477968257224
   630 3.19972526707394 0.66073139571876 3.01931895232574
   635 3.18823330876353 3.47536617084505 2.98287124907699
   636 3.19389730294439 3.81778701062740 2.71968506709281
   640 1.92747936776163 1.82028959790687 3.34667969791561
   645 1.36284135654260 0.40456741800609 1.80318309301009
   647 2.83294763166918 0.41532448570023 3.19927768117089
   648 2.85860266839808 3.86018345655532 3.50371750910662
   649 2.99141780113337 2.64674519518788 3.38757579480763
   650 2.98715377506845 2.58649782685329 3.90985192052372
   658 0.56044223896473 0.54413836827966 0.89159255516006
   660 3.66288136685192 2.95637458195377 0.68111397792408
   662 3.96766441264287 3.29962167076625 0.75897582123325
   663 0.04701408173380 1.59855097026008 2.89457807892284
   667 0.78212774273325 2.62198466693944 3.20412284405229
   668 3.87987485033807 3.56621198149363 2.88847938767756
   669 3.71302764625071 3.90590269992938 2.65596157089773
   673 3.27237443032705 1.64614630693096 3.49329859506555
   674 3.88941281669351 1.78571490703441 3.32168934662775
   678 0.59886457934912 3.39645906054070 0.41668879221896
   681 0.38168877178222 1.04612653053130 1.20020213188501
   691 2.39400249983151 2.28918763895626 1.74657007589247
   692 2.82560522064068 2.25773138505311 1.76078589272906
   695 0.94056125365812 1.75505871731022 2.26625660456915
   696 0.49304538160845 1.61668721654282 2.19840773877907
   698 1.64385990076977 3.07390364777990 2.89834002792377
   701 1.98440094788896 1.21534665711153 3.07765480486567
   711 2.70310692339675 3.88307555139276 0.49900635060428
   717 1.81306146071034 1.54233039811636 1.51388061202191
   718 1.99617147741222 1.32918939158803 1.34722398843116
   723 2.08256071225800 2.73715842967430 1.71779600318266
   724 1.51080758185942 2.74261775825027 2.12455630413260
   725 2.98780535725684 3.09174904731106 0.31905143610825
   726 3.49233213660272 3.00232944812371 0.23938151340818
   735 3.73445109495537 3.42710938668285 3.43353829601095
   736 3.49636815996031 3.34932375230430 3.05697521960053
   737 3.86033806995122 1.99714124339710 2.24740519422917
   738 0.15484037069362 1.83388865105534 1.86933982974079
   739 1.94093741758489 1.10999293620041 2.61604729796571
   740 2.10406368759150 1.32188983805782 2.48356123790072
   758 2.23918562627293 0.47598179802421 1.73580993562165
   760 3.37560661915310 2.82528456446371 3.22404006330108
   761 3.76864399701813 2.90389778080839 3.66846318749692
   762 0.26084186198009 2.23169502424696 3.95702591993363
   764 0.19891503052365 2.51209948886332 3.57548990966185
   777 3.34754597378958 0.61832041402944 3.76783026540611
   780 1.86041033613815 1.22336338722112 1.27612188966199
   783 1.77089901090294 0.23773331234969 1.84970469031664
   784 1.93618671043863 0.27390859169436 1.66148423050774
   791 1.96205766679020 3.48545040566299 2.20069927102103
   792 1.54771509801864 3.12959699075801 2.37390218782088
   795 3.69339678491843 3.29531999506608 0.07704703589519
   796 3.85947646756423 3.14299438229175 3.69068553182808
   797 1.92655898514496 2.05608117782386 2.36295810451055
   798 1.52975013084337 2.31546590239994 2.44031526796559
   799 3.56973704241999 0.01105116303765 0.04282772105957
   800 3.29799459018037 0.10312054043723 0.04457868641599
   806 0.96074340917745 3.66035182082682 0.00827773848313
   816 0.60357793760804 2.29506848806622 0.00971431345139
   817 0.54789747305270 2.62239291261668 3.55087887019137
   819 0.20740942567905 2.91744943246726 2.42013748450336
   821 1.35620905763253 3.17787742278241 1.09281845127043
   822 0.63312532053367 3.39688704277143 2.79878420371397
   826 3.16378294368252 1.08593856532760 0.68294745219791
   837 2.96195807725619 0.88549919078761 0.32535357071353
   838 2.54337311604426 1.72771525961222 0.59016645501649
   839 3.05397509205777 1.37077451008322 0.82264567948241
   842 1.15466377158085 0.29320149072698 3.51598159409294
   844 1.00240118610122 0.24279884546758 3.10127255125973
   847 3.85314184882454 2.57938790498084 0.73899663245230
   854 0.45955162847398 3.53574581890773 3.20221772437306
   862 1.80967749349087 3.64376767562314 3.40336395154248
   866 1.64065400670838 1.81758727206914 0.15074098275303
   869 3.77713145525263 0.60390792996494 3.71585642670269
   870 3.93056595664370 0.90810530527110 3.93746535644177
   871 3.87533259799263 3.96424637289831 0.50041329664055
   874 0.72724870203169 3.24042905935748 2.78539285958988
   877 3.90865571531111 0.33304067748068 3.81679559782576
   881 2.38266693287582 1.63624863397472 0.32872696930326
   882 2.81521326944518 0.15985936594949 1.69451487220587
   883 2.96954676959914 0.20535733525732 1.91267514504265
   884 1.97926409135830 1.62086702167161 0.49484780543637
   885 1.81218770198744 1.31665861946905 0.53599950455507
   890 3.23850131998050 1.51862283275380 1.58269854418033
   899 3.28434644169152 1.29626764868173 2.79554637894305
   900 3.06607825876641 1.45717802811868 3.36576453733484
   903 2.96005407883066 1.06934230507530 3.55085398918162
   904 3.24416091612362 0.89534860839146 3.92153421233238
   905 2.48791158186265 2.33759345646373 2.76700595298936
   907 0.91426863679618 2.09083417709181 0.26952283169617
   908 0.76371561137689 2.13410378174575 0.00431016367995
   909 1.79447744722461 3.77892457603463 1.85960170584650
   910 2.02604685249626 3.81125886562430 1.59189293894754
   911 2.64618204851496 1.44996631585540 3.51178568836374
   912 2.43685902784257 1.84444853625110 0.02031039417529
   913 2.26297376001335 1.60794480916067 2.85970952764508
   914 2.12957743556022 2.04957298283018 2.76655856878353
   915 3.36250834631357 1.45901232639232 1.71249952757098
   916 3.98904388478315 1.59892846791534 1.62367061400061
   917 0.02615904886402 3.77862891616360 2.11798564192985
   918 3.86697515416649 3.91226375984376 2.18819919995188
   920 1.19122986433872 0.96570113121002 1.63753838551530
   922 2.68362974571101 1.12826967689483 3.61436555742959
   923 2.58048003602409 1.06745228705157 0.11075466857705
   926 0.15663065090266 0.11448143874173 3.32080494751261
   927 3.99131495872350 0.52387009591231 3.06803676855992
   928 1.44566975304271 1.35254713255298 1.46634685282379
   933 2.31297033150883 0.71724372067867 2.28096732255653
   938 1.85468540250026 2.83707920528422 0.65142538648140
   941 0.81461515764582 0.07400961064900 3.68178070439361
   942 0.62231342023827 3.99716115817684 3.33626298880899
   946 2.33253882291141 1.36203086703091 1.86173562502923
   948 3.03306481531976 1.63935371503602 1.81900428160573
   949 3.28468296700353 3.26548700031196 1.69667181489085
   952 3.41749216833021 1.86347370306288 1.10574341186445
   954 3.93612642075087 3.46681596030642 1.83692714831570
   955 0.14316260244267 2.88768018577574 2.04996637489977
   957 0.90575083251707 0.42201047389085 2.28619427509457
   958 1.08591671478622 0.42632973163102 2.68430009222010
   959 1.31593251622018 3.72141369629825 0.00963389694240
   960 1.56843421808771 3.41866472674837 3.83473037974809
   966 2.36189264228554 1.17073115316069 2.26432283342302
   970 2.68294330468866 0.55114643683836 2.37674123366721
   971 2.64700291861357 0.38101579801228 2.59425188370155
   972 0.03930095931377 0.45591111077405 1.27235783335479
   977 1.48727995318464 0.81069366595845 3.75373592938871
   978 1.20600659253539 0.74075114886255 3.62847821662021
   980 2.11359736924307 0.65545214031842 2.47659503416353
   982 1.23771009354531 0.62309987407058 2.08714804613305
   983 1.45195766919591 0.65947360937379 2.40607496667286
   984 1.88507740878866 0.46877530915533 2.38801219349254
   989 3.86119454246648 0.43281953437538 1.07183290906470
   992 0.48745399729058 3.25846922758824 1.37891255669639
   995 3.15685132899494 0.12897702210961 0.97530486109621
   997 0.26993395778597 0.27045719920489 0.41564353857690
   998 0.29044744013291 0.47110367660795 0.55000195596010
  1000 0.32235342478833 2.64970510753174 0.89916460190551
  1001 0.40533473135147 3.08093420260953 0.92741453795936
  1002 0.28824123853221 0.40984691495615 0.17457046492335
  1003 0.30085191684556 0.56680505067383 0.23542818243325
  1007 2.84462928620062 2.16811886368440 2.83284096664847
  1010 0.29021575140473 3.96425574218307 1.61382205883986
  1011 0.11485955470234 3.59527626246605 1.52836440148189
  1012 3.24823639894964 2.61160095457184 1.35634595098220
  1015 3.77473565630363 3.60021841296841 1.12908112037881
  1016 3.69392475624723 0.05105022187313 0.91873624079761
  1018 3.11927441467100 1.00674218395251 2.41238340405871
  1019 3.08758273480758 2.35068789585371 3.18008594008950
  1020 3.08945892778420 1.78039501240827 3.49149149784105
  1021 2.94757583431371 1.56152590381582 3.36394604776005
  1022 2.77607994718112 1.67926838693191 2.90034604085203
  1023 2.23841096619616 0.45322227419725 2.67703670003675
  1026 0.69489737822198 3.14762257469173 0.74079111472577
  1028 3.78116743780379 2.48938212062445 2.26712682437592
  1030 3.07174780222606 1.45486175024177 2.56875502593812
  1032 3.26212932983285 1.80090982825431 2.25333836198034
  1036 3.89198222748338 2.63275522222006 1.99593456895771
  1037 3.33773989362099 2.83449185083955 1.81368214684904
  1038 2.98690936960068 1.29977020125001 2.37678434882778
  1039 3.15450438490294 1.58418521472187 1.97012180771853
  1040 3.71546767377116 2.32416646751641 1.12518924912113
  1043 1.03470770350211 0.00505431883319 1.84934374708790
  1047 2.74498039180603 3.39636819846131 1.11831465615253
  1048 0.77048788585565 3.92939854322278 1.49590285469054
  1049 0.85713909528316 3.43755926628299 1.34562065991165
  1050 3.21071328979656 3.31799787473443 1.35062570381744
  1051 2.93208856451862 3.50776716747228 1.31311657786109
  1057 1.67379413690182 3.92792491960622 3.06426375509212
  1059 2.00713124753397 0.21723331145561 2.62259316499973
  1060 3.17387772018442 2.99234222475518 1.11366611482699
  1061 2.88951858360810 3.03569798235864 0.96136812136447
  1071 1.29829930151200 2.89442581620383 3.66706425406969
  1073 1.21789683118656 2.04733933967516 3.30379657772713
  1091 0.69353488578877 1.01198711293489 1.12729186557702
  1096 0.72588367758635 0.66573221707973 0.90121384722712
  1097 0.95586574558162 0.99269250155195 0.37069194977951
  1098 1.74973584417069 3.51711162110221 3.13936472252786
  1100 1.32327205354292 2.90190761232718 3.27176187912132
  1101 0.85015233044322 2.86025982817614 3.24623822236876
  1105 1.69801281440778 1.79542884120038 3.43986081597427
  1106 1.63353535906900 1.26888790140269 3.26191739007490
  1109 1.74388497078161 3.96925070498452 3.33968734719536
  1113 0.74652305126324 3.22360554998176 3.91277507909683
  1115 0.83998005926591 2.97630232394766 3.83817773931320
  1120 1.42916005254187 0.18228252106661 3.62831066380879
  1121 1.63279195726292 0.62461121840710 3.80635933354855
  1122 0.53019435818735 3.14272855512901 3.61603142230177
  1123 0.66102700170951 2.93359341791207 3.57359716341305
  1124 0.73217351368058 1.35534092798724 3.25378432427637
  1125 1.09256375094588 0.99868020304743 3.18412816381008
  1127 1.30044108019782 1.21179715489125 3.04598677641027
  1128 1.00384327375113 1.58094444882558 3.07323419137292
  1131 1.47434612614841 2.32388440108766 0.37081638704354
  1133 2.34421516534764 2.69415316307555 3.99156146927535
  1134 1.92218733107564 2.83784264723153 0.16888553002319
  1135 2.08225295640283 1.97628778751528 3.86658518093924
  1136 1.72725298694842 1.80398034496267 0.26580620860548
  1137 1.97594116236845 2.36324916558688 3.79883313086699
  1138 1.68266864197558 2.54854494916998 3.99383266370676
  1140 2.39269707575675 3.09583497574612 2.96713909911228
  1141 2.55164475624120 3.23831685369105 2.55213061705393
  1142 0.65577681387837 1.57944162924321 0.87611284815954
  1143 0.74249455377671 1.64932359320889 0.43424832655652
  1145 1.94752177104024 3.29461911123442 2.91962250355732
  1146 2.11455141147511 3.53998600917407 2.50394887032913
  1147 0.97727289209507 1.34638493735030 0.54331922483294
  1148 0.84708586955864 1.37120158679964 0.91822743486869
  1164 3.10692316302564 2.30727574139854 2.37511689298514
  1166 2.91559062684974 2.50355289358784 2.13973581764153
  1167 3.40065990746061 2.60799262095300 2.38361633616493
  1168 3.15156195029183 2.78362421650190 2.13094399699464
  1169 2.05745432507507 0.49023660007617 0.73339433747649
  1170 2.37549076180619 0.40054891791907 0.50949889876343
  1172 2.21661692631727 0.69916225766441 0.19964199343906
  1173 1.94573055724620 0.77499211764820 0.37060070733170
  1174 0.03903299335859 1.75027954327885 1.33326137428797
  1176 0.25433984134002 1.47123542217071 1.02286629430632
  1177 3.59413227275048 1.90242295172048 1.05686758415551
  1205 2.92455272606159 0.59521073813675 1.05310609624821
  1206 3.09014177042624 0.82334305434413 1.05103808157089
  1212 3.08029604528104 0.43336298357423 1.17241601053654
  1213 3.28954418603152 0.59883804647451 1.20694936325145
  1229 0.91304095695342 2.15992574295276 1.80265140936389
  1238 0.78265332927814 2.02888366833759 1.10971792353225
  1239 1.10969442849941 2.04956981034436 1.39962881936610
  1332 1.55559726398707 2.48862263111319 0.69830849510139
  1333 1.80637517787593 2.35098247225704 1.06095056291764
  1335 1.44343989688324 2.44413178353950 1.23269747257830
  1336 1.41201101755182 2.68242803058285 0.92549445547988
  1337 1.30114695376955 3.57231270794567 1.87801867164303
  1339 1.15043033534002 3.28828664943823 1.56238762674937
  1345 1.19241151727169 3.29635351081555 2.33452352407359
  1346 1.04572926012157 2.92071884273388 2.02831466027152
  1352 1.94893152210583 3.83468299438808 0.79853775209875
  1354 2.01421368989342 3.57965999564382 1.13973653871990
  1355 1.68900472138739 3.61578772089134 0.63800803081215
  1356 1.68756801868752 3.30655537066965 0.93214880547467
  1377 2.15683820188979 0.30208096499482 3.47102615252236
  1378 2.07344527481035 0.57182391987295 3.64934520471769
  1385 2.26721939121656 0.76856188518444 3.37958265363122
  1386 2.34070293196866 0.52488721776738 3.23023612167960
  1395 3.55017360438598 1.95097383443311 0.38862778966002
  1396 3.77107982805599 1.68775711826712 0.24030418616399
  1400 3.51520844797509 1.76799508412253 0.71626051961756
  1401 3.72824254103846 1.52637172210775 0.56550576289933
  1437 0.29319979802643 2.16774637356457 1.45117753677873
  1439 0.31935992618356 2.18268199406789 1.57165529111700
  1440 0.22524960498281 2.29417664596248 1.42381084139913
  1441 0.25213379401393 2.33528278246975 1.58559525446356
  1450 2.33998957704717 3.44715505686581 3.83883881065285
  1451 2.50059359359502 3.69576141170797 3.95310507858282
  1455 2.34032258256139 3.55054211772705 3.60293610948315
  1456 2.47210933340258 3.76935361508614 3.67906202780684
  1458 0.84640506672734 2.20186696043314 0.89655837355779
  1459 1.06679679567130 2.54304460592125 0.65594773114745
  1460 0.69545637195941 2.53365262656151 0.63509787332376
  1461 0.83630331585524 2.69861048635451 0.57947194443581
edges 766
16      2      0
17      0      8
32     16     41
33     41     37
34     37     18
84     58     59
85     59     52
93     59     47
101     76     72
102     72     14
111     72     69
177    115     47
181     59      0
189    115      8
218    143    139
224    134    136
225    136    147
229    140    136
231    143    140
232    149    156
246    152    163
247    163    157
272    171    191
273    191    169
284    185      2
292    177    180
293    180    185
295    171     18
303    174    177
313    199    198
363    220    215
382    230    243
389    241    236
390    236    243
391    231    240
395    231    241
398    235    240
419    254    174
433    260    261
438    264    261
486     16    295
487    295    290
496    295    288
501    292    288
524    260    199
526     58    185
537    310    191
544    195    311
553    311    315
554    315    310
584    264    332
588    163    336
596    339    284
597    311    339
612    354    346
623    347    346
624    354    315
625    343    347
629    243    356
632    147    356
636    343    143
641    365    358
642    358    364
669    139    347
690    376    241
700    214    380
736     41    396
737    396    394
760     11    364
766    403    336
767    399    403
774    157    405
775    405    403
776    119    410
782    406    410
785    408    288
786    406    408
825    410    220
835    365    422
839    425    215
843    425    422
844    396    295
849    406    425
850    394    408
886    169    436
890    439    440
892    230    439
895    241    439
921    413    447
947    171    457
998     36    473
1021    156    481
1042    488    489
1045     36    488
1048     16    488
1049     14    489
1079    500    502
1081    231    500
1083    236    502
1086    198    502
1109    199    510
1112    149    510
1153    191    524
1172     69    529
1194    413    538
1214    544    545
1218     36    545
1220     37    544
1221     41    545
1242    149    553
1243    261    553
1256    557    559
1260    394    559
1261    354    557
1263    399    559
1289    568    569
1290    553    568
1292    332    568
1293    152    569
1294    134    569
1301    300    571
1307     52    573
1308    277    573
1333    581    582
1336    339    581
1337    403    582
1339    354    582
1355    230    587
1410    115    605
1431    545    611
1432    473    611
1476    115    625
1486    629    630
1487    396    629
1490    290    630
1491     98    630
1492    429    630
1507    635    636
1510    569    635
1512    429    636
1513    332    636
1525    343    640
1528    432    640
1540      2    645
1546    647    648
1547     98    647
1549    429    647
1550    413    648
1552    635    648
1553    649    650
1554    136    649
1557    356    650
1558    587    650
1559    380    650
1584      8    658
1586     11    658
1591    660    662
1595    513    662
1602    394    663
1605    399    663
1612    346    667
1614    582    667
1615    668    669
1617    519    668
1618    291    668
1619    636    669
1621    290    669
1631    673    674
1634    422    673
1635    405    674
1636    663    674
1637    425    674
1648    513    678
1649    605    678
1658    544    681
1660     11    681
1691    691    692
1692    481    691
1693    436    691
1694    231    691
1697    376    692
1705    695    696
1706    310    695
1707    557    695
1708    171    695
1710    559    696
1711     37    696
1716    139    698
1718    529    698
1729    432    701
1760    571    711
1761    538    711
1762    460    711
1779    717    718
1780    524    717
1781    436    717
1782    240    717
1784    174    718
1785    235    718
1800    723    724
1801    481    723
1802    510    723
1803    500    723
1806    195    724
1807    725    726
1808    356    725
1809    538    725
1811    380    726
1813    660    726
1839    735    736
1841    447    735
1842    291    735
1843    152    736
1844    635    736
1845    668    736
1846    737    738
1847    399    737
1850    696    738
1853    739    740
1855    701    739
1856    457    739
1859    169    740
1920    177    758
1922    760    761
1923    152    760
1924    649    760
1925    157    760
1927    380    761
1930    762    764
1932    214    762
1934    761    764
1935    215    762
1937    405    764
1980     98    777
1988    180    780
1989    718    780
1998    783    784
2001    645    783
2002    758    784
2004    185    784
2023    791    792
2024    510    791
2027    724    792
2028    698    792
2037    795    796
2038    726    795
2039    513    795
2040    447    795
2041    761    796
2043    735    796
2044    797    798
2045    169    797
2046    481    797
2048    315    798
2049    724    798
2050    347    798
2051    799    800
2054    447    799
2055    571    800
2056    777    800
2057    413    800
2077    605    806
2106    816    817
2108    762    816
2110    667    817
2111    764    817
2117    581    819
2118    519    819
2119    336    819
2126    625    821
2130    519    822
2133     72    822
2142    358    826
2173    826    837
2176    300    837
2177    838    839
2178    439    838
2180    235    838
2181    440    839
2182    826    839
2183    254    839
2192    842    844
2196     76    844
2199    292    844
2208    660    847
2210    214    847
2232    822    854
2233    291    854
2270    277    866
2278    869    870
2281    406    870
2283    777    869
2284    365    870
2286    513    871
2287    799    871
2296    581    874
2297    822    874
2298     69    874
2307    799    877
2308    869    877
2318    838    881
2322    882    883
2324    758    882
2325    260    882
2326    473    883
2328    264    883
2329    884    885
2331    881    884
2332    235    884
2333    277    885
2335    780    885
2352    254    890
2377    899    900
2378    663    899
2380    629    899
2381    673    900
2391    903    904
2392     98    903
2394    900    903
2395    777    904
2396    837    904
2397    365    904
2399    140    905
2401    156    905
2405    907    908
2407    866    907
2409    220    908
2411    816    908
2412    909    910
2413    791    909
2414    783    909
2416    199    910
2417    784    910
2419    911    912
2420    432    911
2424    881    912
2425    230    912
2426    913    914
2427    432    913
2429    740    913
2430    343    914
2431    905    914
2432    797    914
2433    915    916
2434    611    915
2435    890    915
2437    544    916
2439    738    916
2440    917    918
2442    519    917
2443    489    917
2444    264    918
2445    669    918
2446    488    918
2451     18    920
2454      2    920
2456    922    923
2458    911    922
2459    903    922
2461    881    923
2462    837    923
2470    926    927
2472    877    926
2473    291    926
2474    288    927
2475    869    927
2476    290    927
2478    780    928
2479    920    928
2480    524    928
2495    758    933
2513    502    938
2521    941    942
2523    842    941
2524    806    941
2525    926    942
2526    844    942
2527    854    942
2538    946    948
2540    174    946
2542    890    948
2543    436    946
2545    692    948
2549    261    949
2556    890    952
2557    440    952
2558    376    952
2562    954    955
2564    949    954
2565    917    954
2566    284    955
2568    819    955
2571    957    958
2573     14    957
2574     76    958
2576     16    957
2577    292    958
2578    959    960
2579    806    959
2580     47    959
2583     61    960
2584    862    960
2602    740    966
2603    946    966
2604    933    966
2615    970    971
2617    933    970
2618    883    970
2619    429    971
2621    332    971
2625     36    972
2628     11    972
2638    977    978
2641    573    977
2642    842    978
2644    119    978
2649    739    980
2652    933    980
2654    982    983
2655     18    982
2656    957    982
2657    645    982
2658    457    983
2659    958    983
2662    783    984
2663    980    984
2664    983    984
2679    364    989
2680    972    989
2690    284    992
2696    571    995
2702    997    998
2704    605    997
2705    658    998
2707    871    997
2708    364    998
2711   1000   1001
2714    992   1001
2716    847   1000
2717    662   1001
2718   1002   1003
2719    877   1002
2720    997   1002
2721    941   1002
2722    870   1003
2723    998   1003
2724    119   1003
2740    905   1007
2743   1010   1011
2744    489   1010
2746    972   1010
2747    954   1011
2748    992   1011
2756    376   1012
2759   1015   1016
2760   1011   1015
2762    662   1015
2763    989   1016
2764    995   1016
2765    871   1016
2770    629   1018
2771    970   1018
2772    611   1018
2773   1019   1020
2774    649   1019
2775   1007   1019
2776    157   1019
2777    587   1020
2779    673   1020
2780   1021   1022
2781    911   1021
2782   1020   1021
2783    900   1021
2784    913   1022
2785   1007   1022
2788    980   1023
2790    971   1023
2798    678   1026
2799   1001   1026
2800    625   1026
2805    737   1028
2808    336   1028
2811   1030   1032
2813    899   1030
2815    737   1032
2816   1022   1030
2828   1036   1037
2829    955   1036
2830   1028   1036
2832    949   1037
2834   1012   1037
2835   1038   1039
2836    966   1038
2837   1030   1038
2838   1018   1038
2839    948   1039
2840   1032   1039
2841    915   1039
2843    847   1040
2845   1012   1040
2853    645   1043
2856     14   1043
2863    198   1047
2866    711   1047
2867   1048   1049
2868   1010   1048
2869   1043   1048
2870      8   1048
2871    992   1049
2873    625   1049
2874   1050   1051
2875   1015   1050
2877    949   1050
2878    995   1051
2879   1047   1051
2880    260   1051
2898   1057   1059
2900     76   1057
2902    984   1059
2905   1023   1059
2906   1060   1061
2907    660   1060
2908   1050   1060
2909   1012   1060
2910    725   1061
2911   1047   1061
2912    236   1061
2942    960   1071
2950    346   1073
2953    908   1073
3006    681   1091
3007    920   1091
3020   1096   1097
3021      0   1096
3022   1091   1096
3023    658   1096
3024    573   1097
3026    119   1097
3028    862   1098
3029   1057   1098
3030    529   1098
3034   1100   1101
3035    139   1100
3036   1071   1100
3037    529   1100
3038    667   1101
3040    874   1101
3050   1105   1106
3051    866   1105
3052   1073   1105
3053    640   1105
3054    977   1106
3056    701   1106
3067    862   1109
3070   1057   1109
3077    678   1113
3080    806   1113
3083   1071   1115
3084   1113   1115
3098   1120   1121
3099    842   1120
3100   1109   1120
3101    959   1120
3102    977   1121
3104     52   1121
3105   1122   1123
3106    854   1122
3107    796   1122
3108   1113   1122
3109   1101   1123
3110    817   1123
3111   1115   1123
3112   1124   1125
3115    410   1124
3116    978   1125
3118    408   1124
3119    292   1125
3121   1127   1128
3122    457   1127
3123   1125   1127
3124   1106   1127
3125    557   1128
3126   1124   1128
3127   1073   1128
3139   1133   1134
3141    147   1133
3142     61   1134
3144    243   1133
3145    938   1134
3146   1135   1136
3147    912   1135
3149    640   1135
3150    884   1136
3151   1131   1136
3152    866   1136
3153   1137   1138
3154   1135   1137
3155   1133   1137
3156    143   1137
3157   1131   1138
3158   1134   1138
3159   1071   1138
3162   1140   1141
3164    140   1140
3165    149   1141
3167    134   1140
3168    568   1141
3169   1142   1143
3173    907   1143
3176    220   1143
3178   1145   1146
3179   1098   1145
3180   1140   1145
3181    698   1145
3182   1059   1146
3183   1141   1146
3184    791   1146
3185   1147   1148
3186   1097   1147
3187   1143   1147
3188    277   1147
3189   1091   1148
3190   1142   1148
3191    928   1148
3241   1164   1166
3243   1007   1164
3245    156   1166
3246   1032   1164
3248    692   1166
3249   1167   1168
3250   1028   1167
3251   1164   1167
3252    163   1167
3253   1037   1168
3254   1166   1168
3255    553   1168
3256   1169   1170
3259     58   1169
3260    460   1170
3262    180   1169
3263    300   1170
3265   1172   1173
3266    923   1172
3267   1170   1172
3269    885   1173
3270   1169   1173
3271     52   1173
3273   1174   1176
3275    916   1174
3277    681   1176
3280   1142   1176
3282   1040   1177
3283   1174   1177
3284    952   1177
3370   1205   1206
3372    177   1205
3373    254   1206
3375    300   1205
3376    826   1206
3393   1212   1213
3394    882   1212
3395    995   1212
3396   1205   1212
3397    473   1213
3398    989   1213
3399   1206   1213
3446    311   1229
3449    310   1229
3475   1238   1239
3476   1142   1238
3479    524   1239
3480   1229   1239
3777   1332   1333
3780    938   1332
3781    500   1333
3783   1131   1332
3784    240   1333
3786   1335   1336
3787   1239   1335
3788   1333   1335
3789    195   1335
3791   1332   1336
3792    821   1336
3794   1337   1339
3796    909   1337
3798    821   1339
3799   1043   1337
3801   1049   1339
3818   1345   1346
3819   1337   1345
3820     69   1345
3821    792   1345
3822   1339   1346
3823    339   1346
3824    195   1346
3842   1352   1354
3844    460   1352
3846    198   1354
3847     58   1352
3849    910   1354
3850   1355   1356
3851     47   1355
3852   1352   1355
3853     61   1355
3854    821   1356
3855   1354   1356
3856    938   1356
3921   1377   1378
3925   1172   1378
3927   1109   1377
3928   1121   1378
3946   1385   1386
3947    922   1385
3948   1378   1385
3949    701   1385
3950    647   1386
3951   1377   1386
3952   1023   1386
3978   1395   1396
3980    587   1395
3981    214   1395
3983    422   1396
3984    215   1396
3994   1400   1401
3995   1395   1400
3996    440   1400
3997   1177   1400
3998   1396   1401
3999    358   1401
4000   1176   1401
4114   1437   1439
4116   1238   1437
4118   1229   1439
4119   1174   1437
4121    738   1439
4122   1440   1441
4123   1040   1440
4124   1437   1440
4125   1000   1440
4126   1036   1441
4127   1439   1441
4128    284   1441
4154   1450   1451
4155    147   1450
4157     61   1450
4158    538   1451
4160    460   1451
4170   1455   1456
4171    862   1455
4172    134   1455
4173   1450   1455
4174   1377   1456
4175    648   1456
4176   1451   1456
4179   1458   1459
4181    907   1458
4182   1131   1459
4184   1238   1458
4185   1336   1459
4186   1460   1461
4187   1000   1460
4188   1458   1460
4189    816   1460
4190   1026   1461
4191   1459   1461
4192   1115   1461
polygons 447
0   1540   2451   2454   2655   2657
3     16     17   1540   2853   2869   2870
4     16   2454   3007   3021   3022
5   2573   2656   2657   2853   2856
7     32     33     34   2576   2655   2656
10   1584   1586   2628   2746   2868   2870
11     17   1584   3021   3023
13   1586   1660   3006   3022   3023
15   1214   1218   1658   1660   2625   2628
16   1049   2744   2856   2868   2869
17   1042   1048   1049   2573   2576
18     32   1045   1048   1218   1221
19     34   1220   1658   2451   3006   3007
21   1042   1045   2625   2744   2746
22     33   1214   1220   1221
23   3844   3852   3853   4154   4157   4160
27   3260   3267   3921   3925   4160   4174   4176
28     84     85   3259   3270   3271
29   3256   3259   3260   3844   3847
30   3104   3265   3271   3925   3928
31   2578   2584   3067   3100   3101
32     85     93   2580   3098   3101   3104
33     93     84   3847   3851   3852
34   2578   2580   2583   3851   3853
36   2583   2584   4157   4171   4173
37   2574   2659   2664   2898   2900   2902
38    101    102   2571   2573   2574
39   2001   2414   2853   3796   3799
40   2023   2413   3796   3819   3821
42    102    111   2856   3799   3819   3820
43   2413   2414   2662   2902   3182   3184
44   1172   1718   2028   3820   3821
45    111    101   1172   2900   3029   3030
47   1486   1492   2615   2619   2770   2771
48   2380   2770   2813   2837   2838
49   1491   1492   1547   1549
51   2394   2458   2459   2781   2783
54   1547   2392   2459   3946   3947   3950
56   1729   2420   2458   3947   3949
57   1549   2619   2790   3950   3952
58   1853   2602   2604   2649   2652
60   2420   2427   2780   2781   2784
61   1729   1853   1855   2427   2429
62   2429   2602   2784   2816   2836   2837
63   1486   1491   2377   2380   2392   2394
67    177   1410   2077   2579   2580
68   1307   2641   3102   3104
69     85    181   1307   3020   3021   3024
70   2638   2641   2644   3024   3026
71    177    189     17    181     93
73    189   1410   1584   2702   2704   2705
75   2638   2642   3098   3099   3102
76   2523   2524   2579   3099   3101
77   2523   2642   2644   2718   2721   2724
78   2705   2723   2724   3020   3023   3026
81   2077   2524   2704   2720   2721
82   2583   2942   3142   3158   3159
83   1716   1718   3035   3037
84    218   3035   3036   3153   3156   3159
85   3139   3141   3142   4155   4157
86   2584   2942   3028   3030   3036   3037
87    224    225   4155   4172   4173
88    229    224   3164   3167
89   3028   3167   3179   3180   4171   4172
90    218    231   1716   3164   3180   3181
91    229    231    225   3141   3155   3156
92    232   1242   3245   3254   3255
93    232   2399   2401   3162   3164   3165
94   1242   1290   3165   3168
95    246    247   1923   1925
96    224   1293   1294   1554   1923   1924
97   1924   1925   2774   2776
100   1289   1294   3162   3167   3168
101    246   1289   1290   1293   3249   3252   3255
102   2401   2740   3241   3243   3245
103    247   2775   2776   3243   3251   3252
104    229   1554   2399   2740   2774   2775
107   1856   2649   2658   2663   2664
108    272    273    947   1853   1856   1859
109    273    886   1153   1780   1781
110    886   1859   2543   2602   2603
111    284   1540   1998   2001   2004
112    292    293   1920   2002   2004
114    295    272   1153   2451   2479   2480
115    295    947   2654   2655   2658
119    303   1920   2495   2540   2603   2604
121   1779   1780   1989   2478   2480
122    292    303   1784   1988   1989
123   1779   1781   1784   2540   2543
124    284    293   1988   2454   2478   2479
125   1998   2002   2495   2652   2662   2663
126    313   1079   1086   1109   1802   1803
127   1800   1803   1806   3781   3788   3789
128   1086   2513   3846   3855   3856
129   1109   2024   2412   2413   2416
130   1806   2027   3818   3821   3824
131   2412   3794   3796   3798   3849   3854   3855
133   3786   3789   3792   3798   3822   3824
134    313   2416   3846   3849
135   1932   2108   2210   2716   4187   4189
136   2210   2843   3282   3981   3995   3997
139   3273   3280   3476   4116   4119
141   2405   2411   4181   4188   4189
143   3169   3173   3476   4181   4184
145    363   3169   3176   3280   3984   3998   4000
146   2405   2409   3173   3176
148   1932   1935   3978   3981   3984
149    363   1935   2108   2409   2411
150   4116   4124   4125   4184   4187   4188
151   2578   2579   2942   3080   3083   3084
152   1172   2298   3034   3037   3040
154   3028   3029   3067   3070
155   2192   2196   2900   3070   3099   3100
156    101   2133   2196   2232   2526   2527
159    111   2133   2297   2298
160    892   2178   2318   2424   2425
161    382   2425   3144   3147   3154   3155
162    389    390    382    892    895
163    391   1081   3781   3784
164    395    398    391    895   2178   2180
165    389    395   1079   1081   1083
166    390   1083   2513   3139   3144   3145
167   2331   2424   3146   3147   3150
169    398   2332   3150   3151   3777   3783   3784
171   2180   2318   2331   2332
173   1432   2352   2434   2435   3373   3397   3399
174   1920   2324   3372   3394   3396
176    419    303   3370   3372   3373
178    419   2352   2538   2540   2542
179   2435   2542   2839   2841
180   1432   2326   2618   2771   2772
181   2434   2772   2835   2838   2841
182   2325   2878   2880   3394   3395
183    433   2549   2874   2877   2880
184    438    433   2322   2325   2328
185    438   2440   2444   2549   2564   2565
186   2443   2565   2743   2744   2747
187   2564   2747   2760   2875   2877
188    998   2625   2680   3397   3398
191    998   1045   2326   2328   2444   2446
192   1528   1729   3050   3053   3056
193   2270   2329   2333   3150   3152
194   2456   3266   3925   3947   3948
195   1307   1308   2333   3269   3271
199   1308   2270   2641   3050   3051   3054
200   3054   3056   3102   3928   3948   3949
201   2714   2717   2748   2760   2762
202   2690   2711   2714   4122   4125   4128
203   2832   2834   2877   2908   2909
204   2208   2843   2845   2907   2909
205   2566   2829   4126   4128
207   2562   2566   2690   2747   2748
210   2196   2199   2574   2577
211    486    487   1048   1621   2445   2446
212    102   1049   2130   2133   2442   2443
213   1617   1618   2130   2232   2233
214   1615   1618   1621   2470   2473   2476
215    487    496   2474   2476
216   2233   2473   2525   2527
217    501    496    486   2571   2576   2577
219    501   2199   2470   2474   2525   2526
223   1301   2696   3375   3395   3396
224   1760   2696   2866   2878   2879
226   1301   1760   1762   3260   3263
227    292   3256   3262   3263   3372   3375
228   1762   2863   2866   3842   3844   3846
230    524   2002   2324   2325   2416   2417
231    313    524   2863   2879   2880
234    526   2004   2417   3842   3847   3849
235    293    526   3259   3262
240    537   1153   3449   3479   3480
241   1780   1782   3479   3784   3787   3788
243    544   3446   3480   3787   3789
244   1081   1692   1694   1801   1803
246    391   1693   1694   1781   1782
248    553    554   3446   3449
249    554    273    537   2044   2045   2048
250    544    553   1806   2048   2049
251    886   1692   1693   2045   2046
253   2039   2040   2054   2286   2287
254   1841   1842   2054   2307   2472   2473
255   1842   2043   2233   3106   3107
257   2472   2521   2525   2719   2721
258   1648   1649   2286   2704   2707
261   1293   1510   1843   1844
262   1289   1292   1507   1510   1513
263    438    584   1243   1290   1292
264    584   1513   1619   2444   2445
265    588   2808   3250   3252
266   1243   2549   2832   3253   3255
267   2119   2568   2808   2829   2830
268    588    246   1617   1843   1845   2118   2119
269   1507   1615   1619   1844   1845
270   2126   2873   3798   3801
271   2714   2799   2800   2871   2873
272    596   2690   2871   3801   3822   3823
273    544    597   3823   3824
274    596    597   3446   4118   4127   4128
275   1525   1528   2426   2427   2430
276    537    272   1706   1708
277   1859   2045   2426   2429   2432
279    612   1261   2950   3125   3127
280    947   1707   1708   3121   3122   3125
281   1855   1856   3056   3122   3124
284    623    612    624   2048   2050
285    625   2044   2050   2430   2432
286    623    625   1525   2950   3052   3053
287    624    554   1261   1706   1707
289   1355   2419   2425   2777   2781   2782
290    382    629   1355   1557   1558
291    632    629   3141   3144
294    636   1525   3149   3154   3156
295    231    636   2399   2430   2431
296    632    225   1553   1554   1557
297    641   2142   2173   2396   2397
298    642   2142   2679   3376   3398   3399
299    641    642   2284   2708   2722   2723
300   2679   2702   2707   2708   2763   2765
301   1301   2055   2056   2176   2395   2396
302   2051   2055   2287   2696   2764   2765
303   2173   2176   3370   3375   3376
304   2278   2283   2284   2395   2397
305   2270   2407   3173   3187   3188
306   2333   2335   2478   3185   3188   3191
307   3783   3791   4182   4185
309   1785   1989   2329   2332   2335
310   2480   3190   3191   3475   3476   3479
311   2407   3151   3152   4179   4181   4182
313    398   1779   1782   1785
314   1021   2046   2401   2431   2432
315    669   1716   2027   2028   2049   2050
316   1112   2024   3165   3183   3184
319    232   1021   1112   1801   1802
320    669    218    636    625
322   3142   3145   3850   3853   3856
323   1083   1086   2863   2911   2912
326   1761   1762   4158   4160
327   1761   1809   2866   2910   2911
328    629    390   1808   2910   2912
329    632   1808   1809   4154   4155   4158
331   1292   2621   2790   2905   3168   3182   3183
332   1512   1513   2619   2621
333   1294   1510   1552   4170   4172   4175
334    690    389   2756   2906   2909   2912
335   1557   1559   1807   1808   1811
336   1807   1813   2906   2907   2910
338    890    892   1355   3980   3995   3996
339    700   1558   1559   3980   3981
341   2558   2756   2845   3282   3284
342    690    890    895   2557   2558
343    700   1811   1813   2208   2210
345   2557   3284   3996   3997
348   1846   2433   2439   2815   2840   2841
349   2545   2839   2840   3241   3246   3248
350   2805   2815   3246   3250   3251
351   1697   2756   2834   3248   3253   3254
352   2439   3275   4114   4119   4121
353   1697   2542   2545   2556   2558
354   1846   2805   2830   4121   4126   4127
355    433    524   1109   1112   1242   1243
358    584   2328   2615   2618   2621
360   1263   1710   1846   1847   1850
361   1220   1711   1850   2437   2439
362   1260   1263   1602   1605
363     33    736    737   1260   1710   1711
364    736   1221   1431   1487   2770   2772
365    737   1487   1602   2378   2380
369   1605   1847   2378   2811   2813   2815
372   1410   1476   1649   2798   2800
373   3083   3157   3159   4182   4191   4192
376    177   1476   2126   3850   3851   3854
378    189   1476   2867   2870   2873
380   1595   2286   2759   2762   2765
382    760   1586   2705   2708
384   1595   1648   2717   2798   2799
386    760   2628   2679   2680
387    597    553    624   1333   1336   1339
388    596   1336   2117   2566   2568
389    766   1333   1337   2117   2119
390    767   1256   1261   1263   1337   1339
391    766    767   1847   2805   2808
393   1705   1706   1850   3449   4118   4121
395   2785   2811   2816   3243   3246
397   2381   2779   2782   2783
398    774   1631   1635   2773   2776   2779
399    775    767   1605   1635   1636
400    774    247    588    766    775
401    776   2644   3112   3115   3116
402    782    776   2281   2722   2724
403   2192   2199   2642   3116   3119
404    785    501   3112   3118   3119
405    782    786   3115   3118
406    786    785   2278   2281   2474   2475
407   2308   2470   2472   2475
408   1194   1760   1761   2055   2057
409   1194   1550   4158   4175   4176
411   1546   1547   1550   1980   2056   2057
412   2176   2462   3263   3266   3267
414   1980   2391   2392   2395
417   1612   2106   2110   2411   2950   2953
418    623    669   1612   3034   3035   3038
420   1591   1595   1813   2038   2039
422    921   2051   2054   2057
423    921   1194   1807   1809   2038   2040
424   1934   2041   2111   3105   3107   3110
425    774   1922   1925   1934   1937
426   1839   1843   1922   1923   2041   2043
427   1333   1614   2296   3038   3040
428   2117   2118   2130   2296   2297
429   1618   1839   1842   1845
430    775   1337   1614   1937   2110   2111
432   2638   3054   3116   3123   3124
434   2577   2658   2659   3119   3122   3123
436   1553   1559   1922   1924   1927
437   1811   1927   2037   2038   2041
439    921   1550   1552   1839   1841   1844
440   1490   1492   1512   1619   1621
441   1490   1491   1980   2283   2475   2476
444   1336   2296   2298   3818   3820   3823
445   1988   2335   3262   3269   3270
446   1308   3024   3186   3188
447    284    526     84    181     16
449    776    825   3026   3176   3186   3187
450    825   2409   2953   3115   3126   3127
454   2173   2177   2182   2318   2461   2462
456   1634   2777   2779   3978   3980   3983
458    835   1634   2381   2391   2394   2397
460   2142   2181   2182   3994   3996   3999
461    641    835   3983   3998   3999
462    839   1635   1637   1930   1935   1937
463    700   1927   1930   1932   1934
466    839    843   3983   3984
467    843   1631   1634   1637
468    844    487   1486   1487   1490
469     32    486    844    736
470    998   1218   1431   1432
473   2181   2183   2352   2556   2557
474    419   1784   1785   2177   2180   2183
475    395    690   1691   1694   1697
477   1021   1691   1692   3245   3248
478   2182   2183   3373   3376
479    786    849    850   1602   1636   1637
480    850    737    844    496    785
481    835    843    849   2281   2284
482    760    642   1660   3277   3999   4000
483   3006   3189   3190   3277   3280
484    363    839    849    782    825
485    850   1256   1260   3118   3125   3126
486     34    295   1705   1708   1711
488   1658   2437   3273   3275   3277
489    612   1339   1612   1614
491   1507   1512   1546   1549   1552
492   1528   2419   2420   3147   3149
493   1691   1693   2538   2543   2545
494    890   2177   2178   2181
495   2118   2442   2562   2565   2568
496   1591   2762   2875   2907   2908
497   1841   2037   2040   2043
501   1546   3950   3951   4174   4175
503   2322   2326   3393   3394   3397
506   1800   1801   2044   2046   2049
508   1042   2440   2443   2446
510   2798   3077   3084   4190   4192
511   2110   3038   3109   3110
512   1079   2513   3777   3780   3781
515   1800   1802   2023   2024   2027
516   1648   2037   2039   3077   3107   3108
518   1615   1617   2440   2442   2445
521   1718   3030   3179   3181
523   2001   2654   2657   2662   2664
524   1214   1431   2433   2434   2437
525   2287   2307   2707   2719   2720
527   1256   1705   1707   1710
531   1553   1558   2773   2774   2777
533   1855   2649   2788   3946   3949   3952
536   1649   2077   3077   3080
539   2126   2800   3792   4185   4190   4191
541   3051   3053   3146   3149   3152
542   2023   2028   3178   3181   3184
544   1591   2208   2711   2716   2717
545   1631   1636   2377   2378   2381
547   2051   2056   2283   2307   2308
548   2716   2843   4123   4125
552   2106   3110   3111   4186   4189   4192
553   3780   3791   3792   3854   3856
554   2329   2331   2461   3265   3266   3269
555   2322   2324   2495   2617   2618
556   1930   2106   2108   2111
558   1998   2412   2414   2417
559   3067   3927   4170   4171   4174
562   2521   2524   2527   3080   3106   3108
564   2232   2297   3040   3105   3106   3109
565   2405   2407   2953   3051   3052
566   3145   3157   3158   3780   3783
567   2391   2396   2456   2459   2462
568   2192   2521   2523   2526
571   2426   2431   2740   2784   2785
572   2278   2308   2718   2719   2722
573   2419   2424   2456   2458   2461
574   2377   2780   2783   2813   2816
575   2433   2435   2556   3275   3283   3284
576   2604   2617   2771   2836   2838
577   2479   3007   3189   3191
578   2615   2617   2652   2788   2790
580   2538   2603   2835   2836   2839
581   2562   2564   2828   2829   2832
582   2571   2654   2656   2659
583   2763   2764   3393   3395   3398
584   2680   2743   2746   2759   2760   2763
585   2663   2788   2902   2905
586   2743   2748   2867   2868   2871
587   2759   2764   2874   2875   2878
588   2702   2718   2720   2723
589   2711   2799   4186   4187   4190
590   2898   2905   3070   3927   3951   3952
591   2773   2775   2780   2782   2785
592   2828   2834   2845   4122   4123   4126
593   2828   2830   3249   3250   3253
594   2811   2835   2837   2840
595   3282   3283   4119   4123   4124
596   2867   2869   3794   3799   3801
597   2874   2879   2906   2908   2911
599   2898   3029   3178   3179   3182
600   3020   3022   3185   3186   3189
602   3034   3036   3083   3109   3111
603   3050   3052   3121   3124   3127
609   3098   3100   3921   3927   3928
610   3084   3105   3108   3111
612   3112   3121   3123   3126
613   3146   3151   3153   3154   3157
614   3139   3153   3155   3158
615   3162   3178   3180   3183
616   3169   3185   3187   3190
620   3241   3249   3251   3254
621   3256   3265   3267   3270
622   3273   3283   3994   3997   4000
628   3370   3393   3396   3399
630   3475   3786   3787   4179   4184   4185
631   3475   3480   4114   4116   4118
652   3777   3786   3788   3791
653   3794   3818   3819   3822
656   3842   3850   3852   3855
661   3921   3946   3948   3951
663   3978   3994   3995   3998
671   4114   4122   4124   4127
673   4154   4170   4173   4176
674   4179   4186   4188   4191
cells 64
0      0      3      4      5      7     10     11     13     15     16     17     18     19     21     22
1     23     27     28     29     30     31     32     33     34     36    559    609    621    673
2     37      5     38     39     40     42     43     44     45    521    523    542    582    599
3     47     48     49     51     54     56     57     58     60     61     62     63    533    574    576    578
4     32     67     68     69     70     11     71     73     75     76     77     78     81    588
5     82     83     84     85     86     36     87     88     89     90     91    521    614
6     92     93     94     95     96     97     88    100    101    102    103    104    620
7    107    108     58    109    110    111    112    114    115    119    121    122    123    124      0    125    523
8    126    127    128    129    130    131     40    133    134    512    515    553    652    653
9    135    136    139    141    143    145    146    148    149    150    548    595    622    663
10    151    152     86     45    154     76    155    156     31    159    562    564    568    602    610
11    160    161    162    163    164    165    166    167    169    171    512    566    613    614
12    173    174    176    178    179    119    180    181    503    555    576    580    628
13    182    183    184    185     21    186    187    188    191    503    508    583    584    587
14    167    192    193    194     56    195     30    199    200     68    492    541    554    573
15    201    202    203    204    205    187    207    496    544    548    581    592
16     17    210     38    211    212    213    214    215    156    216    217    219    508    518
17    182    223    174    224    226    227     29    228    230    231    112    134    234    235
18    240    241    163    243    127    244    246    109    248    249    250    251    506
19    253    254    255    216    257    258     81    497    516    525    536    562
20    261    262    263    264    185    265    266    267    268    269    101    495    518    581    593
21    270    271    243    272    202    133    273    150    274    539    589    630    631    671    674
22    275     61    276    249    108    277    279    280    281    284    285    286    192    287    603
23    289    104    290    291    275    294     91    295    296    161     60    492    531    571    591
24    297    298    299    223    300    301    302    303    304    525    547    572    583    588    628
25    121    241    305    169    193    306    307    143    309    310    311    313    616    630    652
26    314    285    315    316     93    319    320    295     90    506    515    542    615
27     85    322     23    228    128    323    326    327    328    329    166    291    656
28    331    154     57    332    333    100     89    262    491    501    559    590    599    615
29    162    334    328    290    335    336    338    339    341    342    343    204    136    345
30    348    349    350    351    179    352    353    341    354    575    592    593    595    620    671
31    129    355    125    331    230    184     43    316     94    358    263    555    558    578    585
32    360    361    362    363    364    365    348     48     22    369    181    524    594
33    322     82    372    307    373    376     34     67    151    510    536    539    553    566
34    372     73    378    380    271     10    258    382    384    201    386    300    584    586
35    387    388    389    390    391    360    267    393    274    205    354    287    248    527
36    395    103    391    369    265    350    397    398    399    400    545    574    591
37     77    401    402    403    404    405    406    257    219    407    568    572
38    408    326    409    411    412    226    414    194     27     54    301    501    567    661
39    311    417    286    373    418    141    294     84    320    511    541    552    565    602    613    674
40    224    336    380    253    302    408    420    422    423    327    496    587    597
41    424    425    426     95    427    428    213    255    429    430    389    400    268    511    564
42    155     37    432    210     75    403    107    200    281    434    533    585    590    609    661
43    436    437    335    439    261    426    423    333    409    296     87     96    329    497    673
44    429    439    269    440    422    254    411    441    214     49    407    491    547
45    428    212    388    272    444    159     42    207     16    186    495    586    596    653
46    445    195     28     69    446      4    235    124    447    306    577    600
47    401    432    199    305    446     70    449    450    146    565    603    612
48    454     51    297    289    160    456    397    458    338    460    461    494    567    573    663
49    456    398    462    148    463    339    425     97    436    466    467    531
50    468    440    211    191    358    364     47     18    469    264    470    332    180
51    353    178    473    474    246    475    123    164    342    313    493    494
52    351    334    266    355    475    231    323    126     92    244    203    183    319    477    165    597
53    445    227    122    474    309    412    171    454    478    303    176    554    621
54    270      3    378    447     71    376     33    111     39    131    234    558    596    656
55    424    384    135    437    420    343    463    510    516    544    552    556    589    610
56    441    406    479    480    468    215    365    414    304    458     63    481    467    545
57    482    483    466    299    382    449     13    402     78    461    145    484    481    600    616
58      7    280    434    363    480    485    404    469    217    486    115    527    582    612
59    477    314    102    277     62    251    349    395    110    493    571    580    594
60    139    483    393    488    352    361    276    240    114    486     19    310    577    631
61     15    482    478    473    460    488    345    470    173    298    188    386    524    575    622
62    387    489    427    130     44    418    315     83    444    273    284    152    250
63    149    484    450    390    489    279    362    485    417    479    405    462    430    399    556
