vertices 383
     0 1.14532324832723 0.16330908094118 1.07319529510495
     2 1.53245505641228 0.33751844846111 1.60641494944087
     8 1.03372008909624 0.05304970447002 1.07527833957633
    11 0.39589492470378 0.45159323899005 1.06555348309564
    14 0.99447521860809 3.86588833674944 2.16642062646882
    16 0.43777930896249 0.44515849069606 2.32615918023947
    18 1.28400225300502 0.79389139068660 1.93419801731478
    36 0.04309276486481 0.39214206322656 1.71145196678344
    37 0.62998693472707 0.91612529839094 2.03271834601589
    41 0.38126623378642 0.58454299485773 2.27593071749932
    47 1.57753672920538 3.60713221122359 0.57786003783266
    52 1.79978080115846 0.50295222977908 0.21123606599518
    58 1.99422357360187 0.02095432681703 0.88595235095591
    59 1.67016028850016 0.01383421720075 0.70878476814861
    61 2.02066278042551 3.12239550958858 0.09409895981260
    69 1.17840936995000 3.19311054501515 2.69670891337756
    72 1.07607548785686 3.39910521276243 2.69267369677580
    76 1.30171078252536 3.92775492761821 2.93236106700301
    98 3.23240432532518 0.48388218991259 3.35235820609197
   115 1.18633388567069 3.52893178102827 0.74244635912575
   119 0.92791781995525 0.73638121721484 0.10098378314131
   134 2.75701927672076 2.97493449779948 3.23055259996750
   136 2.79596684285063 2.63259119204313 3.39029343922832
   139 1.79130690351829 2.44199161528738 3.08979395632204
   140 2.54656438323968 2.47752448392996 3.10682626462089
   143 2.14935502857015 2.23184060685245 3.21782160471047
   147 2.67441684156030 2.64449566027237 3.90170437384774
   149 2.79498836199092 2.84720956818856 2.26306985532343
   152 3.55782306495734 2.96205022813302 3.02225627242620
   156 2.78415669871179 2.39323404700103 2.23694053023369
   157 3.62021942566274 2.42752940239973 3.10144261647713
   163 3.70717360821279 2.56483462379634 2.76615676712715
   169 2.05516189185006 1.43137428675981 2.20823787741484
   171 1.46232036628979 1.21082655200439 2.19362489611818
   174 2.44446386211557 0.97166216298398 1.51533829031241
   177 2.40506934020951 0.53677668483628 1.45361511941579
   180 2.20532731072449 0.50929047230314 1.32973932166922
   185 1.99449376737505 0.24865704358684 1.44068950378181
   191 1.56616403954208 1.35566280271536 2.09563680956967
   195 1.37662632336692 2.52957899187370 2.01622641853201
   198 2.59289320121248 3.16405552071379 1.28056772356433
   199 2.61036730939855 3.29916492518497 1.61939076631537
   214 3.95048703398017 2.20859230297239 0.39075479899034
   215 0.35139905533646 1.61275024087720 3.99656867315090
   220 0.65992237404127 1.54637224749765 0.03941410464680
   230 2.88451373842644 1.94594912560398 0.19430638376181
   231 2.41633722931261 2.23480134240201 1.23429436617448
   235 2.28662590939171 1.52882349908182 0.84383498769740
   236 2.68858640640551 2.47953097821779 0.95138034645977
   240 2.14635840148864 1.92692857652498 1.13207926694102
   241 2.71826218585202 2.28179866916281 1.04490933669517
   243 2.73853815753684 2.42755688872627 0.17222994235944
   254 3.14325318179898 1.01475207763799 1.20124728230470
   260 2.95889818936379 3.38245128704768 1.64182908649166
   261 3.19121787307286 3.23497603888418 1.89754992410110
   264 3.30739492601663 3.60716947753986 2.13080462868258
   277 1.71261753823605 1.16453794395840 0.38477837050973
   284 0.59996648731999 2.60500167188373 1.84517602165730
   288 0.37601645311526 0.54692855883031 2.90576824112708
   290 0.04271654211466 0.32049739719802 2.94180971250861
   291 0.21014994219066 3.43762991772921 3.20577852468159
   292 1.11565618056628 0.33026173222047 2.92997334413537
   295 0.26731456333656 0.54354092771969 2.74035770345898
   300 2.97525492371177 0.26064700480261 0.64439305237937
   310 1.21766436390513 1.69707398183013 2.19475822943181
   311 1.18268351182117 2.33356803106160 2.08275743945454
   315 1.28475160165192 2.00312156023955 2.37927527036321
   332 3.16656558050789 3.57039583088770 2.50465637185110
   336 0.09759853831357 2.44296580230101 2.57578221272181
   339 0.99857118869153 2.57719247877621 2.11023716689605
   343 2.13022850933706 1.97418932629747 3.00667757695496
   346 1.33517876782332 2.06549062246204 3.11093352100558
   347 1.73917304461904 2.19071714869194 2.98596018935548
   354 1.08301599018398 1.96690437116322 2.73819141898119
   356 2.87083646901276 2.55329494965681 0.07489413377110
   358 3.79381761927042 0.98065451988335 0.54044743796845
   364 0.24096783100284 0.42343705388418 0.90774614185228
   365 3.82359479321550 0.93047730998162 0.10851850215027
   376 3.20357888268491 2.19794878411013 1.37324663556251
   380 3.68009804697575 2.60520600347793 0.11997630072207
   394 0.37875560986274 1.26034932763694 2.89967365524597
   396 0.21582866807018 0.67661955044454 2.67320148790125
   399 0.33875239511285 1.64156163286096 2.71465526215236
   403 0.36014316936576 2.13923439908404 2.88388184477178
   405 0.16502508048758 2.13256171018541 3.23172859932058
   406 0.40590659780004 1.19302660158478 3.69555539634654
   408 0.52048092862347 1.11494464432447 3.16051041260982
   410 0.65084203943101 1.22224681203874 3.77591216781640
   413 3.31416774377480 3.65145844696433 3.94261448332502
   422 3.89252428220186 1.32342009276790 3.99261801114190
   425 0.21999945173910 1.42363984802671 3.78299918316196
   429 3.10673222050607 0.20114331772772 2.98326476010475
   432 2.33372719103796 1.31445912730226 3.14403899130380
   436 2.24671428219537 1.41099263611610 1.88710625673664
   439 2.88802927238715 1.77985642647251 0.59325712932118
   440 3.50631114424735 1.54333432040517 0.81466033534466
   447 3.66018531746186 3.49626601339051 3.92162935976331
   457 1.69080835895819 0.88454408641009 2.56501718515309
   460 2.60036907025003 3.76922072182080 0.46356503688437
   473 3.66500592308944 0.44570414744376 1.70025233873043
   481 2.48049760254976 2.23070207467492 1.94406737333826
   488 0.25539292932710 3.99501039303801 2.05827462080785
   489 0.39670707631337 3.82659086216203 2.00383778239253
   500 2.32344940337902 2.36164993712424 1.21389388634707
   502 2.43142155948188 2.54940106326190 1.06020052429152
   510 2.44274675357651 3.02403421067649 1.91124918494501
   513 0.18932764828834 3.27074027490312 0.51999680232101
   519 0.35579317354116 3.19717038816594 2.60755631448120
   524 1.65250960410396 1.30753479122190 1.58684574517068
   529 1.65532232072425 2.98294930591835 3.05439037083746
   538 2.97850827655498 3.47818319564190 0.17164464585405
   544 0.37310778290203 0.92425986476048 1.70673326057760
   545 0.08970914002888 0.61332784032084 1.84613351382192
   553 3.09953263238599 2.93414948277198 2.22951255418069
   557 0.98439201444308 1.65377524660079 2.68857369488334
   559 0.53376757142451 1.51698419533482 2.66686010200628
   568 3.08835460186933 3.17451673931267 2.55890294921935
   569 3.31193839913235 3.16652397320440 2.96352401408048
   571 3.11700975974650 3.97518558414563 0.60543286592637
   573 1.62822699419881 0.71755123352479 0.16556570575956
   581 0.70680655717449 2.66627271641019 2.55115450065020
   582 0.75782999740187 2.29587166781704 2.86018810183332
   587 3.12646397201985 1.95012907039400 0.05928311779421
   605 0.92962076155769 3.48148385664830 0.43570963723921
   611 3.69874862148612 0.69631852623952 1.85001508015829
   625 1.15070297033089 3.17450183209695 1.00463518309417
   629 3.46939778491040 0.81670714806379 2.74072636036916
   630 3.36573217908684 0.46483224890606 3.04526520980605
   635 3.35423879508833 3.27946774958822 3.00881781424861
   636 3.35990232603623 3.62188716582561 2.74563251253578
   640 2.09348501426307 1.62438921977759 3.37262628291609
   645 1.52884670824478 0.20866698912990 1.82913035780220
   647 2.99895235310044 0.21942386422211 3.22522533841467
   648 3.02460846050727 3.66428326385093 3.52966487664205
   649 3.15742408771492 2.45084467046263 3.41352126083940
   650 3.15315937783406 2.39059710519454 3.93579598797711
   658 0.72644832802662 0.34823988714984 0.91754005416006
   660 3.82888703451413 2.76047420906734 0.70705926254216
   662 0.13367043536846 3.10372191146389 0.78492158154773
   663 0.21302019279126 1.40265099842714 2.92052388206434
   667 0.94813330024611 2.42608551777853 3.23006729609178
   668 0.04587972447478 3.37031270404040 2.91442594562289
   669 3.87903283049781 3.71000269463325 2.68190880975476
   673 3.43837904680190 1.45024598427156 3.51924408978468
   674 0.05541897370248 1.58981511902586 3.34763464399305
   678 0.76486985041029 3.20055965596731 0.44263525308739
   681 0.54769478654535 0.85022675451400 1.22614883300226
   691 2.56000781646131 2.09328679158445 1.77251575718851
   692 2.99160997790424 2.06183051352386 1.78673128139157
   695 1.10656720371444 1.55915942187758 2.29220144555649
   696 0.65905132518509 1.42078752433145 2.22435326896528
   698 1.80986587702443 2.87800530804119 2.92428455697896
   701 2.15040761083334 1.01944629198188 3.10360120717207
   711 2.86911235789963 3.68717465031970 0.52495284274174
   717 1.97906831218102 1.34642979050796 1.53982577827806
   718 2.16217714811211 1.13328938735326 1.37317013812175
   723 2.24856644864389 2.54125696872685 1.74374173081088
   724 1.67681417676811 2.54671830279463 2.15050026278220
   725 3.15381132668513 2.89584877452419 0.34499659281736
   726 3.65833780568355 2.80642933085971 0.26532684384411
   735 3.90045734022720 3.23120999270123 3.45948373728796
   736 3.66237533379171 3.15342498142726 3.08292164693697
   737 0.02634322193900 1.80124092143294 2.27335029132354
   738 0.32084497809251 1.63798867761547 1.89528489988731
   739 2.10694434766653 0.91409253959510 2.64199466103363
   740 2.27007004640653 1.12598880546786 2.50950861329400
   758 2.40519124877785 0.28008067675794 1.76175635691150
   760 3.54161279199977 2.62938411184356 3.24998538621338
   761 3.93464993561270 2.70799742434052 3.69440812580964
   762 0.42684770819584 2.03579534178619 3.98297141330087
   764 0.36492059540834 2.31619999018733 3.60143501735599
   777 3.51355141331524 0.42242116375937 3.79377741887127
   780 2.02641667307319 1.02746415937939 1.30206874198958
   783 1.93690493873192 0.04183190111002 1.87565118707623
   784 2.10219215579754 0.07800724559974 1.68743084452523
   791 2.12806188445200 3.28954964977758 2.22664269127537
   792 1.71372143082925 2.93369824318246 2.39984550639128
   795 3.85940275393209 3.09942041662600 0.10299221033029
   796 0.02548269585223 2.94709501986242 3.71663063854044
   797 2.09256461822539 1.86018084095829 2.38890392186876
   798 1.69575587152666 2.11956597774855 2.46626057688010
   799 3.73574345443429 3.81515154589790 0.06877417653820
   800 3.46400012929905 3.90722110304555 0.07052534173524
   806 1.12674948843991 3.46445337254625 0.03422319517882
   816 0.76958281569204 2.09916895981286 0.03565928825335
   817 0.71390234577579 2.42649339634627 3.57682413103587
   819 0.37341421296050 2.72155095366358 2.44608250610534
   821 1.52221428112426 2.98197902901611 1.11876235745525
   822 0.79913088919770 3.20098816420979 2.82472942908317
   826 3.32978872724760 0.89003811535452 0.70889460125823
   837 3.12796396513948 0.68959871502156 0.35130053001086
   838 2.70937878015285 1.53181401634495 0.61611174760822
   839 3.21998071548170 1.17487391712119 0.84859257611435
   842 1.32066978480063 0.09730237071543 3.54192831377876
   844 1.16840725057179 0.04690017357194 3.12721833740379
   847 0.01914739055584 2.38348771446695 0.76494153495225
   854 0.62555720005811 3.33984648257204 3.22816372203042
   862 1.97568369538416 3.44786846431679 3.42930974727933
   866 1.80665929683843 1.62168419062730 0.17668935027525
   869 3.94313727485653 0.40800838558725 3.74180328246560
   870 0.09657173666621 0.71220560143525 3.96341214482471
   871 0.04133830775091 3.76834650716749 0.52635947184820
   874 0.89325402191207 3.04453079849396 2.81133779056494
   877 0.07466154904184 0.13714107623275 3.84274228933105
   881 2.54867295329617 1.44034669708211 0.35467216743589
   882 2.98121797445289 3.96395909318950 1.72046087962986
   883 3.13555191258531 0.00945697693855 1.93862177097124
   884 2.14526956783234 1.42496562984792 0.52079355641852
   885 1.97819315549765 1.12075802401237 0.56194613478889
   890 3.40450589357655 1.32272177134060 1.60864388584654
   899 3.45035261821853 1.10036709347712 2.82149266007699
   900 3.23208441737472 1.26127848002160 3.39171101812661
   903 3.12606033878333 0.87344157103903 3.57680104940492
   904 3.41016687474538 0.69944813475627 3.94748096213690
   905 2.65391683961903 2.14169332835884 2.79295158955653
   907 1.08027611480745 1.89493283964004 0.29547299013490
   908 0.92972081413537 1.93820391891911 0.03025535659859
   909 1.96048264379560 3.58302395305302 1.88554742441113
   910 2.19205103772762 3.61535801601053 1.61783918594069
   911 2.81218809799253 1.25406551010688 3.53773240437227
   912 2.60286537137107 1.64854658520592 0.04625420385480
   913 2.42898014787526 1.41204408759804 2.88565635451843
   914 2.29558332804742 1.85367312585009 2.79250478951645
   915 3.52851369838555 1.26311110523344 1.73844568625717
   916 0.15504920871525 1.40302833431812 1.64961643626019
   917 0.19216375225275 3.58272988896792 2.14393245645809
   918 0.03298097084166 3.71636376449649 2.21414543495032
   920 1.35723548828837 0.76980217572984 1.66348630869879
   922 2.84963574473800 0.93236908040771 3.64031241788051
   923 2.74648574199426 0.87155195756060 0.13670130957767
   926 0.32263589882336 3.91858231097057 3.34675176935378
   927 0.15732050509258 0.32797014135366 3.09398451552049
   928 1.61167644358807 1.15664915418655 1.49229383990810
   933 2.47897634198530 0.52134255375717 2.30691474728051
   938 2.02069051293880 2.64117880354492 0.67737002110682
   941 0.98062108978913 3.87811033812866 3.70772740236456
   942 0.78831888345136 3.80126193066687 3.36220932149976
   946 2.49854454519899 1.16613042750871 1.88768115411175
   948 3.19906949882899 1.44345264450641 1.84494979058718
   949 3.45068913920974 3.06958620360630 1.72261715040918
   952 3.58349640801719 1.66757275621601 1.13168851879134
   954 0.10213099518645 3.27091521930881 1.86287240781908
   955 0.30916707748637 2.69178183479999 2.07591105099698
   957 1.07175694285488 0.22611087689516 2.31214167620081
   958 1.25192283215977 0.23043015114160 2.71024727808133
   959 1.48193740488833 3.52551491051645 0.03557972146355
   960 1.73444000363737 3.22276511954717 3.86067537893564
   966 2.52789862245677 0.97483006423689 2.29027010793256
   970 2.84894854986155 0.35524577532656 2.40268800601905
   971 2.81300825756638 0.18511487094847 2.62019872340986
   972 0.20530637634317 0.26001062207450 1.29830722388910
   977 1.65328476198154 0.61479447400706 3.77968202362281
   978 1.37201246353451 0.54485206888190 3.65442484411474
   980 2.27960413918271 0.45955089921133 2.50254228050197
   982 1.40371628766929 0.42719937601842 2.11309551093942
   983 1.61796396395245 0.46357313940739 2.43202227510096
   984 2.05108438061743 0.27287430208647 2.41395967850090
   989 0.02719828079208 0.23691895736970 1.09777998907277
   992 0.65345902493939 3.06257010100597 1.40485789947973
   995 3.32285620130536 3.93307626332443 1.00125098319630
   997 0.43593970518755 0.07455753470637 0.44159006740902
   998 0.45645316425517 0.27520497941854 0.57594903162168
  1000 0.48835950732684 2.45380539250365 0.92510957084754
  1001 0.57134008910032 2.88503533835783 0.95335969193700
  1002 0.45424701824959 0.21394736057997 0.20051695439107
  1003 0.46685768701379 0.37090611355827 0.26137485454240
  1007 3.01063529422211 1.97221863285920 2.85878655389741
  1010 0.45622039180189 3.76835714787419 1.63976847899064
  1011 0.28086403195096 3.39937594058397 1.55430981906626
  1012 3.41424212038810 2.41570062414547 1.38229042547673
  1015 3.94074108497862 3.40431800720341 1.15502709411887
  1016 3.85992964386413 3.85514999868297 0.94468272508372
  1018 3.28527998943238 0.81084206051710 2.43832978798237
  1019 3.25358897646218 2.15478779198139 3.20603139156635
  1020 3.25546544745257 1.58449326569087 3.51743701597841
  1021 3.11358311417312 1.36562529691713 3.38989251603604
  1022 2.94208606418589 1.48336780836329 2.92629222540950
  1023 2.40441730496679 0.25732142503473 2.70298333593465
  1026 0.86090266641891 2.95172431745747 0.76673596486604
  1028 3.94717161450084 2.29348288537141 2.29307190546918
  1030 3.23775367904514 1.25896096545473 2.59470113227818
  1032 3.42813482986384 1.60500886658291 2.27928402396135
  1036 0.05798560287853 2.43685563279415 2.02187950624788
  1037 3.50374570628687 2.63859169935733 1.83962739061083
  1038 3.15291517751832 1.10386925139083 2.40273073068153
  1039 3.32050975757180 1.38828400934625 1.99606796300334
  1040 3.88147272404817 2.12826589921198 1.15113451823829
  1043 1.20071317509594 3.80915507440279 1.87529055054429
  1047 2.91098584951226 3.20046776184193 1.14425911480856
  1048 0.93649259395364 3.73349992837751 1.52184908532713
  1049 1.02314365956440 3.24166086919547 1.37156632901992
  1050 3.37671950184556 3.12209720004513 1.37657063950834
  1051 3.09809402317990 3.31186692953895 1.33906132161285
  1057 1.83980087673823 3.73202536076358 3.09020992857141
  1059 2.17313741960493 0.02133279353556 2.64853990052489
  1060 3.33988389984542 2.79644144342769 1.13961084418041
  1061 3.05552448694951 2.83979722032632 0.98731251699673
  1071 1.46430500838880 2.69852745614375 3.69300860490698
  1073 1.38390285086545 1.85144009852352 3.32974237141791
  1091 0.85954006214664 0.81608763576533 1.15323887596291
  1096 0.89188888326907 0.46983302508535 0.92716129022373
  1097 1.12187161203849 0.79679370201333 0.39663910627335
  1098 1.91574198295458 3.32121271134662 3.16530974751634
  1100 1.48927777049244 2.70600918351881 3.29770651247688
  1101 1.01615809937804 2.66436162405065 3.27218278872082
  1105 1.86401889157298 1.59952834004302 3.46580694642713
  1106 1.79954101509057 1.07298795657184 3.28786386035769
  1109 1.90989159921319 3.77335086133940 3.36563363180147
  1113 0.91252859246945 3.02770566915042 3.93871934009167
  1115 1.00598493845874 2.78040481217134 3.86412242012479
  1120 1.59516560133082 3.98638324868291 3.65425739344611
  1121 1.79879761197981 0.42871064473094 3.83230590407552
  1122 0.69620064195493 2.94682926403033 3.64197675311183
  1123 0.82703228333334 2.73769612925983 3.59954271397554
  1124 0.89817920094310 1.15944157706149 3.27973072919384
  1125 1.25856986987224 0.80278050103026 3.21007478364114
  1127 1.46644743407472 1.01589732816701 3.07193336477512
  1128 1.16984946929837 1.38504515500784 3.09918026713012
  1131 1.64035044545978 2.12798476782637 0.39675951098274
  1133 2.51022251246157 2.49825311869645 0.01750480906337
  1134 2.08819252181569 2.64194337000289 0.19482962678943
  1135 2.24825719245259 1.78038645138681 3.89252755478890
  1136 1.89325633322456 1.60807970560169 0.29175004230212
  1137 2.14194645338448 2.16734894475039 3.82477502538750
  1138 1.84867292495653 2.35264594411031 0.01977569585415
  1140 2.55870249129030 2.89993555452865 2.99308385275060
  1141 2.71764998927187 3.04241755114361 2.57807584634951
  1142 0.82178335513073 1.38354332180967 0.90205856331959
  1143 0.90850080803145 1.45342435291536 0.46019604872080
  1145 2.11352756694201 3.09872025394205 2.94556721466654
  1146 2.28055679798105 3.34408607162599 2.52989502085253
  1147 1.14327881872242 1.15048591683371 0.56926622734115
  1148 1.01309196016194 1.17530326183991 0.94417336884702
  1164 3.27292853747839 2.11137540468140 2.40106240703610
  1166 3.08159577502798 2.30765241812700 2.16568139769126
  1167 3.56666558976136 2.41209284918947 2.40956157478628
  1168 3.31756766788338 2.58772432068846 2.15688947880502
  1169 2.22345898998492 0.29433606432483 0.75934171998334
  1170 2.54149577095697 0.20464804012261 0.53544571269017
  1172 2.38262208860716 0.50326136599400 0.22558892423828
  1173 2.11173514815194 0.57909156976755 0.39654816826192
  1174 0.20503799631258 1.55437963782776 1.35920686002167
  1176 0.42034482903131 1.27533661681734 1.04881257710923
  1177 3.76013731400463 1.70652225891072 1.08281261857550
  1205 3.09055790934916 0.39930973688748 1.07905320198709
  1206 3.25614742393891 0.62744273544295 1.07698515996911
  1212 3.24630063143900 0.23746243959087 1.19836275391487
  1213 3.45554954558394 0.40293780442704 1.23289630766239
  1229 1.07904629587198 1.96402643902031 1.82859582555519
  1238 0.94865833417105 1.83298499881791 1.13566315101124
  1239 1.27569990208052 1.85367042228598 1.42557324874850
  1332 1.72160362896799 2.29272406034925 0.72425369768550
  1333 1.97238322234227 2.15508246466059 1.08689609157776
  1335 1.60944627929719 2.24823255810417 1.25864250015613
  1336 1.57801641866630 2.48652873738682 0.95143858199658
  1337 1.46715207784030 3.37641298966380 1.90396456375265
  1339 1.31643535098524 3.09238825404879 1.58833371157899
  1345 1.35841804954060 3.10045442179219 2.36046536471030
  1346 1.21173591130527 2.72482242058790 2.05425853953193
  1352 2.11493644592696 3.63878154651138 0.82448385946474
  1354 2.18021746235320 3.38375941309168 1.16568047733323
  1355 1.85501037600674 3.41988725751457 0.66395433641419
  1356 1.85357341879278 3.11065687871055 0.95809273418789
  1377 2.32284394739583 0.10617986036104 3.49697310763326
  1378 2.23945076096805 0.37592324340472 3.67529241877698
  1385 2.43322561701612 0.57266151880445 3.40552944653265
  1386 2.50670923495378 0.32898640867868 3.25618291908348
  1395 3.71617958962794 1.75507402202418 0.41457356093377
  1396 3.93708574636028 1.49185767110186 0.26625040667639
  1400 3.68121414292297 1.57209511841590 0.74220767509613
  1401 3.89424849369697 1.33047199000706 0.59145308584049
  1437 0.45920455467611 1.97184922898240 1.47712481738876
  1439 0.48536345500343 1.98678417191656 1.59759713343095
  1440 0.39125722180419 2.09827420480310 1.44975951971221
  1441 0.41814004809951 2.13937824652703 1.61153605007325
  1450 2.50599582937620 3.25125545911003 3.86478396962230
  1451 2.66659888339972 3.49986053909863 3.97905002131902
  1455 2.50632909253973 3.35464216313071 3.62888305717200
  1456 2.63811509885100 3.57345258130165 3.70500930228894
  1458 1.01241215586289 2.00597627435635 0.92249320156322
  1459 1.23279936111512 2.34714546548652 0.68189035777177
  1460 0.86146349934189 2.33775272005808 0.66104132319085
  1461 1.00230931981406 2.50271064733314 0.60541616048677
edges 766
16      2      0
17      0      8
32     16     41
33     41     37
34     37     18
84     58     59
85     59     52
93     59     47
101     76     72
102     72     14
111     72     69
177    115     47
181     59      0
189    115      8
218    143    139
224    134    136
225    136    147
229    140    136
231    143    140
232    149    156
246    152    163
247    163    157
272    171    191
273    191    169
284    185      2
292    177    180
293    180    185
295    171     18
303    174    177
313    199    198
363    220    215
382    230    243
389    241    236
390    236    243
391    231    240
395    231    241
398    235    240
419    254    174
433    260    261
438    264    261
486     16    295
487    295    290
496    295    288
501    292    288
524    260    199
526     58    185
537    310    191
544    195    311
553    311    315
554    315    310
584    264    332
588    163    336
596    339    284
597    311    339
612    354    346
623    347    346
624    354    315
625    343    347
629    243    356
632    147    356
636    343    143
641    365    358
642    358    364
669    139    347
690    376    241
700    214    380
736     41    396
737    396    394
760     11    364
766    403    336
767    399    403
774    157    405
775    405    403
776    119    410
782    406    410
785    408    288
786    406    408
825    410    220
835    365    422
839    425    215
843    425    422
844    396    295
849    406    425
850    394    408
886    169    436
890    439    440
892    230    439
895    241    439
921    413    447
947    171    457
998     36    473
1021    156    481
1042    488    489
1045     36    488
1048     16    488
1049     14    489
1079    500    502
1081    231    500
1083    236    502
1086    198    502
1109    199    510
1112    149    510
1153    191    524
1172     69    529
1194    413    538
1214    544    545
1218     36    545
1220     37    544
1221     41    545
1242    149    553
1243    261    553
1256    557    559
1260    394    559
1261    354    557
1263    399    559
1289    568    569
1290    553    568
1292    332    568
1293    152    569
1294    134    569
1301    300    571
1307     52    573
1308    277    573
1333    581    582
1336    339    581
1337    403    582
1339    354    582
1355    230    587
1410    115    605
1431    545    611
1432    473    611
1476    115    625
1486    629    630
1487    396    629
1490    290    630
1491     98    630
1492    429    630
1507    635    636
1510    569    635
1512    429    636
1513    332    636
1525    343    640
1528    432    640
1540      2    645
1546    647    648
1547     98    647
1549    429    647
1550    413    648
1552    635    648
1553    649    650
1554    136    649
1557    356    650
1558    587    650
1559    380    650
1584      8    658
1586     11    658
1591    660    662
1595    513    662
1602    394    663
1605    399    663
1612    346    667
1614    582    667
1615    668    669
1617    519    668
1618    291    668
1619    636    669
1621    290    669
1631    673    674
1634    422    673
1635    405    674
1636    663    674
1637    425    674
1648    513    678
1649    605    678
1658    544    681
1660     11    681
1691    691    692
1692    481    691
1693    436    691
1694    231    691
1697    376    692
1705    695    696
1706    310    695
1707    557    695
1708    171    695
1710    559    696
1711     37    696
1716    139    698
1718    529    698
1729    432    701
1760    571    711
1761    538    711
1762    460    711
1779    717    718
1780    524    717
1781    436    717
1782    240    717
1784    174    718
1785    235    718
1800    723    724
1801    481    723
1802    510    723
1803    500    723
1806    195    724
1807    725    726
1808    356    725
1809    538    725
1811    380    726
1813    660    726
1839    735    736
1841    447    735
1842    291    735
1843    152    736
1844    635    736
1845    668    736
1846    737    738
1847    399    737
1850    696    738
1853    739    740
1855    701    739
1856    457    739
1859    169    740
1920    177    758
1922    760    761
1923    152    760
1924    649    760
1925    157    760
1927    380    761
1930    762    764
1932    214    762
1934    761    764
1935    215    762
1937    405    764
1980     98    777
1988    180    780
1989    718    780
1998    783    784
2001    645    783
2002    758    784
2004    185    784
2023    791    792
2024    510    791
2027    724    792
2028    698    792
2037    795    796
2038    726    795
2039    513    795
2040    447    795
2041    761    796
2043    735    796
2044    797    798
2045    169    797
2046    481    797
2048    315    798
2049    724    798
2050    347    798
2051    799    800
2054    447    799
2055    571    800
2056    777    800
2057    413    800
2077    605    806
2106    816    817
2108    762    816
2110    667    817
2111    764    817
2117    581    819
2118    519    819
2119    336    819
2126    625    821
2130    519    822
2133     72    822
2142    358    826
2173    826    837
2176    300    837
2177    838    839
2178    439    838
2180    235    838
2181    440    839
2182    826    839
2183    254    839
2192    842    844
2196     76    844
2199    292    844
2208    660    847
2210    214    847
2232    822    854
2233    291    854
2270    277    866
2278    869    870
2281    406    870
2283    777    869
2284    365    870
2286    513    871
2287    799    871
2296    581    874
2297    822    874
2298     69    874
2307    799    877
2308    869    877
2318    838    881
2322    882    883
2324    758    882
2325    260    882
2326    473    883
2328    264    883
2329    884    885
2331    881    884
2332    235    884
2333    277    885
2335    780    885
2352    254    890
2377    899    900
2378    663    899
2380    629    899
2381    673    900
2391    903    904
2392     98    903
2394    900    903
2395    777    904
2396    837    904
2397    365    904
2399    140    905
2401    156    905
2405    907    908
2407    866    907
2409    220    908
2411    816    908
2412    909    910
2413    791    909
2414    783    909
2416    199    910
2417    784    910
2419    911    912
2420    432    911
2424    881    912
2425    230    912
2426    913    914
2427    432    913
2429    740    913
2430    343    914
2431    905    914
2432    797    914
2433    915    916
2434    611    915
2435    890    915
2437    544    916
2439    738    916
2440    917    918
2442    519    917
2443    489    917
2444    264    918
2445    669    918
2446    488    918
2451     18    920
2454      2    920
2456    922    923
2458    911    922
2459    903    922
2461    881    923
2462    837    923
2470    926    927
2472    877    926
2473    291    926
2474    288    927
2475    869    927
2476    290    927
2478    780    928
2479    920    928
2480    524    928
2495    758    933
2513    502    938
2521    941    942
2523    842    941
2524    806    941
2525    926    942
2526    844    942
2527    854    942
2538    946    948
2540    174    946
2542    890    948
2543    436    946
2545    692    948
2549    261    949
2556    890    952
2557    440    952
2558    376    952
2562    954    955
2564    949    954
2565    917    954
2566    284    955
2568    819    955
2571    957    958
2573     14    957
2574     76    958
2576     16    957
2577    292    958
2578    959    960
2579    806    959
2580     47    959
2583     61    960
2584    862    960
2602    740    966
2603    946    966
2604    933    966
2615    970    971
2617    933    970
2618    883    970
2619    429    971
2621    332    971
2625     36    972
2628     11    972
2638    977    978
2641    573    977
2642    842    978
2644    119    978
2649    739    980
2652    933    980
2654    982    983
2655     18    982
2656    957    982
2657    645    982
2658    457    983
2659    958    983
2662    783    984
2663    980    984
2664    983    984
2679    364    989
2680    972    989
2690    284    992
2696    571    995
2702    997    998
2704    605    997
2705    658    998
2707    871    997
2708    364    998
2711   1000   1001
2714    992   1001
2716    847   1000
2717    662   1001
2718   1002   1003
2719    877   1002
2720    997   1002
2721    941   1002
2722    870   1003
2723    998   1003
2724    119   1003
2740    905   1007
2743   1010   1011
2744    489   1010
2746    972   1010
2747    954   1011
2748    992   1011
2756    376   1012
2759   1015   1016
2760   1011   1015
2762    662   1015
2763    989   1016
2764    995   1016
2765    871   1016
2770    629   1018
2771    970   1018
2772    611   1018
2773   1019   1020
2774    649   1019
2775   1007   1019
2776    157   1019
2777    587   1020
2779    673   1020
2780   1021   1022
2781    911   1021
2782   1020   1021
2783    900   1021
2784    913   1022
2785   1007   1022
2788    980   1023
2790    971   1023
2798    678   1026
2799   1001   1026
2800    625   1026
2805    737   1028
2808    336   1028
2811   1030   1032
2813    899   1030
2815    737   1032
2816   1022   1030
2828   1036   1037
2829    955   1036
2830   1028   1036
2832    949   1037
2834   1012   1037
2835   1038   1039
2836    966   1038
2837   1030   1038
2838   1018   1038
2839    948   1039
2840   1032   1039
2841    915   1039
2843    847   1040
2845   1012   1040
2853    645   1043
2856     14   1043
2863    198   1047
2866    711   1047
2867   1048   1049
2868   1010   1048
2869   1043   1048
2870      8   1048
2871    992   1049
2873    625   1049
2874   1050   1051
2875   1015   1050
2877    949   1050
2878    995   1051
2879   1047   1051
2880    260   1051
2898   1057   1059
2900     76   1057
2902    984   1059
2905   1023   1059
2906   1060   1061
2907    660   1060
2908   1050   1060
2909   1012   1060
2910    725   1061
2911   1047   1061
2912    236   1061
2942    960   1071
2950    346   1073
2953    908   1073
3006    681   1091
3007    920   1091
3020   1096   1097
3021      0   1096
3022   1091   1096
3023    658   1096
3024    573   1097
3026    119   1097
3028    862   1098
3029   1057   1098
3030    529   1098
3034   1100   1101
3035    139   1100
3036   1071   1100
3037    529   1100
3038    667   1101
3040    874   1101
3050   1105   1106
3051    866   1105
3052   1073   1105
3053    640   1105
3054    977   1106
3056    701   1106
3067    862   1109
3070   1057   1109
3077    678   1113
3080    806   1113
3083   1071   1115
3084   1113   1115
3098   1120   1121
3099    842   1120
3100   1109   1120
3101    959   1120
3102    977   1121
3104     52   1121
3105   1122   1123
3106    854   1122
3107    796   1122
3108   1113   1122
3109   1101   1123
3110    817   1123
3111   1115   1123
3112   1124   1125
3115    410   1124
3116    978   1125
3118    408   1124
3119    292   1125
3121   1127   1128
3122    457   1127
3123   1125   1127
3124   1106   1127
3125    557   1128
3126   1124   1128
3127   1073   1128
3139   1133   1134
3141    147   1133
3142     61   1134
3144    243   1133
3145    938   1134
3146   1135   1136
3147    912   1135
3149    640   1135
3150    884   1136
3151   1131   1136
3152    866   1136
3153   1137   1138
3154   1135   1137
3155   1133   1137
3156    143   1137
3157   1131   1138
3158   1134   1138
3159   1071   1138
3162   1140   1141
3164    140   1140
3165    149   1141
3167    134   1140
3168    568   1141
3169   1142   1143
3173    907   1143
3176    220   1143
3178   1145   1146
3179   1098   1145
3180   1140   1145
3181    698   1145
3182   1059   1146
3183   1141   1146
3184    791   1146
3185   1147   1148
3186   1097   1147
3187   1143   1147
3188    277   1147
3189   1091   1148
3190   1142   1148
3191    928   1148
3241   1164   1166
3243   1007   1164
3245    156   1166
3246   1032   1164
3248    692   1166
3249   1167   1168
3250   1028   1167
3251   1164   1167
3252    163   1167
3253   1037   1168
3254   1166   1168
3255    553   1168
3256   1169   1170
3259     58   1169
3260    460   1170
3262    180   1169
3263    300   1170
3265   1172   1173
3266    923   1172
3267   1170   1172
3269    885   1173
3270   1169   1173
3271     52   1173
3273   1174   1176
3275    916   1174
3277    681   1176
3280   1142   1176
3282   1040   1177
3283   1174   1177
3284    952   1177
3370   1205   1206
3372    177   1205
3373    254   1206
3375    300   1205
3376    826   1206
3393   1212   1213
3394    882   1212
3395    995   1212
3396   1205   1212
3397    473   1213
3398    989   1213
3399   1206   1213
3446    311   1229
3449    310   1229
3475   1238   1239
3476   1142   1238
3479    524   1239
3480   1229   1239
3777   1332   1333
3780    938   1332
3781    500   1333
3783   1131   1332
3784    240   1333
3786   1335   1336
3787   1239   1335
3788   1333   1335
3789    195   1335
3791   1332   1336
3792    821   1336
3794   1337   1339
3796    909   1337
3798    821   1339
3799   1043   1337
3801   1049   1339
3818   1345   1346
3819   1337   1345
3820     69   1345
3821    792   1345
3822   1339   1346
3823    339   1346
3824    195   1346
3842   1352   1354
3844    460   1352
3846    198   1354
3847     58   1352
3849    910   1354
3850   1355   1356
3851     47   1355
3852   1352   1355
3853     61   1355
3854    821   1356
3855   1354   1356
3856    938   1356
3921   1377   1378
3925   1172   1378
3927   1109   1377
3928   1121   1378
3946   1385   1386
3947    922   1385
3948   1378   1385
3949    701   1385
3950    647   1386
3951   1377   1386
3952   1023   1386
3978   1395   1396
3980    587   1395
3981    214   1395
3983    422   1396
3984    215   1396
3994   1400   1401
3995   1395   1400
3996    440   1400
3997   1177   1400
3998   1396   1401
3999    358   1401
4000   1176   1401
4114   1437   1439
4116   1238   1437
4118   1229   1439
4119   1174   1437
4121    738   1439
4122   1440   1441
4123   1040   1440
4124   1437   1440
4125   1000   1440
4126   1036   1441
4127   1439   1441
4128    284   1441
4154   1450   1451
4155    147   1450
4157     61   1450
4158    538   1451
4160    460   1451
4170   1455   1456
4171    862   1455
4172    134   1455
4173   1450   1455
4174   1377   1456
4175    648   1456
4176   1451   1456
4179   1458   1459
4181    907   1458
4182   1131   1459
4184   1238   1458
4185   1336   1459
4186   1460   1461
4187   1000   1460
4188   1458   1460
4189    816   1460
4190   1026   1461
4191   1459   1461
4192   1115   1461
polygons 447
0   1540   2451   2454   2655   2657
3     16     17   1540   2853   2869   2870
4     16   2454   3007   3021   3022
5   2573   2656   2657   2853   2856
7     32     33     34   2576   2655   2656
10   1584   1586   2628   2746   2868   2870
11     17   1584   3021   3023
13   1586   1660   3006   3022   3023
15   1214   1218   1658   1660   2625   2628
16   1049   2744   2856   2868   2869
17   1042   1048   1049   2573   2576
18     32   1045   1048   1218   1221
19     34   1220   1658   2451   3006   3007
21   1042   1045   2625   2744   2746
22     33   1214   1220   1221
23   3844   3852   3853   4154   4157   4160
27   3260   3267   3921   3925   4160   4174   4176
28     84     85   3259   3270   3271
29   3256   3259   3260   3844   3847
30   3104   3265   3271   3925   3928
31   2578   2584   3067   3100   3101
32     85     93   2580   3098   3101   3104
33     93     84   3847   3851   3852
34   2578   2580   2583   3851   3853
36   2583   2584   4157   4171   4173
37   2574   2659   2664   2898   2900   2902
38    101    102   2571   2573   2574
39   2001   2414   2853   3796   3799
40   2023   2413   3796   3819   3821
42    102    111   2856   3799   3819   3820
43   2413   2414   2662   2902   3182   3184
44   1172   1718   2028   3820   3821
45    111    101   1172   2900   3029   3030
47   1486   1492   2615   2619   2770   2771
48   2380   2770   2813   2837   2838
49   1491   1492   1547   1549
51   2394   2458   2459   2781   2783
54   1547   2392   2459   3946   3947   3950
56   1729   2420   2458   3947   3949
57   1549   2619   2790   3950   3952
58   1853   2602   2604   2649   2652
60   2420   2427   2780   2781   2784
61   1729   1853   1855   2427   2429
62   2429   2602   2784   2816   2836   2837
63   1486   1491   2377   2380   2392   2394
67    177   1410   2077   2579   2580
68   1307   2641   3102   3104
69     85    181   1307   3020   3021   3024
70   2638   2641   2644   3024   3026
71    177    189     17    181     93
73    189   1410   1584   2702   2704   2705
75   2638   2642   3098   3099   3102
76   2523   2524   2579   3099   3101
77   2523   2642   2644   2718   2721   2724
78   2705   2723   2724   3020   3023   3026
81   2077   2524   2704   2720   2721
82   2583   2942   3142   3158   3159
83   1716   1718   3035   3037
84    218   3035   3036   3153   3156   3159
85   3139   3141   3142   4155   4157
86   2584   2942   3028   3030   3036   3037
87    224    225   4155   4172   4173
88    229    224   3164   3167
89   3028   3167   3179   3180   4171   4172
90    218    231   1716   3164   3180   3181
91    229    231    225   3141   3155   3156
92    232   1242   3245   3254   3255
93    232   2399   2401   3162   3164   3165
94   1242   1290   3165   3168
95    246    247   1923   1925
96    224   1293   1294   1554   1923   1924
97   1924   1925   2774   2776
100   1289   1294   3162   3167   3168
101    246   1289   1290   1293   3249   3252   3255
102   2401   2740   3241   3243   3245
103    247   2775   2776   3243   3251   3252
104    229   1554   2399   2740   2774   2775
107   1856   2649   2658   2663   2664
108    272    273    947   1853   1856   1859
109    273    886   1153   1780   1781
110    886   1859   2543   2602   2603
111    284   1540   1998   2001   2004
112    292    293   1920   2002   2004
114    295    272   1153   2451   2479   2480
115    295    947   2654   2655   2658
119    303   1920   2495   2540   2603   2604
121   1779   1780   1989   2478   2480
122    292    303   1784   1988   1989
123   1779   1781   1784   2540   2543
124    284    293   1988   2454   2478   2479
125   1998   2002   2495   2652   2662   2663
126    313   1079   1086   1109   1802   1803
127   1800   1803   1806   3781   3788   3789
128   1086   2513   3846   3855   3856
129   1109   2024   2412   2413   2416
130   1806   2027   3818   3821   3824
131   2412   3794   3796   3798   3849   3854   3855
133   3786   3789   3792   3798   3822   3824
134    313   2416   3846   3849
135   1932   2108   2210   2716   4187   4189
136   2210   2843   3282   3981   3995   3997
139   3273   3280   3476   4116   4119
141   2405   2411   4181   4188   4189
143   3169   3173   3476   4181   4184
145    363   3169   3176   3280   3984   3998   4000
146   2405   2409   3173   3176
148   1932   1935   3978   3981   3984
149    363   1935   2108   2409   2411
150   4116   4124   4125   4184   4187   4188
151   2578   2579   2942   3080   3083   3084
152   1172   2298   3034   3037   3040
154   3028   3029   3067   3070
155   2192   2196   2900   3070   3099   3100
156    101   2133   2196   2232   2526   2527
159    111   2133   2297   2298
160    892   2178   2318   2424   2425
161    382   2425   3144   3147   3154   3155
162    389    390    382    892    895
163    391   1081   3781   3784
164    395    398    391    895   2178   2180
165    389    395   1079   1081   1083
166    390   1083   2513   3139   3144   3145
167   2331   2424   3146   3147   3150
169    398   2332   3150   3151   3777   3783   3784
171   2180   2318   2331   2332
173   1432   2352   2434   2435   3373   3397   3399
174   1920   2324   3372   3394   3396
176    419    303   3370   3372   3373
178    419   2352   2538   2540   2542
179   2435   2542   2839   2841
180   1432   2326   2618   2771   2772
181   2434   2772   2835   2838   2841
182   2325   2878   2880   3394   3395
183    433   2549   2874   2877   2880
184    438    433   2322   2325   2328
185    438   2440   2444   2549   2564   2565
186   2443   2565   2743   2744   2747
187   2564   2747   2760   2875   2877
188    998   2625   2680   3397   3398
191    998   1045   2326   2328   2444   2446
192   1528   1729   3050   3053   3056
193   2270   2329   2333   3150   3152
194   2456   3266   3925   3947   3948
195   1307   1308   2333   3269   3271
199   1308   2270   2641   3050   3051   3054
200   3054   3056   3102   3928   3948   3949
201   2714   2717   2748   2760   2762
202   2690   2711   2714   4122   4125   4128
203   2832   2834   2877   2908   2909
204   2208   2843   2845   2907   2909
205   2566   2829   4126   4128
207   2562   2566   2690   2747   2748
210   2196   2199   2574   2577
211    486    487   1048   1621   2445   2446
212    102   1049   2130   2133   2442   2443
213   1617   1618   2130   2232   2233
214   1615   1618   1621   2470   2473   2476
215    487    496   2474   2476
216   2233   2473   2525   2527
217    501    496    486   2571   2576   2577
219    501   2199   2470   2474   2525   2526
223   1301   2696   3375   3395   3396
224   1760   2696   2866   2878   2879
226   1301   1760   1762   3260   3263
227    292   3256   3262   3263   3372   3375
228   1762   2863   2866   3842   3844   3846
230    524   2002   2324   2325   2416   2417
231    313    524   2863   2879   2880
234    526   2004   2417   3842   3847   3849
235    293    526   3259   3262
240    537   1153   3449   3479   3480
241   1780   1782   3479   3784   3787   3788
243    544   3446   3480   3787   3789
244   1081   1692   1694   1801   1803
246    391   1693   1694   1781   1782
248    553    554   3446   3449
249    554    273    537   2044   2045   2048
250    544    553   1806   2048   2049
251    886   1692   1693   2045   2046
253   2039   2040   2054   2286   2287
254   1841   1842   2054   2307   2472   2473
255   1842   2043   2233   3106   3107
257   2472   2521   2525   2719   2721
258   1648   1649   2286   2704   2707
261   1293   1510   1843   1844
262   1289   1292   1507   1510   1513
263    438    584   1243   1290   1292
264    584   1513   1619   2444   2445
265    588   2808   3250   3252
266   1243   2549   2832   3253   3255
267   2119   2568   2808   2829   2830
268    588    246   1617   1843   1845   2118   2119
269   1507   1615   1619   1844   1845
270   2126   2873   3798   3801
271   2714   2799   2800   2871   2873
272    596   2690   2871   3801   3822   3823
273    544    597   3823   3824
274    596    597   3446   4118   4127   4128
275   1525   1528   2426   2427   2430
276    537    272   1706   1708
277   1859   2045   2426   2429   2432
279    612   1261   2950   3125   3127
280    947   1707   1708   3121   3122   3125
281   1855   1856   3056   3122   3124
284    623    612    624   2048   2050
285    625   2044   2050   2430   2432
286    623    625   1525   2950   3052   3053
287    624    554   1261   1706   1707
289   1355   2419   2425   2777   2781   2782
290    382    629   1355   1557   1558
291    632    629   3141   3144
294    636   1525   3149   3154   3156
295    231    636   2399   2430   2431
296    632    225   1553   1554   1557
297    641   2142   2173   2396   2397
298    642   2142   2679   3376   3398   3399
299    641    642   2284   2708   2722   2723
300   2679   2702   2707   2708   2763   2765
301   1301   2055   2056   2176   2395   2396
302   2051   2055   2287   2696   2764   2765
303   2173   2176   3370   3375   3376
304   2278   2283   2284   2395   2397
305   2270   2407   3173   3187   3188
306   2333   2335   2478   3185   3188   3191
307   3783   3791   4182   4185
309   1785   1989   2329   2332   2335
310   2480   3190   3191   3475   3476   3479
311   2407   3151   3152   4179   4181   4182
313    398   1779   1782   1785
314   1021   2046   2401   2431   2432
315    669   1716   2027   2028   2049   2050
316   1112   2024   3165   3183   3184
319    232   1021   1112   1801   1802
320    669    218    636    625
322   3142   3145   3850   3853   3856
323   1083   1086   2863   2911   2912
326   1761   1762   4158   4160
327   1761   1809   2866   2910   2911
328    629    390   1808   2910   2912
329    632   1808   1809   4154   4155   4158
331   1292   2621   2790   2905   3168   3182   3183
332   1512   1513   2619   2621
333   1294   1510   1552   4170   4172   4175
334    690    389   2756   2906   2909   2912
335   1557   1559   1807   1808   1811
336   1807   1813   2906   2907   2910
338    890    892   1355   3980   3995   3996
339    700   1558   1559   3980   3981
341   2558   2756   2845   3282   3284
342    690    890    895   2557   2558
343    700   1811   1813   2208   2210
345   2557   3284   3996   3997
348   1846   2433   2439   2815   2840   2841
349   2545   2839   2840   3241   3246   3248
350   2805   2815   3246   3250   3251
351   1697   2756   2834   3248   3253   3254
352   2439   3275   4114   4119   4121
353   1697   2542   2545   2556   2558
354   1846   2805   2830   4121   4126   4127
355    433    524   1109   1112   1242   1243
358    584   2328   2615   2618   2621
360   1263   1710   1846   1847   1850
361   1220   1711   1850   2437   2439
362   1260   1263   1602   1605
363     33    736    737   1260   1710   1711
364    736   1221   1431   1487   2770   2772
365    737   1487   1602   2378   2380
369   1605   1847   2378   2811   2813   2815
372   1410   1476   1649   2798   2800
373   3083   3157   3159   4182   4191   4192
376    177   1476   2126   3850   3851   3854
378    189   1476   2867   2870   2873
380   1595   2286   2759   2762   2765
382    760   1586   2705   2708
384   1595   1648   2717   2798   2799
386    760   2628   2679   2680
387    597    553    624   1333   1336   1339
388    596   1336   2117   2566   2568
389    766   1333   1337   2117   2119
390    767   1256   1261   1263   1337   1339
391    766    767   1847   2805   2808
393   1705   1706   1850   3449   4118   4121
395   2785   2811   2816   3243   3246
397   2381   2779   2782   2783
398    774   1631   1635   2773   2776   2779
399    775    767   1605   1635   1636
400    774    247    588    766    775
401    776   2644   3112   3115   3116
402    782    776   2281   2722   2724
403   2192   2199   2642   3116   3119
404    785    501   3112   3118   3119
405    782    786   3115   3118
406    786    785   2278   2281   2474   2475
407   2308   2470   2472   2475
408   1194   1760   1761   2055   2057
409   1194   1550   4158   4175   4176
411   1546   1547   1550   1980   2056   2057
412   2176   2462   3263   3266   3267
414   1980   2391   2392   2395
417   1612   2106   2110   2411   2950   2953
418    623    669   1612   3034   3035   3038
420   1591   1595   1813   2038   2039
422    921   2051   2054   2057
423    921   1194   1807   1809   2038   2040
424   1934   2041   2111   3105   3107   3110
425    774   1922   1925   1934   1937
426   1839   1843   1922   1923   2041   2043
427   1333   1614   2296   3038   3040
428   2117   2118   2130   2296   2297
429   1618   1839   1842   1845
430    775   1337   1614   1937   2110   2111
432   2638   3054   3116   3123   3124
434   2577   2658   2659   3119   3122   3123
436   1553   1559   1922   1924   1927
437   1811   1927   2037   2038   2041
439    921   1550   1552   1839   1841   1844
440   1490   1492   1512   1619   1621
441   1490   1491   1980   2283   2475   2476
444   1336   2296   2298   3818   3820   3823
445   1988   2335   3262   3269   3270
446   1308   3024   3186   3188
447    284    526     84    181     16
449    776    825   3026   3176   3186   3187
450    825   2409   2953   3115   3126   3127
454   2173   2177   2182   2318   2461   2462
456   1634   2777   2779   3978   3980   3983
458    835   1634   2381   2391   2394   2397
460   2142   2181   2182   3994   3996   3999
461    641    835   3983   3998   3999
462    839   1635   1637   1930   1935   1937
463    700   1927   1930   1932   1934
466    839    843   3983   3984
467    843   1631   1634   1637
468    844    487   1486   1487   1490
469     32    486    844    736
470    998   1218   1431   1432
473   2181   2183   2352   2556   2557
474    419   1784   1785   2177   2180   2183
475    395    690   1691   1694   1697
477   1021   1691   1692   3245   3248
478   2182   2183   3373   3376
479    786    849    850   1602   1636   1637
480    850    737    844    496    785
481    835    843    849   2281   2284
482    760    642   1660   3277   3999   4000
483   3006   3189   3190   3277   3280
484    363    839    849    782    825
485    850   1256   1260   3118   3125   3126
486     34    295   1705   1708   1711
488   1658   2437   3273   3275   3277
489    612   1339   1612   1614
491   1507   1512   1546   1549   1552
492   1528   2419   2420   3147   3149
493   1691   1693   2538   2543   2545
494    890   2177   2178   2181
495   2118   2442   2562   2565   2568
496   1591   2762   2875   2907   2908
497   1841   2037   2040   2043
501   1546   3950   3951   4174   4175
503   2322   2326   3393   3394   3397
506   1800   1801   2044   2046   2049
508   1042   2440   2443   2446
510   2798   3077   3084   4190   4192
511   2110   3038   3109   3110
512   1079   2513   3777   3780   3781
515   1800   1802   2023   2024   2027
516   1648   2037   2039   3077   3107   3108
518   1615   1617   2440   2442   2445
521   1718   3030   3179   3181
523   2001   2654   2657   2662   2664
524   1214   1431   2433   2434   2437
525   2287   2307   2707   2719   2720
527   1256   1705   1707   1710
531   1553   1558   2773   2774   2777
533   1855   2649   2788   3946   3949   3952
536   1649   2077   3077   3080
539   2126   2800   3792   4185   4190   4191
541   3051   3053   3146   3149   3152
542   2023   2028   3178   3181   3184
544   1591   2208   2711   2716   2717
545   1631   1636   2377   2378   2381
547   2051   2056   2283   2307   2308
548   2716   2843   4123   4125
552   2106   3110   3111   4186   4189   4192
553   3780   3791   3792   3854   3856
554   2329   2331   2461   3265   3266   3269
555   2322   2324   2495   2617   2618
556   1930   2106   2108   2111
558   1998   2412   2414   2417
559   3067   3927   4170   4171   4174
562   2521   2524   2527   3080   3106   3108
564   2232   2297   3040   3105   3106   3109
565   2405   2407   2953   3051   3052
566   3145   3157   3158   3780   3783
567   2391   2396   2456   2459   2462
568   2192   2521   2523   2526
571   2426   2431   2740   2784   2785
572   2278   2308   2718   2719   2722
573   2419   2424   2456   2458   2461
574   2377   2780   2783   2813   2816
575   2433   2435   2556   3275   3283   3284
576   2604   2617   2771   2836   2838
577   2479   3007   3189   3191
578   2615   2617   2652   2788   2790
580   2538   2603   2835   2836   2839
581   2562   2564   2828   2829   2832
582   2571   2654   2656   2659
583   2763   2764   3393   3395   3398
584   2680   2743   2746   2759   2760   2763
585   2663   2788   2902   2905
586   2743   2748   2867   2868   2871
587   2759   2764   2874   2875   2878
588   2702   2718   2720   2723
589   2711   2799   4186   4187   4190
590   2898   2905   3070   3927   3951   3952
591   2773   2775   2780   2782   2785
592   2828   2834   2845   4122   4123   4126
593   2828   2830   3249   3250   3253
594   2811   2835   2837   2840
595   3282   3283   4119   4123   4124
596   2867   2869   3794   3799   3801
597   2874   2879   2906   2908   2911
599   2898   3029   3178   3179   3182
600   3020   3022   3185   3186   3189
602   3034   3036   3083   3109   3111
603   3050   3052   3121   3124   3127
609   3098   3100   3921   3927   3928
610   3084   3105   3108   3111
612   3112   3121   3123   3126
613   3146   3151   3153   3154   3157
614   3139   3153   3155   3158
615   3162   3178   3180   3183
616   3169   3185   3187   3190
620   3241   3249   3251   3254
621   3256   3265   3267   3270
622   3273   3283   3994   3997   4000
628   3370   3393   3396   3399
630   3475   3786   3787   4179   4184   4185
631   3475   3480   4114   4116   4118
652   3777   3786   3788   3791
653   3794   3818   3819   3822
656   3842   3850   3852   3855
661   3921   3946   3948   3951
663   3978   3994   3995   3998
671   4114   4122   4124   4127
673   4154   4170   4173   4176
674   4179   4186   4188   4191
cells 64
0      0      3      4      5      7     10     11     13     15     16     17     18     19     21     22
1     23     27     28     29     30     31     32     33     34     36    559    609    621    673
2     37      5     38     39     40     42     43     44     45    521    523    542    582    599
3     47     48     49     51     54     56     57     58     60     61     62     63    533    574    576    578
4     32     67     68     69     70     11     71     73     75     76     77     78     81    588
5     82     83     84     85     86     36     87     88     89     90     91    521    614
6     92     93     94     95     96     97     88    100    101    102    103    104    620
7    107    108     58    109    110    111    112    114    115    119    121    122    123    124      0    125    523
8    126    127    128    129    130    131     40    133    134    512    515    553    652    653
9    135    136    139    141    143    145    146    148    149    150    548    595    622    663
10    151    152     86     45    154     76    155    156     31    159    562    564    568    602    610
11    160    161    162    163    164    165    166    167    169    171    512    566    613    614
12    173    174    176    178    179    119    180    181    503    555    576    580    628
13    182    183    184    185     21    186    187    188    191    503    508    583    584    587
14    167    192    193    194     56    195     30    199    200     68    492    541    554    573
15    201    202    203    204    205    187    207    496    544    548    581    592
16     17    210     38    211    212    213    214    215    156    216    217    219    508    518
17    182    223    174    224    226    227     29    228    230    231    112    134    234    235
18    240    241    163    243    127    244    246    109    248    249    250    251    506
19    253    254    255    216    257    258     81    497    516    525    536    562
20    261    262    263    264    185    265    266    267    268    269    101    495    518    581    593
21    270    271    243    272    202    133    273    150    274    539    589    630    631    671    674
22    275     61    276    249    108    277    279    280    281    284    285    286    192    287    603
23    289    104    290    291    275    294     91    295    296    161     60    492    531    571    591
24    297    298    299    223    300    301    302    303    304    525    547    572    583    588    628
25    121    241    305    169    193    306    307    143    309    310    311    313    616    630    652
26    314    285    315    316     93    319    320    295     90    506    515    542    615
27     85    322     23    228    128    323    326    327    328    329    166    291    656
28    331    154     57    332    333    100     89    262    491    501    559    590    599    615
29    162    334    328    290    335    336    338    339    341    342    343    204    136    345
30    348    349    350    351    179    352    353    341    354    575    592    593    595    620    671
31    129    355    125    331    230    184     43    316     94    358    263    555    558    578    585
32    360    361    362    363    364    365    348     48     22    369    181    524    594
33    322     82    372    307    373    376     34     67    151    510    536    539    553    566
34    372     73    378    380    271     10    258    382    384    201    386    300    584    586
35    387    388    389    390    391    360    267    393    274    205    354    287    248    527
36    395    103    391    369    265    350    397    398    399    400    545    574    591
37     77    401    402    403    404    405    406    257    219    407    568    572
38    408    326    409    411    412    226    414    194     27     54    301    501    567    661
39    311    417    286    373    418    141    294     84    320    511    541    552    565    602    613    674
40    224    336    380    253    302    408    420    422    423    327    496    587    597
41    424    425    426     95    427    428    213    255    429    430    389    400    268    511    564
42    155     37    432    210     75    403    107    200    281    434    533    585    590    609    661
43    436    437    335    439    261    426    423    333    409    296     87     96    329    497    673
44    429    439    269    440    422    254    411    441    214     49    407    491    547
45    428    212    388    272    444    159     42    207     16    186    495    586    596    653
46    445    195     28     69    446      4    235    124    447    306    577    600
47    401    432    199    305    446     70    449    450    146    565    603    612
48    454     51    297    289    160    456    397    458    338    460    461    494    567    573    663
49    456    398    462    148    463    339    425     97    436    466    467    531
50    468    440    211    191    358    364     47     18    469    264    470    332    180
51    353    178    473    474    246    475    123    164    342    313    493    494
52    351    334    266    355    475    231    323    126     92    244    203    183    319    477    165    597
53    445    227    122    474    309    412    171    454    478    303    176    554    621
54    270      3    378    447     71    376     33    111     39    131    234    558    596    656
55    424    384    135    437    420    343    463    510    516    544    552    556    589    610
56    441    406    479    480    468    215    365    414    304    458     63    481    467    545
57    482    483    466    299    382    449     13    402     78    461    145    484    481    600    616
58      7    280    434    363    480    485    404    469    217    486    115    527    582    612
59    477    314    102    277     62    251    349    395    110    493    571    580    594
60    139    483    393    488    352    361    276    240    114    486     19    310    577    631
61     15    482    478    473    460    488    345    470    173    298    188    386    524    575    622
62    387    489    427    130     44    418    315     83    444    273    284    152    250
63    149    484    450    390    489    279    362    485    417    479    405    462    430    399    556
