vertices 383
     0 1.02904002934678 0.29250916731097 1.07035429674957
     2 1.41617191537467 0.46671860803071 1.60357382851829
     8 0.91743683409228 0.18224991113518 1.07243739772468
    11 0.27961267293586 0.58079349042941 1.06271327912024
    14 0.87819060988244 3.99508858593238 2.16358013859258
    16 0.32149524377609 0.57435927230171 2.32331903797616
    18 1.16771842513895 0.92309175695714 1.93135811247331
    36 3.92680957282724 0.52134127382072 1.70861258913074
    37 0.51370246443602 1.04532547278609 2.02987871863280
    41 0.26498238034602 0.71374337489663 2.27309083619700
    47 1.46125360190688 3.73633229627178 0.57501926371036
    52 1.68349790844236 0.63215332703299 0.20839432299247
    58 1.87794024479736 0.15015430174216 0.88311181383121
    59 1.55387709396608 0.14303415018144 0.70594400323917
    61 1.90437870040267 3.25159621060410 0.09125972324922
    69 1.06212587610441 3.32231034270791 2.69386910523515
    72 0.95979146173851 3.52830634768371 2.68983339636363
    76 1.18542618390195 0.05695641381515 2.92951994972539
    98 3.11612137392630 0.61308291489654 3.34951867220253
   115 1.07004995803614 3.65813203632402 0.73960587975133
   119 0.81163531438408 0.86558202030662 0.09814313907740
   134 2.64073490894189 3.10413473283952 3.22771345554414
   136 2.67968270686270 2.76179183725010 3.38745482854423
   139 1.67502205428521 2.57119235508032 3.08695500868308
   140 2.43028031485966 2.60672459445815 3.10398782178949
   143 2.03307162323714 2.36104080236060 3.21498331066736
   147 2.55813259698637 2.77369766207243 3.89886557846328
   149 2.67870431699743 2.97640847122090 2.26023126819844
   152 3.44153867482090 3.09125049542480 3.01941719129122
   156 2.66787253349570 2.52243438702178 2.23410192524526
   157 3.50393516548358 2.55672990704465 3.09860387792448
   163 3.59088914949210 2.69403469327807 2.76331842774738
   169 1.93887792068493 1.56057501919726 2.20539833732946
   171 1.34603660569539 1.34002694557091 2.19078550393141
   174 2.32818029988699 1.10086207794433 1.51249907343612
   177 2.28878584611880 0.66597732227884 1.45077553804121
   180 2.08904338786066 0.63849112725409 1.32689916642457
   185 1.87820944415282 0.37785743813707 1.43784933534750
   191 1.44988054062120 1.48486367702500 2.09279718702760
   195 1.26034153653549 2.65877902222589 2.01338794874800
   198 2.47661032439880 3.29325607059111 1.27772887169222
   199 2.49408457211934 3.42836559353838 1.61655203516991
   214 3.83420348773515 2.33779263470782 0.38791649133037
   215 0.23511592638050 1.74195117637780 3.99372984550276
   220 0.54363994489512 1.67557354033515 0.03657514197538
   230 2.76822968493834 2.07515009018335 0.19146965716910
   231 2.30005446086055 2.36400095797095 1.23145648360895
   235 2.17034232998687 1.65802442293078 0.84099708565957
   236 2.57230274617035 2.60873249568847 0.94854189988963
   240 2.03007429453069 2.05612665254530 1.12924062623728
   241 2.60197880741901 2.41099843774995 1.04207176496737
   243 2.62225419864933 2.55675738618579 0.16939389948687
   254 3.02697046011414 1.14395212222615 1.19840812911659
   260 2.84261359056429 3.51165081083821 1.63899043023984
   261 3.07493344874106 3.36417531466473 1.89471082094492
   264 3.19111029044247 3.73636862506090 2.12796546451100
   277 1.59633460889226 1.29373939760888 0.38193795836640
   284 0.48368260845269 2.73420120815211 1.84233756282142
   288 0.25973257533430 0.67612908116833 2.90292843004892
   290 3.92643243362756 0.44969792338012 2.93897003152984
   291 0.09386611419809 3.56683023162212 3.20293883668553
   292 0.99937236297737 0.45946153567901 2.92713227926313
   295 0.15103055215054 0.67274166868013 2.73751793901790
   300 2.85897181452794 0.38984779731826 0.64155394925663
   310 1.10137991824887 1.82627544294819 2.19191877103276
   311 1.06639920208416 2.46276829415024 2.07991878633298
   315 1.16846712542689 2.13232251659870 2.37643583957603
   332 3.05028157932982 3.69959498739405 2.50181648533530
   336 3.98131520734852 2.57216528146447 2.57294355396396
   339 0.88228711038924 2.70639232818447 2.10739846548898
   343 2.01394556576746 2.10338902699691 3.00383786949302
   346 1.21889462245192 2.19469161642559 3.10809436515551
   347 1.62288823746451 2.31991791514471 2.98312116853688
   354 0.96673154137515 2.09610528230588 2.73535235131417
   356 2.75455394480466 2.68249696592772 0.07205679949614
   358 3.67753540060419 1.10985479639691 0.53760850915527
   364 0.12468515387535 0.55263734851568 0.90490557770754
   365 3.70731218555428 1.05967814541795 0.10567954423677
   376 3.08729497892331 2.32714923997380 1.37040860714075
   380 3.56381380384904 2.73440722308007 0.11713755502765
   394 0.26247183233670 1.38955026720040 2.89683468624744
   396 0.09954487612096 0.80581967855202 2.67036222786642
   399 0.22246843604232 1.77076234252452 2.71181647546890
   403 0.24385930065165 2.26843474892554 2.88104277196240
   405 0.04874114147395 2.26176224929855 3.22889005255365
   406 0.28962387500658 1.32222698763986 3.69271577257193
   408 0.40419749380959 1.24414550340356 3.15767119819342
   410 0.53455947453302 1.35144728992196 3.77307229609447
   413 3.19788450782511 3.78065939050033 3.93977549961490
   422 3.77624156412991 1.45262081849956 3.98977918850904
   425 0.10371613280825 1.55284069472176 3.78016018009080
   429 2.99044864525840 0.33034459295674 2.98042583629748
   432 2.21744347287544 1.44366030225779 3.14119945013542
   436 2.13042980938387 1.54019336149743 1.88426786333547
   439 2.77174537253608 1.90905726830490 0.59041923904978
   440 3.39003153557065 1.67253496275838 0.81182180535083
   447 3.54390156137109 3.62546685216305 3.91879035291480
   457 1.57452419619717 1.01374530796356 2.56217673137745
   460 2.48408578477302 3.89842178174569 0.46072553525121
   473 3.54872174810601 0.57490362609975 1.69741277608816
   481 2.36421344314999 2.35990255291209 1.94122869950945
   488 0.13910856498538 0.12421164282011 2.05543430374055
   489 0.28042356475434 3.95579087203129 2.00099710065040
   500 2.20716483781666 2.49085199948671 1.21105550222206
   502 2.31513717878312 2.67860271556860 1.05736220320278
   510 2.32646228914556 3.15323427787175 1.90841003957555
   513 0.07304350245931 3.39994154604265 0.51715725827714
   519 0.23950918180611 3.32637011472967 2.60471684544882
   524 1.53622567200776 1.43673568753766 1.58400692409347
   529 1.53903800520924 3.11214833799392 3.05155149773122
   538 2.86222429250086 3.60738443903829 0.16880585269257
   544 0.25682436461746 1.05345998384195 1.70389491373021
   545 3.97342619128863 0.74252827645482 1.84329482851884
   553 2.98324864686145 3.06334815245074 2.22667376793093
   557 0.86810753594851 1.78297626203407 2.68573459495912
   559 0.41748334212148 1.64618512578016 2.66402125426335
   568 2.97207103777105 3.30371585268659 2.55606427739190
   569 3.19565458386552 3.29572372195286 2.96068461406827
   571 3.00072634048469 0.10438655171625 0.60259376580557
   573 1.51194456513272 0.84675174220099 0.16272414771333
   581 0.59052266373282 2.79547253771188 2.54831540226876
   582 0.64154616867071 2.42507201677765 2.85734887896370
   587 3.01018076130987 2.07932999494670 0.05644561831860
   605 0.81333715032567 3.61068435403323 0.43286981994433
   611 3.58246470234089 0.82551905876428 1.84717622036140
   625 1.03441884651832 3.30370175309472 1.00179496161847
   629 3.35311453925123 0.94590697627031 2.73788773938320
   630 3.24944890705451 0.59403296746669 3.04242599910417
   635 3.23795488344179 3.40866748970788 3.00597818802901
   636 3.24361889304573 3.75108671950590 2.74279268949190
   640 1.97720205733449 1.75359032183275 3.36978681016976
   645 1.41256354378862 0.33786784591820 1.82628862288242
   647 2.88266896481328 0.34862486138233 3.22238577906968
   648 2.90832426280762 3.79348429597269 3.52682488563555
   649 3.04113969884860 2.58004561216722 3.41068279945033
   650 3.03687611734300 2.51979873674479 3.93295826781029
   658 0.61016577680223 0.47743994484454 0.91469953710989
   660 3.71260296850724 2.88967531166759 0.70422100184591
   662 0.01738612699919 3.23292268511353 0.78208315180645
   663 0.09673647338025 1.53185177234057 2.91768505369079
   667 0.83184947840162 2.55528601835568 3.22722778004118
   668 3.92959560216418 3.49951262711472 2.91158628677262
   669 3.76274820379405 3.83920255963028 2.67906884392413
   673 3.32209619819071 1.57944665617627 3.51640621578184
   674 3.93913529291341 1.71901585980943 3.34479625149991
   678 0.64858601365884 3.32976027241213 0.43979567373638
   681 0.43141224043143 0.97942683995342 1.22330880994562
   691 2.44372386200930 2.22248706894054 1.76967685888284
   692 2.87532590456485 2.19103080131184 1.78389257446160
   695 0.99028253633841 1.68836049649004 2.28936218483591
   696 0.54276693270309 1.54998840478549 2.22151399682992
   698 1.69358126743920 3.00720449526435 2.92144610418593
   701 2.03412399673885 1.14864768032916 3.10076180606095
   711 2.75282864487027 3.81637565317879 0.52211346829183
   717 1.86278297804131 1.47563026188383 1.53698698189026
   718 2.04589398917200 1.26248923003009 1.37033098338983
   723 2.13228169738719 2.67045851046084 1.74090231075992
   724 1.56052951857581 2.67591863573147 2.14766157419947
   725 3.03752725993653 3.02504983200540 0.34215768916070
   726 3.54205353872511 2.93563046712379 0.26248792694165
   735 3.78417330290968 3.36041032907231 3.45664475938300
   736 3.54609081616017 3.28262487331638 3.08008223603703
   737 3.91005935311201 1.93044133908317 2.27051180104743
   738 0.20456141781140 1.76718880681154 1.89244638181449
   739 1.99066063489357 1.04329396641923 2.63915420348747
   740 2.15378588276171 1.25518947217963 2.50666894242877
   758 2.28890718625506 0.40928143832319 1.75891693208522
   760 3.42532841038330 2.75858496117143 3.24714655698926
   761 3.81836582186404 2.83719849610009 3.69156931978935
   762 0.31056421227421 2.16499602882337 3.98013278342270
   764 0.24863683718436 2.44540068655880 3.59859640505413
   777 3.39726869453164 0.55162155297730 3.79093793230160
   780 1.91013287428401 1.15666349770938 1.29922875949289
   783 1.82062050623940 0.17103314176759 1.87280997134317
   784 1.98590738861538 0.20720793168317 1.68459082584635
   791 2.01177842231810 3.41875061485826 2.22380519352664
   792 1.59743700553689 3.06289812705834 2.39700761438515
   795 3.74311870887017 3.22862163757748 0.10015313795245
   796 3.90919855562621 3.07629574346461 3.71379164995140
   797 1.97628053888028 1.98938143605541 2.38606449768325
   798 1.57947133136935 2.24876679268723 2.46342118473627
   799 3.61945983030299 3.94435184967671 0.06593473099436
   800 3.34771692374319 0.03642150414912 0.06768600616468
   806 1.01046610958590 3.59365373335884 0.03138259786299
   816 0.65329976676391 2.22837004923842 0.03282078716928
   817 0.59761809865273 2.55569409412885 3.57398566462703
   819 0.25713063984056 2.85075035919920 2.44324349619983
   821 1.40593187904689 3.11117798979430 1.11592254618041
   822 0.68284630687148 3.33018855695712 2.82188983026869
   826 3.21350589710600 1.01923828776912 0.70605590662619
   837 3.01168123697068 0.81879966011878 0.34846174647797
   838 2.59309542587301 1.66101562143413 0.61327367341710
   839 3.10369845944973 1.30407360031967 0.84575417988611
   842 1.20438664478380 0.22650338042217 3.53908762678750
   844 1.05212342075698 0.17610115623476 3.12437625811831
   847 3.90286386436550 2.51268796631680 0.76210332132599
   854 0.50927319784092 3.46904700121168 3.22532362742762
   862 1.85939938267104 3.57706828952418 3.42647039804857
   866 1.69037743453208 1.75088757841528 0.17384758970427
   869 3.82685472208353 0.53720851039187 3.73896334803622
   870 3.98028960155415 0.84140597818057 3.96057247130402
   871 3.92505471548599 3.89754678719836 0.52351961911575
   874 0.77696998552451 3.17373046919675 2.80849832981323
   877 3.95837865164450 0.26634168191417 3.83990205395532
   881 2.43238987141452 1.56954887558591 0.35183421492161
   882 2.86493371763543 0.09315889786161 1.71762216117243
   883 3.01926714034940 0.13865663541199 1.93578234119629
   884 2.02898649689033 1.55416708029216 0.51795475011414
   885 1.86191042777635 1.24995932267595 0.55910646854469
   890 3.28822312588420 1.45192151908017 1.60580473013280
   899 3.33406939799951 1.22956782604911 2.81865432902885
   900 3.11580129156693 1.39047915594302 3.38887328833804
   903 3.00977747338875 1.00264355018708 3.57396252506717
   904 3.29388414376577 0.82864942438232 3.94464218021644
   905 2.53763264965022 2.27089347725946 2.79011318254660
   907 0.96399146209168 2.02413616124996 0.29263035367533
   908 0.81343771428667 2.06740575210642 0.02741662088874
   909 1.84419838997428 3.71222535898489 1.88270708819616
   910 2.07576689617282 3.74455956768832 1.61499969098413
   911 2.69590606402025 1.38326672169885 3.53489419228441
   912 2.48658232926520 1.77774865141723 0.04341757184524
   913 2.31269604124580 1.54124483955384 2.88281722672345
   914 2.17929934927545 1.98287360249282 2.78966590859695
   915 3.41223073757972 1.39231088225285 1.73560666855074
   916 0.03876562944741 1.53222819026824 1.64677779665397
   917 0.07587942762454 3.71192875650887 2.14109257240723
   918 3.91669535120874 3.84556350049055 2.21130615222814
   920 1.24095200935248 0.89900259334468 1.66064486806492
   922 2.73335355438972 1.06157089064619 3.63747386579819
   923 2.63020319069265 1.00075331117390 0.13386243077900
   926 0.20635224885502 0.04778272498337 3.34391172580413
   927 0.04103676177296 0.45717052069164 3.09114494678359
   928 1.49539188171574 1.28584822580659 1.48945356106357
   933 2.36269198758561 0.65054417258162 2.30407547025236
   938 1.90440648346489 2.77037944329552 0.67452986112902
   941 0.86433741973379 0.00731080421733 3.70488707038171
   942 0.67203455572902 3.93046225140417 3.35936863132672
   946 2.38226088392608 1.29533058583648 1.88484273037867
   948 3.08278538572743 1.57265313198560 1.84211140257882
   949 3.33440436164438 3.19878581678727 1.71977804493693
   952 3.46721525715964 1.79677242475410 1.12884894744719
   954 3.98584701190587 3.40011518769301 1.86003333717026
   955 0.19288361108310 2.82098105804813 2.07307224547346
   957 0.95547182840117 0.35531180870598 2.30930144052837
   958 1.13563792186763 0.35963073956114 2.70740756790692
   959 1.36565425114281 3.65471509766065 0.03273915792392
   960 1.61815577368191 3.35196585158763 3.85783566799067
   966 2.41161459637038 1.10403082622953 2.28743061315953
   970 2.73266392076116 0.48444667067555 2.39984906675152
   971 2.69672349946433 0.31431652057173 2.61735927634986
   972 0.08902295022241 0.38920973966755 1.29546856547203
   977 1.53700230402399 0.74399573509763 3.77684191388272
   978 1.25572934207813 0.67405329015962 3.65158444945294
   980 2.16332015666669 0.58875348617576 2.49970214732927
   982 1.28743214375120 0.55640134654654 2.11025480431400
   983 1.50167978709038 0.59277477902008 2.42918169520514
   984 1.93479892299713 0.40207593859983 2.41111881514810
   989 3.91091402708726 0.36611817609088 1.09494040691378
   992 0.53717496256900 3.19177051638155 1.40201833048792
   995 3.20657253193559 0.06227716831034 0.99841172551848
   997 0.31965677488692 0.20375781483932 0.43874989555937
   998 0.34017041821871 0.40440541180485 0.57310885074747
  1000 0.37207564798222 2.58300587593272 0.92227110095136
  1001 0.45505606606498 3.01423598771180 0.95052115786381
  1002 0.33796415999312 0.34314775216042 0.19767623249650
  1003 0.35057496408913 0.50010688647962 0.25853426669742
  1007 2.89435106704689 2.10141876552944 2.85594819825954
  1010 0.33993651409277 3.89755720215726 1.63692873340062
  1011 0.16458022573248 3.52857615284427 1.55147019409610
  1012 3.29795788165294 2.54490099252957 1.37945253799108
  1015 3.82445741376964 3.53351820137655 1.15218795989187
  1016 3.74364587542281 3.98435065194969 0.94184350782199
  1018 3.16899627106552 0.94004213738184 2.43549065539092
  1019 3.13730472771515 2.28398820689515 3.20319301474184
  1020 3.13918181497048 1.71369429180014 3.51459921726122
  1021 2.99729968495434 1.49482623069133 3.38705483761371
  1022 2.82580224791501 1.61256872656382 2.92345339878342
  1023 2.28813397620729 0.38652297637083 2.70014450087097
  1026 0.74461909964508 3.08092491733041 0.76389680401837
  1028 3.83088810605849 2.42268197409934 2.29023302319243
  1030 3.12146984236663 1.38816201625930 2.59186228633327
  1032 3.31185063834059 1.73420915166355 2.27644574263588
  1036 3.94170235721558 2.56605489166786 2.01904058511727
  1037 3.38746109737211 2.76779147770665 1.83678813763883
  1038 3.03663126093344 1.23307019352724 2.39989163771183
  1039 3.20422577497841 1.51748444871914 1.99322999090983
  1040 3.76518940567060 2.25746592176684 1.14829616987594
  1043 1.08442921261766 3.93835509526324 1.87244952350352
  1047 2.79470183022215 3.32966783576214 1.14142099953044
  1048 0.82020907004731 3.86269981465032 1.51900898508630
  1049 0.90685957467393 3.37086110417825 1.36872656796719
  1050 3.26043474265385 3.25129680995433 1.37373198861090
  1051 2.98180941488207 3.44106646693675 1.33622272808977
  1057 1.72351592778216 3.86122668148643 3.08736865627211
  1059 2.05685262898572 0.15053273788019 2.64570052828839
  1060 3.22359940403529 2.92564234861570 1.13677287241888
  1061 2.93924013998529 2.96899816337971 0.98447457094061
  1071 1.34802047542182 2.82772741897176 3.69016871798847
  1073 1.26761891886435 1.98064185298091 3.32690278183688
  1091 0.74325750970179 0.94528794816145 1.15039878699912
  1096 0.77560615833265 0.59903283423453 0.92432062572615
  1097 1.00558901405800 0.92599422064324 0.39379780203887
  1098 1.79945753274860 3.45041154161644 3.16246999336933
  1100 1.37299360580584 2.83520926413703 3.29486683444896
  1101 0.89987431432451 2.79356228903273 3.26934306719181
  1105 1.74773657095504 1.72873031069015 3.46296763272363
  1106 1.68325815850638 1.20218917273386 3.28502440320468
  1109 1.79360702369094 3.90255247508691 3.36279388311597
  1113 0.79624433152624 3.15690480193378 3.93587826728776
  1115 0.88969956011771 2.90960564001582 3.86128208312759
  1120 1.47888267546739 0.11558408061571 3.65141665281228
  1121 1.68251492839700 0.55791216753238 3.82946561031852
  1122 0.57991760328608 3.07602910522933 3.63913779028668
  1123 0.71074797871548 2.86689792004491 3.59670422493755
  1124 0.78189598024598 1.28864257766584 3.27689113641784
  1125 1.14228650598217 0.93198201406636 3.20723480766278
  1127 1.35016345807924 1.14509847512794 3.06909366814867
  1128 1.05356544710509 1.51424609871487 3.09634091605740
  1131 1.52406756773014 2.25718430944799 0.39392187540660
  1133 2.39393672661672 2.62745357287162 0.01466752700527
  1134 1.97190881633637 2.77114299413827 0.19199135808581
  1135 2.13197570063312 1.90958766959760 3.88969155952009
  1136 1.77697570131363 1.73727967630132 0.28891304028147
  1137 2.02566281490374 2.29654946315152 3.82193893856933
  1138 1.73239031043558 2.48184504943038 0.01693813700148
  1140 2.44241835866635 3.02913536134865 2.99024519148273
  1141 2.60136586805794 3.17161665528132 2.57523747631095
  1142 0.70549955224540 1.51274356381255 0.89921947039876
  1143 0.79221725343661 1.58262597636998 0.45735422464405
  1145 1.99724307597454 3.22791951898095 2.94272861441372
  1146 2.16427251125930 3.47328614796538 2.52705561299857
  1147 1.02699644686415 1.27968629077120 0.56642507485739
  1148 0.89680902032358 1.30450304746646 0.94133417840957
  1164 3.15664436983878 2.24057554601438 2.39822407732071
  1166 2.96531153954874 2.43685272661496 2.16284285124371
  1167 3.45038091026962 2.54129254253177 2.40672307060517
  1168 3.20128283834103 2.71692401188721 2.15405082129931
  1169 2.10717637321769 0.42353691864094 0.75650120403814
  1170 2.42521251632210 0.33384921273979 0.53260626647108
  1172 2.26633923233387 0.63246273381774 0.22274949309901
  1173 1.99545313053181 0.70829262584813 0.39370780184189
  1174 0.08875447295264 1.68357955376333 1.35636810122467
  1176 0.30406193569906 1.40453636149056 1.04597311260704
  1177 3.64385377535976 1.83572156264028 1.07997382134112
  1205 2.97427473075363 0.52851000729237 1.07621359676491
  1206 3.13986423525760 0.75664263479882 1.07414580963618
  1212 3.13001728246296 0.36666267265987 1.19552305759384
  1213 3.33926580899366 0.53213753864373 1.23005671516085
  1229 0.96276228393723 2.09322702729010 1.82575743925341
  1238 0.83237530907775 1.96218545631170 1.13282436808885
  1239 1.15941610847618 1.98287099992911 1.42273444552532
  1332 1.60531812084601 2.42192246782049 0.72141257995143
  1333 1.85609746722326 2.28428209795121 1.08405675174124
  1335 1.49316178416302 2.37743227238043 1.25580362346166
  1336 1.46173285096846 2.61572990879797 0.94859935549406
  1337 1.35086814807205 3.50561354930218 1.90112442362738
  1339 1.20015212809020 3.22158808325244 1.58549461436332
  1345 1.24213297102385 3.22965529019741 2.35762859580150
  1346 1.09545124137746 2.85402182769948 2.05142006929482
  1352 1.99865302047970 3.76798307900620 0.82164369657866
  1354 2.06393430984214 3.51295992645616 1.16284199155864
  1355 1.73872606939699 3.54908791944933 0.66111333510989
  1356 1.73728897583750 3.23985538671944 0.95525379480102
  1377 2.20656092524373 0.23538215052122 3.49413318806919
  1378 2.12316810766368 0.50512462124035 3.67245201331122
  1385 2.31694230092010 0.70186223043317 3.40269015101881
  1386 2.39042572425975 0.45818779751721 3.25334382007484
  1395 3.59989651373574 1.88427520143944 0.41173513759216
  1396 3.82080333930444 1.62105806957894 0.26341121819805
  1400 3.56493095463150 1.70129537172601 0.73937070241264
  1401 3.77796621455654 1.45967153885938 0.58861467594803
  1437 0.34292108825764 2.10104962788335 1.47428638084661
  1439 0.36907997924171 2.11598449856771 1.59475867472227
  1440 0.27497386717298 2.22747426932662 1.44692122334264
  1441 0.30185666162663 2.26857820178304 1.60869763125410
  1450 2.38971137226244 3.38045540245741 3.86194519497408
  1451 2.55031570821534 3.62906221327103 3.97621207884806
  1455 2.39004448534282 3.48384258235618 3.62604241580294
  1456 2.52183159928020 3.70265469348773 3.70216889418152
  1458 0.89612766200428 2.13517174728111 0.91966088764564
  1459 1.11651672396164 2.47634604336069 0.67905213038825
  1460 0.74517883757623 2.46695382694900 0.65820327145501
  1461 0.88602511025302 2.63191174266335 0.60257746209082
edges 766
16      2      0
17      0      8
32     16     41
33     41     37
34     37     18
84     58     59
85     59     52
93     59     47
101     76     72
102     72     14
111     72     69
177    115     47
181     59      0
189    115      8
218    143    139
224    134    136
225    136    147
229    140    136
231    143    140
232    149    156
246    152    163
247    163    157
272    171    191
273    191    169
284    185      2
292    177    180
293    180    185
295    171     18
303    174    177
313    199    198
363    220    215
382    230    243
389    241    236
390    236    243
391    231    240
395    231    241
398    235    240
419    254    174
433    260    261
438    264    261
486     16    295
487    295    290
496    295    288
501    292    288
524    260    199
526     58    185
537    310    191
544    195    311
553    311    315
554    315    310
584    264    332
588    163    336
596    339    284
597    311    339
612    354    346
623    347    346
624    354    315
625    343    347
629    243    356
632    147    356
636    343    143
641    365    358
642    358    364
669    139    347
690    376    241
700    214    380
736     41    396
737    396    394
760     11    364
766    403    336
767    399    403
774    157    405
775    405    403
776    119    410
782    406    410
785    408    288
786    406    408
825    410    220
835    365    422
839    425    215
843    425    422
844    396    295
849    406    425
850    394    408
886    169    436
890    439    440
892    230    439
895    241    439
921    413    447
947    171    457
998     36    473
1021    156    481
1042    488    489
1045     36    488
1048     16    488
1049     14    489
1079    500    502
1081    231    500
1083    236    502
1086    198    502
1109    199    510
1112    149    510
1153    191    524
1172     69    529
1194    413    538
1214    544    545
1218     36    545
1220     37    544
1221     41    545
1242    149    553
1243    261    553
1256    557    559
1260    394    559
1261    354    557
1263    399    559
1289    568    569
1290    553    568
1292    332    568
1293    152    569
1294    134    569
1301    300    571
1307     52    573
1308    277    573
1333    581    582
1336    339    581
1337    403    582
1339    354    582
1355    230    587
1410    115    605
1431    545    611
1432    473    611
1476    115    625
1486    629    630
1487    396    629
1490    290    630
1491     98    630
1492    429    630
1507    635    636
1510    569    635
1512    429    636
1513    332    636
1525    343    640
1528    432    640
1540      2    645
1546    647    648
1547     98    647
1549    429    647
1550    413    648
1552    635    648
1553    649    650
1554    136    649
1557    356    650
1558    587    650
1559    380    650
1584      8    658
1586     11    658
1591    660    662
1595    513    662
1602    394    663
1605    399    663
1612    346    667
1614    582    667
1615    668    669
1617    519    668
1618    291    668
1619    636    669
1621    290    669
1631    673    674
1634    422    673
1635    405    674
1636    663    674
1637    425    674
1648    513    678
1649    605    678
1658    544    681
1660     11    681
1691    691    692
1692    481    691
1693    436    691
1694    231    691
1697    376    692
1705    695    696
1706    310    695
1707    557    695
1708    171    695
1710    559    696
1711     37    696
1716    139    698
1718    529    698
1729    432    701
1760    571    711
1761    538    711
1762    460    711
1779    717    718
1780    524    717
1781    436    717
1782    240    717
1784    174    718
1785    235    718
1800    723    724
1801    481    723
1802    510    723
1803    500    723
1806    195    724
1807    725    726
1808    356    725
1809    538    725
1811    380    726
1813    660    726
1839    735    736
1841    447    735
1842    291    735
1843    152    736
1844    635    736
1845    668    736
1846    737    738
1847    399    737
1850    696    738
1853    739    740
1855    701    739
1856    457    739
1859    169    740
1920    177    758
1922    760    761
1923    152    760
1924    649    760
1925    157    760
1927    380    761
1930    762    764
1932    214    762
1934    761    764
1935    215    762
1937    405    764
1980     98    777
1988    180    780
1989    718    780
1998    783    784
2001    645    783
2002    758    784
2004    185    784
2023    791    792
2024    510    791
2027    724    792
2028    698    792
2037    795    796
2038    726    795
2039    513    795
2040    447    795
2041    761    796
2043    735    796
2044    797    798
2045    169    797
2046    481    797
2048    315    798
2049    724    798
2050    347    798
2051    799    800
2054    447    799
2055    571    800
2056    777    800
2057    413    800
2077    605    806
2106    816    817
2108    762    816
2110    667    817
2111    764    817
2117    581    819
2118    519    819
2119    336    819
2126    625    821
2130    519    822
2133     72    822
2142    358    826
2173    826    837
2176    300    837
2177    838    839
2178    439    838
2180    235    838
2181    440    839
2182    826    839
2183    254    839
2192    842    844
2196     76    844
2199    292    844
2208    660    847
2210    214    847
2232    822    854
2233    291    854
2270    277    866
2278    869    870
2281    406    870
2283    777    869
2284    365    870
2286    513    871
2287    799    871
2296    581    874
2297    822    874
2298     69    874
2307    799    877
2308    869    877
2318    838    881
2322    882    883
2324    758    882
2325    260    882
2326    473    883
2328    264    883
2329    884    885
2331    881    884
2332    235    884
2333    277    885
2335    780    885
2352    254    890
2377    899    900
2378    663    899
2380    629    899
2381    673    900
2391    903    904
2392     98    903
2394    900    903
2395    777    904
2396    837    904
2397    365    904
2399    140    905
2401    156    905
2405    907    908
2407    866    907
2409    220    908
2411    816    908
2412    909    910
2413    791    909
2414    783    909
2416    199    910
2417    784    910
2419    911    912
2420    432    911
2424    881    912
2425    230    912
2426    913    914
2427    432    913
2429    740    913
2430    343    914
2431    905    914
2432    797    914
2433    915    916
2434    611    915
2435    890    915
2437    544    916
2439    738    916
2440    917    918
2442    519    917
2443    489    917
2444    264    918
2445    669    918
2446    488    918
2451     18    920
2454      2    920
2456    922    923
2458    911    922
2459    903    922
2461    881    923
2462    837    923
2470    926    927
2472    877    926
2473    291    926
2474    288    927
2475    869    927
2476    290    927
2478    780    928
2479    920    928
2480    524    928
2495    758    933
2513    502    938
2521    941    942
2523    842    941
2524    806    941
2525    926    942
2526    844    942
2527    854    942
2538    946    948
2540    174    946
2542    890    948
2543    436    946
2545    692    948
2549    261    949
2556    890    952
2557    440    952
2558    376    952
2562    954    955
2564    949    954
2565    917    954
2566    284    955
2568    819    955
2571    957    958
2573     14    957
2574     76    958
2576     16    957
2577    292    958
2578    959    960
2579    806    959
2580     47    959
2583     61    960
2584    862    960
2602    740    966
2603    946    966
2604    933    966
2615    970    971
2617    933    970
2618    883    970
2619    429    971
2621    332    971
2625     36    972
2628     11    972
2638    977    978
2641    573    977
2642    842    978
2644    119    978
2649    739    980
2652    933    980
2654    982    983
2655     18    982
2656    957    982
2657    645    982
2658    457    983
2659    958    983
2662    783    984
2663    980    984
2664    983    984
2679    364    989
2680    972    989
2690    284    992
2696    571    995
2702    997    998
2704    605    997
2705    658    998
2707    871    997
2708    364    998
2711   1000   1001
2714    992   1001
2716    847   1000
2717    662   1001
2718   1002   1003
2719    877   1002
2720    997   1002
2721    941   1002
2722    870   1003
2723    998   1003
2724    119   1003
2740    905   1007
2743   1010   1011
2744    489   1010
2746    972   1010
2747    954   1011
2748    992   1011
2756    376   1012
2759   1015   1016
2760   1011   1015
2762    662   1015
2763    989   1016
2764    995   1016
2765    871   1016
2770    629   1018
2771    970   1018
2772    611   1018
2773   1019   1020
2774    649   1019
2775   1007   1019
2776    157   1019
2777    587   1020
2779    673   1020
2780   1021   1022
2781    911   1021
2782   1020   1021
2783    900   1021
2784    913   1022
2785   1007   1022
2788    980   1023
2790    971   1023
2798    678   1026
2799   1001   1026
2800    625   1026
2805    737   1028
2808    336   1028
2811   1030   1032
2813    899   1030
2815    737   1032
2816   1022   1030
2828   1036   1037
2829    955   1036
2830   1028   1036
2832    949   1037
2834   1012   1037
2835   1038   1039
2836    966   1038
2837   1030   1038
2838   1018   1038
2839    948   1039
2840   1032   1039
2841    915   1039
2843    847   1040
2845   1012   1040
2853    645   1043
2856     14   1043
2863    198   1047
2866    711   1047
2867   1048   1049
2868   1010   1048
2869   1043   1048
2870      8   1048
2871    992   1049
2873    625   1049
2874   1050   1051
2875   1015   1050
2877    949   1050
2878    995   1051
2879   1047   1051
2880    260   1051
2898   1057   1059
2900     76   1057
2902    984   1059
2905   1023   1059
2906   1060   1061
2907    660   1060
2908   1050   1060
2909   1012   1060
2910    725   1061
2911   1047   1061
2912    236   1061
2942    960   1071
2950    346   1073
2953    908   1073
3006    681   1091
3007    920   1091
3020   1096   1097
3021      0   1096
3022   1091   1096
3023    658   1096
3024    573   1097
3026    119   1097
3028    862   1098
3029   1057   1098
3030    529   1098
3034   1100   1101
3035    139   1100
3036   1071   1100
3037    529   1100
3038    667   1101
3040    874   1101
3050   1105   1106
3051    866   1105
3052   1073   1105
3053    640   1105
3054    977   1106
3056    701   1106
3067    862   1109
3070   1057   1109
3077    678   1113
3080    806   1113
3083   1071   1115
3084   1113   1115
3098   1120   1121
3099    842   1120
3100   1109   1120
3101    959   1120
3102    977   1121
3104     52   1121
3105   1122   1123
3106    854   1122
3107    796   1122
3108   1113   1122
3109   1101   1123
3110    817   1123
3111   1115   1123
3112   1124   1125
3115    410   1124
3116    978   1125
3118    408   1124
3119    292   1125
3121   1127   1128
3122    457   1127
3123   1125   1127
3124   1106   1127
3125    557   1128
3126   1124   1128
3127   1073   1128
3139   1133   1134
3141    147   1133
3142     61   1134
3144    243   1133
3145    938   1134
3146   1135   1136
3147    912   1135
3149    640   1135
3150    884   1136
3151   1131   1136
3152    866   1136
3153   1137   1138
3154   1135   1137
3155   1133   1137
3156    143   1137
3157   1131   1138
3158   1134   1138
3159   1071   1138
3162   1140   1141
3164    140   1140
3165    149   1141
3167    134   1140
3168    568   1141
3169   1142   1143
3173    907   1143
3176    220   1143
3178   1145   1146
3179   1098   1145
3180   1140   1145
3181    698   1145
3182   1059   1146
3183   1141   1146
3184    791   1146
3185   1147   1148
3186   1097   1147
3187   1143   1147
3188    277   1147
3189   1091   1148
3190   1142   1148
3191    928   1148
3241   1164   1166
3243   1007   1164
3245    156   1166
3246   1032   1164
3248    692   1166
3249   1167   1168
3250   1028   1167
3251   1164   1167
3252    163   1167
3253   1037   1168
3254   1166   1168
3255    553   1168
3256   1169   1170
3259     58   1169
3260    460   1170
3262    180   1169
3263    300   1170
3265   1172   1173
3266    923   1172
3267   1170   1172
3269    885   1173
3270   1169   1173
3271     52   1173
3273   1174   1176
3275    916   1174
3277    681   1176
3280   1142   1176
3282   1040   1177
3283   1174   1177
3284    952   1177
3370   1205   1206
3372    177   1205
3373    254   1206
3375    300   1205
3376    826   1206
3393   1212   1213
3394    882   1212
3395    995   1212
3396   1205   1212
3397    473   1213
3398    989   1213
3399   1206   1213
3446    311   1229
3449    310   1229
3475   1238   1239
3476   1142   1238
3479    524   1239
3480   1229   1239
3777   1332   1333
3780    938   1332
3781    500   1333
3783   1131   1332
3784    240   1333
3786   1335   1336
3787   1239   1335
3788   1333   1335
3789    195   1335
3791   1332   1336
3792    821   1336
3794   1337   1339
3796    909   1337
3798    821   1339
3799   1043   1337
3801   1049   1339
3818   1345   1346
3819   1337   1345
3820     69   1345
3821    792   1345
3822   1339   1346
3823    339   1346
3824    195   1346
3842   1352   1354
3844    460   1352
3846    198   1354
3847     58   1352
3849    910   1354
3850   1355   1356
3851     47   1355
3852   1352   1355
3853     61   1355
3854    821   1356
3855   1354   1356
3856    938   1356
3921   1377   1378
3925   1172   1378
3927   1109   1377
3928   1121   1378
3946   1385   1386
3947    922   1385
3948   1378   1385
3949    701   1385
3950    647   1386
3951   1377   1386
3952   1023   1386
3978   1395   1396
3980    587   1395
3981    214   1395
3983    422   1396
3984    215   1396
3994   1400   1401
3995   1395   1400
3996    440   1400
3997   1177   1400
3998   1396   1401
3999    358   1401
4000   1176   1401
4114   1437   1439
4116   1238   1437
4118   1229   1439
4119   1174   1437
4121    738   1439
4122   1440   1441
4123   1040   1440
4124   1437   1440
4125   1000   1440
4126   1036   1441
4127   1439   1441
4128    284   1441
4154   1450   1451
4155    147   1450
4157     61   1450
4158    538   1451
4160    460   1451
4170   1455   1456
4171    862   1455
4172    134   1455
4173   1450   1455
4174   1377   1456
4175    648   1456
4176   1451   1456
4179   1458   1459
4181    907   1458
4182   1131   1459
4184   1238   1458
4185   1336   1459
4186   1460   1461
4187   1000   1460
4188   1458   1460
4189    816   1460
4190   1026   1461
4191   1459   1461
4192   1115   1461
polygons 447
0   1540   2451   2454   2655   2657
3     16     17   1540   2853   2869   2870
4     16   2454   3007   3021   3022
5   2573   2656   2657   2853   2856
7     32     33     34   2576   2655   2656
10   1584   1586   2628   2746   2868   2870
11     17   1584   3021   3023
13   1586   1660   3006   3022   3023
15   1214   1218   1658   1660   2625   2628
16   1049   2744   2856   2868   2869
17   1042   1048   1049   2573   2576
18     32   1045   1048   1218   1221
19     34   1220   1658   2451   3006   3007
21   1042   1045   2625   2744   2746
22     33   1214   1220   1221
23   3844   3852   3853   4154   4157   4160
27   3260   3267   3921   3925   4160   4174   4176
28     84     85   3259   3270   3271
29   3256   3259   3260   3844   3847
30   3104   3265   3271   3925   3928
31   2578   2584   3067   3100   3101
32     85     93   2580   3098   3101   3104
33     93     84   3847   3851   3852
34   2578   2580   2583   3851   3853
36   2583   2584   4157   4171   4173
37   2574   2659   2664   2898   2900   2902
38    101    102   2571   2573   2574
39   2001   2414   2853   3796   3799
40   2023   2413   3796   3819   3821
42    102    111   2856   3799   3819   3820
43   2413   2414   2662   2902   3182   3184
44   1172   1718   2028   3820   3821
45    111    101   1172   2900   3029   3030
47   1486   1492   2615   2619   2770   2771
48   2380   2770   2813   2837   2838
49   1491   1492   1547   1549
51   2394   2458   2459   2781   2783
54   1547   2392   2459   3946   3947   3950
56   1729   2420   2458   3947   3949
57   1549   2619   2790   3950   3952
58   1853   2602   2604   2649   2652
60   2420   2427   2780   2781   2784
61   1729   1853   1855   2427   2429
62   2429   2602   2784   2816   2836   2837
63   1486   1491   2377   2380   2392   2394
67    177   1410   2077   2579   2580
68   1307   2641   3102   3104
69     85    181   1307   3020   3021   3024
70   2638   2641   2644   3024   3026
71    177    189     17    181     93
73    189   1410   1584   2702   2704   2705
75   2638   2642   3098   3099   3102
76   2523   2524   2579   3099   3101
77   2523   2642   2644   2718   2721   2724
78   2705   2723   2724   3020   3023   3026
81   2077   2524   2704   2720   2721
82   2583   2942   3142   3158   3159
83   1716   1718   3035   3037
84    218   3035   3036   3153   3156   3159
85   3139   3141   3142   4155   4157
86   2584   2942   3028   3030   3036   3037
87    224    225   4155   4172   4173
88    229    224   3164   3167
89   3028   3167   3179   3180   4171   4172
90    218    231   1716   3164   3180   3181
91    229    231    225   3141   3155   3156
92    232   1242   3245   3254   3255
93    232   2399   2401   3162   3164   3165
94   1242   1290   3165   3168
95    246    247   1923   1925
96    224   1293   1294   1554   1923   1924
97   1924   1925   2774   2776
100   1289   1294   3162   3167   3168
101    246   1289   1290   1293   3249   3252   3255
102   2401   2740   3241   3243   3245
103    247   2775   2776   3243   3251   3252
104    229   1554   2399   2740   2774   2775
107   1856   2649   2658   2663   2664
108    272    273    947   1853   1856   1859
109    273    886   1153   1780   1781
110    886   1859   2543   2602   2603
111    284   1540   1998   2001   2004
112    292    293   1920   2002   2004
114    295    272   1153   2451   2479   2480
115    295    947   2654   2655   2658
119    303   1920   2495   2540   2603   2604
121   1779   1780   1989   2478   2480
122    292    303   1784   1988   1989
123   1779   1781   1784   2540   2543
124    284    293   1988   2454   2478   2479
125   1998   2002   2495   2652   2662   2663
126    313   1079   1086   1109   1802   1803
127   1800   1803   1806   3781   3788   3789
128   1086   2513   3846   3855   3856
129   1109   2024   2412   2413   2416
130   1806   2027   3818   3821   3824
131   2412   3794   3796   3798   3849   3854   3855
133   3786   3789   3792   3798   3822   3824
134    313   2416   3846   3849
135   1932   2108   2210   2716   4187   4189
136   2210   2843   3282   3981   3995   3997
139   3273   3280   3476   4116   4119
141   2405   2411   4181   4188   4189
143   3169   3173   3476   4181   4184
145    363   3169   3176   3280   3984   3998   4000
146   2405   2409   3173   3176
148   1932   1935   3978   3981   3984
149    363   1935   2108   2409   2411
150   4116   4124   4125   4184   4187   4188
151   2578   2579   2942   3080   3083   3084
152   1172   2298   3034   3037   3040
154   3028   3029   3067   3070
155   2192   2196   2900   3070   3099   3100
156    101   2133   2196   2232   2526   2527
159    111   2133   2297   2298
160    892   2178   2318   2424   2425
161    382   2425   3144   3147   3154   3155
162    389    390    382    892    895
163    391   1081   3781   3784
164    395    398    391    895   2178   2180
165    389    395   1079   1081   1083
166    390   1083   2513   3139   3144   3145
167   2331   2424   3146   3147   3150
169    398   2332   3150   3151   3777   3783   3784
171   2180   2318   2331   2332
173   1432   2352   2434   2435   3373   3397   3399
174   1920   2324   3372   3394   3396
176    419    303   3370   3372   3373
178    419   2352   2538   2540   2542
179   2435   2542   2839   2841
180   1432   2326   2618   2771   2772
181   2434   2772   2835   2838   2841
182   2325   2878   2880   3394   3395
183    433   2549   2874   2877   2880
184    438    433   2322   2325   2328
185    438   2440   2444   2549   2564   2565
186   2443   2565   2743   2744   2747
187   2564   2747   2760   2875   2877
188    998   2625   2680   3397   3398
191    998   1045   2326   2328   2444   2446
192   1528   1729   3050   3053   3056
193   2270   2329   2333   3150   3152
194   2456   3266   3925   3947   3948
195   1307   1308   2333   3269   3271
199   1308   2270   2641   3050   3051   3054
200   3054   3056   3102   3928   3948   3949
201   2714   2717   2748   2760   2762
202   2690   2711   2714   4122   4125   4128
203   2832   2834   2877   2908   2909
204   2208   2843   2845   2907   2909
205   2566   2829   4126   4128
207   2562   2566   2690   2747   2748
210   2196   2199   2574   2577
211    486    487   1048   1621   2445   2446
212    102   1049   2130   2133   2442   2443
213   1617   1618   2130   2232   2233
214   1615   1618   1621   2470   2473   2476
215    487    496   2474   2476
216   2233   2473   2525   2527
217    501    496    486   2571   2576   2577
219    501   2199   2470   2474   2525   2526
223   1301   2696   3375   3395   3396
224   1760   2696   2866   2878   2879
226   1301   1760   1762   3260   3263
227    292   3256   3262   3263   3372   3375
228   1762   2863   2866   3842   3844   3846
230    524   2002   2324   2325   2416   2417
231    313    524   2863   2879   2880
234    526   2004   2417   3842   3847   3849
235    293    526   3259   3262
240    537   1153   3449   3479   3480
241   1780   1782   3479   3784   3787   3788
243    544   3446   3480   3787   3789
244   1081   1692   1694   1801   1803
246    391   1693   1694   1781   1782
248    553    554   3446   3449
249    554    273    537   2044   2045   2048
250    544    553   1806   2048   2049
251    886   1692   1693   2045   2046
253   2039   2040   2054   2286   2287
254   1841   1842   2054   2307   2472   2473
255   1842   2043   2233   3106   3107
257   2472   2521   2525   2719   2721
258   1648   1649   2286   2704   2707
261   1293   1510   1843   1844
262   1289   1292   1507   1510   1513
263    438    584   1243   1290   1292
264    584   1513   1619   2444   2445
265    588   2808   3250   3252
266   1243   2549   2832   3253   3255
267   2119   2568   2808   2829   2830
268    588    246   1617   1843   1845   2118   2119
269   1507   1615   1619   1844   1845
270   2126   2873   3798   3801
271   2714   2799   2800   2871   2873
272    596   2690   2871   3801   3822   3823
273    544    597   3823   3824
274    596    597   3446   4118   4127   4128
275   1525   1528   2426   2427   2430
276    537    272   1706   1708
277   1859   2045   2426   2429   2432
279    612   1261   2950   3125   3127
280    947   1707   1708   3121   3122   3125
281   1855   1856   3056   3122   3124
284    623    612    624   2048   2050
285    625   2044   2050   2430   2432
286    623    625   1525   2950   3052   3053
287    624    554   1261   1706   1707
289   1355   2419   2425   2777   2781   2782
290    382    629   1355   1557   1558
291    632    629   3141   3144
294    636   1525   3149   3154   3156
295    231    636   2399   2430   2431
296    632    225   1553   1554   1557
297    641   2142   2173   2396   2397
298    642   2142   2679   3376   3398   3399
299    641    642   2284   2708   2722   2723
300   2679   2702   2707   2708   2763   2765
301   1301   2055   2056   2176   2395   2396
302   2051   2055   2287   2696   2764   2765
303   2173   2176   3370   3375   3376
304   2278   2283   2284   2395   2397
305   2270   2407   3173   3187   3188
306   2333   2335   2478   3185   3188   3191
307   3783   3791   4182   4185
309   1785   1989   2329   2332   2335
310   2480   3190   3191   3475   3476   3479
311   2407   3151   3152   4179   4181   4182
313    398   1779   1782   1785
314   1021   2046   2401   2431   2432
315    669   1716   2027   2028   2049   2050
316   1112   2024   3165   3183   3184
319    232   1021   1112   1801   1802
320    669    218    636    625
322   3142   3145   3850   3853   3856
323   1083   1086   2863   2911   2912
326   1761   1762   4158   4160
327   1761   1809   2866   2910   2911
328    629    390   1808   2910   2912
329    632   1808   1809   4154   4155   4158
331   1292   2621   2790   2905   3168   3182   3183
332   1512   1513   2619   2621
333   1294   1510   1552   4170   4172   4175
334    690    389   2756   2906   2909   2912
335   1557   1559   1807   1808   1811
336   1807   1813   2906   2907   2910
338    890    892   1355   3980   3995   3996
339    700   1558   1559   3980   3981
341   2558   2756   2845   3282   3284
342    690    890    895   2557   2558
343    700   1811   1813   2208   2210
345   2557   3284   3996   3997
348   1846   2433   2439   2815   2840   2841
349   2545   2839   2840   3241   3246   3248
350   2805   2815   3246   3250   3251
351   1697   2756   2834   3248   3253   3254
352   2439   3275   4114   4119   4121
353   1697   2542   2545   2556   2558
354   1846   2805   2830   4121   4126   4127
355    433    524   1109   1112   1242   1243
358    584   2328   2615   2618   2621
360   1263   1710   1846   1847   1850
361   1220   1711   1850   2437   2439
362   1260   1263   1602   1605
363     33    736    737   1260   1710   1711
364    736   1221   1431   1487   2770   2772
365    737   1487   1602   2378   2380
369   1605   1847   2378   2811   2813   2815
372   1410   1476   1649   2798   2800
373   3083   3157   3159   4182   4191   4192
376    177   1476   2126   3850   3851   3854
378    189   1476   2867   2870   2873
380   1595   2286   2759   2762   2765
382    760   1586   2705   2708
384   1595   1648   2717   2798   2799
386    760   2628   2679   2680
387    597    553    624   1333   1336   1339
388    596   1336   2117   2566   2568
389    766   1333   1337   2117   2119
390    767   1256   1261   1263   1337   1339
391    766    767   1847   2805   2808
393   1705   1706   1850   3449   4118   4121
395   2785   2811   2816   3243   3246
397   2381   2779   2782   2783
398    774   1631   1635   2773   2776   2779
399    775    767   1605   1635   1636
400    774    247    588    766    775
401    776   2644   3112   3115   3116
402    782    776   2281   2722   2724
403   2192   2199   2642   3116   3119
404    785    501   3112   3118   3119
405    782    786   3115   3118
406    786    785   2278   2281   2474   2475
407   2308   2470   2472   2475
408   1194   1760   1761   2055   2057
409   1194   1550   4158   4175   4176
411   1546   1547   1550   1980   2056   2057
412   2176   2462   3263   3266   3267
414   1980   2391   2392   2395
417   1612   2106   2110   2411   2950   2953
418    623    669   1612   3034   3035   3038
420   1591   1595   1813   2038   2039
422    921   2051   2054   2057
423    921   1194   1807   1809   2038   2040
424   1934   2041   2111   3105   3107   3110
425    774   1922   1925   1934   1937
426   1839   1843   1922   1923   2041   2043
427   1333   1614   2296   3038   3040
428   2117   2118   2130   2296   2297
429   1618   1839   1842   1845
430    775   1337   1614   1937   2110   2111
432   2638   3054   3116   3123   3124
434   2577   2658   2659   3119   3122   3123
436   1553   1559   1922   1924   1927
437   1811   1927   2037   2038   2041
439    921   1550   1552   1839   1841   1844
440   1490   1492   1512   1619   1621
441   1490   1491   1980   2283   2475   2476
444   1336   2296   2298   3818   3820   3823
445   1988   2335   3262   3269   3270
446   1308   3024   3186   3188
447    284    526     84    181     16
449    776    825   3026   3176   3186   3187
450    825   2409   2953   3115   3126   3127
454   2173   2177   2182   2318   2461   2462
456   1634   2777   2779   3978   3980   3983
458    835   1634   2381   2391   2394   2397
460   2142   2181   2182   3994   3996   3999
461    641    835   3983   3998   3999
462    839   1635   1637   1930   1935   1937
463    700   1927   1930   1932   1934
466    839    843   3983   3984
467    843   1631   1634   1637
468    844    487   1486   1487   1490
469     32    486    844    736
470    998   1218   1431   1432
473   2181   2183   2352   2556   2557
474    419   1784   1785   2177   2180   2183
475    395    690   1691   1694   1697
477   1021   1691   1692   3245   3248
478   2182   2183   3373   3376
479    786    849    850   1602   1636   1637
480    850    737    844    496    785
481    835    843    849   2281   2284
482    760    642   1660   3277   3999   4000
483   3006   3189   3190   3277   3280
484    363    839    849    782    825
485    850   1256   1260   3118   3125   3126
486     34    295   1705   1708   1711
488   1658   2437   3273   3275   3277
489    612   1339   1612   1614
491   1507   1512   1546   1549   1552
492   1528   2419   2420   3147   3149
493   1691   1693   2538   2543   2545
494    890   2177   2178   2181
495   2118   2442   2562   2565   2568
496   1591   2762   2875   2907   2908
497   1841   2037   2040   2043
501   1546   3950   3951   4174   4175
503   2322   2326   3393   3394   3397
506   1800   1801   2044   2046   2049
508   1042   2440   2443   2446
510   2798   3077   3084   4190   4192
511   2110   3038   3109   3110
512   1079   2513   3777   3780   3781
515   1800   1802   2023   2024   2027
516   1648   2037   2039   3077   3107   3108
518   1615   1617   2440   2442   2445
521   1718   3030   3179   3181
523   2001   2654   2657   2662   2664
524   1214   1431   2433   2434   2437
525   2287   2307   2707   2719   2720
527   1256   1705   1707   1710
531   1553   1558   2773   2774   2777
533   1855   2649   2788   3946   3949   3952
536   1649   2077   3077   3080
539   2126   2800   3792   4185   4190   4191
541   3051   3053   3146   3149   3152
542   2023   2028   3178   3181   3184
544   1591   2208   2711   2716   2717
545   1631   1636   2377   2378   2381
547   2051   2056   2283   2307   2308
548   2716   2843   4123   4125
552   2106   3110   3111   4186   4189   4192
553   3780   3791   3792   3854   3856
554   2329   2331   2461   3265   3266   3269
555   2322   2324   2495   2617   2618
556   1930   2106   2108   2111
558   1998   2412   2414   2417
559   3067   3927   4170   4171   4174
562   2521   2524   2527   3080   3106   3108
564   2232   2297   3040   3105   3106   3109
565   2405   2407   2953   3051   3052
566   3145   3157   3158   3780   3783
567   2391   2396   2456   2459   2462
568   2192   2521   2523   2526
571   2426   2431   2740   2784   2785
572   2278   2308   2718   2719   2722
573   2419   2424   2456   2458   2461
574   2377   2780   2783   2813   2816
575   2433   2435   2556   3275   3283   3284
576   2604   2617   2771   2836   2838
577   2479   3007   3189   3191
578   2615   2617   2652   2788   2790
580   2538   2603   2835   2836   2839
581   2562   2564   2828   2829   2832
582   2571   2654   2656   2659
583   2763   2764   3393   3395   3398
584   2680   2743   2746   2759   2760   2763
585   2663   2788   2902   2905
586   2743   2748   2867   2868   2871
587   2759   2764   2874   2875   2878
588   2702   2718   2720   2723
589   2711   2799   4186   4187   4190
590   2898   2905   3070   3927   3951   3952
591   2773   2775   2780   2782   2785
592   2828   2834   2845   4122   4123   4126
593   2828   2830   3249   3250   3253
594   2811   2835   2837   2840
595   3282   3283   4119   4123   4124
596   2867   2869   3794   3799   3801
597   2874   2879   2906   2908   2911
599   2898   3029   3178   3179   3182
600   3020   3022   3185   3186   3189
602   3034   3036   3083   3109   3111
603   3050   3052   3121   3124   3127
609   3098   3100   3921   3927   3928
610   3084   3105   3108   3111
612   3112   3121   3123   3126
613   3146   3151   3153   3154   3157
614   3139   3153   3155   3158
615   3162   3178   3180   3183
616   3169   3185   3187   3190
620   3241   3249   3251   3254
621   3256   3265   3267   3270
622   3273   3283   3994   3997   4000
628   3370   3393   3396   3399
630   3475   3786   3787   4179   4184   4185
631   3475   3480   4114   4116   4118
652   3777   3786   3788   3791
653   3794   3818   3819   3822
656   3842   3850   3852   3855
661   3921   3946   3948   3951
663   3978   3994   3995   3998
671   4114   4122   4124   4127
673   4154   4170   4173   4176
674   4179   4186   4188   4191
cells 64
0      0      3      4      5      7     10     11     13     15     16     17     18     19     21     22
1     23     27     28     29     30     31     32     33     34     36    559    609    621    673
2     37      5     38     39     40     42     43     44     45    521    523    542    582    599
3     47     48     49     51     54     56     57     58     60     61     62     63    533    574    576    578
4     32     67     68     69     70     11     71     73     75     76     77     78     81    588
5     82     83     84     85     86     36     87     88     89     90     91    521    614
6     92     93     94     95     96     97     88    100    101    102    103    104    620
7    107    108     58    109    110    111    112    114    115    119    121    122    123    124      0    125    523
8    126    127    128    129    130    131     40    133    134    512    515    553    652    653
9    135    136    139    141    143    145    146    148    149    150    548    595    622    663
10    151    152     86     45    154     76    155    156     31    159    562    564    568    602    610
11    160    161    162    163    164    165    166    167    169    171    512    566    613    614
12    173    174    176    178    179    119    180    181    503    555    576    580    628
13    182    183    184    185     21    186    187    188    191    503    508    583    584    587
14    167    192    193    194     56    195     30    199    200     68    492    541    554    573
15    201    202    203    204    205    187    207    496    544    548    581    592
16     17    210     38    211    212    213    214    215    156    216    217    219    508    518
17    182    223    174    224    226    227     29    228    230    231    112    134    234    235
18    240    241    163    243    127    244    246    109    248    249    250    251    506
19    253    254    255    216    257    258     81    497    516    525    536    562
20    261    262    263    264    185    265    266    267    268    269    101    495    518    581    593
21    270    271    243    272    202    133    273    150    274    539    589    630    631    671    674
22    275     61    276    249    108    277    279    280    281    284    285    286    192    287    603
23    289    104    290    291    275    294     91    295    296    161     60    492    531    571    591
24    297    298    299    223    300    301    302    303    304    525    547    572    583    588    628
25    121    241    305    169    193    306    307    143    309    310    311    313    616    630    652
26    314    285    315    316     93    319    320    295     90    506    515    542    615
27     85    322     23    228    128    323    326    327    328    329    166    291    656
28    331    154     57    332    333    100     89    262    491    501    559    590    599    615
29    162    334    328    290    335    336    338    339    341    342    343    204    136    345
30    348    349    350    351    179    352    353    341    354    575    592    593    595    620    671
31    129    355    125    331    230    184     43    316     94    358    263    555    558    578    585
32    360    361    362    363    364    365    348     48     22    369    181    524    594
33    322     82    372    307    373    376     34     67    151    510    536    539    553    566
34    372     73    378    380    271     10    258    382    384    201    386    300    584    586
35    387    388    389    390    391    360    267    393    274    205    354    287    248    527
36    395    103    391    369    265    350    397    398    399    400    545    574    591
37     77    401    402    403    404    405    406    257    219    407    568    572
38    408    326    409    411    412    226    414    194     27     54    301    501    567    661
39    311    417    286    373    418    141    294     84    320    511    541    552    565    602    613    674
40    224    336    380    253    302    408    420    422    423    327    496    587    597
41    424    425    426     95    427    428    213    255    429    430    389    400    268    511    564
42    155     37    432    210     75    403    107    200    281    434    533    585    590    609    661
43    436    437    335    439    261    426    423    333    409    296     87     96    329    497    673
44    429    439    269    440    422    254    411    441    214     49    407    491    547
45    428    212    388    272    444    159     42    207     16    186    495    586    596    653
46    445    195     28     69    446      4    235    124    447    306    577    600
47    401    432    199    305    446     70    449    450    146    565    603    612
48    454     51    297    289    160    456    397    458    338    460    461    494    567    573    663
49    456    398    462    148    463    339    425     97    436    466    467    531
50    468    440    211    191    358    364     47     18    469    264    470    332    180
51    353    178    473    474    246    475    123    164    342    313    493    494
52    351    334    266    355    475    231    323    126     92    244    203    183    319    477    165    597
53    445    227    122    474    309    412    171    454    478    303    176    554    621
54    270      3    378    447     71    376     33    111     39    131    234    558    596    656
55    424    384    135    437    420    343    463    510    516    544    552    556    589    610
56    441    406    479    480    468    215    365    414    304    458     63    481    467    545
57    482    483    466    299    382    449     13    402     78    461    145    484    481    600    616
58      7    280    434    363    480    485    404    469    217    486    115    527    582    612
59    477    314    102    277     62    251    349    395    110    493    571    580    594
60    139    483    393    488    352    361    276    240    114    486     19    310    577    631
61     15    482    478    473    460    488    345    470    173    298    188    386    524    575    622
62    387    489    427    130     44    418    315     83    444    273    284    152    250
63    149    484    450    390    489    279    362    485    417    479    405    462    430    399    556
