vertices 383
     0 0.94872193891022 0.02519448000527 1.02803173896818
     2 1.33585294574449 0.19940320103802 1.56125191207801
     8 0.83711944812896 3.91493563711481 1.03011467456547
    11 0.19929162916788 0.31347808587285 1.02039223483687
    14 0.79787447659700 3.72777184898960 2.12125712170425
    16 0.24117767749666 0.30704186072468 2.28099658045255
    18 1.08740037467441 0.65577481945075 1.88903429308212
    36 3.84649055239934 0.25403009963858 1.66629134653119
    37 0.43338556467680 0.77800866485045 1.98755536040246
    41 0.18466417480927 0.44642728993929 2.23076750164196
    47 1.38093706714314 3.46901758778698 0.53269607214599
    52 1.60318065431996 0.36483547339896 0.16607384446214
    58 1.79762426915756 3.88283966721230 0.84078854901407
    59 1.47356067313228 3.87571959194370 0.66362058478771
    61 1.82406214283137 2.98428212423723 0.04893971218069
    69 0.98180859878770 3.05499695560272 2.65154522497136
    72 0.87947523053846 3.26098953802222 2.64751013599954
    76 1.10511053272165 3.78963987235311 2.88719657745257
    98 3.03580467266171 0.34576503228900 3.30719490341458
   115 0.98973316251784 3.39081719279086 0.69728329404252
   119 0.73131644044717 0.59826417155471 0.05582102526736
   134 2.56042008500991 2.83682197227644 3.18539526241039
   136 2.59936715122099 2.49447505985823 3.34513701821558
   139 1.59470881351501 2.30387489287299 3.04463405356482
   140 2.34996298738185 2.33940810230632 3.06166684284042
   143 1.95275287883531 2.09372523752273 3.17266128616303
   147 2.47781681654593 2.50637807736674 3.85654631535737
   149 2.59838853984956 2.70909936502591 2.21791105435529
   152 3.36122465349972 2.82393750697402 2.97709874562602
   156 2.58755757291405 2.25511885496113 2.19178141972204
   157 3.42362214750573 2.28941269044780 3.05628392777557
   163 3.51057602395380 2.42671920073747 2.72099611067710
   169 1.85856144374324 1.29325691880603 2.16307617629282
   171 1.26571828971354 1.07271121254667 2.14846045774947
   174 2.24786411202143 0.83354693052825 1.47017424411318
   177 2.20846939662497 0.39866100817960 1.40845208119517
   180 2.00872772250974 0.37117457217634 1.28457610377612
   185 1.79789444362479 0.11054152250491 1.39552567958488
   191 1.36956006831591 1.21754489296739 2.05047436971241
   195 1.18002719544547 2.39146277898822 1.97106165427157
   198 2.39628906043545 3.02594236517589 1.23540828703431
   199 2.41376412175525 3.16105173932714 1.57422890049380
   214 3.75388575093368 2.07047620240038 0.34559503544183
   215 0.15479831618692 1.47463198944527 3.95140753524589
   220 0.46332264816497 1.40825393983007 3.99425280933651
   230 2.68791420752884 1.80783186379168 0.14914477168647
   231 2.21973489080631 2.09668686892078 1.18913732883834
   235 2.09002523090669 1.39070449057274 0.79867193779581
   236 2.49198744581476 2.34141596308346 0.90622041024596
   240 1.94975675822741 1.78881126114639 1.08691963804893
   241 2.52166324812390 2.14368432301359 0.99974925785385
   243 2.54193830252992 2.28944201810325 0.12706782712781
   254 2.94665190330231 0.87663726458501 1.15608634859682
   260 2.76230011128699 3.24434161542136 1.59666762801869
   261 2.99461854939746 3.09686671865744 1.85239057490826
   264 3.11079516560037 3.46905659308736 2.08564316682362
   277 1.51601748499238 1.02642073690479 0.33961564441110
   284 0.40336596334265 2.46688597835389 1.80001299787226
   288 0.17941569551708 0.40881106053666 2.86060584369915
   290 3.84611697752736 0.18238035620572 2.89664827397285
   291 0.01355111027827 3.29951381478917 3.16061753303954
   292 0.91905662965386 0.19214427073709 2.88480988066825
   295 0.07071407112123 0.40542344832824 2.69519614301830
   300 2.77865712353963 0.12253115397738 0.59923087960638
   310 1.02106543940185 1.55895237239557 2.14959636463079
   311 0.98608352746088 2.19545157053466 2.03759356756300
   315 1.08815310369978 1.86500267657972 2.33411449862440
   332 2.96996399982195 3.43228325982711 2.45949709750540
   336 3.90099668965702 2.30485116697103 2.53062191283782
   339 0.80197128121213 2.43907594618399 2.06507305192054
   343 1.93362514101699 1.83607501606548 2.96152119144230
   346 1.13857922154348 1.92737191866986 3.06577385003324
   347 1.54257509268636 2.05259944703232 2.94080034204276
   354 0.88641706699277 1.82878541264854 2.69303105698830
   356 2.67423392287149 2.41517707859251 0.02973429269460
   358 3.59721826708614 0.84253950770296 0.49528607854514
   364 0.04436713753798 0.28532246007762 0.86258725910528
   365 3.62699563177792 0.79236178276828 0.06335766073068
   376 3.00697811845891 2.05983373274069 1.32808577562904
   380 3.48349709157648 2.46708862738361 0.07481779582604
   394 0.18215529426335 1.12223079648938 2.85451194957687
   396 0.01922737229898 0.53850391642430 2.62803915097947
   399 0.14215100972780 1.50344386807027 2.66949478910951
   403 0.16354237798602 2.00111818344848 2.83872197984315
   405 3.96842515776661 1.99444531080485 3.18656752910842
   406 0.20930613131105 1.05490853158059 3.65039497943689
   408 0.32388028509528 0.97682631227165 3.11534743839036
   410 0.45424112851837 1.08412842502755 3.73075099088826
   413 3.11756852105490 3.51334278318484 3.89745410767549
   422 3.69592514528044 1.18530343721093 3.94745732614328
   425 0.02339903192419 1.28552245796639 3.73783928553429
   429 2.91013249845165 0.06302634253892 2.93810448148551
   432 2.13712844474893 1.17634424396991 3.09887757252676
   436 2.05011574452510 1.27287674466886 1.84194250919037
   439 2.69143011852999 1.64173984703122 0.54809573665107
   440 3.30969542866723 1.40521787552859 0.76950312547343
   447 3.46358679866970 3.35814917427781 3.87646881454118
   457 1.49420765643189 0.74642718714882 2.51985384714759
   460 2.40377071345271 3.63110430102514 0.41840273068860
   473 3.46840683426184 0.30759110788642 1.65509150793578
   481 2.28389734690172 2.09258617710672 1.89890695151185
   488 0.05879164744653 3.85689789556808 2.01311318596294
   489 0.20010843405258 3.68847492845171 1.95867497205695
   500 2.12684892310887 2.22353289874497 1.16873795621609
   502 2.23482089413408 2.41128700736636 1.01504252012885
   510 2.24614831807545 2.88591995628138 1.86609246337089
   513 3.99272813955440 3.13262370386607 0.47483561287436
   519 0.15919367129435 3.05905383906295 2.56239484871658
   524 1.45590781998744 1.16941864342437 1.54168097768854
   529 1.45872494712367 2.84483889042619 3.00922594813691
   538 2.78190791982032 3.34006808078157 0.12648566032607
   544 0.17650617725679 0.78614410443243 1.66157033514326
   545 3.89310661600888 0.47521237524099 1.80097083490283
   553 2.90293075366718 2.79603970861558 2.18435462311188
   557 0.78779326771329 1.51565520232867 2.64341355464094
   559 0.33716741987838 1.37886467590387 2.62169933233908
   568 2.89175181638663 3.03640441926471 2.51374146164537
   569 3.11533844604616 3.02841168941018 2.91836731331000
   571 2.92041145484515 3.83707072764087 0.56027115369845
   573 1.43162740060194 0.57943391031221 0.12040344897601
   581 0.51020511844074 2.52815798603485 2.50599289840414
   582 0.56122857457868 2.15775491584637 2.81502824474829
   587 2.92986384890663 1.81201292593148 0.01412216317051
   605 0.73302090841203 3.34336879067493 0.39054796719783
   611 3.50214858726606 0.55820302120429 1.80485262157850
   625 0.95410234312241 3.03638487725232 0.95947496825050
   629 3.27279690352474 0.67859207018196 2.69556541557808
   630 3.16913126498671 0.32671506477667 3.00010497207066
   635 3.15763775918090 3.14135195031566 2.96366003035485
   636 3.16330006481868 3.48377369280602 2.70047353852813
   640 1.89688379793429 1.48627273862668 3.32746472169368
   645 1.33224437742061 0.07055045778363 1.78396803105491
   647 2.80235396396208 0.08130757093073 3.18006367628039
   648 2.82801017513565 3.52616738453470 3.48450581045020
   649 2.96082466664253 2.31272805593668 3.36836506939263
   650 2.95655860316238 2.25247933750226 3.89063631097126
   658 0.52984997783450 0.21012364595746 0.87237767080437
   660 3.63228555266049 2.62235738826851 0.66189849281954
   662 3.93707080214748 2.96560576545061 0.73976064854891
   663 0.01641872806493 1.26453391567182 2.87536278566137
   667 0.75153199173425 2.28796842330993 3.18490789647477
   668 3.84928025490394 3.23219661528514 2.86926578387873
   669 3.68243263253654 3.57188790191105 2.63674859363882
   673 3.24178186866790 1.31212970540214 3.47408414183865
   674 3.85881827350329 1.45169794099638 3.30247409611005
   678 0.56826929217876 3.06244258804026 0.39747417574680
   681 0.35109247389587 0.71211168029560 1.18098768710729
   691 2.36340698495861 1.95517232160830 1.72735688127407
   692 2.79501052625105 1.92371665162881 1.74157270140916
   695 0.90996943704465 1.42103882726077 2.24703894908037
   696 0.46245125361749 1.28266800617401 2.17919120233942
   698 1.61326726908855 2.73989468012827 2.87912163580695
   701 1.95380775169851 0.88132879683162 3.05843865132419
   711 2.67251294654333 3.54905859019754 0.47979083849667
   717 1.78247605324749 1.20831572420637 1.49466079513598
   718 1.96557597445686 0.99517570569548 1.32800415998247
   723 2.05196839354496 2.40313751482085 1.69858478886804
   724 1.48021728594962 2.40860163230485 2.10533779446723
   725 2.95721106121162 2.75773214864886 0.29983860983522
   726 3.46173667919898 2.66831210082388 0.22016860463212
   735 3.70385742374849 3.09309313361427 3.41432428450846
   736 3.46577461063965 3.01530862246513 3.03776288479356
   737 3.82974145182631 1.66312506025281 2.22818989326954
   738 0.12424368950110 1.49987232040674 1.85012215471190
   739 1.91034522247313 0.77597539855593 2.59683178986549
   740 2.07346959941406 0.98787099365870 2.46434636394700
   758 2.20859129488248 0.14196494620293 1.71659320845569
   760 3.34501537180405 2.49126873272100 3.20482859313748
   761 3.73804989412597 2.56988128042239 3.64924793070234
   762 0.23024810961999 1.89767918461466 3.93780990872424
   764 0.16832134892599 2.17808339476905 3.55627446527922
   777 3.31695330094757 0.28430460303888 3.74861662069167
   780 1.82981668988947 0.88935095356205 1.25690436633267
   783 1.74030589593612 3.90371438952537 1.83048889610231
   784 1.90559321038253 3.93989064472587 1.64226781176937
   791 1.93146087751878 3.15143044423862 2.18147513834750
   792 1.51712271327950 2.79558280696759 2.35467746101658
   795 3.66280309541723 2.96130422893978 0.05783204703097
   796 3.82888257612463 2.80897824866518 3.67147045011663
   797 1.89596420092766 1.72206501606260 2.34374344350230
   798 1.49915787189311 1.98144799905723 2.42109974184551
   799 3.53914565858530 3.67703559887740 0.02361361131146
   800 3.26740149227001 3.76910574022908 0.02536473500383
   806 0.93015040652197 3.32633811939710 3.98905936430828
   816 0.57297987442909 1.96105185247202 3.99049635959279
   817 0.51730151382063 2.28837587607457 3.53166378630371
   819 0.17681360281545 2.58343699057011 2.40092182298065
   821 1.32560497144185 2.84386652030764 1.07360034658210
   822 0.60253083855238 3.06287220276859 2.77956655418139
   826 3.13318946293227 0.75192286180992 0.66373246586199
   837 2.93136572004685 0.55148303985561 0.30613841829728
   838 2.51277851021736 1.39369530301473 0.57094889164964
   839 3.02337791491560 1.03676134361009 0.80343133706647
   842 1.12407119844885 3.95918706344212 3.49676413110085
   844 0.97180796050617 3.90878453973715 3.08205290363184
   847 3.82254602303210 2.24537063198110 0.71978079229687
   854 0.42895742581580 3.20173086878806 3.18300167618607
   862 1.77908550703214 3.30975549608266 3.38414825977590
   866 1.61005568507382 1.48356323680893 0.13152849974139
   869 3.74653771697645 0.26989215328474 3.69664240817438
   870 3.89997258186866 0.57408953848113 3.91825104038175
   871 3.84473941822305 3.63023080408659 0.48119747995637
   874 0.69665278893562 2.90641713371815 2.76617506002903
   877 3.87806262952783 3.99902394372580 3.79758184896152
   881 2.35207326866896 1.30222818121084 0.30950912117038
   882 2.78461935859131 3.82584512779942 1.67529832486563
   883 2.93895329479753 3.87134317882537 1.89345988814566
   884 1.94866928959988 1.28684708403493 0.47563112482796
   885 1.78159302446006 0.98264146202735 0.51678323947521
   890 3.20790339577566 1.18460736286258 1.56348279414477
   899 3.25375164257432 0.96225093744241 2.77633192463144
   900 3.03548402393707 1.12315992412631 3.34654914046414
   903 2.92946028159233 0.73532600200493 3.53163825362023
   904 3.21356820327292 0.56133251465787 3.90232034230633
   905 2.45731646761648 2.00357754358191 2.74779292335198
   907 0.88367852699982 1.75681029584134 0.25031344322737
   908 0.73312048924107 1.80008236800236 3.98509249178456
   909 1.76388361289215 3.44490668187660 1.84038294559999
   910 1.99545107243653 3.47723906743236 1.57267565137955
   911 2.61558761685780 1.11594984558412 3.49256987788849
   912 2.40626538735418 1.51042831490991 0.00109256159010
   913 2.23238090392701 1.27392918020287 2.84049825297860
   914 2.09898361975959 1.71555719595775 2.74734657677722
   915 3.33191166983668 1.12499662483667 1.69328420536653
   916 3.95844863004621 1.26491355836043 1.60445444051218
   917 3.99556392042432 3.44461257105918 2.09877105210100
   918 3.83637889936557 3.57824872466434 2.16898520810862
   920 1.16063378211415 0.63168589944441 1.61832377257336
   922 2.65303571474729 0.79425325649583 3.59514974779808
   923 2.54988583838733 0.73343639823466 0.09153804472843
   926 0.12603694759662 3.78046409044326 3.30158973028629
   927 3.96072051176959 0.18985327493721 3.04882186470559
   928 1.41507574910969 1.01853505214320 1.44713030601951
   933 2.28237539928717 0.38322607293322 2.26175221029543
   938 1.82408817742840 2.50306531408731 0.63221890433087
   941 0.78402095449255 3.73999341133966 3.66256464268832
   942 0.59171766444326 3.66314437103733 3.31704619223596
   946 2.30194352929043 1.02801610432290 1.84251799494833
   948 3.00246988496811 1.30533694804615 1.79978871160209
   949 3.25409161084775 2.93147493864089 1.67745774331926
   952 3.38688614856383 1.52945821907846 1.08653121893609
   954 3.90553087878117 3.13280026412057 1.81771209124456
   955 0.11256541742784 2.55366786251857 2.03075020388293
   957 0.87515654518988 0.08799406567281 2.26697830280997
   958 1.05532282630510 0.09231320572172 2.66508331206358
   959 1.28533839536655 3.38739994858574 3.99041627392771
   960 1.53783923273707 3.08465251385507 3.81551437380686
   966 2.33129684979365 0.83671330494701 2.24510875725033
   970 2.65234942082601 0.21712981823246 2.35752515450726
   971 2.61640941003070 0.04699696855952 2.57503767209333
   972 0.00870544529596 0.12189834450537 1.25314186599808
   977 1.45668558431154 0.47667631441022 3.73451740601590
   978 1.17541257887583 0.40673369320905 3.60925961674691
   980 2.08300562667857 0.32143391056484 2.45737804947714
   982 1.20711444417042 0.28908182941319 2.06793230960273
   983 1.42136209772970 0.32545542758903 2.38685828591694
   984 1.85448436071240 0.13475544893747 2.36879470818892
   989 3.83060098750949 0.09880683824490 1.05261904733155
   992 0.45685937964660 2.92445305361067 1.35969523794510
   995 3.12625773602177 3.79496158335892 0.95609003658417
   997 0.23934033560933 3.93644110730778 0.39642740124117
   998 0.25985397751414 0.13708888833075 0.53078626934708
  1000 0.29175731890227 2.31568726986718 0.87994808421856
  1001 0.37473961019173 2.74691890947797 0.90819856420274
  1002 0.25764731819940 0.07583046197716 0.15535424722251
  1003 0.27025813921864 0.23279037317557 0.21621247788904
  1007 2.81403518041145 1.83410267373943 2.81362788961507
  1010 0.25962093575455 3.63024091953431 1.59460618282965
  1011 0.08426441770055 3.26126071176596 1.50914803975963
  1012 3.21764212997274 2.27758526339819 1.33712921331892
  1015 3.74414173029495 3.26620333949494 1.10986662066684
  1016 3.66333080456289 3.71703500835623 0.89952157556129
  1018 3.08867856625706 0.67272706504682 2.39316792881879
  1019 3.05698941592998 2.01667027326728 3.16087324242277
  1020 3.05886498857565 1.44637962323764 3.47227705128841
  1021 2.91698013653282 1.22750900780776 3.34473084302494
  1022 2.74548481108152 1.34525225086032 2.88113383884597
  1023 2.20781940178971 0.11920282195003 2.65782046576249
  1026 0.66430220853334 2.81360756891412 0.72157490298850
  1028 3.75056988895431 2.15536932066881 2.24791276397359
  1030 3.04115362957899 1.12084474878440 2.54954150191210
  1032 3.23153562763734 1.46689465063675 2.23412337847445
  1036 3.86138343488632 2.29874203185182 1.97671945848455
  1037 3.30714726692616 2.50047705234723 1.79446901481793
  1038 2.95631448942044 0.96575186750523 2.35756938373542
  1039 3.12390940904081 1.25016832791774 1.95090500618253
  1040 3.68487182344242 1.99014984542734 1.10597249812137
  1043 1.00411173479611 3.67103855117869 1.83012706397670
  1047 2.71438624102706 3.06235552177372 1.09909650808508
  1048 0.73989214935394 3.59538406448734 1.47668676689735
  1049 0.82654423673316 3.10354320678724 1.32640286436880
  1050 3.18012213169481 2.98398595748280 1.33140983050291
  1051 2.90149632910636 3.17375664045288 1.29390002087094
  1057 1.64320365611277 3.59390942275718 3.04504516546838
  1059 1.97653766523233 3.88321227312469 2.60337692616506
  1060 3.14328488464362 2.65832657395526 1.09444851252001
  1061 2.85892525379660 2.70168261057690 0.94215005295303
  1071 1.26770326450451 2.56041555777938 3.64784808324015
  1073 1.18730207585205 1.71332093249329 3.28458051997547
  1091 0.66294107129572 0.67797182738028 1.10807725716095
  1096 0.69528978073211 0.33171624445766 0.88199888878559
  1097 0.92527180567646 0.65867704926818 0.35147712776775
  1098 1.71914279162356 3.18309761461328 3.12014336927140
  1100 1.29267683314279 2.56789525173995 3.25254770443752
  1101 0.81955770495118 2.52624772612145 3.22702363029449
  1105 1.66741736599347 1.46140952085067 3.42064461499067
  1106 1.60294186106796 0.93486984351339 3.24270060586170
  1109 1.71329454272384 3.63523576170532 3.32047033876185
  1113 0.71592895039051 2.88958669658229 3.89355409200980
  1115 0.80938421462410 2.64229145998333 3.81895890006717
  1120 1.39856697427658 3.84826847121412 3.60909347567732
  1121 1.60219740206849 0.29059351892251 3.78714099293452
  1122 0.49960374950538 2.80871170969896 3.59681607992093
  1123 0.63043309240355 2.59958318885818 3.55438271208286
  1124 0.70157797964654 1.02132313721676 3.23456705482604
  1125 1.06196954900442 0.66466153366308 3.16491040868311
  1127 1.26984742242346 0.87777912221264 3.02676890575183
  1128 0.97324859771756 1.24692749888173 3.05401647497399
  1131 1.44374757919461 1.98987454792329 0.35159835863694
  1133 2.31362459794689 2.36013860328340 3.97234384429940
  1134 1.89159024498268 2.50383092458622 0.14966989777778
  1135 2.05165198217180 1.64227072142342 3.84736420284929
  1136 1.69665205830803 1.46996552495784 0.24658377330800
  1137 1.94534465151155 2.02923449252763 3.77961186510894
  1138 1.65206840156485 2.21453494949504 3.97461511823662
  1140 2.36210148939174 2.76182253888762 2.94792343064899
  1141 2.52105020106538 2.90430577554923 2.53291392327088
  1142 0.62518558114150 1.24542817476481 0.85689587726213
  1143 0.71190180732618 1.31530777384614 0.41503378649468
  1145 1.91692562988876 2.96060817916643 2.90040470105144
  1146 2.08395646537926 3.20597075682941 2.48473379330611
  1147 0.94667977418466 1.01236891566615 0.52410326309584
  1148 0.81649340264050 1.03718737248730 0.89901135687257
  1164 3.07632920084550 1.97326068816644 2.35590223599741
  1166 2.88499659712609 2.16953753344130 2.12052218446620
  1167 3.37006703913331 2.27397819501461 2.36440169307771
  1168 3.12096926828810 2.44960965647550 2.11173070889966
  1169 2.02685848224817 0.15621960431846 0.71417861818852
  1170 2.34489659399658 0.06653131922715 0.49028252271051
  1172 2.18602258139161 0.36514484332324 0.18042509593918
  1173 1.91513462326320 0.44097482311855 0.35138513546363
  1174 0.00843771394381 1.41626465580204 1.31404516653613
  1176 0.22374403642026 1.13722096597086 1.00365100495871
  1177 3.56353663943786 1.56840940971945 1.03765205277714
  1205 2.89395980181691 0.26119469899025 1.03389235951951
  1206 3.05954840853130 0.48932712221441 1.03182438771497
  1212 3.04970169332130 0.09934842978549 1.15320166758060
  1213 3.25895024812601 0.26482414471577 1.18773529739873
  1229 0.88244553710750 1.82590831860026 1.78343170942412
  1238 0.75205562462038 1.69486654746298 1.09049884143783
  1239 1.07910003230268 1.71555219601613 1.38040898258927
  1332 1.52500674217809 2.15461770254907 0.67910675171897
  1333 1.77577789238066 2.01697102807125 1.04173686655225
  1335 1.41284820187393 2.11011785115721 1.21347709391527
  1336 1.38141379596238 2.34840599631010 0.90627479301255
  1337 1.27055022191723 3.23829732165372 1.85879931507204
  1339 1.11983068206406 2.95427345612195 1.54316547577674
  1345 1.16182239317799 2.96233532450037 2.31529218939220
  1346 1.01513819487595 2.58670699440224 2.00909273133948
  1352 1.91833746688263 3.50066630091368 0.77932058568924
  1354 1.98361746715890 3.24564505364596 1.12051810765491
  1355 1.65841135110988 3.28177189971522 0.61879093889642
  1356 1.65697310301416 2.97254485383251 0.91292784268296
  1377 2.12624559603598 3.96806506284477 3.45181003020183
  1378 2.04285243838044 0.23780661377632 3.63012726933744
  1385 2.23662579809413 0.43454387532375 3.36036665479806
  1386 2.31010964371024 0.19086944957156 3.21102113414206
  1395 3.51957837808064 1.61695847131113 0.36941291212486
  1396 3.74048630921935 1.35374027467510 0.22108839050479
  1400 3.48461269958769 1.43398076666577 0.69704457814600
  1401 3.69764876203188 1.19235548250604 0.54629076972374
  1437 0.26260270372902 1.83373024149591 1.43196057719680
  1439 0.28876202198546 1.84866595900903 1.55243566269694
  1440 0.19465378751125 1.96015823506540 1.40459441721081
  1441 0.22153741212298 2.00126346100883 1.56637476941674
  1450 2.30939684397973 3.11314135296864 3.81962524485602
  1451 2.47000068271494 3.36174574073732 3.93389221863248
  1455 2.30973121402149 3.21652814407120 3.58372451573090
  1456 2.44151740397381 3.43533782569696 3.65984999968595
  1458 0.81581574715357 1.86788228402270 0.87729799080281
  1459 1.03620214846303 2.20902737725470 0.63672889147721
  1460 0.66486673536491 2.19963327253211 0.61587532626570
  1461 0.80571066557445 2.36459278699952 0.56025332758118
edges 766
16      2      0
17      0      8
32     16     41
33     41     37
34     37     18
84     58     59
85     59     52
93     59     47
101     76     72
102     72     14
111     72     69
177    115     47
181     59      0
189    115      8
218    143    139
224    134    136
225    136    147
229    140    136
231    143    140
232    149    156
246    152    163
247    163    157
272    171    191
273    191    169
284    185      2
292    177    180
293    180    185
295    171     18
303    174    177
313    199    198
363    220    215
382    230    243
389    241    236
390    236    243
391    231    240
395    231    241
398    235    240
419    254    174
433    260    261
438    264    261
486     16    295
487    295    290
496    295    288
501    292    288
524    260    199
526     58    185
537    310    191
544    195    311
553    311    315
554    315    310
584    264    332
588    163    336
596    339    284
597    311    339
612    354    346
623    347    346
624    354    315
625    343    347
629    243    356
632    147    356
636    343    143
641    365    358
642    358    364
669    139    347
690    376    241
700    214    380
736     41    396
737    396    394
760     11    364
766    403    336
767    399    403
774    157    405
775    405    403
776    119    410
782    406    410
785    408    288
786    406    408
825    410    220
835    365    422
839    425    215
843    425    422
844    396    295
849    406    425
850    394    408
886    169    436
890    439    440
892    230    439
895    241    439
921    413    447
947    171    457
998     36    473
1021    156    481
1042    488    489
1045     36    488
1048     16    488
1049     14    489
1079    500    502
1081    231    500
1083    236    502
1086    198    502
1109    199    510
1112    149    510
1153    191    524
1172     69    529
1194    413    538
1214    544    545
1218     36    545
1220     37    544
1221     41    545
1242    149    553
1243    261    553
1256    557    559
1260    394    559
1261    354    557
1263    399    559
1289    568    569
1290    553    568
1292    332    568
1293    152    569
1294    134    569
1301    300    571
1307     52    573
1308    277    573
1333    581    582
1336    339    581
1337    403    582
1339    354    582
1355    230    587
1410    115    605
1431    545    611
1432    473    611
1476    115    625
1486    629    630
1487    396    629
1490    290    630
1491     98    630
1492    429    630
1507    635    636
1510    569    635
1512    429    636
1513    332    636
1525    343    640
1528    432    640
1540      2    645
1546    647    648
1547     98    647
1549    429    647
1550    413    648
1552    635    648
1553    649    650
1554    136    649
1557    356    650
1558    587    650
1559    380    650
1584      8    658
1586     11    658
1591    660    662
1595    513    662
1602    394    663
1605    399    663
1612    346    667
1614    582    667
1615    668    669
1617    519    668
1618    291    668
1619    636    669
1621    290    669
1631    673    674
1634    422    673
1635    405    674
1636    663    674
1637    425    674
1648    513    678
1649    605    678
1658    544    681
1660     11    681
1691    691    692
1692    481    691
1693    436    691
1694    231    691
1697    376    692
1705    695    696
1706    310    695
1707    557    695
1708    171    695
1710    559    696
1711     37    696
1716    139    698
1718    529    698
1729    432    701
1760    571    711
1761    538    711
1762    460    711
1779    717    718
1780    524    717
1781    436    717
1782    240    717
1784    174    718
1785    235    718
1800    723    724
1801    481    723
1802    510    723
1803    500    723
1806    195    724
1807    725    726
1808    356    725
1809    538    725
1811    380    726
1813    660    726
1839    735    736
1841    447    735
1842    291    735
1843    152    736
1844    635    736
1845    668    736
1846    737    738
1847    399    737
1850    696    738
1853    739    740
1855    701    739
1856    457    739
1859    169    740
1920    177    758
1922    760    761
1923    152    760
1924    649    760
1925    157    760
1927    380    761
1930    762    764
1932    214    762
1934    761    764
1935    215    762
1937    405    764
1980     98    777
1988    180    780
1989    718    780
1998    783    784
2001    645    783
2002    758    784
2004    185    784
2023    791    792
2024    510    791
2027    724    792
2028    698    792
2037    795    796
2038    726    795
2039    513    795
2040    447    795
2041    761    796
2043    735    796
2044    797    798
2045    169    797
2046    481    797
2048    315    798
2049    724    798
2050    347    798
2051    799    800
2054    447    799
2055    571    800
2056    777    800
2057    413    800
2077    605    806
2106    816    817
2108    762    816
2110    667    817
2111    764    817
2117    581    819
2118    519    819
2119    336    819
2126    625    821
2130    519    822
2133     72    822
2142    358    826
2173    826    837
2176    300    837
2177    838    839
2178    439    838
2180    235    838
2181    440    839
2182    826    839
2183    254    839
2192    842    844
2196     76    844
2199    292    844
2208    660    847
2210    214    847
2232    822    854
2233    291    854
2270    277    866
2278    869    870
2281    406    870
2283    777    869
2284    365    870
2286    513    871
2287    799    871
2296    581    874
2297    822    874
2298     69    874
2307    799    877
2308    869    877
2318    838    881
2322    882    883
2324    758    882
2325    260    882
2326    473    883
2328    264    883
2329    884    885
2331    881    884
2332    235    884
2333    277    885
2335    780    885
2352    254    890
2377    899    900
2378    663    899
2380    629    899
2381    673    900
2391    903    904
2392     98    903
2394    900    903
2395    777    904
2396    837    904
2397    365    904
2399    140    905
2401    156    905
2405    907    908
2407    866    907
2409    220    908
2411    816    908
2412    909    910
2413    791    909
2414    783    909
2416    199    910
2417    784    910
2419    911    912
2420    432    911
2424    881    912
2425    230    912
2426    913    914
2427    432    913
2429    740    913
2430    343    914
2431    905    914
2432    797    914
2433    915    916
2434    611    915
2435    890    915
2437    544    916
2439    738    916
2440    917    918
2442    519    917
2443    489    917
2444    264    918
2445    669    918
2446    488    918
2451     18    920
2454      2    920
2456    922    923
2458    911    922
2459    903    922
2461    881    923
2462    837    923
2470    926    927
2472    877    926
2473    291    926
2474    288    927
2475    869    927
2476    290    927
2478    780    928
2479    920    928
2480    524    928
2495    758    933
2513    502    938
2521    941    942
2523    842    941
2524    806    941
2525    926    942
2526    844    942
2527    854    942
2538    946    948
2540    174    946
2542    890    948
2543    436    946
2545    692    948
2549    261    949
2556    890    952
2557    440    952
2558    376    952
2562    954    955
2564    949    954
2565    917    954
2566    284    955
2568    819    955
2571    957    958
2573     14    957
2574     76    958
2576     16    957
2577    292    958
2578    959    960
2579    806    959
2580     47    959
2583     61    960
2584    862    960
2602    740    966
2603    946    966
2604    933    966
2615    970    971
2617    933    970
2618    883    970
2619    429    971
2621    332    971
2625     36    972
2628     11    972
2638    977    978
2641    573    977
2642    842    978
2644    119    978
2649    739    980
2652    933    980
2654    982    983
2655     18    982
2656    957    982
2657    645    982
2658    457    983
2659    958    983
2662    783    984
2663    980    984
2664    983    984
2679    364    989
2680    972    989
2690    284    992
2696    571    995
2702    997    998
2704    605    997
2705    658    998
2707    871    997
2708    364    998
2711   1000   1001
2714    992   1001
2716    847   1000
2717    662   1001
2718   1002   1003
2719    877   1002
2720    997   1002
2721    941   1002
2722    870   1003
2723    998   1003
2724    119   1003
2740    905   1007
2743   1010   1011
2744    489   1010
2746    972   1010
2747    954   1011
2748    992   1011
2756    376   1012
2759   1015   1016
2760   1011   1015
2762    662   1015
2763    989   1016
2764    995   1016
2765    871   1016
2770    629   1018
2771    970   1018
2772    611   1018
2773   1019   1020
2774    649   1019
2775   1007   1019
2776    157   1019
2777    587   1020
2779    673   1020
2780   1021   1022
2781    911   1021
2782   1020   1021
2783    900   1021
2784    913   1022
2785   1007   1022
2788    980   1023
2790    971   1023
2798    678   1026
2799   1001   1026
2800    625   1026
2805    737   1028
2808    336   1028
2811   1030   1032
2813    899   1030
2815    737   1032
2816   1022   1030
2828   1036   1037
2829    955   1036
2830   1028   1036
2832    949   1037
2834   1012   1037
2835   1038   1039
2836    966   1038
2837   1030   1038
2838   1018   1038
2839    948   1039
2840   1032   1039
2841    915   1039
2843    847   1040
2845   1012   1040
2853    645   1043
2856     14   1043
2863    198   1047
2866    711   1047
2867   1048   1049
2868   1010   1048
2869   1043   1048
2870      8   1048
2871    992   1049
2873    625   1049
2874   1050   1051
2875   1015   1050
2877    949   1050
2878    995   1051
2879   1047   1051
2880    260   1051
2898   1057   1059
2900     76   1057
2902    984   1059
2905   1023   1059
2906   1060   1061
2907    660   1060
2908   1050   1060
2909   1012   1060
2910    725   1061
2911   1047   1061
2912    236   1061
2942    960   1071
2950    346   1073
2953    908   1073
3006    681   1091
3007    920   1091
3020   1096   1097
3021      0   1096
3022   1091   1096
3023    658   1096
3024    573   1097
3026    119   1097
3028    862   1098
3029   1057   1098
3030    529   1098
3034   1100   1101
3035    139   1100
3036   1071   1100
3037    529   1100
3038    667   1101
3040    874   1101
3050   1105   1106
3051    866   1105
3052   1073   1105
3053    640   1105
3054    977   1106
3056    701   1106
3067    862   1109
3070   1057   1109
3077    678   1113
3080    806   1113
3083   1071   1115
3084   1113   1115
3098   1120   1121
3099    842   1120
3100   1109   1120
3101    959   1120
3102    977   1121
3104     52   1121
3105   1122   1123
3106    854   1122
3107    796   1122
3108   1113   1122
3109   1101   1123
3110    817   1123
3111   1115   1123
3112   1124   1125
3115    410   1124
3116    978   1125
3118    408   1124
3119    292   1125
3121   1127   1128
3122    457   1127
3123   1125   1127
3124   1106   1127
3125    557   1128
3126   1124   1128
3127   1073   1128
3139   1133   1134
3141    147   1133
3142     61   1134
3144    243   1133
3145    938   1134
3146   1135   1136
3147    912   1135
3149    640   1135
3150    884   1136
3151   1131   1136
3152    866   1136
3153   1137   1138
3154   1135   1137
3155   1133   1137
3156    143   1137
3157   1131   1138
3158   1134   1138
3159   1071   1138
3162   1140   1141
3164    140   1140
3165    149   1141
3167    134   1140
3168    568   1141
3169   1142   1143
3173    907   1143
3176    220   1143
3178   1145   1146
3179   1098   1145
3180   1140   1145
3181    698   1145
3182   1059   1146
3183   1141   1146
3184    791   1146
3185   1147   1148
3186   1097   1147
3187   1143   1147
3188    277   1147
3189   1091   1148
3190   1142   1148
3191    928   1148
3241   1164   1166
3243   1007   1164
3245    156   1166
3246   1032   1164
3248    692   1166
3249   1167   1168
3250   1028   1167
3251   1164   1167
3252    163   1167
3253   1037   1168
3254   1166   1168
3255    553   1168
3256   1169   1170
3259     58   1169
3260    460   1170
3262    180   1169
3263    300   1170
3265   1172   1173
3266    923   1172
3267   1170   1172
3269    885   1173
3270   1169   1173
3271     52   1173
3273   1174   1176
3275    916   1174
3277    681   1176
3280   1142   1176
3282   1040   1177
3283   1174   1177
3284    952   1177
3370   1205   1206
3372    177   1205
3373    254   1206
3375    300   1205
3376    826   1206
3393   1212   1213
3394    882   1212
3395    995   1212
3396   1205   1212
3397    473   1213
3398    989   1213
3399   1206   1213
3446    311   1229
3449    310   1229
3475   1238   1239
3476   1142   1238
3479    524   1239
3480   1229   1239
3777   1332   1333
3780    938   1332
3781    500   1333
3783   1131   1332
3784    240   1333
3786   1335   1336
3787   1239   1335
3788   1333   1335
3789    195   1335
3791   1332   1336
3792    821   1336
3794   1337   1339
3796    909   1337
3798    821   1339
3799   1043   1337
3801   1049   1339
3818   1345   1346
3819   1337   1345
3820     69   1345
3821    792   1345
3822   1339   1346
3823    339   1346
3824    195   1346
3842   1352   1354
3844    460   1352
3846    198   1354
3847     58   1352
3849    910   1354
3850   1355   1356
3851     47   1355
3852   1352   1355
3853     61   1355
3854    821   1356
3855   1354   1356
3856    938   1356
3921   1377   1378
3925   1172   1378
3927   1109   1377
3928   1121   1378
3946   1385   1386
3947    922   1385
3948   1378   1385
3949    701   1385
3950    647   1386
3951   1377   1386
3952   1023   1386
3978   1395   1396
3980    587   1395
3981    214   1395
3983    422   1396
3984    215   1396
3994   1400   1401
3995   1395   1400
3996    440   1400
3997   1177   1400
3998   1396   1401
3999    358   1401
4000   1176   1401
4114   1437   1439
4116   1238   1437
4118   1229   1439
4119   1174   1437
4121    738   1439
4122   1440   1441
4123   1040   1440
4124   1437   1440
4125   1000   1440
4126   1036   1441
4127   1439   1441
4128    284   1441
4154   1450   1451
4155    147   1450
4157     61   1450
4158    538   1451
4160    460   1451
4170   1455   1456
4171    862   1455
4172    134   1455
4173   1450   1455
4174   1377   1456
4175    648   1456
4176   1451   1456
4179   1458   1459
4181    907   1458
4182   1131   1459
4184   1238   1458
4185   1336   1459
4186   1460   1461
4187   1000   1460
4188   1458   1460
4189    816   1460
4190   1026   1461
4191   1459   1461
4192   1115   1461
polygons 447
0   1540   2451   2454   2655   2657
3     16     17   1540   2853   2869   2870
4     16   2454   3007   3021   3022
5   2573   2656   2657   2853   2856
7     32     33     34   2576   2655   2656
10   1584   1586   2628   2746   2868   2870
11     17   1584   3021   3023
13   1586   1660   3006   3022   3023
15   1214   1218   1658   1660   2625   2628
16   1049   2744   2856   2868   2869
17   1042   1048   1049   2573   2576
18     32   1045   1048   1218   1221
19     34   1220   1658   2451   3006   3007
21   1042   1045   2625   2744   2746
22     33   1214   1220   1221
23   3844   3852   3853   4154   4157   4160
27   3260   3267   3921   3925   4160   4174   4176
28     84     85   3259   3270   3271
29   3256   3259   3260   3844   3847
30   3104   3265   3271   3925   3928
31   2578   2584   3067   3100   3101
32     85     93   2580   3098   3101   3104
33     93     84   3847   3851   3852
34   2578   2580   2583   3851   3853
36   2583   2584   4157   4171   4173
37   2574   2659   2664   2898   2900   2902
38    101    102   2571   2573   2574
39   2001   2414   2853   3796   3799
40   2023   2413   3796   3819   3821
42    102    111   2856   3799   3819   3820
43   2413   2414   2662   2902   3182   3184
44   1172   1718   2028   3820   3821
45    111    101   1172   2900   3029   3030
47   1486   1492   2615   2619   2770   2771
48   2380   2770   2813   2837   2838
49   1491   1492   1547   1549
51   2394   2458   2459   2781   2783
54   1547   2392   2459   3946   3947   3950
56   1729   2420   2458   3947   3949
57   1549   2619   2790   3950   3952
58   1853   2602   2604   2649   2652
60   2420   2427   2780   2781   2784
61   1729   1853   1855   2427   2429
62   2429   2602   2784   2816   2836   2837
63   1486   1491   2377   2380   2392   2394
67    177   1410   2077   2579   2580
68   1307   2641   3102   3104
69     85    181   1307   3020   3021   3024
70   2638   2641   2644   3024   3026
71    177    189     17    181     93
73    189   1410   1584   2702   2704   2705
75   2638   2642   3098   3099   3102
76   2523   2524   2579   3099   3101
77   2523   2642   2644   2718   2721   2724
78   2705   2723   2724   3020   3023   3026
81   2077   2524   2704   2720   2721
82   2583   2942   3142   3158   3159
83   1716   1718   3035   3037
84    218   3035   3036   3153   3156   3159
85   3139   3141   3142   4155   4157
86   2584   2942   3028   3030   3036   3037
87    224    225   4155   4172   4173
88    229    224   3164   3167
89   3028   3167   3179   3180   4171   4172
90    218    231   1716   3164   3180   3181
91    229    231    225   3141   3155   3156
92    232   1242   3245   3254   3255
93    232   2399   2401   3162   3164   3165
94   1242   1290   3165   3168
95    246    247   1923   1925
96    224   1293   1294   1554   1923   1924
97   1924   1925   2774   2776
100   1289   1294   3162   3167   3168
101    246   1289   1290   1293   3249   3252   3255
102   2401   2740   3241   3243   3245
103    247   2775   2776   3243   3251   3252
104    229   1554   2399   2740   2774   2775
107   1856   2649   2658   2663   2664
108    272    273    947   1853   1856   1859
109    273    886   1153   1780   1781
110    886   1859   2543   2602   2603
111    284   1540   1998   2001   2004
112    292    293   1920   2002   2004
114    295    272   1153   2451   2479   2480
115    295    947   2654   2655   2658
119    303   1920   2495   2540   2603   2604
121   1779   1780   1989   2478   2480
122    292    303   1784   1988   1989
123   1779   1781   1784   2540   2543
124    284    293   1988   2454   2478   2479
125   1998   2002   2495   2652   2662   2663
126    313   1079   1086   1109   1802   1803
127   1800   1803   1806   3781   3788   3789
128   1086   2513   3846   3855   3856
129   1109   2024   2412   2413   2416
130   1806   2027   3818   3821   3824
131   2412   3794   3796   3798   3849   3854   3855
133   3786   3789   3792   3798   3822   3824
134    313   2416   3846   3849
135   1932   2108   2210   2716   4187   4189
136   2210   2843   3282   3981   3995   3997
139   3273   3280   3476   4116   4119
141   2405   2411   4181   4188   4189
143   3169   3173   3476   4181   4184
145    363   3169   3176   3280   3984   3998   4000
146   2405   2409   3173   3176
148   1932   1935   3978   3981   3984
149    363   1935   2108   2409   2411
150   4116   4124   4125   4184   4187   4188
151   2578   2579   2942   3080   3083   3084
152   1172   2298   3034   3037   3040
154   3028   3029   3067   3070
155   2192   2196   2900   3070   3099   3100
156    101   2133   2196   2232   2526   2527
159    111   2133   2297   2298
160    892   2178   2318   2424   2425
161    382   2425   3144   3147   3154   3155
162    389    390    382    892    895
163    391   1081   3781   3784
164    395    398    391    895   2178   2180
165    389    395   1079   1081   1083
166    390   1083   2513   3139   3144   3145
167   2331   2424   3146   3147   3150
169    398   2332   3150   3151   3777   3783   3784
171   2180   2318   2331   2332
173   1432   2352   2434   2435   3373   3397   3399
174   1920   2324   3372   3394   3396
176    419    303   3370   3372   3373
178    419   2352   2538   2540   2542
179   2435   2542   2839   2841
180   1432   2326   2618   2771   2772
181   2434   2772   2835   2838   2841
182   2325   2878   2880   3394   3395
183    433   2549   2874   2877   2880
184    438    433   2322   2325   2328
185    438   2440   2444   2549   2564   2565
186   2443   2565   2743   2744   2747
187   2564   2747   2760   2875   2877
188    998   2625   2680   3397   3398
191    998   1045   2326   2328   2444   2446
192   1528   1729   3050   3053   3056
193   2270   2329   2333   3150   3152
194   2456   3266   3925   3947   3948
195   1307   1308   2333   3269   3271
199   1308   2270   2641   3050   3051   3054
200   3054   3056   3102   3928   3948   3949
201   2714   2717   2748   2760   2762
202   2690   2711   2714   4122   4125   4128
203   2832   2834   2877   2908   2909
204   2208   2843   2845   2907   2909
205   2566   2829   4126   4128
207   2562   2566   2690   2747   2748
210   2196   2199   2574   2577
211    486    487   1048   1621   2445   2446
212    102   1049   2130   2133   2442   2443
213   1617   1618   2130   2232   2233
214   1615   1618   1621   2470   2473   2476
215    487    496   2474   2476
216   2233   2473   2525   2527
217    501    496    486   2571   2576   2577
219    501   2199   2470   2474   2525   2526
223   1301   2696   3375   3395   3396
224   1760   2696   2866   2878   2879
226   1301   1760   1762   3260   3263
227    292   3256   3262   3263   3372   3375
228   1762   2863   2866   3842   3844   3846
230    524   2002   2324   2325   2416   2417
231    313    524   2863   2879   2880
234    526   2004   2417   3842   3847   3849
235    293    526   3259   3262
240    537   1153   3449   3479   3480
241   1780   1782   3479   3784   3787   3788
243    544   3446   3480   3787   3789
244   1081   1692   1694   1801   1803
246    391   1693   1694   1781   1782
248    553    554   3446   3449
249    554    273    537   2044   2045   2048
250    544    553   1806   2048   2049
251    886   1692   1693   2045   2046
253   2039   2040   2054   2286   2287
254   1841   1842   2054   2307   2472   2473
255   1842   2043   2233   3106   3107
257   2472   2521   2525   2719   2721
258   1648   1649   2286   2704   2707
261   1293   1510   1843   1844
262   1289   1292   1507   1510   1513
263    438    584   1243   1290   1292
264    584   1513   1619   2444   2445
265    588   2808   3250   3252
266   1243   2549   2832   3253   3255
267   2119   2568   2808   2829   2830
268    588    246   1617   1843   1845   2118   2119
269   1507   1615   1619   1844   1845
270   2126   2873   3798   3801
271   2714   2799   2800   2871   2873
272    596   2690   2871   3801   3822   3823
273    544    597   3823   3824
274    596    597   3446   4118   4127   4128
275   1525   1528   2426   2427   2430
276    537    272   1706   1708
277   1859   2045   2426   2429   2432
279    612   1261   2950   3125   3127
280    947   1707   1708   3121   3122   3125
281   1855   1856   3056   3122   3124
284    623    612    624   2048   2050
285    625   2044   2050   2430   2432
286    623    625   1525   2950   3052   3053
287    624    554   1261   1706   1707
289   1355   2419   2425   2777   2781   2782
290    382    629   1355   1557   1558
291    632    629   3141   3144
294    636   1525   3149   3154   3156
295    231    636   2399   2430   2431
296    632    225   1553   1554   1557
297    641   2142   2173   2396   2397
298    642   2142   2679   3376   3398   3399
299    641    642   2284   2708   2722   2723
300   2679   2702   2707   2708   2763   2765
301   1301   2055   2056   2176   2395   2396
302   2051   2055   2287   2696   2764   2765
303   2173   2176   3370   3375   3376
304   2278   2283   2284   2395   2397
305   2270   2407   3173   3187   3188
306   2333   2335   2478   3185   3188   3191
307   3783   3791   4182   4185
309   1785   1989   2329   2332   2335
310   2480   3190   3191   3475   3476   3479
311   2407   3151   3152   4179   4181   4182
313    398   1779   1782   1785
314   1021   2046   2401   2431   2432
315    669   1716   2027   2028   2049   2050
316   1112   2024   3165   3183   3184
319    232   1021   1112   1801   1802
320    669    218    636    625
322   3142   3145   3850   3853   3856
323   1083   1086   2863   2911   2912
326   1761   1762   4158   4160
327   1761   1809   2866   2910   2911
328    629    390   1808   2910   2912
329    632   1808   1809   4154   4155   4158
331   1292   2621   2790   2905   3168   3182   3183
332   1512   1513   2619   2621
333   1294   1510   1552   4170   4172   4175
334    690    389   2756   2906   2909   2912
335   1557   1559   1807   1808   1811
336   1807   1813   2906   2907   2910
338    890    892   1355   3980   3995   3996
339    700   1558   1559   3980   3981
341   2558   2756   2845   3282   3284
342    690    890    895   2557   2558
343    700   1811   1813   2208   2210
345   2557   3284   3996   3997
348   1846   2433   2439   2815   2840   2841
349   2545   2839   2840   3241   3246   3248
350   2805   2815   3246   3250   3251
351   1697   2756   2834   3248   3253   3254
352   2439   3275   4114   4119   4121
353   1697   2542   2545   2556   2558
354   1846   2805   2830   4121   4126   4127
355    433    524   1109   1112   1242   1243
358    584   2328   2615   2618   2621
360   1263   1710   1846   1847   1850
361   1220   1711   1850   2437   2439
362   1260   1263   1602   1605
363     33    736    737   1260   1710   1711
364    736   1221   1431   1487   2770   2772
365    737   1487   1602   2378   2380
369   1605   1847   2378   2811   2813   2815
372   1410   1476   1649   2798   2800
373   3083   3157   3159   4182   4191   4192
376    177   1476   2126   3850   3851   3854
378    189   1476   2867   2870   2873
380   1595   2286   2759   2762   2765
382    760   1586   2705   2708
384   1595   1648   2717   2798   2799
386    760   2628   2679   2680
387    597    553    624   1333   1336   1339
388    596   1336   2117   2566   2568
389    766   1333   1337   2117   2119
390    767   1256   1261   1263   1337   1339
391    766    767   1847   2805   2808
393   1705   1706   1850   3449   4118   4121
395   2785   2811   2816   3243   3246
397   2381   2779   2782   2783
398    774   1631   1635   2773   2776   2779
399    775    767   1605   1635   1636
400    774    247    588    766    775
401    776   2644   3112   3115   3116
402    782    776   2281   2722   2724
403   2192   2199   2642   3116   3119
404    785    501   3112   3118   3119
405    782    786   3115   3118
406    786    785   2278   2281   2474   2475
407   2308   2470   2472   2475
408   1194   1760   1761   2055   2057
409   1194   1550   4158   4175   4176
411   1546   1547   1550   1980   2056   2057
412   2176   2462   3263   3266   3267
414   1980   2391   2392   2395
417   1612   2106   2110   2411   2950   2953
418    623    669   1612   3034   3035   3038
420   1591   1595   1813   2038   2039
422    921   2051   2054   2057
423    921   1194   1807   1809   2038   2040
424   1934   2041   2111   3105   3107   3110
425    774   1922   1925   1934   1937
426   1839   1843   1922   1923   2041   2043
427   1333   1614   2296   3038   3040
428   2117   2118   2130   2296   2297
429   1618   1839   1842   1845
430    775   1337   1614   1937   2110   2111
432   2638   3054   3116   3123   3124
434   2577   2658   2659   3119   3122   3123
436   1553   1559   1922   1924   1927
437   1811   1927   2037   2038   2041
439    921   1550   1552   1839   1841   1844
440   1490   1492   1512   1619   1621
441   1490   1491   1980   2283   2475   2476
444   1336   2296   2298   3818   3820   3823
445   1988   2335   3262   3269   3270
446   1308   3024   3186   3188
447    284    526     84    181     16
449    776    825   3026   3176   3186   3187
450    825   2409   2953   3115   3126   3127
454   2173   2177   2182   2318   2461   2462
456   1634   2777   2779   3978   3980   3983
458    835   1634   2381   2391   2394   2397
460   2142   2181   2182   3994   3996   3999
461    641    835   3983   3998   3999
462    839   1635   1637   1930   1935   1937
463    700   1927   1930   1932   1934
466    839    843   3983   3984
467    843   1631   1634   1637
468    844    487   1486   1487   1490
469     32    486    844    736
470    998   1218   1431   1432
473   2181   2183   2352   2556   2557
474    419   1784   1785   2177   2180   2183
475    395    690   1691   1694   1697
477   1021   1691   1692   3245   3248
478   2182   2183   3373   3376
479    786    849    850   1602   1636   1637
480    850    737    844    496    785
481    835    843    849   2281   2284
482    760    642   1660   3277   3999   4000
483   3006   3189   3190   3277   3280
484    363    839    849    782    825
485    850   1256   1260   3118   3125   3126
486     34    295   1705   1708   1711
488   1658   2437   3273   3275   3277
489    612   1339   1612   1614
491   1507   1512   1546   1549   1552
492   1528   2419   2420   3147   3149
493   1691   1693   2538   2543   2545
494    890   2177   2178   2181
495   2118   2442   2562   2565   2568
496   1591   2762   2875   2907   2908
497   1841   2037   2040   2043
501   1546   3950   3951   4174   4175
503   2322   2326   3393   3394   3397
506   1800   1801   2044   2046   2049
508   1042   2440   2443   2446
510   2798   3077   3084   4190   4192
511   2110   3038   3109   3110
512   1079   2513   3777   3780   3781
515   1800   1802   2023   2024   2027
516   1648   2037   2039   3077   3107   3108
518   1615   1617   2440   2442   2445
521   1718   3030   3179   3181
523   2001   2654   2657   2662   2664
524   1214   1431   2433   2434   2437
525   2287   2307   2707   2719   2720
527   1256   1705   1707   1710
531   1553   1558   2773   2774   2777
533   1855   2649   2788   3946   3949   3952
536   1649   2077   3077   3080
539   2126   2800   3792   4185   4190   4191
541   3051   3053   3146   3149   3152
542   2023   2028   3178   3181   3184
544   1591   2208   2711   2716   2717
545   1631   1636   2377   2378   2381
547   2051   2056   2283   2307   2308
548   2716   2843   4123   4125
552   2106   3110   3111   4186   4189   4192
553   3780   3791   3792   3854   3856
554   2329   2331   2461   3265   3266   3269
555   2322   2324   2495   2617   2618
556   1930   2106   2108   2111
558   1998   2412   2414   2417
559   3067   3927   4170   4171   4174
562   2521   2524   2527   3080   3106   3108
564   2232   2297   3040   3105   3106   3109
565   2405   2407   2953   3051   3052
566   3145   3157   3158   3780   3783
567   2391   2396   2456   2459   2462
568   2192   2521   2523   2526
571   2426   2431   2740   2784   2785
572   2278   2308   2718   2719   2722
573   2419   2424   2456   2458   2461
574   2377   2780   2783   2813   2816
575   2433   2435   2556   3275   3283   3284
576   2604   2617   2771   2836   2838
577   2479   3007   3189   3191
578   2615   2617   2652   2788   2790
580   2538   2603   2835   2836   2839
581   2562   2564   2828   2829   2832
582   2571   2654   2656   2659
583   2763   2764   3393   3395   3398
584   2680   2743   2746   2759   2760   2763
585   2663   2788   2902   2905
586   2743   2748   2867   2868   2871
587   2759   2764   2874   2875   2878
588   2702   2718   2720   2723
589   2711   2799   4186   4187   4190
590   2898   2905   3070   3927   3951   3952
591   2773   2775   2780   2782   2785
592   2828   2834   2845   4122   4123   4126
593   2828   2830   3249   3250   3253
594   2811   2835   2837   2840
595   3282   3283   4119   4123   4124
596   2867   2869   3794   3799   3801
597   2874   2879   2906   2908   2911
599   2898   3029   3178   3179   3182
600   3020   3022   3185   3186   3189
602   3034   3036   3083   3109   3111
603   3050   3052   3121   3124   3127
609   3098   3100   3921   3927   3928
610   3084   3105   3108   3111
612   3112   3121   3123   3126
613   3146   3151   3153   3154   3157
614   3139   3153   3155   3158
615   3162   3178   3180   3183
616   3169   3185   3187   3190
620   3241   3249   3251   3254
621   3256   3265   3267   3270
622   3273   3283   3994   3997   4000
628   3370   3393   3396   3399
630   3475   3786   3787   4179   4184   4185
631   3475   3480   4114   4116   4118
652   3777   3786   3788   3791
653   3794   3818   3819   3822
656   3842   3850   3852   3855
661   3921   3946   3948   3951
663   3978   3994   3995   3998
671   4114   4122   4124   4127
673   4154   4170   4173   4176
674   4179   4186   4188   4191
cells 64
0      0      3      4      5      7     10     11     13     15     16     17     18     19     21     22
1     23     27     28     29     30     31     32     33     34     36    559    609    621    673
2     37      5     38     39     40     42     43     44     45    521    523    542    582    599
3     47     48     49     51     54     56     57     58     60     61     62     63    533    574    576    578
4     32     67     68     69     70     11     71     73     75     76     77     78     81    588
5     82     83     84     85     86     36     87     88     89     90     91    521    614
6     92     93     94     95     96     97     88    100    101    102    103    104    620
7    107    108     58    109    110    111    112    114    115    119    121    122    123    124      0    125    523
8    126    127    128    129    130    131     40    133    134    512    515    553    652    653
9    135    136    139    141    143    145    146    148    149    150    548    595    622    663
10    151    152     86     45    154     76    155    156     31    159    562    564    568    602    610
11    160    161    162    163    164    165    166    167    169    171    512    566    613    614
12    173    174    176    178    179    119    180    181    503    555    576    580    628
13    182    183    184    185     21    186    187    188    191    503    508    583    584    587
14    167    192    193    194     56    195     30    199    200     68    492    541    554    573
15    201    202    203    204    205    187    207    496    544    548    581    592
16     17    210     38    211    212    213    214    215    156    216    217    219    508    518
17    182    223    174    224    226    227     29    228    230    231    112    134    234    235
18    240    241    163    243    127    244    246    109    248    249    250    251    506
19    253    254    255    216    257    258     81    497    516    525    536    562
20    261    262    263    264    185    265    266    267    268    269    101    495    518    581    593
21    270    271    243    272    202    133    273    150    274    539    589    630    631    671    674
22    275     61    276    249    108    277    279    280    281    284    285    286    192    287    603
23    289    104    290    291    275    294     91    295    296    161     60    492    531    571    591
24    297    298    299    223    300    301    302    303    304    525    547    572    583    588    628
25    121    241    305    169    193    306    307    143    309    310    311    313    616    630    652
26    314    285    315    316     93    319    320    295     90    506    515    542    615
27     85    322     23    228    128    323    326    327    328    329    166    291    656
28    331    154     57    332    333    100     89    262    491    501    559    590    599    615
29    162    334    328    290    335    336    338    339    341    342    343    204    136    345
30    348    349    350    351    179    352    353    341    354    575    592    593    595    620    671
31    129    355    125    331    230    184     43    316     94    358    263    555    558    578    585
32    360    361    362    363    364    365    348     48     22    369    181    524    594
33    322     82    372    307    373    376     34     67    151    510    536    539    553    566
34    372     73    378    380    271     10    258    382    384    201    386    300    584    586
35    387    388    389    390    391    360    267    393    274    205    354    287    248    527
36    395    103    391    369    265    350    397    398    399    400    545    574    591
37     77    401    402    403    404    405    406    257    219    407    568    572
38    408    326    409    411    412    226    414    194     27     54    301    501    567    661
39    311    417    286    373    418    141    294     84    320    511    541    552    565    602    613    674
40    224    336    380    253    302    408    420    422    423    327    496    587    597
41    424    425    426     95    427    428    213    255    429    430    389    400    268    511    564
42    155     37    432    210     75    403    107    200    281    434    533    585    590    609    661
43    436    437    335    439    261    426    423    333    409    296     87     96    329    497    673
44    429    439    269    440    422    254    411    441    214     49    407    491    547
45    428    212    388    272    444    159     42    207     16    186    495    586    596    653
46    445    195     28     69    446      4    235    124    447    306    577    600
47    401    432    199    305    446     70    449    450    146    565    603    612
48    454     51    297    289    160    456    397    458    338    460    461    494    567    573    663
49    456    398    462    148    463    339    425     97    436    466    467    531
50    468    440    211    191    358    364     47     18    469    264    470    332    180
51    353    178    473    474    246    475    123    164    342    313    493    494
52    351    334    266    355    475    231    323    126     92    244    203    183    319    477    165    597
53    445    227    122    474    309    412    171    454    478    303    176    554    621
54    270      3    378    447     71    376     33    111     39    131    234    558    596    656
55    424    384    135    437    420    343    463    510    516    544    552    556    589    610
56    441    406    479    480    468    215    365    414    304    458     63    481    467    545
57    482    483    466    299    382    449     13    402     78    461    145    484    481    600    616
58      7    280    434    363    480    485    404    469    217    486    115    527    582    612
59    477    314    102    277     62    251    349    395    110    493    571    580    594
60    139    483    393    488    352    361    276    240    114    486     19    310    577    631
61     15    482    478    473    460    488    345    470    173    298    188    386    524    575    622
62    387    489    427    130     44    418    315     83    444    273    284    152    250
63    149    484    450    390    489    279    362    485    417    479    405    462    430    399    556
