vertices 383
     0 1.07965631242731 0.08504415781476 1.10111999007615
     2 1.46678824614167 0.25925338865470 1.63433908327740
     8 0.96805395458673 3.97478576714461 1.10320304455980
    11 0.33022829443703 0.37332834459749 1.09348134346497
    14 0.92880767241910 3.78762239278739 2.19434602531162
    16 0.37211113776357 0.36689362166022 2.35408524255488
    18 1.21833512413812 0.71562579944193 1.96212383720234
    36 3.97742540893530 0.31387726273865 1.73937889797953
    37 0.56431883353607 0.83785965429037 2.06064495518836
    41 0.31559816715825 0.50627785422236 2.30385697963956
    47 1.51187173998688 3.52886709032600 0.60578486989217
    52 1.73411555087657 0.42468824158529 0.23915907583938
    58 1.92855676140024 3.94268898749936 0.91387594552992
    59 1.60449508461366 3.93556885436037 0.73670920416117
    61 1.95499608684615 3.04413165429190 0.12202556963507
    69 1.11274244303852 3.11484531535794 2.72463556831383
    72 1.01040840025732 3.32083999652951 2.72059987891715
    76 1.23604363778058 3.84949072911659 2.96028568853684
    98 3.16673832965221 0.40561711927553 3.38028200420596
   115 1.12066663441423 3.45066676029959 0.77037225275242
   119 0.86225154564637 0.65811542749419 0.12890935471681
   134 2.69135283321340 2.89667079382828 3.25847966547865
   136 2.73030035424654 2.55432695488784 3.41822094571853
   139 1.72564151122659 2.36372552219793 3.11772170131133
   140 2.48089747925038 2.39925988272721 3.13475319887782
   143 2.08368821326304 2.15357617453336 3.24574864427067
   147 2.60875027595589 2.56623199344699 3.92963138044093
   149 2.72932173726957 2.76894619345314 2.29099729013866
   152 3.49215679249460 2.88378544689700 3.05018392837941
   156 2.71849020982877 2.31497004774377 2.26486776414028
   157 3.55455308707301 2.34926481571951 3.12937010532047
   163 3.64150723510724 2.48656995330952 2.79408457438165
   169 1.98949557568092 1.35310977510317 2.23616395256816
   171 1.39665351354841 1.13256142361127 2.22155118430173
   174 2.37879675586920 0.89339888961374 1.54326314585745
   177 2.33940220246845 0.45851326473339 1.48153962547307
   180 2.13966058816997 0.43102708169728 1.35766378248664
   185 1.92882640649260 0.17039236562145 1.46861420911221
   191 1.50049703139417 1.27739795695959 2.12356317787030
   195 1.31095660307016 2.45131317336997 2.04415443695986
   198 2.52722631864424 3.08579249574598 1.30849459269435
   199 2.54470031585267 3.22090186258761 1.64731615056874
   214 3.88482033943500 2.13032757553200 0.41868292495845
   215 0.28573147417588 1.53448346326259 0.02449612523503
   220 0.59425630838691 1.46810544509942 0.06734180320061
   230 2.81884722084815 1.86768529688496 0.22223412534241
   231 2.35067026624432 2.15653729480684 1.26222274799696
   235 2.22095874665116 1.45055995256411 0.87176239704135
   236 2.62291994862996 2.40126783132983 0.97930782329647
   240 2.08069102135168 1.84866349150345 1.16000677767327
   241 2.65259581259982 2.20353490846060 1.07283718322440
   243 2.67287169721112 2.34929290455425 0.20015787034723
   254 3.07758657469178 0.93648837894915 1.22917287417095
   260 2.89323025448489 3.30418825416281 1.66975480637774
   261 3.12555062775573 3.15671257054363 1.92547744361396
   264 3.24172701216824 3.52890430324687 2.15873111008710
   277 1.64695247592034 1.08627421007437 0.41270361009582
   284 0.53429848473517 2.52673580356162 1.87310407659230
   288 0.31034924582578 0.46866312297201 2.93369412138920
   290 3.97704979855513 0.24223235667920 2.96973532353671
   291 0.14448410550113 3.35936471085899 3.23370543406474
   292 1.04998964529541 0.25199604959892 2.95789804308926
   295 0.20164703092809 0.46527557697421 2.76828337474045
   300 2.90958812554830 0.18238402596073 0.67231787867976
   310 1.15199812650361 1.61880785507873 2.22268546570502
   311 1.11701630971668 2.25530417073571 2.11068510967988
   315 1.21908546486128 1.92485632767541 2.40720335071112
   332 3.10089781170924 3.49213070523077 2.53258201592581
   336 0.03193192245717 2.36470074162063 2.60371032612949
   339 0.93290546978666 2.49892617497254 2.13816482678139
   343 2.06456144190228 1.89592533971536 3.03460530110995
   346 1.26951258651199 1.98722460572231 3.13886222192589
   347 1.67350776911093 2.11245184260457 3.01388841490538
   354 1.01734967871747 1.88863857995231 2.76612029206873
   356 2.80517037344103 2.47503111954769 0.10282176935855
   358 3.72815209855141 0.90239034777887 0.56837428525848
   364 0.17529996584703 0.34517214552569 0.93567268700743
   365 3.75792935777768 0.85221337531565 0.13644547299345
   376 3.13791281750474 2.11968514287672 1.40117482142539
   380 3.61443140376111 2.52694203024338 0.14790420418284
   394 0.31308835450943 1.18208491979478 2.92760031760150
   396 0.15016100262494 0.59835410405961 2.70112744356333
   399 0.27308538542108 1.56329492226464 2.74258375126588
   403 0.29447640614218 2.06096889896833 2.91181054818747
   405 0.09935881488911 2.05429645738777 3.25965622435160
   406 0.34024014451780 1.11476053644526 3.72348333133129
   408 0.45481419174589 1.03667934222845 3.18843709918224
   410 0.58517572121615 1.14398056348773 3.80383979664959
   413 3.24850140742826 3.57319457544603 3.97054097028766
   422 3.82685933176637 1.24515551615126 0.02054543547798
   425 0.15433264648966 1.34537450947947 3.81092786439904
   429 3.04106589428783 0.12287933518117 3.01119178886318
   432 2.26806168671393 1.23619585484089 3.17196461183506
   436 2.18104789392817 1.33272880016043 1.91503218534164
   439 2.82236286409846 1.70159246351360 0.62118421311025
   440 3.44064432777967 1.46507015459214 0.84258803387410
   447 3.59451917180231 3.41800148289625 3.94955619488099
   457 1.62514123229426 0.80627964378265 2.59294154324794
   460 2.53470379585802 3.69095669178677 0.49148946836907
   473 3.59933830645750 0.36743969448861 1.72817872096370
   481 2.41483061499282 2.15243790063851 1.97199401950768
   488 0.18972501648838 3.91674639546255 2.08620078139497
   489 0.33104056280957 3.74832505726310 2.03176331964886
   500 2.25778194136189 2.28338652819143 1.24182224414868
   502 2.36575447185633 2.47113820655769 1.08812831348242
   510 2.37707935010628 2.94577026369918 1.93917598292405
   513 0.12366102722924 3.19247608477896 0.54792395279576
   519 0.29012685076723 3.11890439991726 2.63548359599895
   524 1.58684229394043 1.22927101584755 1.61477170247923
   529 1.58965636050539 2.90468564657421 3.08231676638264
   538 2.91284141446228 3.39992011461759 0.19957116171439
   544 0.30744058515125 0.84599448456587 1.73466065926490
   545 0.02404180475645 0.53506299257628 1.87406042517894
   553 3.03386522131765 2.85588610214885 2.25744023564646
   557 0.91872569206649 1.57550913997289 2.71650255036839
   559 0.46809915538807 1.43871795527535 2.69478892912565
   568 3.02268699507408 3.09625208627355 2.58682869735445
   569 3.24627147824871 3.08825967763247 2.99145145420705
   571 3.05134310770147 3.89692197624994 0.63335781938187
   573 1.56256270108685 0.63928552998924 0.19348927351631
   581 0.64113997607619 2.58800727777625 2.57908282707958
   582 0.69216333835666 2.21760604388795 2.88811694917888
   587 3.06079759109776 1.87186545408089 0.08721078984873
   605 0.86395411951090 3.40321881142699 0.46363655599314
   611 3.63308095444290 0.61805397087211 1.87794153832105
   625 1.08503525288114 3.09623610715934 1.03256231729446
   629 3.40373111425478 0.73844186015358 2.76865327602912
   630 3.30006515275212 0.38656715302593 3.07319173884583
   635 3.28857175417079 3.20120294881963 3.03674502911657
   636 3.29423540205914 3.54362242943806 2.77355927011573
   640 2.02781886595482 1.54612568744299 3.40055203881126
   645 1.46317996262353 0.13040161233501 1.85705494156357
   647 2.93328715696385 0.14115994389115 3.25315009016070
   648 2.95894234558748 3.58601921367715 3.55759101589488
   649 3.09175765448566 2.37258043442111 3.44144891789173
   650 3.08749294202046 2.31233321518802 3.96372383403072
   658 0.66078656589181 0.26997362272322 0.94546640235613
   660 3.76321979300624 2.68221046914947 0.73498664749685
   662 0.06800363204616 3.02545838288393 0.81284873680183
   663 0.14735385690464 1.32438594274438 2.94845069573825
   667 0.88246696535578 2.34782010617957 3.25799667160269
   668 3.98021352370513 3.29204709525398 2.94235294082903
   669 3.81336575421702 3.63173794959781 2.70983491999459
   673 3.37271474206213 1.37198174257318 3.54717183982682
   674 3.98975224694099 1.51155012195667 3.37556251751328
   678 0.69920308742837 3.12229488858313 0.47056270903756
   681 0.48202816905098 0.77196108726851 1.25407609150184
   691 2.49434070785922 2.01502302944459 1.80044270718386
   692 2.92594450275318 1.98356700938618 1.81465844191236
   695 1.04090118568723 1.48089318728096 2.32012867802373
   696 0.59338367716545 1.34252128752225 2.25228033779331
   698 1.74419975102872 2.79974141721293 2.95221099273742
   701 2.08474137333455 0.94118146067714 3.13152643378232
   711 2.80344573407593 3.60891116746162 0.55287754255194
   717 1.91340220955062 1.26816647568685 1.56775126260317
   718 2.09651007386182 1.05502639859120 1.40109494992473
   723 2.18289927014972 2.46299257357609 1.77166855301975
   724 1.61114665190598 2.46845302639389 2.17842817220543
   725 3.08814468671849 2.81758484885362 0.37292384885788
   726 3.59267113374812 2.72816520059946 0.29325446839250
   735 3.83479096819527 3.15294485703904 3.48741129161653
   736 3.59670881336328 3.07515966134481 3.11084905231550
   737 3.96067629955164 1.72297602704349 2.30127802112683
   738 0.25517852521052 1.55972335470009 1.92321262989802
   739 2.04127801389997 0.83582810196903 2.66991891155888
   740 2.20440346964493 1.04772454852509 2.53743320971357
   758 2.33952387886897 0.20181675550023 1.78968104186202
   760 3.47594645672658 2.55111980261167 3.27791297209071
   761 3.86898367924190 2.62973329241796 3.72233631503707
   762 0.36118125338643 1.95753050599977 0.01089922473498
   764 0.29925484149631 2.23793501884786 3.62936349373539
   777 3.44788617770384 0.34415632268676 3.82170332999481
   780 1.96074909264925 0.94920017758072 1.32999313951902
   783 1.87123723773536 3.96356732354284 1.90357586709734
   784 2.03652476939153 3.99974295827442 1.71535517104272
   791 2.06239453978028 3.21128441235923 2.25456746416621
   792 1.64805399860279 2.85543265170671 2.42777170559741
   795 3.79373627771151 3.02115580167205 0.13091969148259
   796 3.95981616458051 2.86882984166314 3.74455865376946
   797 2.02689810983484 1.78191644387298 2.41683058991213
   798 1.63008940453262 2.04130090592431 2.49418793367692
   799 3.67007751822846 3.73688702762731 0.09670063481357
   800 3.39833384880001 3.82895693185503 0.09845150622416
   806 1.06108319405819 3.38618765299884 0.06214873025561
   816 0.70391634314781 2.02090370681366 0.06358732363276
   817 0.64823598990708 2.34822802070422 3.60475296015754
   819 0.30774772939740 2.64328558089792 2.47401065188683
   821 1.45654519671575 2.90371373718774 1.14668952929715
   822 0.73346385365167 3.12272280790527 2.85265635904020
   826 3.26412229943124 0.81177463858619 0.73682131667078
   837 3.06229774438924 0.61133545421475 0.37922627971538
   838 2.64371307147790 1.45355080438994 0.64403839376536
   839 3.15431432599698 1.09661029783886 0.87651933657982
   842 1.25500417995869 0.01903812432696 3.56985190982830
   844 1.10274095708496 3.96863567220632 3.15514198119262
   847 3.95348072715784 2.30522277539247 0.79286985774092
   854 0.55989053645038 3.26158164096539 3.25609029462339
   862 1.91001763900079 3.36960425463673 3.45723509769577
   866 1.74099237600541 1.54342040212352 0.20461504161487
   869 3.87747133250616 0.32974352994151 3.76972943174612
   870 0.03090622255651 0.63394089989053 3.99133873269324
   871 3.97567186317880 3.69008242391857 0.55428561786322
   874 0.82758704429648 2.96626556787777 2.83926507105964
   877 0.00899563343105 0.05887599446640 3.87066869223082
   881 2.48300696008992 1.36208366002295 0.38259778821960
   882 2.91555012762718 3.88569541527690 1.74838628453586
   883 3.06988391252443 3.93119315248739 1.96654746923520
   884 2.07960233074187 1.34670218791050 0.54871900791246
   885 1.91252645821138 1.04249483832082 0.58987059458892
   890 3.33883978273714 1.24445832714447 1.63657172808433
   899 3.38468604821037 1.02210282396621 2.84942008158456
   900 3.16641823732239 1.18301314994922 3.41963770999721
   903 3.06039412895366 0.79517926234872 3.60472637194173
   904 3.34450116585777 0.62118486253146 3.97540756983940
   905 2.58825012895223 2.06342890348109 2.82087865467900
   907 1.01460925814212 1.81666620442631 0.32339934757927
   908 0.86405486340240 1.85993734084112 0.05818318283610
   909 1.89481542480392 3.50475838484496 1.91347198554682
   910 2.12638455917270 3.53709266758374 1.64576344574897
   911 2.74652285757302 1.17580195413336 3.56565818704285
   912 2.53719936293668 1.57028319216499 0.07418190534226
   913 2.36331422849802 1.33378073221914 2.91358291094697
   914 2.22991716757129 1.77540878435503 2.82043171457905
   915 3.46284599517370 1.18484806934920 1.76637213814579
   916 0.08938248818870 1.32476365637922 1.67754372457825
   917 0.12649693635248 3.50446376595273 2.17185842701614
   918 3.96731267447130 3.63809876202585 2.24207213354683
   920 1.29156860391394 0.69153671939613 1.69141049827213
   922 2.78397038746372 0.85410657151959 3.66823764023419
   923 2.68081986983400 0.79328904333938 0.16462651514958
   926 0.25697004822080 3.84031634761553 3.37467782291719
   927 0.09165406338335 0.24970515685298 3.12191008108452
   928 1.54600869953179 1.07838365312203 1.52021845180563
   933 2.41330866864039 0.44307849514323 2.33483955587874
   938 1.95502347544658 2.56291543284457 0.70529852380827
   941 0.91495417124157 3.79984498079207 3.73565250317120
   942 0.72265146334711 3.72299630705140 3.39013481376764
   946 2.43287738026386 1.08786719088793 1.91560686834883
   948 3.13340447202513 1.36518870162601 1.87287629143280
   949 3.38502180335065 2.99132298922924 1.75054506679258
   952 3.51783012424469 1.58930870221282 1.15961653108002
   954 0.03646441910857 3.19265159183071 1.89080024817587
   955 0.24350047168344 2.61351624082553 2.10383893363581
   957 1.00608979004224 0.14784553015477 2.34006732929098
   958 1.18625568284920 0.15216478168067 2.73817218392916
   959 1.41627243735283 3.44724934057837 0.06350498154887
   960 1.66877348895933 3.14450115226300 3.88860185896932
   966 2.46223113878564 0.89656642696874 2.31819530456655
   970 2.78328086881981 0.27698150146223 2.43061289768106
   971 2.74734035778325 0.10685056362383 2.64812395788384
   972 0.13963937509750 0.18174577817783 1.32623433172360
   977 1.58762021222036 0.53652945454254 3.80760578792394
   978 1.30634659825739 0.46658654865216 3.68234819645736
   980 2.21393783398120 0.38128731019331 2.53046583581911
   982 1.33804932373556 0.34893422879442 2.14102078079962
   983 1.55229646403236 0.38530775340803 2.45994602237511
   984 1.98541585370019 0.19460898535511 2.44188247306480
   989 3.96153073298366 0.15865435388395 1.12570640780728
   992 0.58779248476313 2.98430552987160 1.43278405338282
   995 3.25718930630525 3.85481270005270 1.02917719997079
   997 0.37027395057682 3.99629419456650 0.46951514099603
   998 0.39078740936945 0.19693819029922 0.60387071329656
  1000 0.42269097207923 2.37553959986297 0.95303759018593
  1001 0.50567322456234 2.80677135379027 0.98128758433932
  1002 0.38858111558377 0.13568254892918 0.22844359781276
  1003 0.40119178317060 0.29263926257489 0.28930092689425
  1007 2.94496874119077 1.89395415819318 2.88671369697386
  1010 0.39055348406285 3.69009145670698 1.66769498434116
  1011 0.21519786361945 3.32111257426290 1.58223668097084
  1012 3.34857513166939 2.33743631857420 1.41021847398070
  1015 3.87507440148419 3.32605489074036 1.18295368257659
  1016 3.79426287343263 3.77688638946562 0.97260936248712
  1018 3.21961234374896 0.73257707299034 2.46625508320460
  1019 3.18792254727674 2.07652335029430 3.23395895993899
  1020 3.18979899454040 1.50623056780556 3.54536467726951
  1021 3.04791569396124 1.28736117611858 3.41781925081218
  1022 2.87641928437590 1.40510413196973 2.95421895510535
  1023 2.33875195970833 0.17905644186008 2.73090839858835
  1026 0.79523590204457 2.87345979636808 0.79466395424636
  1028 3.88150547770549 2.21521818195629 2.32100014331939
  1030 3.17208677500750 1.18069746067687 2.62262818847511
  1032 3.36246880568301 1.52674595633334 2.30721089096462
  1036 3.99232028980724 2.35859151741523 2.04980728986032
  1037 3.43807877973364 2.56032747449050 1.86755539090749
  1038 3.08724756246038 1.02560476826035 2.43065616934579
  1039 3.25484317226758 1.31002036962668 2.02399261040289
  1040 3.81580661189009 2.05000197081378 1.17906184879800
  1043 1.13504584160699 3.73088890383028 1.90321519413178
  1047 2.84531879333384 3.12220456660572 1.17218604941752
  1048 0.87082598679859 3.65523421192833 1.54977518125285
  1049 0.95747666657653 3.16339507425263 1.39949202348718
  1050 3.31105198509406 3.04383409268249 1.40449742889411
  1051 3.03242636864918 3.23360376909874 1.36698778165470
  1057 1.77413472732119 3.65376085089412 3.11813419900235
  1059 2.10747004561208 3.94306544533729 2.67646501382520
  1060 3.27421641311789 2.71817826207874 1.16753786527134
  1061 2.98985756986405 2.76153387005229 1.01523975477724
  1071 1.39863839016323 2.62026359629545 3.72093544964136
  1073 1.31823634690682 1.77317457760813 3.35766959769896
  1091 0.79387513946293 0.73782179768069 1.18116570434061
  1096 0.82622412801188 0.39156503675485 0.95508731628073
  1097 1.05620580798979 0.71852764081024 0.42456449474453
  1098 1.85007546771277 3.24294774433018 3.19323451281521
  1100 1.42361093414563 2.62774443592059 3.32563534339583
  1101 0.95049187725251 2.58609656159080 3.30011202302735
  1105 1.79835149160624 1.52126412678446 3.49373326615655
  1106 1.73387476852404 0.99472262129740 3.31578919484130
  1109 1.84422573364218 3.69508690808650 3.39355805821387
  1113 0.84686197209772 2.94943920016665 3.96664493687426
  1115 0.94031770040828 2.70214062295990 3.89204896235954
  1120 1.52950070739370 3.90811898597317 3.68218097595003
  1121 1.73313249323315 0.35044675355967 3.86022929899603
  1122 0.63053552136319 2.86856338343454 3.66990497549603
  1123 0.76136622365350 2.65943210604063 3.62747147520913
  1124 0.83251264452388 1.08117595261328 3.30765689925615
  1125 1.19290344816567 0.72451475397510 3.23799973511522
  1127 1.40078077896926 0.93763200685248 3.09985845942375
  1128 1.10418262337745 1.30677979578023 3.12710656597606
  1131 1.57468380060892 2.04972147903122 0.42468653362661
  1133 2.44455535213859 2.41998923630228 0.04543214598132
  1134 2.02252571728344 2.56367957789169 0.22275660082530
  1135 2.18259030055704 1.70212375776697 3.92045492087392
  1136 1.82758958578941 1.52981681264202 0.31967559801964
  1137 2.07628017105111 2.08908556205524 3.85270270717433
  1138 1.78300654562075 2.27438273206758 0.04770316963756
  1140 2.49303566124651 2.82167136552273 3.02101038042701
  1141 2.65198363749370 2.96415333126226 2.60600168459556
  1142 0.75611706161317 1.30527742433554 0.92998549384867
  1143 0.84283467159632 1.37515834827302 0.48812273219616
  1145 2.04786013306168 3.02045606157029 2.97349330241807
  1146 2.21488954348546 3.26582168212501 2.55782083477068
  1147 1.07761286051634 1.07222035407456 0.59719234077593
  1148 0.94742617949375 1.09703712140908 0.97210038846090
  1164 3.20726255421246 2.03311131265416 2.42898956676648
  1166 3.01592983281520 2.22938847816990 2.19360855249676
  1167 3.50099918148597 2.33382824761935 2.43748919489203
  1168 3.25190112238470 2.50945992407364 2.18481691327854
  1169 2.15779336652180 0.21607243697423 0.78726446010056
  1170 2.47582950674214 0.12638507403773 0.56336990271387
  1172 2.31695612258771 0.42499805160501 0.25351339595031
  1173 2.04606986607568 0.50082759876719 0.42447176079722
  1174 0.13937171133486 1.47611474771472 1.38713406380225
  1176 0.35467872201174 1.19707067972379 1.07673942952787
  1177 3.69447066046657 1.62825791264764 1.11074043418198
  1205 3.02489058508023 0.32104661700081 1.10697863053552
  1206 3.19048048422647 0.54917997079422 1.10491081508637
  1212 3.18063363925639 0.15919860040333 1.22628873372451
  1213 3.38988279076596 0.32467386274176 1.26082263775405
  1229 1.01337910500845 1.88576082375372 1.85652295341540
  1238 0.88299131905820 1.75471897711467 1.16359009847939
  1239 1.21003265634829 1.77540522727948 1.45350034529618
  1332 1.65593690803802 2.21446088816062 0.75218241878358
  1333 1.90671479040720 2.07681884312488 1.11482357356585
  1335 1.54377802160082 2.16996788424224 1.28656990409231
  1336 1.51234817326554 2.40826340397462 0.97936604483750
  1337 1.40148463232966 3.29814742631717 1.93188907600611
  1339 1.25076733628435 3.01412263372263 1.61625819019416
  1345 1.29275094740816 3.02218806269706 2.38839192281910
  1346 1.14606773188289 2.64655432753674 2.08218617336832
  1352 2.04926982613598 3.56051796408869 0.85240846824622
  1354 2.11455148075527 3.30549536001148 1.19360707833863
  1355 1.78934369145748 3.34162325411087 0.69187888705091
  1356 1.78790658706918 3.03239202751316 0.98601885598154
  1377 2.25717865337894 0.02791684278349 3.52489718307450
  1378 2.17378538289645 0.29765971161868 3.70321589069999
  1385 2.36755931117731 0.49439741128897 3.43345408274337
  1386 2.44104320702366 0.25072219612972 3.28410765345013
  1395 3.65051262832582 1.67681046227279 0.44250072147611
  1396 3.87142068417314 1.41359167855147 0.29417565570659
  1400 3.61554686499126 1.49383081994858 0.77013572152729
  1401 3.82858294555139 1.25220546938700 0.61937976729915
  1437 0.39353792946325 1.89358071922657 1.50504913555127
  1439 0.41969836162453 1.90851666496538 1.62552835607429
  1440 0.32558662295348 2.02001293938947 1.47768180106402
  1441 0.35247122058056 2.06111984294082 1.63946858330564
  1450 2.44032968947856 3.17299084605966 3.89271081005300
  1451 2.60093411670109 3.42159755347360 0.00697786945144
  1455 2.44066319152094 3.27637794317737 3.65680841934440
  1456 2.57245027411611 3.49518980126471 3.73293464032783
  1458 0.94674487711635 1.92770976667125 0.95042110688796
  1459 1.16713293452538 2.26888044295560 0.70981814324875
  1460 0.79579706164450 2.25948653399814 0.68896853382098
  1461 0.93664310221667 2.42444483616362 0.63334368455956
edges 766
16      2      0
17      0      8
32     16     41
33     41     37
34     37     18
84     58     59
85     59     52
93     59     47
101     76     72
102     72     14
111     72     69
177    115     47
181     59      0
189    115      8
218    143    139
224    134    136
225    136    147
229    140    136
231    143    140
232    149    156
246    152    163
247    163    157
272    171    191
273    191    169
284    185      2
292    177    180
293    180    185
295    171     18
303    174    177
313    199    198
363    220    215
382    230    243
389    241    236
390    236    243
391    231    240
395    231    241
398    235    240
419    254    174
433    260    261
438    264    261
486     16    295
487    295    290
496    295    288
501    292    288
524    260    199
526     58    185
537    310    191
544    195    311
553    311    315
554    315    310
584    264    332
588    163    336
596    339    284
597    311    339
612    354    346
623    347    346
624    354    315
625    343    347
629    243    356
632    147    356
636    343    143
641    365    358
642    358    364
669    139    347
690    376    241
700    214    380
736     41    396
737    396    394
760     11    364
766    403    336
767    399    403
774    157    405
775    405    403
776    119    410
782    406    410
785    408    288
786    406    408
825    410    220
835    365    422
839    425    215
843    425    422
844    396    295
849    406    425
850    394    408
886    169    436
890    439    440
892    230    439
895    241    439
921    413    447
947    171    457
998     36    473
1021    156    481
1042    488    489
1045     36    488
1048     16    488
1049     14    489
1079    500    502
1081    231    500
1083    236    502
1086    198    502
1109    199    510
1112    149    510
1153    191    524
1172     69    529
1194    413    538
1214    544    545
1218     36    545
1220     37    544
1221     41    545
1242    149    553
1243    261    553
1256    557    559
1260    394    559
1261    354    557
1263    399    559
1289    568    569
1290    553    568
1292    332    568
1293    152    569
1294    134    569
1301    300    571
1307     52    573
1308    277    573
1333    581    582
1336    339    581
1337    403    582
1339    354    582
1355    230    587
1410    115    605
1431    545    611
1432    473    611
1476    115    625
1486    629    630
1487    396    629
1490    290    630
1491     98    630
1492    429    630
1507    635    636
1510    569    635
1512    429    636
1513    332    636
1525    343    640
1528    432    640
1540      2    645
1546    647    648
1547     98    647
1549    429    647
1550    413    648
1552    635    648
1553    649    650
1554    136    649
1557    356    650
1558    587    650
1559    380    650
1584      8    658
1586     11    658
1591    660    662
1595    513    662
1602    394    663
1605    399    663
1612    346    667
1614    582    667
1615    668    669
1617    519    668
1618    291    668
1619    636    669
1621    290    669
1631    673    674
1634    422    673
1635    405    674
1636    663    674
1637    425    674
1648    513    678
1649    605    678
1658    544    681
1660     11    681
1691    691    692
1692    481    691
1693    436    691
1694    231    691
1697    376    692
1705    695    696
1706    310    695
1707    557    695
1708    171    695
1710    559    696
1711     37    696
1716    139    698
1718    529    698
1729    432    701
1760    571    711
1761    538    711
1762    460    711
1779    717    718
1780    524    717
1781    436    717
1782    240    717
1784    174    718
1785    235    718
1800    723    724
1801    481    723
1802    510    723
1803    500    723
1806    195    724
1807    725    726
1808    356    725
1809    538    725
1811    380    726
1813    660    726
1839    735    736
1841    447    735
1842    291    735
1843    152    736
1844    635    736
1845    668    736
1846    737    738
1847    399    737
1850    696    738
1853    739    740
1855    701    739
1856    457    739
1859    169    740
1920    177    758
1922    760    761
1923    152    760
1924    649    760
1925    157    760
1927    380    761
1930    762    764
1932    214    762
1934    761    764
1935    215    762
1937    405    764
1980     98    777
1988    180    780
1989    718    780
1998    783    784
2001    645    783
2002    758    784
2004    185    784
2023    791    792
2024    510    791
2027    724    792
2028    698    792
2037    795    796
2038    726    795
2039    513    795
2040    447    795
2041    761    796
2043    735    796
2044    797    798
2045    169    797
2046    481    797
2048    315    798
2049    724    798
2050    347    798
2051    799    800
2054    447    799
2055    571    800
2056    777    800
2057    413    800
2077    605    806
2106    816    817
2108    762    816
2110    667    817
2111    764    817
2117    581    819
2118    519    819
2119    336    819
2126    625    821
2130    519    822
2133     72    822
2142    358    826
2173    826    837
2176    300    837
2177    838    839
2178    439    838
2180    235    838
2181    440    839
2182    826    839
2183    254    839
2192    842    844
2196     76    844
2199    292    844
2208    660    847
2210    214    847
2232    822    854
2233    291    854
2270    277    866
2278    869    870
2281    406    870
2283    777    869
2284    365    870
2286    513    871
2287    799    871
2296    581    874
2297    822    874
2298     69    874
2307    799    877
2308    869    877
2318    838    881
2322    882    883
2324    758    882
2325    260    882
2326    473    883
2328    264    883
2329    884    885
2331    881    884
2332    235    884
2333    277    885
2335    780    885
2352    254    890
2377    899    900
2378    663    899
2380    629    899
2381    673    900
2391    903    904
2392     98    903
2394    900    903
2395    777    904
2396    837    904
2397    365    904
2399    140    905
2401    156    905
2405    907    908
2407    866    907
2409    220    908
2411    816    908
2412    909    910
2413    791    909
2414    783    909
2416    199    910
2417    784    910
2419    911    912
2420    432    911
2424    881    912
2425    230    912
2426    913    914
2427    432    913
2429    740    913
2430    343    914
2431    905    914
2432    797    914
2433    915    916
2434    611    915
2435    890    915
2437    544    916
2439    738    916
2440    917    918
2442    519    917
2443    489    917
2444    264    918
2445    669    918
2446    488    918
2451     18    920
2454      2    920
2456    922    923
2458    911    922
2459    903    922
2461    881    923
2462    837    923
2470    926    927
2472    877    926
2473    291    926
2474    288    927
2475    869    927
2476    290    927
2478    780    928
2479    920    928
2480    524    928
2495    758    933
2513    502    938
2521    941    942
2523    842    941
2524    806    941
2525    926    942
2526    844    942
2527    854    942
2538    946    948
2540    174    946
2542    890    948
2543    436    946
2545    692    948
2549    261    949
2556    890    952
2557    440    952
2558    376    952
2562    954    955
2564    949    954
2565    917    954
2566    284    955
2568    819    955
2571    957    958
2573     14    957
2574     76    958
2576     16    957
2577    292    958
2578    959    960
2579    806    959
2580     47    959
2583     61    960
2584    862    960
2602    740    966
2603    946    966
2604    933    966
2615    970    971
2617    933    970
2618    883    970
2619    429    971
2621    332    971
2625     36    972
2628     11    972
2638    977    978
2641    573    977
2642    842    978
2644    119    978
2649    739    980
2652    933    980
2654    982    983
2655     18    982
2656    957    982
2657    645    982
2658    457    983
2659    958    983
2662    783    984
2663    980    984
2664    983    984
2679    364    989
2680    972    989
2690    284    992
2696    571    995
2702    997    998
2704    605    997
2705    658    998
2707    871    997
2708    364    998
2711   1000   1001
2714    992   1001
2716    847   1000
2717    662   1001
2718   1002   1003
2719    877   1002
2720    997   1002
2721    941   1002
2722    870   1003
2723    998   1003
2724    119   1003
2740    905   1007
2743   1010   1011
2744    489   1010
2746    972   1010
2747    954   1011
2748    992   1011
2756    376   1012
2759   1015   1016
2760   1011   1015
2762    662   1015
2763    989   1016
2764    995   1016
2765    871   1016
2770    629   1018
2771    970   1018
2772    611   1018
2773   1019   1020
2774    649   1019
2775   1007   1019
2776    157   1019
2777    587   1020
2779    673   1020
2780   1021   1022
2781    911   1021
2782   1020   1021
2783    900   1021
2784    913   1022
2785   1007   1022
2788    980   1023
2790    971   1023
2798    678   1026
2799   1001   1026
2800    625   1026
2805    737   1028
2808    336   1028
2811   1030   1032
2813    899   1030
2815    737   1032
2816   1022   1030
2828   1036   1037
2829    955   1036
2830   1028   1036
2832    949   1037
2834   1012   1037
2835   1038   1039
2836    966   1038
2837   1030   1038
2838   1018   1038
2839    948   1039
2840   1032   1039
2841    915   1039
2843    847   1040
2845   1012   1040
2853    645   1043
2856     14   1043
2863    198   1047
2866    711   1047
2867   1048   1049
2868   1010   1048
2869   1043   1048
2870      8   1048
2871    992   1049
2873    625   1049
2874   1050   1051
2875   1015   1050
2877    949   1050
2878    995   1051
2879   1047   1051
2880    260   1051
2898   1057   1059
2900     76   1057
2902    984   1059
2905   1023   1059
2906   1060   1061
2907    660   1060
2908   1050   1060
2909   1012   1060
2910    725   1061
2911   1047   1061
2912    236   1061
2942    960   1071
2950    346   1073
2953    908   1073
3006    681   1091
3007    920   1091
3020   1096   1097
3021      0   1096
3022   1091   1096
3023    658   1096
3024    573   1097
3026    119   1097
3028    862   1098
3029   1057   1098
3030    529   1098
3034   1100   1101
3035    139   1100
3036   1071   1100
3037    529   1100
3038    667   1101
3040    874   1101
3050   1105   1106
3051    866   1105
3052   1073   1105
3053    640   1105
3054    977   1106
3056    701   1106
3067    862   1109
3070   1057   1109
3077    678   1113
3080    806   1113
3083   1071   1115
3084   1113   1115
3098   1120   1121
3099    842   1120
3100   1109   1120
3101    959   1120
3102    977   1121
3104     52   1121
3105   1122   1123
3106    854   1122
3107    796   1122
3108   1113   1122
3109   1101   1123
3110    817   1123
3111   1115   1123
3112   1124   1125
3115    410   1124
3116    978   1125
3118    408   1124
3119    292   1125
3121   1127   1128
3122    457   1127
3123   1125   1127
3124   1106   1127
3125    557   1128
3126   1124   1128
3127   1073   1128
3139   1133   1134
3141    147   1133
3142     61   1134
3144    243   1133
3145    938   1134
3146   1135   1136
3147    912   1135
3149    640   1135
3150    884   1136
3151   1131   1136
3152    866   1136
3153   1137   1138
3154   1135   1137
3155   1133   1137
3156    143   1137
3157   1131   1138
3158   1134   1138
3159   1071   1138
3162   1140   1141
3164    140   1140
3165    149   1141
3167    134   1140
3168    568   1141
3169   1142   1143
3173    907   1143
3176    220   1143
3178   1145   1146
3179   1098   1145
3180   1140   1145
3181    698   1145
3182   1059   1146
3183   1141   1146
3184    791   1146
3185   1147   1148
3186   1097   1147
3187   1143   1147
3188    277   1147
3189   1091   1148
3190   1142   1148
3191    928   1148
3241   1164   1166
3243   1007   1164
3245    156   1166
3246   1032   1164
3248    692   1166
3249   1167   1168
3250   1028   1167
3251   1164   1167
3252    163   1167
3253   1037   1168
3254   1166   1168
3255    553   1168
3256   1169   1170
3259     58   1169
3260    460   1170
3262    180   1169
3263    300   1170
3265   1172   1173
3266    923   1172
3267   1170   1172
3269    885   1173
3270   1169   1173
3271     52   1173
3273   1174   1176
3275    916   1174
3277    681   1176
3280   1142   1176
3282   1040   1177
3283   1174   1177
3284    952   1177
3370   1205   1206
3372    177   1205
3373    254   1206
3375    300   1205
3376    826   1206
3393   1212   1213
3394    882   1212
3395    995   1212
3396   1205   1212
3397    473   1213
3398    989   1213
3399   1206   1213
3446    311   1229
3449    310   1229
3475   1238   1239
3476   1142   1238
3479    524   1239
3480   1229   1239
3777   1332   1333
3780    938   1332
3781    500   1333
3783   1131   1332
3784    240   1333
3786   1335   1336
3787   1239   1335
3788   1333   1335
3789    195   1335
3791   1332   1336
3792    821   1336
3794   1337   1339
3796    909   1337
3798    821   1339
3799   1043   1337
3801   1049   1339
3818   1345   1346
3819   1337   1345
3820     69   1345
3821    792   1345
3822   1339   1346
3823    339   1346
3824    195   1346
3842   1352   1354
3844    460   1352
3846    198   1354
3847     58   1352
3849    910   1354
3850   1355   1356
3851     47   1355
3852   1352   1355
3853     61   1355
3854    821   1356
3855   1354   1356
3856    938   1356
3921   1377   1378
3925   1172   1378
3927   1109   1377
3928   1121   1378
3946   1385   1386
3947    922   1385
3948   1378   1385
3949    701   1385
3950    647   1386
3951   1377   1386
3952   1023   1386
3978   1395   1396
3980    587   1395
3981    214   1395
3983    422   1396
3984    215   1396
3994   1400   1401
3995   1395   1400
3996    440   1400
3997   1177   1400
3998   1396   1401
3999    358   1401
4000   1176   1401
4114   1437   1439
4116   1238   1437
4118   1229   1439
4119   1174   1437
4121    738   1439
4122   1440   1441
4123   1040   1440
4124   1437   1440
4125   1000   1440
4126   1036   1441
4127   1439   1441
4128    284   1441
4154   1450   1451
4155    147   1450
4157     61   1450
4158    538   1451
4160    460   1451
4170   1455   1456
4171    862   1455
4172    134   1455
4173   1450   1455
4174   1377   1456
4175    648   1456
4176   1451   1456
4179   1458   1459
4181    907   1458
4182   1131   1459
4184   1238   1458
4185   1336   1459
4186   1460   1461
4187   1000   1460
4188   1458   1460
4189    816   1460
4190   1026   1461
4191   1459   1461
4192   1115   1461
polygons 447
0   1540   2451   2454   2655   2657
3     16     17   1540   2853   2869   2870
4     16   2454   3007   3021   3022
5   2573   2656   2657   2853   2856
7     32     33     34   2576   2655   2656
10   1584   1586   2628   2746   2868   2870
11     17   1584   3021   3023
13   1586   1660   3006   3022   3023
15   1214   1218   1658   1660   2625   2628
16   1049   2744   2856   2868   2869
17   1042   1048   1049   2573   2576
18     32   1045   1048   1218   1221
19     34   1220   1658   2451   3006   3007
21   1042   1045   2625   2744   2746
22     33   1214   1220   1221
23   3844   3852   3853   4154   4157   4160
27   3260   3267   3921   3925   4160   4174   4176
28     84     85   3259   3270   3271
29   3256   3259   3260   3844   3847
30   3104   3265   3271   3925   3928
31   2578   2584   3067   3100   3101
32     85     93   2580   3098   3101   3104
33     93     84   3847   3851   3852
34   2578   2580   2583   3851   3853
36   2583   2584   4157   4171   4173
37   2574   2659   2664   2898   2900   2902
38    101    102   2571   2573   2574
39   2001   2414   2853   3796   3799
40   2023   2413   3796   3819   3821
42    102    111   2856   3799   3819   3820
43   2413   2414   2662   2902   3182   3184
44   1172   1718   2028   3820   3821
45    111    101   1172   2900   3029   3030
47   1486   1492   2615   2619   2770   2771
48   2380   2770   2813   2837   2838
49   1491   1492   1547   1549
51   2394   2458   2459   2781   2783
54   1547   2392   2459   3946   3947   3950
56   1729   2420   2458   3947   3949
57   1549   2619   2790   3950   3952
58   1853   2602   2604   2649   2652
60   2420   2427   2780   2781   2784
61   1729   1853   1855   2427   2429
62   2429   2602   2784   2816   2836   2837
63   1486   1491   2377   2380   2392   2394
67    177   1410   2077   2579   2580
68   1307   2641   3102   3104
69     85    181   1307   3020   3021   3024
70   2638   2641   2644   3024   3026
71    177    189     17    181     93
73    189   1410   1584   2702   2704   2705
75   2638   2642   3098   3099   3102
76   2523   2524   2579   3099   3101
77   2523   2642   2644   2718   2721   2724
78   2705   2723   2724   3020   3023   3026
81   2077   2524   2704   2720   2721
82   2583   2942   3142   3158   3159
83   1716   1718   3035   3037
84    218   3035   3036   3153   3156   3159
85   3139   3141   3142   4155   4157
86   2584   2942   3028   3030   3036   3037
87    224    225   4155   4172   4173
88    229    224   3164   3167
89   3028   3167   3179   3180   4171   4172
90    218    231   1716   3164   3180   3181
91    229    231    225   3141   3155   3156
92    232   1242   3245   3254   3255
93    232   2399   2401   3162   3164   3165
94   1242   1290   3165   3168
95    246    247   1923   1925
96    224   1293   1294   1554   1923   1924
97   1924   1925   2774   2776
100   1289   1294   3162   3167   3168
101    246   1289   1290   1293   3249   3252   3255
102   2401   2740   3241   3243   3245
103    247   2775   2776   3243   3251   3252
104    229   1554   2399   2740   2774   2775
107   1856   2649   2658   2663   2664
108    272    273    947   1853   1856   1859
109    273    886   1153   1780   1781
110    886   1859   2543   2602   2603
111    284   1540   1998   2001   2004
112    292    293   1920   2002   2004
114    295    272   1153   2451   2479   2480
115    295    947   2654   2655   2658
119    303   1920   2495   2540   2603   2604
121   1779   1780   1989   2478   2480
122    292    303   1784   1988   1989
123   1779   1781   1784   2540   2543
124    284    293   1988   2454   2478   2479
125   1998   2002   2495   2652   2662   2663
126    313   1079   1086   1109   1802   1803
127   1800   1803   1806   3781   3788   3789
128   1086   2513   3846   3855   3856
129   1109   2024   2412   2413   2416
130   1806   2027   3818   3821   3824
131   2412   3794   3796   3798   3849   3854   3855
133   3786   3789   3792   3798   3822   3824
134    313   2416   3846   3849
135   1932   2108   2210   2716   4187   4189
136   2210   2843   3282   3981   3995   3997
139   3273   3280   3476   4116   4119
141   2405   2411   4181   4188   4189
143   3169   3173   3476   4181   4184
145    363   3169   3176   3280   3984   3998   4000
146   2405   2409   3173   3176
148   1932   1935   3978   3981   3984
149    363   1935   2108   2409   2411
150   4116   4124   4125   4184   4187   4188
151   2578   2579   2942   3080   3083   3084
152   1172   2298   3034   3037   3040
154   3028   3029   3067   3070
155   2192   2196   2900   3070   3099   3100
156    101   2133   2196   2232   2526   2527
159    111   2133   2297   2298
160    892   2178   2318   2424   2425
161    382   2425   3144   3147   3154   3155
162    389    390    382    892    895
163    391   1081   3781   3784
164    395    398    391    895   2178   2180
165    389    395   1079   1081   1083
166    390   1083   2513   3139   3144   3145
167   2331   2424   3146   3147   3150
169    398   2332   3150   3151   3777   3783   3784
171   2180   2318   2331   2332
173   1432   2352   2434   2435   3373   3397   3399
174   1920   2324   3372   3394   3396
176    419    303   3370   3372   3373
178    419   2352   2538   2540   2542
179   2435   2542   2839   2841
180   1432   2326   2618   2771   2772
181   2434   2772   2835   2838   2841
182   2325   2878   2880   3394   3395
183    433   2549   2874   2877   2880
184    438    433   2322   2325   2328
185    438   2440   2444   2549   2564   2565
186   2443   2565   2743   2744   2747
187   2564   2747   2760   2875   2877
188    998   2625   2680   3397   3398
191    998   1045   2326   2328   2444   2446
192   1528   1729   3050   3053   3056
193   2270   2329   2333   3150   3152
194   2456   3266   3925   3947   3948
195   1307   1308   2333   3269   3271
199   1308   2270   2641   3050   3051   3054
200   3054   3056   3102   3928   3948   3949
201   2714   2717   2748   2760   2762
202   2690   2711   2714   4122   4125   4128
203   2832   2834   2877   2908   2909
204   2208   2843   2845   2907   2909
205   2566   2829   4126   4128
207   2562   2566   2690   2747   2748
210   2196   2199   2574   2577
211    486    487   1048   1621   2445   2446
212    102   1049   2130   2133   2442   2443
213   1617   1618   2130   2232   2233
214   1615   1618   1621   2470   2473   2476
215    487    496   2474   2476
216   2233   2473   2525   2527
217    501    496    486   2571   2576   2577
219    501   2199   2470   2474   2525   2526
223   1301   2696   3375   3395   3396
224   1760   2696   2866   2878   2879
226   1301   1760   1762   3260   3263
227    292   3256   3262   3263   3372   3375
228   1762   2863   2866   3842   3844   3846
230    524   2002   2324   2325   2416   2417
231    313    524   2863   2879   2880
234    526   2004   2417   3842   3847   3849
235    293    526   3259   3262
240    537   1153   3449   3479   3480
241   1780   1782   3479   3784   3787   3788
243    544   3446   3480   3787   3789
244   1081   1692   1694   1801   1803
246    391   1693   1694   1781   1782
248    553    554   3446   3449
249    554    273    537   2044   2045   2048
250    544    553   1806   2048   2049
251    886   1692   1693   2045   2046
253   2039   2040   2054   2286   2287
254   1841   1842   2054   2307   2472   2473
255   1842   2043   2233   3106   3107
257   2472   2521   2525   2719   2721
258   1648   1649   2286   2704   2707
261   1293   1510   1843   1844
262   1289   1292   1507   1510   1513
263    438    584   1243   1290   1292
264    584   1513   1619   2444   2445
265    588   2808   3250   3252
266   1243   2549   2832   3253   3255
267   2119   2568   2808   2829   2830
268    588    246   1617   1843   1845   2118   2119
269   1507   1615   1619   1844   1845
270   2126   2873   3798   3801
271   2714   2799   2800   2871   2873
272    596   2690   2871   3801   3822   3823
273    544    597   3823   3824
274    596    597   3446   4118   4127   4128
275   1525   1528   2426   2427   2430
276    537    272   1706   1708
277   1859   2045   2426   2429   2432
279    612   1261   2950   3125   3127
280    947   1707   1708   3121   3122   3125
281   1855   1856   3056   3122   3124
284    623    612    624   2048   2050
285    625   2044   2050   2430   2432
286    623    625   1525   2950   3052   3053
287    624    554   1261   1706   1707
289   1355   2419   2425   2777   2781   2782
290    382    629   1355   1557   1558
291    632    629   3141   3144
294    636   1525   3149   3154   3156
295    231    636   2399   2430   2431
296    632    225   1553   1554   1557
297    641   2142   2173   2396   2397
298    642   2142   2679   3376   3398   3399
299    641    642   2284   2708   2722   2723
300   2679   2702   2707   2708   2763   2765
301   1301   2055   2056   2176   2395   2396
302   2051   2055   2287   2696   2764   2765
303   2173   2176   3370   3375   3376
304   2278   2283   2284   2395   2397
305   2270   2407   3173   3187   3188
306   2333   2335   2478   3185   3188   3191
307   3783   3791   4182   4185
309   1785   1989   2329   2332   2335
310   2480   3190   3191   3475   3476   3479
311   2407   3151   3152   4179   4181   4182
313    398   1779   1782   1785
314   1021   2046   2401   2431   2432
315    669   1716   2027   2028   2049   2050
316   1112   2024   3165   3183   3184
319    232   1021   1112   1801   1802
320    669    218    636    625
322   3142   3145   3850   3853   3856
323   1083   1086   2863   2911   2912
326   1761   1762   4158   4160
327   1761   1809   2866   2910   2911
328    629    390   1808   2910   2912
329    632   1808   1809   4154   4155   4158
331   1292   2621   2790   2905   3168   3182   3183
332   1512   1513   2619   2621
333   1294   1510   1552   4170   4172   4175
334    690    389   2756   2906   2909   2912
335   1557   1559   1807   1808   1811
336   1807   1813   2906   2907   2910
338    890    892   1355   3980   3995   3996
339    700   1558   1559   3980   3981
341   2558   2756   2845   3282   3284
342    690    890    895   2557   2558
343    700   1811   1813   2208   2210
345   2557   3284   3996   3997
348   1846   2433   2439   2815   2840   2841
349   2545   2839   2840   3241   3246   3248
350   2805   2815   3246   3250   3251
351   1697   2756   2834   3248   3253   3254
352   2439   3275   4114   4119   4121
353   1697   2542   2545   2556   2558
354   1846   2805   2830   4121   4126   4127
355    433    524   1109   1112   1242   1243
358    584   2328   2615   2618   2621
360   1263   1710   1846   1847   1850
361   1220   1711   1850   2437   2439
362   1260   1263   1602   1605
363     33    736    737   1260   1710   1711
364    736   1221   1431   1487   2770   2772
365    737   1487   1602   2378   2380
369   1605   1847   2378   2811   2813   2815
372   1410   1476   1649   2798   2800
373   3083   3157   3159   4182   4191   4192
376    177   1476   2126   3850   3851   3854
378    189   1476   2867   2870   2873
380   1595   2286   2759   2762   2765
382    760   1586   2705   2708
384   1595   1648   2717   2798   2799
386    760   2628   2679   2680
387    597    553    624   1333   1336   1339
388    596   1336   2117   2566   2568
389    766   1333   1337   2117   2119
390    767   1256   1261   1263   1337   1339
391    766    767   1847   2805   2808
393   1705   1706   1850   3449   4118   4121
395   2785   2811   2816   3243   3246
397   2381   2779   2782   2783
398    774   1631   1635   2773   2776   2779
399    775    767   1605   1635   1636
400    774    247    588    766    775
401    776   2644   3112   3115   3116
402    782    776   2281   2722   2724
403   2192   2199   2642   3116   3119
404    785    501   3112   3118   3119
405    782    786   3115   3118
406    786    785   2278   2281   2474   2475
407   2308   2470   2472   2475
408   1194   1760   1761   2055   2057
409   1194   1550   4158   4175   4176
411   1546   1547   1550   1980   2056   2057
412   2176   2462   3263   3266   3267
414   1980   2391   2392   2395
417   1612   2106   2110   2411   2950   2953
418    623    669   1612   3034   3035   3038
420   1591   1595   1813   2038   2039
422    921   2051   2054   2057
423    921   1194   1807   1809   2038   2040
424   1934   2041   2111   3105   3107   3110
425    774   1922   1925   1934   1937
426   1839   1843   1922   1923   2041   2043
427   1333   1614   2296   3038   3040
428   2117   2118   2130   2296   2297
429   1618   1839   1842   1845
430    775   1337   1614   1937   2110   2111
432   2638   3054   3116   3123   3124
434   2577   2658   2659   3119   3122   3123
436   1553   1559   1922   1924   1927
437   1811   1927   2037   2038   2041
439    921   1550   1552   1839   1841   1844
440   1490   1492   1512   1619   1621
441   1490   1491   1980   2283   2475   2476
444   1336   2296   2298   3818   3820   3823
445   1988   2335   3262   3269   3270
446   1308   3024   3186   3188
447    284    526     84    181     16
449    776    825   3026   3176   3186   3187
450    825   2409   2953   3115   3126   3127
454   2173   2177   2182   2318   2461   2462
456   1634   2777   2779   3978   3980   3983
458    835   1634   2381   2391   2394   2397
460   2142   2181   2182   3994   3996   3999
461    641    835   3983   3998   3999
462    839   1635   1637   1930   1935   1937
463    700   1927   1930   1932   1934
466    839    843   3983   3984
467    843   1631   1634   1637
468    844    487   1486   1487   1490
469     32    486    844    736
470    998   1218   1431   1432
473   2181   2183   2352   2556   2557
474    419   1784   1785   2177   2180   2183
475    395    690   1691   1694   1697
477   1021   1691   1692   3245   3248
478   2182   2183   3373   3376
479    786    849    850   1602   1636   1637
480    850    737    844    496    785
481    835    843    849   2281   2284
482    760    642   1660   3277   3999   4000
483   3006   3189   3190   3277   3280
484    363    839    849    782    825
485    850   1256   1260   3118   3125   3126
486     34    295   1705   1708   1711
488   1658   2437   3273   3275   3277
489    612   1339   1612   1614
491   1507   1512   1546   1549   1552
492   1528   2419   2420   3147   3149
493   1691   1693   2538   2543   2545
494    890   2177   2178   2181
495   2118   2442   2562   2565   2568
496   1591   2762   2875   2907   2908
497   1841   2037   2040   2043
501   1546   3950   3951   4174   4175
503   2322   2326   3393   3394   3397
506   1800   1801   2044   2046   2049
508   1042   2440   2443   2446
510   2798   3077   3084   4190   4192
511   2110   3038   3109   3110
512   1079   2513   3777   3780   3781
515   1800   1802   2023   2024   2027
516   1648   2037   2039   3077   3107   3108
518   1615   1617   2440   2442   2445
521   1718   3030   3179   3181
523   2001   2654   2657   2662   2664
524   1214   1431   2433   2434   2437
525   2287   2307   2707   2719   2720
527   1256   1705   1707   1710
531   1553   1558   2773   2774   2777
533   1855   2649   2788   3946   3949   3952
536   1649   2077   3077   3080
539   2126   2800   3792   4185   4190   4191
541   3051   3053   3146   3149   3152
542   2023   2028   3178   3181   3184
544   1591   2208   2711   2716   2717
545   1631   1636   2377   2378   2381
547   2051   2056   2283   2307   2308
548   2716   2843   4123   4125
552   2106   3110   3111   4186   4189   4192
553   3780   3791   3792   3854   3856
554   2329   2331   2461   3265   3266   3269
555   2322   2324   2495   2617   2618
556   1930   2106   2108   2111
558   1998   2412   2414   2417
559   3067   3927   4170   4171   4174
562   2521   2524   2527   3080   3106   3108
564   2232   2297   3040   3105   3106   3109
565   2405   2407   2953   3051   3052
566   3145   3157   3158   3780   3783
567   2391   2396   2456   2459   2462
568   2192   2521   2523   2526
571   2426   2431   2740   2784   2785
572   2278   2308   2718   2719   2722
573   2419   2424   2456   2458   2461
574   2377   2780   2783   2813   2816
575   2433   2435   2556   3275   3283   3284
576   2604   2617   2771   2836   2838
577   2479   3007   3189   3191
578   2615   2617   2652   2788   2790
580   2538   2603   2835   2836   2839
581   2562   2564   2828   2829   2832
582   2571   2654   2656   2659
583   2763   2764   3393   3395   3398
584   2680   2743   2746   2759   2760   2763
585   2663   2788   2902   2905
586   2743   2748   2867   2868   2871
587   2759   2764   2874   2875   2878
588   2702   2718   2720   2723
589   2711   2799   4186   4187   4190
590   2898   2905   3070   3927   3951   3952
591   2773   2775   2780   2782   2785
592   2828   2834   2845   4122   4123   4126
593   2828   2830   3249   3250   3253
594   2811   2835   2837   2840
595   3282   3283   4119   4123   4124
596   2867   2869   3794   3799   3801
597   2874   2879   2906   2908   2911
599   2898   3029   3178   3179   3182
600   3020   3022   3185   3186   3189
602   3034   3036   3083   3109   3111
603   3050   3052   3121   3124   3127
609   3098   3100   3921   3927   3928
610   3084   3105   3108   3111
612   3112   3121   3123   3126
613   3146   3151   3153   3154   3157
614   3139   3153   3155   3158
615   3162   3178   3180   3183
616   3169   3185   3187   3190
620   3241   3249   3251   3254
621   3256   3265   3267   3270
622   3273   3283   3994   3997   4000
628   3370   3393   3396   3399
630   3475   3786   3787   4179   4184   4185
631   3475   3480   4114   4116   4118
652   3777   3786   3788   3791
653   3794   3818   3819   3822
656   3842   3850   3852   3855
661   3921   3946   3948   3951
663   3978   3994   3995   3998
671   4114   4122   4124   4127
673   4154   4170   4173   4176
674   4179   4186   4188   4191
cells 64
0      0      3      4      5      7     10     11     13     15     16     17     18     19     21     22
1     23     27     28     29     30     31     32     33     34     36    559    609    621    673
2     37      5     38     39     40     42     43     44     45    521    523    542    582    599
3     47     48     49     51     54     56     57     58     60     61     62     63    533    574    576    578
4     32     67     68     69     70     11     71     73     75     76     77     78     81    588
5     82     83     84     85     86     36     87     88     89     90     91    521    614
6     92     93     94     95     96     97     88    100    101    102    103    104    620
7    107    108     58    109    110    111    112    114    115    119    121    122    123    124      0    125    523
8    126    127    128    129    130    131     40    133    134    512    515    553    652    653
9    135    136    139    141    143    145    146    148    149    150    548    595    622    663
10    151    152     86     45    154     76    155    156     31    159    562    564    568    602    610
11    160    161    162    163    164    165    166    167    169    171    512    566    613    614
12    173    174    176    178    179    119    180    181    503    555    576    580    628
13    182    183    184    185     21    186    187    188    191    503    508    583    584    587
14    167    192    193    194     56    195     30    199    200     68    492    541    554    573
15    201    202    203    204    205    187    207    496    544    548    581    592
16     17    210     38    211    212    213    214    215    156    216    217    219    508    518
17    182    223    174    224    226    227     29    228    230    231    112    134    234    235
18    240    241    163    243    127    244    246    109    248    249    250    251    506
19    253    254    255    216    257    258     81    497    516    525    536    562
20    261    262    263    264    185    265    266    267    268    269    101    495    518    581    593
21    270    271    243    272    202    133    273    150    274    539    589    630    631    671    674
22    275     61    276    249    108    277    279    280    281    284    285    286    192    287    603
23    289    104    290    291    275    294     91    295    296    161     60    492    531    571    591
24    297    298    299    223    300    301    302    303    304    525    547    572    583    588    628
25    121    241    305    169    193    306    307    143    309    310    311    313    616    630    652
26    314    285    315    316     93    319    320    295     90    506    515    542    615
27     85    322     23    228    128    323    326    327    328    329    166    291    656
28    331    154     57    332    333    100     89    262    491    501    559    590    599    615
29    162    334    328    290    335    336    338    339    341    342    343    204    136    345
30    348    349    350    351    179    352    353    341    354    575    592    593    595    620    671
31    129    355    125    331    230    184     43    316     94    358    263    555    558    578    585
32    360    361    362    363    364    365    348     48     22    369    181    524    594
33    322     82    372    307    373    376     34     67    151    510    536    539    553    566
34    372     73    378    380    271     10    258    382    384    201    386    300    584    586
35    387    388    389    390    391    360    267    393    274    205    354    287    248    527
36    395    103    391    369    265    350    397    398    399    400    545    574    591
37     77    401    402    403    404    405    406    257    219    407    568    572
38    408    326    409    411    412    226    414    194     27     54    301    501    567    661
39    311    417    286    373    418    141    294     84    320    511    541    552    565    602    613    674
40    224    336    380    253    302    408    420    422    423    327    496    587    597
41    424    425    426     95    427    428    213    255    429    430    389    400    268    511    564
42    155     37    432    210     75    403    107    200    281    434    533    585    590    609    661
43    436    437    335    439    261    426    423    333    409    296     87     96    329    497    673
44    429    439    269    440    422    254    411    441    214     49    407    491    547
45    428    212    388    272    444    159     42    207     16    186    495    586    596    653
46    445    195     28     69    446      4    235    124    447    306    577    600
47    401    432    199    305    446     70    449    450    146    565    603    612
48    454     51    297    289    160    456    397    458    338    460    461    494    567    573    663
49    456    398    462    148    463    339    425     97    436    466    467    531
50    468    440    211    191    358    364     47     18    469    264    470    332    180
51    353    178    473    474    246    475    123    164    342    313    493    494
52    351    334    266    355    475    231    323    126     92    244    203    183    319    477    165    597
53    445    227    122    474    309    412    171    454    478    303    176    554    621
54    270      3    378    447     71    376     33    111     39    131    234    558    596    656
55    424    384    135    437    420    343    463    510    516    544    552    556    589    610
56    441    406    479    480    468    215    365    414    304    458     63    481    467    545
57    482    483    466    299    382    449     13    402     78    461    145    484    481    600    616
58      7    280    434    363    480    485    404    469    217    486    115    527    582    612
59    477    314    102    277     62    251    349    395    110    493    571    580    594
60    139    483    393    488    352    361    276    240    114    486     19    310    577    631
61     15    482    478    473    460    488    345    470    173    298    188    386    524    575    622
62    387    489    427    130     44    418    315     83    444    273    284    152    250
63    149    484    450    390    489    279    362    485    417    479    405    462    430    399    556
