vertices 383
     0 0.86456810666179 3.83294984856006 1.02220010303441
     2 1.25169783515216 0.00715937127473 1.55542046211314
     8 0.75296574602012 3.72269026109834 1.02428234918321
    11 0.11513302781878 0.12122875774127 1.01456545780499
    14 0.71371855166651 3.53552120957134 2.11542205421881
    16 0.15702672919839 0.11479249254230 2.27516398577973
    18 1.00324362450542 0.46352904582250 1.88320456007297
    36 3.76233600829279 0.06178619364098 1.66045979356851
    37 0.34923038644293 0.58576204113996 1.98172009315368
    41 0.10050954304031 0.25418676283709 2.22492891347130
    47 1.29678605879775 3.27677414028240 0.52686320064137
    52 1.51902663724175 0.17258880044848 0.16024209480128
    58 1.71347192188097 3.69059480806444 0.83495351304451
    59 1.38940913400487 3.68347508753090 0.65778689082248
    61 1.73991158220949 2.79203975866608 0.04310655428609
    69 0.89765208600011 2.86274995370042 2.64570830095666
    72 0.79531966353013 3.06873657946905 2.64167543126577
    76 1.02095615414688 3.59739662061955 2.88136637316657
    98 2.95165170648637 0.15351958270407 3.30135606107470
   115 0.90558112836549 3.19857236764288 0.69145105607966
   119 0.64715907797660 0.40601395193681 0.04999026993465
   134 2.47626774550526 2.64457974838812 3.17956155803974
   136 2.51521358171864 2.30223154651762 3.33929947565665
   139 1.51055765039851 2.11163272601949 3.03879912615683
   140 2.26580920208306 2.14716734980289 3.05583082975957
   143 1.86859776647402 1.90148550545096 3.16682438244446
   147 2.39366668454111 2.31413097096356 3.85070951994616
   149 2.51423484673618 2.51686803158069 2.21207093080708
   152 3.27707672424376 2.63168406253592 2.97126504752711
   156 2.50340386193574 2.06287664566853 2.18594097417562
   157 3.33947010111755 2.09717114417148 3.05045099953632
   163 3.42642237544246 2.23447809965156 2.71516635756217
   169 1.77440799829656 1.10100671015352 2.15724531492387
   171 1.18156382390528 0.88046640748623 2.14262692369765
   174 2.16370869499539 0.64129998589240 1.46433984929937
   177 2.12431456660507 0.20641603014308 1.40261920056830
   180 1.92457587665249 0.17893042234156 1.27874538139307
   185 1.71374391615983 3.91829873268679 1.38969368044956
   191 1.28540311722803 1.02529508351359 2.04464373536221
   195 1.09586795484275 2.19921394806040 1.96522328887153
   198 2.31213517967750 2.83370020125186 1.22957071143332
   199 2.32960967747027 2.96880933770240 1.56838753044011
   214 3.66973528992898 1.87822777876315 0.33975706814287
   215 0.07064531252427 1.28237561031384 3.94557226520805
   220 0.37916362180976 1.21599798349155 3.98841689508444
   230 2.60376343691696 1.61558205931924 0.14330691842363
   231 2.13557979408119 1.90444764501674 1.18330491019195
   235 2.00587651167968 1.19845457271476 0.79282960299221
   236 2.40783804325312 2.14916869294923 0.90038674160599
   240 1.86560689834689 1.59657762061422 1.08108777399720
   241 2.43751237599282 1.95144223440060 0.99391424084614
   243 2.45778931044641 2.09719287161957 0.12123101172437
   254 2.86249806851610 0.68439223243026 1.15025330620191
   260 2.67815239113398 3.05210449400441 1.59082673005718
   261 2.91046855502972 2.90462904725765 1.84655624625779
   264 3.02664737947918 3.27681796791212 2.07981058384872
   277 1.43186527008044 0.83417427544546 0.33378446128638
   284 0.31921169823786 2.27463784872999 1.79417454112517
   288 0.09526133450544 0.21656049147424 2.85477467219570
   290 3.76196855972893 3.99013446974799 2.89081661421510
   291 3.92939839163040 3.10726613821411 3.15478251772066
   292 0.83490484145326 3.99989254965134 2.87898095998914
   295 3.98656247814578 0.21317370492344 2.68936859632147
   300 2.69450744151598 3.93028451566414 0.59339277140720
   310 0.93691348725598 1.36670031634080 2.14376558547509
   311 0.90192999171259 2.00320876258293 2.03175496170764
   315 1.00400176418911 1.67275277785726 2.32828398721488
   332 2.88581208732277 3.24004555029814 2.45366380316647
   336 3.81684364533091 2.11260883961094 2.52478474871755
   339 0.71782411713191 2.24682527887185 2.05923282460613
   343 1.84946675658743 1.64383744914561 2.95569472349620
   346 1.05442287310381 1.73512275778525 3.05994122601093
   347 1.45842476946573 1.86035347781075 2.93496490301145
   354 0.80226528309916 1.63653560061093 2.68719809924259
   356 2.59008454878730 2.22292629647337 0.02389704817177
   358 3.51306612737128 0.65029397420931 0.48945457448646
   364 3.96021069445990 0.09307445949092 0.85676124722961
   365 3.54284396658224 0.60011610215000 0.05752386909222
   376 2.92282375361838 1.86758974527666 1.32224942165344
   380 3.39934705564023 2.27483789377717 0.06898087585427
   394 0.09800133636503 0.92997791981039 2.84867654413328
   396 3.93507210007105 0.34626510136032 2.62220520048596
   399 0.05799538613079 1.31120166432612 2.66365787608964
   403 0.07938929505687 1.80887067504607 2.83288577776613
   405 3.88427294575402 1.80219740827032 3.18072998214590
   406 0.12514964995228 0.86265716105126 3.64456576940700
   408 0.23972641437892 0.78457192455630 3.10951324062495
   410 0.37008235651143 0.89187693065897 3.72492118842474
   413 3.03341670391412 3.32109436450980 3.89161866220865
   422 3.61177379399855 0.99305135128326 3.94162479474588
   425 3.93924676081336 1.09326756928924 3.73200750262337
   429 2.82598060231106 3.87078158201075 2.93226912864401
   432 2.05298141911398 0.98410237585170 3.09305062163630
   436 1.96596330608472 1.08062842983495 1.83610915061030
   439 2.60727936832595 1.44949153217207 0.54226005350017
   440 3.22552023513522 1.21297123934774 0.76367674753013
   447 3.37943487343720 3.16590055054964 3.87063336208887
   457 1.41005621183374 0.55418013506866 2.51402410253721
   460 2.31962306463557 3.43885608298714 0.41256499786581
   473 3.38425422837607 0.11534750476428 1.64925968095956
   481 2.19974698884508 1.90034551250017 1.89307128672776
   488 3.97463645037994 3.66465204144388 2.00727963612892
   489 0.11595490889388 3.49622571266608 1.95283899884598
   500 2.04270160120511 2.03128310874363 1.16290743815537
   502 2.15067313565477 2.21903989906818 1.00920930981153
   510 2.16199927210099 2.69367639261149 1.86025870368160
   513 3.90857849163983 2.94037169329175 0.46900030926245
   519 0.07503964394922 2.86680551598914 2.55655700550317
   524 1.37175557711514 0.97717071878665 1.53584900497469
   529 1.37457643380994 2.65260088982037 3.00338211745084
   538 2.69775811323383 3.14782056724609 0.12064741860006
   544 0.09235255598606 0.59389770965239 1.65573624103849
   545 3.80895450070649 0.28296958191534 1.79513783236409
   553 2.81877073202916 2.60380786829630 2.17851692466938
   557 0.70364262458944 1.32340410401758 2.63757910245073
   559 0.25301926782462 1.18661578708653 2.61586095738352
   568 2.80759042487442 2.84416618756554 2.50789975950455
   569 3.03118013246434 2.83616880541205 2.91253381410443
   571 2.83626125262374 3.64482349805057 0.55443276363052
   573 1.34747534565731 0.38718469290541 0.11457252295953
   581 0.42605412887212 2.33591128417440 2.50015733323299
   582 0.47707593537697 1.96550568869029 2.80919450156214
   587 2.84571398021043 1.61976490784706 0.00828355812657
   605 0.64886783910838 3.15112111041963 0.38471328896823
   611 3.41799564206405 0.36596093913442 1.79902023321175
   625 0.86995092910163 2.84413793851737 0.95364471553681
   629 3.18864170760741 0.48635172584058 2.68973098286273
   630 3.08497687179644 0.13446988471811 2.99427117083685
   635 3.07348281212605 2.94911071998270 2.95782749804045
   636 3.07914557321392 3.29153174513946 2.69464122504386
   640 1.81272995767633 1.29402992599252 3.32163658335816
   645 1.24808941443842 3.87830466510003 1.77813814316332
   647 2.71820344321338 3.88906431343937 3.17422740698424
   648 2.74386182401023 3.33392031383686 3.47867402590261
   649 2.87668020934246 2.12047896294756 3.36252591890439
   650 2.87240974052251 2.06022837361714 3.88479899259827
   658 0.44570264332751 0.01787258783229 0.86654958440387
   660 3.54813522269607 2.43010812997286 0.65606068374941
   662 3.85292138187730 2.77335546459422 0.73392278550063
   663 3.93225770606753 1.07228889841141 2.86952884395913
   667 0.66737762827296 2.09571633544023 3.17907220456704
   668 3.76512669146963 3.03994906106019 2.86343182704161
   669 3.59827959971531 3.37964048425211 2.63091579633477
   673 3.15762293143126 1.11988330746454 3.46824466078683
   674 3.77466228029823 1.25944931542929 3.29663292188465
   678 0.48411721134550 2.87019263097729 0.39163943755369
   681 0.26693606883839 0.51986541423686 1.17516127016937
   691 2.27925511441346 1.76293379995660 1.72152505442048
   692 2.71085822482677 1.73147750617700 1.73574078600953
   695 0.82581851219248 1.22878814783261 2.24120791978200
   696 0.37830021501180 1.09042096200507 2.17335990494522
   698 1.52911265125696 2.54766000642428 2.87328313241120
   701 1.86965755341435 0.68907999371451 3.05260994973262
   711 2.58836270472792 3.35681155581681 0.47395269453579
   717 1.69833584887108 1.01607033044774 1.48883151602130
   718 1.88142323702967 0.80292699300267 1.32217051879514
   723 1.96782268823774 2.21088795133636 1.69275313879624
   724 1.39606499286329 2.21635467155878 2.09950314184603
   725 2.87306197135677 2.56548252814129 0.29400196346602
   726 3.37758620458226 2.47606193835473 0.21433249599158
   735 3.61970595978263 2.90084566998567 3.40848657077025
   736 3.38162870867960 2.82306347971881 3.03193061935133
   737 3.74558969127997 1.47088269898167 2.22235410813504
   738 0.04009120116304 1.30762962062109 1.84428812497566
   739 1.82619383061547 0.58372618126357 2.59100023614816
   740 1.98931713221754 0.79562333721747 2.45851218050404
   758 2.12443869716811 3.94972157770727 1.71075541065211
   760 3.26086767541128 2.29901838418112 3.19899097709251
   761 3.65389997085594 2.37763138332350 3.64341218137245
   762 0.14609768846027 1.70542868434618 3.93197239747362
   764 0.08417134781654 1.98583286719096 3.55043789247044
   777 3.23280270493259 0.09205834330868 3.74278260656604
   780 1.74566703677716 0.69710586326293 1.25107342929819
   783 1.65615499329768 3.71146939581560 1.82465976911809
   784 1.82144440469791 3.74764877937898 1.63643339937456
   791 1.84730407304140 2.95918323592880 2.17562999087902
   792 1.43296658913592 2.60333814305092 2.34883562864510
   795 3.57865188046155 2.76905208725193 0.05199609152383
   796 3.74473143087744 2.61672710695595 3.66563520480371
   797 1.81181123004525 1.52982169651645 2.33791473931127
   798 1.41500774625675 1.78920008327582 2.41526943515960
   799 3.45499493561912 3.48478781064568 0.01778015679391
   800 3.18324988473486 3.57685819697891 0.01953104566722
   806 0.84599738845490 3.13409129431317 3.98322411117724
   816 0.48882056479683 1.76879693526666 3.98465647996546
   817 0.43314867505183 2.09612205568603 3.52582709960785
   819 0.09265802456507 2.39119219562484 2.39508526092021
   821 1.24144032071845 2.65162709389567 1.06776769201755
   822 0.51838239657896 2.87062400481218 2.77372860462790
   826 3.04903955322792 0.55967768551890 0.65789823518424
   837 2.84721507214473 0.35923702499925 0.30030173518919
   838 2.42862565899891 1.20144423555189 0.56511124545319
   839 2.93922295556238 0.84451881253485 0.79759803262858
   842 1.03991812377824 3.76693945010708 3.49093128386650
   844 0.88765621500066 3.71653756244609 3.07621886675417
   847 3.73839480871152 2.05312309552625 0.71394328452218
   854 0.34480635017645 3.00948394010589 3.17716699180665
   862 1.69493623425166 3.11751415618670 3.37831582250522
   866 1.52589337260552 1.29130853729621 0.12569973077182
   869 3.66238348400064 0.07764623315927 3.69081069118106
   870 3.81581804703529 0.38184427741017 3.91241957092836
   871 3.76058875440382 3.43798259065920 0.47536235337842
   874 0.61250191773287 2.71417279084531 2.76033748180922
   877 3.79390948185299 3.80677409322942 3.79175153997029
   881 2.26792279075087 1.10997802359351 0.30367427532193
   882 2.70047048484661 3.63360341451745 1.66945736402682
   883 2.85480816983912 3.67910348059485 1.88762653305501
   884 1.86452189719256 1.09459931563830 0.46979775521569
   885 1.69744298016841 0.79039508257332 0.51095083471110
   890 3.12374661141658 0.99236373670484 1.55764969104025
   899 3.16959507717602 0.77000984294449 2.77049738893265
   900 2.95132899374017 0.93091809898471 3.34071145606514
   903 2.84530652911463 0.54308127930859 3.52580090381701
   904 3.12941681739979 0.36908715732515 3.89648590825408
   905 2.37316269053139 1.81133561191493 2.74195741504440
   907 0.79952753550944 1.56454272672930 0.24449209605841
   908 0.64896124465030 1.60782075635833 3.97925364878577
   909 1.67973268598957 3.25265915509422 1.83454806772630
   910 1.91130101645770 3.28499245774773 1.56683761610656
   911 2.53143249784710 0.92370587912413 3.48673404725785
   912 2.32211449886324 1.31817923356667 3.99525635413472
   913 2.14823355770256 1.08168947080014 2.83467077037708
   914 2.01483210319397 1.52331609322424 2.74151683224697
   915 3.24775550892475 0.93275357070933 1.68745092654874
   916 3.87429581449161 1.07266977114221 1.59861982257655
   917 3.91140944017862 3.25236165328209 2.09293643207594
   918 3.75222240700637 3.38600076364108 2.16315268265568
   920 1.07647923469871 0.43943950963175 1.61249107658029
   922 2.56888137115091 0.60200804211390 3.58931351344300
   923 2.46573387794800 0.54119036571679 0.08570240783996
   926 0.04188524783733 3.58821419769829 3.29575545255858
   927 3.87656888132532 3.99760714872157 3.04298598868013
   928 1.33092379700498 0.82628923657912 1.44129833275690
   933 2.19822437444419 0.19097964408463 2.25591733180661
   938 1.73993824229442 2.31081945342342 0.62639224487929
   941 0.69986687532213 3.54774364492823 3.65673193447693
   942 0.50756389347123 3.47089479144921 3.31121219414831
   946 2.21778797432818 0.83577140546875 1.83668493511138
   948 2.91831772018293 1.11309178606474 1.79395567596856
   949 3.16994353249863 2.73923391779184 1.67162419860817
   952 3.30271894497868 1.33721487072166 1.08069750445683
   954 3.82137665180825 2.94055241283148 1.81187887094944
   955 0.02840861013646 2.36142301592431 2.02491577209867
   957 0.79100123395160 3.89574780048355 2.26114818446292
   958 0.97116875658634 3.90006493174959 2.65925694454169
   959 1.20118697615342 3.19515578788762 3.98458103412666
   960 1.45368819733351 2.89241081345342 3.80968062476525
   966 2.24714203141591 0.64446766209827 2.23927570576672
   970 2.56820229253277 0.02488484107547 2.35168963897851
   971 2.53226407483876 3.85474944787424 2.56920359694092
   972 3.92455140632913 3.92965417234343 1.24730526753454
   977 1.37253327738210 0.28442703887207 3.72868782768222
   978 1.09125679728393 0.21448341356526 3.60342672500384
   980 1.99885435409445 0.12918386061530 2.45154487115960
   982 1.12295595011005 0.09683722655529 2.06210510393233
   983 1.33720436109680 0.13321026041437 2.38102975937428
   984 1.77033399319286 3.94250599548554 2.36296319737127
   989 3.74645167073217 3.90656377721157 1.04678702075130
   992 0.37270675324932 2.73220345668163 1.35385823621376
   995 3.04210794672584 3.60271395072472 0.95025366687048
   997 0.15518696432670 3.74419153593439 0.39059251157974
   998 0.17570118870263 3.94483820305240 0.52495111626972
  1000 0.20760178371734 2.12343703004064 0.87410992359120
  1001 0.29058621926137 2.55466987120354 0.90236075237693
  1002 0.17349294016425 3.88357909120926 0.14952315367203
  1003 0.18610427061666 0.04054058688555 0.21038236218611
  1007 2.72987971838589 1.64186224545849 2.80779124996295
  1010 0.17546762429653 3.43799160582426 1.58877008881310
  1011 0.00011243883101 3.06901290339174 1.50331161581182
  1012 3.13348980202459 2.08534068421656 1.33129185032019
  1015 3.65999044737402 3.07395622551422 1.10403104935886
  1016 3.57918000133905 3.52478634463084 0.89368630358550
  1018 3.00452441968143 0.48048548213774 2.38733452370507
  1019 2.97283929219043 1.82443160672869 3.15503968661546
  1020 2.97471226513475 1.25413157024704 3.46643890313729
  1021 2.83282709949430 1.03526542133137 3.33889400209890
  1022 2.66132993320752 1.15301127197112 2.87530149712493
  1023 2.12366764810863 3.92695440465843 2.65198550997128
  1026 0.58014879446914 2.62135851258168 0.71573888983984
  1028 3.66641752507049 1.96312910770700 2.24207621086985
  1030 2.95699957022129 0.92860182728685 2.54370848024400
  1032 3.14738278051025 1.27465266160379 2.22828649183853
  1036 3.77722881314061 2.10649988860670 1.97088668689703
  1037 3.22299603592312 2.30823295959300 1.78863553967993
  1038 2.87216020517820 0.77350692249625 2.35173566857437
  1039 3.03975560026348 1.05792410289234 1.94506811872716
  1040 3.60071754264857 1.79790375936681 1.10013342926220
  1043 0.91995627975383 3.47878873580896 1.82429195511554
  1047 2.63023613096876 2.87011449547709 1.09325602736207
  1048 0.65573913056810 3.40313587018637 1.47085166483259
  1049 0.74239419075003 2.91129362658690 1.32056543331402
  1050 3.09597512362598 2.79174538539285 1.32557197218394
  1051 2.81734866918400 2.98151857014728 1.28806092315968
  1057 1.55905456424261 3.40166380578728 3.03921050878006
  1059 1.89238586331092 3.69096482051987 2.59754272737321
  1060 3.05913552029092 2.46608140277453 1.08860961606547
  1061 2.77477587137238 2.50943772552982 0.93631067630085
  1071 1.18355287844259 2.36817613858938 3.64201758685926
  1073 1.10314452851437 1.52106610914771 3.27874925816225
  1091 0.57879181705318 0.48572391519307 1.10224978755158
  1096 0.61114073146859 0.13946501294002 0.87617116289367
  1097 0.84111837185317 0.46642809573405 0.34564925147518
  1098 1.63499023252126 2.99085251754340 3.11429809554857
  1100 1.20852621299034 2.37565217582579 3.24671230118603
  1101 0.73540557577523 2.33400458955442 3.22118821163857
  1105 1.58325753985722 1.26916055287583 3.41481636437278
  1106 1.51878956097409 0.74262168956672 3.23687082162396
  1109 1.62914613066033 3.44298935074035 3.31463619921498
  1113 0.63177978558476 2.69733927496459 3.88771863355614
  1115 0.72523831987879 2.45004405627769 3.81312241029752
  1120 1.31441338731811 3.65602206800155 3.60326119948652
  1121 1.51804228916672 0.09834806717168 3.78131014175366
  1122 0.41545483374547 2.61646376354057 3.59098072067909
  1123 0.54628546851036 2.40733499831265 3.54854669476189
  1124 0.61742193943085 0.82906980688012 3.22873239769130
  1125 0.97781433985210 0.47240890062102 3.15907898993845
  1127 1.18569696671593 0.68553149497031 3.02093586045556
  1128 0.88909619100012 1.05467871130508 3.04818171028576
  1131 1.35959754151534 1.79764173935830 0.34576496331028
  1133 2.22947373524002 2.16789188272580 3.96650716040187
  1134 1.80743845453556 2.31158666516390 0.14383614660527
  1135 1.96749136634806 1.45002797427365 3.84152595361854
  1136 1.61249263580568 1.27772909677862 0.24074089732915
  1137 1.86119385415929 1.83699327493966 3.77377612249791
  1138 1.56791587583334 2.02229699811639 3.96878394247466
  1140 2.27794794922768 2.56958162765860 2.94208881827356
  1141 2.43689869013019 2.71207118422087 2.52707071698865
  1142 0.54103724710394 1.05318111211264 0.85106261003598
  1143 0.62775070747533 1.12305366210518 0.40920943644083
  1145 1.83276458992076 2.76837291720231 2.89456726802403
  1146 1.99980078444498 3.01373122081909 2.47889812893203
  1147 0.86252601279813 0.82012229974268 0.51827602469372
  1148 0.73234371897766 0.84494147779069 0.89317985700440
  1164 2.99217572335551 1.78101913320867 2.35006077003487
  1166 2.80084437932671 1.97729407456424 2.11468117850469
  1167 3.28591008903029 2.08173326983721 2.35856021313971
  1168 3.03681746447997 2.25736355457656 2.10589088827609
  1169 1.94270579104367 3.96397302749234 0.70834258779662
  1170 2.26074710937671 3.87428385191992 0.48444441004223
  1172 2.10187187071018 0.17289755519912 0.17458854071593
  1173 1.83098185893400 0.24872722635828 0.34555134081800
  1174 3.92428543109927 1.22401847986765 1.30821073618617
  1176 0.13958975730910 0.94497424105788 0.99782040762920
  1177 3.47937882931920 1.37616711830817 1.03181455916023
  1205 2.80981167106792 0.06894886807698 1.02805833411845
  1206 2.97539864483236 0.29707923424229 1.02599130430736
  1212 2.96555094266214 3.90710459184948 1.14736646063309
  1213 3.17479765246007 0.07257972431039 1.18190102031674
  1229 0.79829140267761 1.63366107476785 1.77759565640703
  1238 0.66790083436334 1.50261545056436 1.08466039847688
  1239 0.99494955774900 1.52330349420495 1.37457339531619
  1332 1.44086396716629 1.96238337001633 0.67328103438488
  1333 1.69163594853905 1.82472847355453 1.03590825780511
  1335 1.32869759066227 1.91787178105865 1.20764596872300
  1336 1.29725870956752 2.15615677014420 0.90043927529357
  1337 1.18639428348622 3.04605044663177 1.85296057534563
  1339 1.03567161072177 2.76202768091875 1.53731963956324
  1345 1.07767240629845 2.77008130142320 2.30944491902331
  1346 0.93098547221245 2.39445136865912 2.00325182888018
  1352 1.83418641468360 3.30841600553891 0.77348573705712
  1354 1.89946425684053 3.05340238763665 1.11467511260230
  1355 1.57426560510930 3.08952578103884 0.61295959171091
  1356 1.57282683300511 2.78031064983921 0.90708708795540
  1377 2.04209532787096 3.77581851141481 3.44597584911699
  1378 1.95870143144681 0.04556229064904 3.62429404808008
  1385 2.15247320556094 0.24230039639831 3.35453351622665
  1386 2.22595811453941 3.99862260157148 3.20518618841027
  1395 3.43542597982363 1.42471107542321 0.36357654338524
  1396 3.65633572077648 1.16148822834832 0.21525276398475
  1400 3.40045666862693 1.24173660469742 0.69121030217282
  1401 3.61349674775561 1.00010556715215 0.54045730078865
  1437 0.17844841970953 1.64147872565825 1.42612029253985
  1439 0.20460920124247 1.65641684899971 1.54660471915270
  1440 0.11049562647175 1.76791356512979 1.39875162328367
  1441 0.13738127305851 1.80902254644578 1.56054373116100
  1450 2.22524964513273 2.92090128327118 3.81378855305356
  1451 2.38585136064358 3.16949824438594 3.92805367170119
  1455 2.22558438854160 3.02428498465621 3.57789695312942
  1456 2.35736917582722 3.24308895603593 3.65402003335396
  1458 0.73166868996027 1.67565953756562 0.87142188525597
  1459 0.95204952766762 2.01677930877718 0.63088879613385
  1460 0.58071987047891 2.00737785084931 0.61003149403467
  1461 0.72156283167632 2.17233788698602 0.55441293364245
edges 766
16      2      0
17      0      8
32     16     41
33     41     37
34     37     18
84     58     59
85     59     52
93     59     47
101     76     72
102     72     14
111     72     69
177    115     47
181     59      0
189    115      8
218    143    139
224    134    136
225    136    147
229    140    136
231    143    140
232    149    156
246    152    163
247    163    157
272    171    191
273    191    169
284    185      2
292    177    180
293    180    185
295    171     18
303    174    177
313    199    198
363    220    215
382    230    243
389    241    236
390    236    243
391    231    240
395    231    241
398    235    240
419    254    174
433    260    261
438    264    261
486     16    295
487    295    290
496    295    288
501    292    288
524    260    199
526     58    185
537    310    191
544    195    311
553    311    315
554    315    310
584    264    332
588    163    336
596    339    284
597    311    339
612    354    346
623    347    346
624    354    315
625    343    347
629    243    356
632    147    356
636    343    143
641    365    358
642    358    364
669    139    347
690    376    241
700    214    380
736     41    396
737    396    394
760     11    364
766    403    336
767    399    403
774    157    405
775    405    403
776    119    410
782    406    410
785    408    288
786    406    408
825    410    220
835    365    422
839    425    215
843    425    422
844    396    295
849    406    425
850    394    408
886    169    436
890    439    440
892    230    439
895    241    439
921    413    447
947    171    457
998     36    473
1021    156    481
1042    488    489
1045     36    488
1048     16    488
1049     14    489
1079    500    502
1081    231    500
1083    236    502
1086    198    502
1109    199    510
1112    149    510
1153    191    524
1172     69    529
1194    413    538
1214    544    545
1218     36    545
1220     37    544
1221     41    545
1242    149    553
1243    261    553
1256    557    559
1260    394    559
1261    354    557
1263    399    559
1289    568    569
1290    553    568
1292    332    568
1293    152    569
1294    134    569
1301    300    571
1307     52    573
1308    277    573
1333    581    582
1336    339    581
1337    403    582
1339    354    582
1355    230    587
1410    115    605
1431    545    611
1432    473    611
1476    115    625
1486    629    630
1487    396    629
1490    290    630
1491     98    630
1492    429    630
1507    635    636
1510    569    635
1512    429    636
1513    332    636
1525    343    640
1528    432    640
1540      2    645
1546    647    648
1547     98    647
1549    429    647
1550    413    648
1552    635    648
1553    649    650
1554    136    649
1557    356    650
1558    587    650
1559    380    650
1584      8    658
1586     11    658
1591    660    662
1595    513    662
1602    394    663
1605    399    663
1612    346    667
1614    582    667
1615    668    669
1617    519    668
1618    291    668
1619    636    669
1621    290    669
1631    673    674
1634    422    673
1635    405    674
1636    663    674
1637    425    674
1648    513    678
1649    605    678
1658    544    681
1660     11    681
1691    691    692
1692    481    691
1693    436    691
1694    231    691
1697    376    692
1705    695    696
1706    310    695
1707    557    695
1708    171    695
1710    559    696
1711     37    696
1716    139    698
1718    529    698
1729    432    701
1760    571    711
1761    538    711
1762    460    711
1779    717    718
1780    524    717
1781    436    717
1782    240    717
1784    174    718
1785    235    718
1800    723    724
1801    481    723
1802    510    723
1803    500    723
1806    195    724
1807    725    726
1808    356    725
1809    538    725
1811    380    726
1813    660    726
1839    735    736
1841    447    735
1842    291    735
1843    152    736
1844    635    736
1845    668    736
1846    737    738
1847    399    737
1850    696    738
1853    739    740
1855    701    739
1856    457    739
1859    169    740
1920    177    758
1922    760    761
1923    152    760
1924    649    760
1925    157    760
1927    380    761
1930    762    764
1932    214    762
1934    761    764
1935    215    762
1937    405    764
1980     98    777
1988    180    780
1989    718    780
1998    783    784
2001    645    783
2002    758    784
2004    185    784
2023    791    792
2024    510    791
2027    724    792
2028    698    792
2037    795    796
2038    726    795
2039    513    795
2040    447    795
2041    761    796
2043    735    796
2044    797    798
2045    169    797
2046    481    797
2048    315    798
2049    724    798
2050    347    798
2051    799    800
2054    447    799
2055    571    800
2056    777    800
2057    413    800
2077    605    806
2106    816    817
2108    762    816
2110    667    817
2111    764    817
2117    581    819
2118    519    819
2119    336    819
2126    625    821
2130    519    822
2133     72    822
2142    358    826
2173    826    837
2176    300    837
2177    838    839
2178    439    838
2180    235    838
2181    440    839
2182    826    839
2183    254    839
2192    842    844
2196     76    844
2199    292    844
2208    660    847
2210    214    847
2232    822    854
2233    291    854
2270    277    866
2278    869    870
2281    406    870
2283    777    869
2284    365    870
2286    513    871
2287    799    871
2296    581    874
2297    822    874
2298     69    874
2307    799    877
2308    869    877
2318    838    881
2322    882    883
2324    758    882
2325    260    882
2326    473    883
2328    264    883
2329    884    885
2331    881    884
2332    235    884
2333    277    885
2335    780    885
2352    254    890
2377    899    900
2378    663    899
2380    629    899
2381    673    900
2391    903    904
2392     98    903
2394    900    903
2395    777    904
2396    837    904
2397    365    904
2399    140    905
2401    156    905
2405    907    908
2407    866    907
2409    220    908
2411    816    908
2412    909    910
2413    791    909
2414    783    909
2416    199    910
2417    784    910
2419    911    912
2420    432    911
2424    881    912
2425    230    912
2426    913    914
2427    432    913
2429    740    913
2430    343    914
2431    905    914
2432    797    914
2433    915    916
2434    611    915
2435    890    915
2437    544    916
2439    738    916
2440    917    918
2442    519    917
2443    489    917
2444    264    918
2445    669    918
2446    488    918
2451     18    920
2454      2    920
2456    922    923
2458    911    922
2459    903    922
2461    881    923
2462    837    923
2470    926    927
2472    877    926
2473    291    926
2474    288    927
2475    869    927
2476    290    927
2478    780    928
2479    920    928
2480    524    928
2495    758    933
2513    502    938
2521    941    942
2523    842    941
2524    806    941
2525    926    942
2526    844    942
2527    854    942
2538    946    948
2540    174    946
2542    890    948
2543    436    946
2545    692    948
2549    261    949
2556    890    952
2557    440    952
2558    376    952
2562    954    955
2564    949    954
2565    917    954
2566    284    955
2568    819    955
2571    957    958
2573     14    957
2574     76    958
2576     16    957
2577    292    958
2578    959    960
2579    806    959
2580     47    959
2583     61    960
2584    862    960
2602    740    966
2603    946    966
2604    933    966
2615    970    971
2617    933    970
2618    883    970
2619    429    971
2621    332    971
2625     36    972
2628     11    972
2638    977    978
2641    573    977
2642    842    978
2644    119    978
2649    739    980
2652    933    980
2654    982    983
2655     18    982
2656    957    982
2657    645    982
2658    457    983
2659    958    983
2662    783    984
2663    980    984
2664    983    984
2679    364    989
2680    972    989
2690    284    992
2696    571    995
2702    997    998
2704    605    997
2705    658    998
2707    871    997
2708    364    998
2711   1000   1001
2714    992   1001
2716    847   1000
2717    662   1001
2718   1002   1003
2719    877   1002
2720    997   1002
2721    941   1002
2722    870   1003
2723    998   1003
2724    119   1003
2740    905   1007
2743   1010   1011
2744    489   1010
2746    972   1010
2747    954   1011
2748    992   1011
2756    376   1012
2759   1015   1016
2760   1011   1015
2762    662   1015
2763    989   1016
2764    995   1016
2765    871   1016
2770    629   1018
2771    970   1018
2772    611   1018
2773   1019   1020
2774    649   1019
2775   1007   1019
2776    157   1019
2777    587   1020
2779    673   1020
2780   1021   1022
2781    911   1021
2782   1020   1021
2783    900   1021
2784    913   1022
2785   1007   1022
2788    980   1023
2790    971   1023
2798    678   1026
2799   1001   1026
2800    625   1026
2805    737   1028
2808    336   1028
2811   1030   1032
2813    899   1030
2815    737   1032
2816   1022   1030
2828   1036   1037
2829    955   1036
2830   1028   1036
2832    949   1037
2834   1012   1037
2835   1038   1039
2836    966   1038
2837   1030   1038
2838   1018   1038
2839    948   1039
2840   1032   1039
2841    915   1039
2843    847   1040
2845   1012   1040
2853    645   1043
2856     14   1043
2863    198   1047
2866    711   1047
2867   1048   1049
2868   1010   1048
2869   1043   1048
2870      8   1048
2871    992   1049
2873    625   1049
2874   1050   1051
2875   1015   1050
2877    949   1050
2878    995   1051
2879   1047   1051
2880    260   1051
2898   1057   1059
2900     76   1057
2902    984   1059
2905   1023   1059
2906   1060   1061
2907    660   1060
2908   1050   1060
2909   1012   1060
2910    725   1061
2911   1047   1061
2912    236   1061
2942    960   1071
2950    346   1073
2953    908   1073
3006    681   1091
3007    920   1091
3020   1096   1097
3021      0   1096
3022   1091   1096
3023    658   1096
3024    573   1097
3026    119   1097
3028    862   1098
3029   1057   1098
3030    529   1098
3034   1100   1101
3035    139   1100
3036   1071   1100
3037    529   1100
3038    667   1101
3040    874   1101
3050   1105   1106
3051    866   1105
3052   1073   1105
3053    640   1105
3054    977   1106
3056    701   1106
3067    862   1109
3070   1057   1109
3077    678   1113
3080    806   1113
3083   1071   1115
3084   1113   1115
3098   1120   1121
3099    842   1120
3100   1109   1120
3101    959   1120
3102    977   1121
3104     52   1121
3105   1122   1123
3106    854   1122
3107    796   1122
3108   1113   1122
3109   1101   1123
3110    817   1123
3111   1115   1123
3112   1124   1125
3115    410   1124
3116    978   1125
3118    408   1124
3119    292   1125
3121   1127   1128
3122    457   1127
3123   1125   1127
3124   1106   1127
3125    557   1128
3126   1124   1128
3127   1073   1128
3139   1133   1134
3141    147   1133
3142     61   1134
3144    243   1133
3145    938   1134
3146   1135   1136
3147    912   1135
3149    640   1135
3150    884   1136
3151   1131   1136
3152    866   1136
3153   1137   1138
3154   1135   1137
3155   1133   1137
3156    143   1137
3157   1131   1138
3158   1134   1138
3159   1071   1138
3162   1140   1141
3164    140   1140
3165    149   1141
3167    134   1140
3168    568   1141
3169   1142   1143
3173    907   1143
3176    220   1143
3178   1145   1146
3179   1098   1145
3180   1140   1145
3181    698   1145
3182   1059   1146
3183   1141   1146
3184    791   1146
3185   1147   1148
3186   1097   1147
3187   1143   1147
3188    277   1147
3189   1091   1148
3190   1142   1148
3191    928   1148
3241   1164   1166
3243   1007   1164
3245    156   1166
3246   1032   1164
3248    692   1166
3249   1167   1168
3250   1028   1167
3251   1164   1167
3252    163   1167
3253   1037   1168
3254   1166   1168
3255    553   1168
3256   1169   1170
3259     58   1169
3260    460   1170
3262    180   1169
3263    300   1170
3265   1172   1173
3266    923   1172
3267   1170   1172
3269    885   1173
3270   1169   1173
3271     52   1173
3273   1174   1176
3275    916   1174
3277    681   1176
3280   1142   1176
3282   1040   1177
3283   1174   1177
3284    952   1177
3370   1205   1206
3372    177   1205
3373    254   1206
3375    300   1205
3376    826   1206
3393   1212   1213
3394    882   1212
3395    995   1212
3396   1205   1212
3397    473   1213
3398    989   1213
3399   1206   1213
3446    311   1229
3449    310   1229
3475   1238   1239
3476   1142   1238
3479    524   1239
3480   1229   1239
3777   1332   1333
3780    938   1332
3781    500   1333
3783   1131   1332
3784    240   1333
3786   1335   1336
3787   1239   1335
3788   1333   1335
3789    195   1335
3791   1332   1336
3792    821   1336
3794   1337   1339
3796    909   1337
3798    821   1339
3799   1043   1337
3801   1049   1339
3818   1345   1346
3819   1337   1345
3820     69   1345
3821    792   1345
3822   1339   1346
3823    339   1346
3824    195   1346
3842   1352   1354
3844    460   1352
3846    198   1354
3847     58   1352
3849    910   1354
3850   1355   1356
3851     47   1355
3852   1352   1355
3853     61   1355
3854    821   1356
3855   1354   1356
3856    938   1356
3921   1377   1378
3925   1172   1378
3927   1109   1377
3928   1121   1378
3946   1385   1386
3947    922   1385
3948   1378   1385
3949    701   1385
3950    647   1386
3951   1377   1386
3952   1023   1386
3978   1395   1396
3980    587   1395
3981    214   1395
3983    422   1396
3984    215   1396
3994   1400   1401
3995   1395   1400
3996    440   1400
3997   1177   1400
3998   1396   1401
3999    358   1401
4000   1176   1401
4114   1437   1439
4116   1238   1437
4118   1229   1439
4119   1174   1437
4121    738   1439
4122   1440   1441
4123   1040   1440
4124   1437   1440
4125   1000   1440
4126   1036   1441
4127   1439   1441
4128    284   1441
4154   1450   1451
4155    147   1450
4157     61   1450
4158    538   1451
4160    460   1451
4170   1455   1456
4171    862   1455
4172    134   1455
4173   1450   1455
4174   1377   1456
4175    648   1456
4176   1451   1456
4179   1458   1459
4181    907   1458
4182   1131   1459
4184   1238   1458
4185   1336   1459
4186   1460   1461
4187   1000   1460
4188   1458   1460
4189    816   1460
4190   1026   1461
4191   1459   1461
4192   1115   1461
polygons 447
0   1540   2451   2454   2655   2657
3     16     17   1540   2853   2869   2870
4     16   2454   3007   3021   3022
5   2573   2656   2657   2853   2856
7     32     33     34   2576   2655   2656
10   1584   1586   2628   2746   2868   2870
11     17   1584   3021   3023
13   1586   1660   3006   3022   3023
15   1214   1218   1658   1660   2625   2628
16   1049   2744   2856   2868   2869
17   1042   1048   1049   2573   2576
18     32   1045   1048   1218   1221
19     34   1220   1658   2451   3006   3007
21   1042   1045   2625   2744   2746
22     33   1214   1220   1221
23   3844   3852   3853   4154   4157   4160
27   3260   3267   3921   3925   4160   4174   4176
28     84     85   3259   3270   3271
29   3256   3259   3260   3844   3847
30   3104   3265   3271   3925   3928
31   2578   2584   3067   3100   3101
32     85     93   2580   3098   3101   3104
33     93     84   3847   3851   3852
34   2578   2580   2583   3851   3853
36   2583   2584   4157   4171   4173
37   2574   2659   2664   2898   2900   2902
38    101    102   2571   2573   2574
39   2001   2414   2853   3796   3799
40   2023   2413   3796   3819   3821
42    102    111   2856   3799   3819   3820
43   2413   2414   2662   2902   3182   3184
44   1172   1718   2028   3820   3821
45    111    101   1172   2900   3029   3030
47   1486   1492   2615   2619   2770   2771
48   2380   2770   2813   2837   2838
49   1491   1492   1547   1549
51   2394   2458   2459   2781   2783
54   1547   2392   2459   3946   3947   3950
56   1729   2420   2458   3947   3949
57   1549   2619   2790   3950   3952
58   1853   2602   2604   2649   2652
60   2420   2427   2780   2781   2784
61   1729   1853   1855   2427   2429
62   2429   2602   2784   2816   2836   2837
63   1486   1491   2377   2380   2392   2394
67    177   1410   2077   2579   2580
68   1307   2641   3102   3104
69     85    181   1307   3020   3021   3024
70   2638   2641   2644   3024   3026
71    177    189     17    181     93
73    189   1410   1584   2702   2704   2705
75   2638   2642   3098   3099   3102
76   2523   2524   2579   3099   3101
77   2523   2642   2644   2718   2721   2724
78   2705   2723   2724   3020   3023   3026
81   2077   2524   2704   2720   2721
82   2583   2942   3142   3158   3159
83   1716   1718   3035   3037
84    218   3035   3036   3153   3156   3159
85   3139   3141   3142   4155   4157
86   2584   2942   3028   3030   3036   3037
87    224    225   4155   4172   4173
88    229    224   3164   3167
89   3028   3167   3179   3180   4171   4172
90    218    231   1716   3164   3180   3181
91    229    231    225   3141   3155   3156
92    232   1242   3245   3254   3255
93    232   2399   2401   3162   3164   3165
94   1242   1290   3165   3168
95    246    247   1923   1925
96    224   1293   1294   1554   1923   1924
97   1924   1925   2774   2776
100   1289   1294   3162   3167   3168
101    246   1289   1290   1293   3249   3252   3255
102   2401   2740   3241   3243   3245
103    247   2775   2776   3243   3251   3252
104    229   1554   2399   2740   2774   2775
107   1856   2649   2658   2663   2664
108    272    273    947   1853   1856   1859
109    273    886   1153   1780   1781
110    886   1859   2543   2602   2603
111    284   1540   1998   2001   2004
112    292    293   1920   2002   2004
114    295    272   1153   2451   2479   2480
115    295    947   2654   2655   2658
119    303   1920   2495   2540   2603   2604
121   1779   1780   1989   2478   2480
122    292    303   1784   1988   1989
123   1779   1781   1784   2540   2543
124    284    293   1988   2454   2478   2479
125   1998   2002   2495   2652   2662   2663
126    313   1079   1086   1109   1802   1803
127   1800   1803   1806   3781   3788   3789
128   1086   2513   3846   3855   3856
129   1109   2024   2412   2413   2416
130   1806   2027   3818   3821   3824
131   2412   3794   3796   3798   3849   3854   3855
133   3786   3789   3792   3798   3822   3824
134    313   2416   3846   3849
135   1932   2108   2210   2716   4187   4189
136   2210   2843   3282   3981   3995   3997
139   3273   3280   3476   4116   4119
141   2405   2411   4181   4188   4189
143   3169   3173   3476   4181   4184
145    363   3169   3176   3280   3984   3998   4000
146   2405   2409   3173   3176
148   1932   1935   3978   3981   3984
149    363   1935   2108   2409   2411
150   4116   4124   4125   4184   4187   4188
151   2578   2579   2942   3080   3083   3084
152   1172   2298   3034   3037   3040
154   3028   3029   3067   3070
155   2192   2196   2900   3070   3099   3100
156    101   2133   2196   2232   2526   2527
159    111   2133   2297   2298
160    892   2178   2318   2424   2425
161    382   2425   3144   3147   3154   3155
162    389    390    382    892    895
163    391   1081   3781   3784
164    395    398    391    895   2178   2180
165    389    395   1079   1081   1083
166    390   1083   2513   3139   3144   3145
167   2331   2424   3146   3147   3150
169    398   2332   3150   3151   3777   3783   3784
171   2180   2318   2331   2332
173   1432   2352   2434   2435   3373   3397   3399
174   1920   2324   3372   3394   3396
176    419    303   3370   3372   3373
178    419   2352   2538   2540   2542
179   2435   2542   2839   2841
180   1432   2326   2618   2771   2772
181   2434   2772   2835   2838   2841
182   2325   2878   2880   3394   3395
183    433   2549   2874   2877   2880
184    438    433   2322   2325   2328
185    438   2440   2444   2549   2564   2565
186   2443   2565   2743   2744   2747
187   2564   2747   2760   2875   2877
188    998   2625   2680   3397   3398
191    998   1045   2326   2328   2444   2446
192   1528   1729   3050   3053   3056
193   2270   2329   2333   3150   3152
194   2456   3266   3925   3947   3948
195   1307   1308   2333   3269   3271
199   1308   2270   2641   3050   3051   3054
200   3054   3056   3102   3928   3948   3949
201   2714   2717   2748   2760   2762
202   2690   2711   2714   4122   4125   4128
203   2832   2834   2877   2908   2909
204   2208   2843   2845   2907   2909
205   2566   2829   4126   4128
207   2562   2566   2690   2747   2748
210   2196   2199   2574   2577
211    486    487   1048   1621   2445   2446
212    102   1049   2130   2133   2442   2443
213   1617   1618   2130   2232   2233
214   1615   1618   1621   2470   2473   2476
215    487    496   2474   2476
216   2233   2473   2525   2527
217    501    496    486   2571   2576   2577
219    501   2199   2470   2474   2525   2526
223   1301   2696   3375   3395   3396
224   1760   2696   2866   2878   2879
226   1301   1760   1762   3260   3263
227    292   3256   3262   3263   3372   3375
228   1762   2863   2866   3842   3844   3846
230    524   2002   2324   2325   2416   2417
231    313    524   2863   2879   2880
234    526   2004   2417   3842   3847   3849
235    293    526   3259   3262
240    537   1153   3449   3479   3480
241   1780   1782   3479   3784   3787   3788
243    544   3446   3480   3787   3789
244   1081   1692   1694   1801   1803
246    391   1693   1694   1781   1782
248    553    554   3446   3449
249    554    273    537   2044   2045   2048
250    544    553   1806   2048   2049
251    886   1692   1693   2045   2046
253   2039   2040   2054   2286   2287
254   1841   1842   2054   2307   2472   2473
255   1842   2043   2233   3106   3107
257   2472   2521   2525   2719   2721
258   1648   1649   2286   2704   2707
261   1293   1510   1843   1844
262   1289   1292   1507   1510   1513
263    438    584   1243   1290   1292
264    584   1513   1619   2444   2445
265    588   2808   3250   3252
266   1243   2549   2832   3253   3255
267   2119   2568   2808   2829   2830
268    588    246   1617   1843   1845   2118   2119
269   1507   1615   1619   1844   1845
270   2126   2873   3798   3801
271   2714   2799   2800   2871   2873
272    596   2690   2871   3801   3822   3823
273    544    597   3823   3824
274    596    597   3446   4118   4127   4128
275   1525   1528   2426   2427   2430
276    537    272   1706   1708
277   1859   2045   2426   2429   2432
279    612   1261   2950   3125   3127
280    947   1707   1708   3121   3122   3125
281   1855   1856   3056   3122   3124
284    623    612    624   2048   2050
285    625   2044   2050   2430   2432
286    623    625   1525   2950   3052   3053
287    624    554   1261   1706   1707
289   1355   2419   2425   2777   2781   2782
290    382    629   1355   1557   1558
291    632    629   3141   3144
294    636   1525   3149   3154   3156
295    231    636   2399   2430   2431
296    632    225   1553   1554   1557
297    641   2142   2173   2396   2397
298    642   2142   2679   3376   3398   3399
299    641    642   2284   2708   2722   2723
300   2679   2702   2707   2708   2763   2765
301   1301   2055   2056   2176   2395   2396
302   2051   2055   2287   2696   2764   2765
303   2173   2176   3370   3375   3376
304   2278   2283   2284   2395   2397
305   2270   2407   3173   3187   3188
306   2333   2335   2478   3185   3188   3191
307   3783   3791   4182   4185
309   1785   1989   2329   2332   2335
310   2480   3190   3191   3475   3476   3479
311   2407   3151   3152   4179   4181   4182
313    398   1779   1782   1785
314   1021   2046   2401   2431   2432
315    669   1716   2027   2028   2049   2050
316   1112   2024   3165   3183   3184
319    232   1021   1112   1801   1802
320    669    218    636    625
322   3142   3145   3850   3853   3856
323   1083   1086   2863   2911   2912
326   1761   1762   4158   4160
327   1761   1809   2866   2910   2911
328    629    390   1808   2910   2912
329    632   1808   1809   4154   4155   4158
331   1292   2621   2790   2905   3168   3182   3183
332   1512   1513   2619   2621
333   1294   1510   1552   4170   4172   4175
334    690    389   2756   2906   2909   2912
335   1557   1559   1807   1808   1811
336   1807   1813   2906   2907   2910
338    890    892   1355   3980   3995   3996
339    700   1558   1559   3980   3981
341   2558   2756   2845   3282   3284
342    690    890    895   2557   2558
343    700   1811   1813   2208   2210
345   2557   3284   3996   3997
348   1846   2433   2439   2815   2840   2841
349   2545   2839   2840   3241   3246   3248
350   2805   2815   3246   3250   3251
351   1697   2756   2834   3248   3253   3254
352   2439   3275   4114   4119   4121
353   1697   2542   2545   2556   2558
354   1846   2805   2830   4121   4126   4127
355    433    524   1109   1112   1242   1243
358    584   2328   2615   2618   2621
360   1263   1710   1846   1847   1850
361   1220   1711   1850   2437   2439
362   1260   1263   1602   1605
363     33    736    737   1260   1710   1711
364    736   1221   1431   1487   2770   2772
365    737   1487   1602   2378   2380
369   1605   1847   2378   2811   2813   2815
372   1410   1476   1649   2798   2800
373   3083   3157   3159   4182   4191   4192
376    177   1476   2126   3850   3851   3854
378    189   1476   2867   2870   2873
380   1595   2286   2759   2762   2765
382    760   1586   2705   2708
384   1595   1648   2717   2798   2799
386    760   2628   2679   2680
387    597    553    624   1333   1336   1339
388    596   1336   2117   2566   2568
389    766   1333   1337   2117   2119
390    767   1256   1261   1263   1337   1339
391    766    767   1847   2805   2808
393   1705   1706   1850   3449   4118   4121
395   2785   2811   2816   3243   3246
397   2381   2779   2782   2783
398    774   1631   1635   2773   2776   2779
399    775    767   1605   1635   1636
400    774    247    588    766    775
401    776   2644   3112   3115   3116
402    782    776   2281   2722   2724
403   2192   2199   2642   3116   3119
404    785    501   3112   3118   3119
405    782    786   3115   3118
406    786    785   2278   2281   2474   2475
407   2308   2470   2472   2475
408   1194   1760   1761   2055   2057
409   1194   1550   4158   4175   4176
411   1546   1547   1550   1980   2056   2057
412   2176   2462   3263   3266   3267
414   1980   2391   2392   2395
417   1612   2106   2110   2411   2950   2953
418    623    669   1612   3034   3035   3038
420   1591   1595   1813   2038   2039
422    921   2051   2054   2057
423    921   1194   1807   1809   2038   2040
424   1934   2041   2111   3105   3107   3110
425    774   1922   1925   1934   1937
426   1839   1843   1922   1923   2041   2043
427   1333   1614   2296   3038   3040
428   2117   2118   2130   2296   2297
429   1618   1839   1842   1845
430    775   1337   1614   1937   2110   2111
432   2638   3054   3116   3123   3124
434   2577   2658   2659   3119   3122   3123
436   1553   1559   1922   1924   1927
437   1811   1927   2037   2038   2041
439    921   1550   1552   1839   1841   1844
440   1490   1492   1512   1619   1621
441   1490   1491   1980   2283   2475   2476
444   1336   2296   2298   3818   3820   3823
445   1988   2335   3262   3269   3270
446   1308   3024   3186   3188
447    284    526     84    181     16
449    776    825   3026   3176   3186   3187
450    825   2409   2953   3115   3126   3127
454   2173   2177   2182   2318   2461   2462
456   1634   2777   2779   3978   3980   3983
458    835   1634   2381   2391   2394   2397
460   2142   2181   2182   3994   3996   3999
461    641    835   3983   3998   3999
462    839   1635   1637   1930   1935   1937
463    700   1927   1930   1932   1934
466    839    843   3983   3984
467    843   1631   1634   1637
468    844    487   1486   1487   1490
469     32    486    844    736
470    998   1218   1431   1432
473   2181   2183   2352   2556   2557
474    419   1784   1785   2177   2180   2183
475    395    690   1691   1694   1697
477   1021   1691   1692   3245   3248
478   2182   2183   3373   3376
479    786    849    850   1602   1636   1637
480    850    737    844    496    785
481    835    843    849   2281   2284
482    760    642   1660   3277   3999   4000
483   3006   3189   3190   3277   3280
484    363    839    849    782    825
485    850   1256   1260   3118   3125   3126
486     34    295   1705   1708   1711
488   1658   2437   3273   3275   3277
489    612   1339   1612   1614
491   1507   1512   1546   1549   1552
492   1528   2419   2420   3147   3149
493   1691   1693   2538   2543   2545
494    890   2177   2178   2181
495   2118   2442   2562   2565   2568
496   1591   2762   2875   2907   2908
497   1841   2037   2040   2043
501   1546   3950   3951   4174   4175
503   2322   2326   3393   3394   3397
506   1800   1801   2044   2046   2049
508   1042   2440   2443   2446
510   2798   3077   3084   4190   4192
511   2110   3038   3109   3110
512   1079   2513   3777   3780   3781
515   1800   1802   2023   2024   2027
516   1648   2037   2039   3077   3107   3108
518   1615   1617   2440   2442   2445
521   1718   3030   3179   3181
523   2001   2654   2657   2662   2664
524   1214   1431   2433   2434   2437
525   2287   2307   2707   2719   2720
527   1256   1705   1707   1710
531   1553   1558   2773   2774   2777
533   1855   2649   2788   3946   3949   3952
536   1649   2077   3077   3080
539   2126   2800   3792   4185   4190   4191
541   3051   3053   3146   3149   3152
542   2023   2028   3178   3181   3184
544   1591   2208   2711   2716   2717
545   1631   1636   2377   2378   2381
547   2051   2056   2283   2307   2308
548   2716   2843   4123   4125
552   2106   3110   3111   4186   4189   4192
553   3780   3791   3792   3854   3856
554   2329   2331   2461   3265   3266   3269
555   2322   2324   2495   2617   2618
556   1930   2106   2108   2111
558   1998   2412   2414   2417
559   3067   3927   4170   4171   4174
562   2521   2524   2527   3080   3106   3108
564   2232   2297   3040   3105   3106   3109
565   2405   2407   2953   3051   3052
566   3145   3157   3158   3780   3783
567   2391   2396   2456   2459   2462
568   2192   2521   2523   2526
571   2426   2431   2740   2784   2785
572   2278   2308   2718   2719   2722
573   2419   2424   2456   2458   2461
574   2377   2780   2783   2813   2816
575   2433   2435   2556   3275   3283   3284
576   2604   2617   2771   2836   2838
577   2479   3007   3189   3191
578   2615   2617   2652   2788   2790
580   2538   2603   2835   2836   2839
581   2562   2564   2828   2829   2832
582   2571   2654   2656   2659
583   2763   2764   3393   3395   3398
584   2680   2743   2746   2759   2760   2763
585   2663   2788   2902   2905
586   2743   2748   2867   2868   2871
587   2759   2764   2874   2875   2878
588   2702   2718   2720   2723
589   2711   2799   4186   4187   4190
590   2898   2905   3070   3927   3951   3952
591   2773   2775   2780   2782   2785
592   2828   2834   2845   4122   4123   4126
593   2828   2830   3249   3250   3253
594   2811   2835   2837   2840
595   3282   3283   4119   4123   4124
596   2867   2869   3794   3799   3801
597   2874   2879   2906   2908   2911
599   2898   3029   3178   3179   3182
600   3020   3022   3185   3186   3189
602   3034   3036   3083   3109   3111
603   3050   3052   3121   3124   3127
609   3098   3100   3921   3927   3928
610   3084   3105   3108   3111
612   3112   3121   3123   3126
613   3146   3151   3153   3154   3157
614   3139   3153   3155   3158
615   3162   3178   3180   3183
616   3169   3185   3187   3190
620   3241   3249   3251   3254
621   3256   3265   3267   3270
622   3273   3283   3994   3997   4000
628   3370   3393   3396   3399
630   3475   3786   3787   4179   4184   4185
631   3475   3480   4114   4116   4118
652   3777   3786   3788   3791
653   3794   3818   3819   3822
656   3842   3850   3852   3855
661   3921   3946   3948   3951
663   3978   3994   3995   3998
671   4114   4122   4124   4127
673   4154   4170   4173   4176
674   4179   4186   4188   4191
cells 64
0      0      3      4      5      7     10     11     13     15     16     17     18     19     21     22
1     23     27     28     29     30     31     32     33     34     36    559    609    621    673
2     37      5     38     39     40     42     43     44     45    521    523    542    582    599
3     47     48     49     51     54     56     57     58     60     61     62     63    533    574    576    578
4     32     67     68     69     70     11     71     73     75     76     77     78     81    588
5     82     83     84     85     86     36     87     88     89     90     91    521    614
6     92     93     94     95     96     97     88    100    101    102    103    104    620
7    107    108     58    109    110    111    112    114    115    119    121    122    123    124      0    125    523
8    126    127    128    129    130    131     40    133    134    512    515    553    652    653
9    135    136    139    141    143    145    146    148    149    150    548    595    622    663
10    151    152     86     45    154     76    155    156     31    159    562    564    568    602    610
11    160    161    162    163    164    165    166    167    169    171    512    566    613    614
12    173    174    176    178    179    119    180    181    503    555    576    580    628
13    182    183    184    185     21    186    187    188    191    503    508    583    584    587
14    167    192    193    194     56    195     30    199    200     68    492    541    554    573
15    201    202    203    204    205    187    207    496    544    548    581    592
16     17    210     38    211    212    213    214    215    156    216    217    219    508    518
17    182    223    174    224    226    227     29    228    230    231    112    134    234    235
18    240    241    163    243    127    244    246    109    248    249    250    251    506
19    253    254    255    216    257    258     81    497    516    525    536    562
20    261    262    263    264    185    265    266    267    268    269    101    495    518    581    593
21    270    271    243    272    202    133    273    150    274    539    589    630    631    671    674
22    275     61    276    249    108    277    279    280    281    284    285    286    192    287    603
23    289    104    290    291    275    294     91    295    296    161     60    492    531    571    591
24    297    298    299    223    300    301    302    303    304    525    547    572    583    588    628
25    121    241    305    169    193    306    307    143    309    310    311    313    616    630    652
26    314    285    315    316     93    319    320    295     90    506    515    542    615
27     85    322     23    228    128    323    326    327    328    329    166    291    656
28    331    154     57    332    333    100     89    262    491    501    559    590    599    615
29    162    334    328    290    335    336    338    339    341    342    343    204    136    345
30    348    349    350    351    179    352    353    341    354    575    592    593    595    620    671
31    129    355    125    331    230    184     43    316     94    358    263    555    558    578    585
32    360    361    362    363    364    365    348     48     22    369    181    524    594
33    322     82    372    307    373    376     34     67    151    510    536    539    553    566
34    372     73    378    380    271     10    258    382    384    201    386    300    584    586
35    387    388    389    390    391    360    267    393    274    205    354    287    248    527
36    395    103    391    369    265    350    397    398    399    400    545    574    591
37     77    401    402    403    404    405    406    257    219    407    568    572
38    408    326    409    411    412    226    414    194     27     54    301    501    567    661
39    311    417    286    373    418    141    294     84    320    511    541    552    565    602    613    674
40    224    336    380    253    302    408    420    422    423    327    496    587    597
41    424    425    426     95    427    428    213    255    429    430    389    400    268    511    564
42    155     37    432    210     75    403    107    200    281    434    533    585    590    609    661
43    436    437    335    439    261    426    423    333    409    296     87     96    329    497    673
44    429    439    269    440    422    254    411    441    214     49    407    491    547
45    428    212    388    272    444    159     42    207     16    186    495    586    596    653
46    445    195     28     69    446      4    235    124    447    306    577    600
47    401    432    199    305    446     70    449    450    146    565    603    612
48    454     51    297    289    160    456    397    458    338    460    461    494    567    573    663
49    456    398    462    148    463    339    425     97    436    466    467    531
50    468    440    211    191    358    364     47     18    469    264    470    332    180
51    353    178    473    474    246    475    123    164    342    313    493    494
52    351    334    266    355    475    231    323    126     92    244    203    183    319    477    165    597
53    445    227    122    474    309    412    171    454    478    303    176    554    621
54    270      3    378    447     71    376     33    111     39    131    234    558    596    656
55    424    384    135    437    420    343    463    510    516    544    552    556    589    610
56    441    406    479    480    468    215    365    414    304    458     63    481    467    545
57    482    483    466    299    382    449     13    402     78    461    145    484    481    600    616
58      7    280    434    363    480    485    404    469    217    486    115    527    582    612
59    477    314    102    277     62    251    349    395    110    493    571    580    594
60    139    483    393    488    352    361    276    240    114    486     19    310    577    631
61     15    482    478    473    460    488    345    470    173    298    188    386    524    575    622
62    387    489    427    130     44    418    315     83    444    273    284    152    250
63    149    484    450    390    489    279    362    485    417    479    405    462    430    399    556
