vertices 383
     0 0.95956557091163 3.85234029286094 1.05099221529256
     2 1.34669579149389 0.02654778914560 1.58421332615636
     8 0.84796265863083 3.74208104918869 1.05307492130533
    11 0.21013356107479 0.14062264801694 1.04335363129010
    14 0.80871910926225 3.55491600661264 2.14421710672527
    16 0.25202157438610 0.13418682203142 2.30395750618476
    18 1.09824298351214 0.48291900975015 1.91199531485448
    36 3.85733326217055 0.08117576767081 1.68925123591366
    37 0.44422909699625 0.60515247471018 2.01051577717433
    41 0.19550769655554 0.27357180972460 2.25372814908569
    47 1.39178102639768 3.29616307635329 0.55565586004850
    52 1.61402465546943 0.19197973132931 0.18903662735809
    58 1.80846818607249 3.70998491823393 0.86374852571337
    59 1.48440504182015 3.70286552703155 0.68658086694416
    61 1.83490627116924 2.81142934026160 0.07190210781065
    69 0.99265304666740 2.88214350660712 2.67450419949354
    72 0.89032045998888 3.08813480027328 2.67046901969554
    76 1.11595582561572 3.61678520682321 2.91015571658942
    98 3.04665082919099 0.17291126609015 3.33015655092254
   115 1.00057666902323 3.21796259635563 0.72024329007336
   119 0.74216028088132 0.42540885567955 0.07878279026790
   134 2.57126611179207 2.66396960990340 3.20835759324045
   136 2.61021320738792 2.32161976233797 3.36810119009814
   139 1.60555387635987 2.13101910318690 3.06759694417395
   140 2.36080728572515 2.16655176087030 3.08462923761406
   143 1.96359660678416 1.92086988184236 3.19562452746580
   147 2.48866276022938 2.33352390704604 3.87950862008180
   149 2.60923239790866 2.53624563244524 2.24087264610858
   152 3.37207088790973 2.65108516058787 3.00006013049184
   156 2.59840238197268 2.08226213699298 2.21474341586389
   157 3.43446940199192 2.11655633004947 3.07924519163514
   163 3.52142302417459 2.25386380777139 2.74395491690263
   169 1.86940605415493 1.12039916073466 2.18603936085633
   171 1.27656078790182 0.89985714146136 2.17141923736056
   174 2.25870793341460 0.66069122191533 1.49313429603486
   177 2.21931232585936 0.22580496260485 1.43141261418856
   180 2.01957237083874 0.19831906867833 1.30753754175473
   185 1.80873852460716 3.93768589522577 1.41848675193003
   191 1.38039974380253 1.04468671745896 2.07343596289912
   195 1.19087248153572 2.21860642966144 1.99401964613002
   198 2.40712759697317 2.85308719855356 1.25837055837698
   199 2.42460322970720 2.98819507164545 1.59718907202194
   214 3.76472993952351 1.89762234048363 0.36855509012796
   215 0.16564038040133 1.30177488432642 3.97436811056851
   220 0.47416641670078 1.23539643626517 0.01721400478494
   230 2.69875896637507 1.63497629113575 0.17210635525839
   231 2.23057561629433 1.92382959726966 1.21210401562222
   235 2.10086959962851 1.21784690681394 0.82163233502565
   236 2.50283447816286 2.16856276385943 0.92918052911093
   240 1.96060032337201 1.61595538877041 1.10988432055406
   241 2.53251102669580 1.97082771664104 1.02271094432884
   243 2.55278335065199 2.11658808307479 0.15002973711177
   254 2.95749471560374 0.70378165893208 1.17904888392638
   260 2.77314437449108 3.07148821107105 1.61962808097223
   261 3.00546239737061 2.92401416520955 1.87535121063317
   264 3.12163854588288 3.29620208300745 2.10860229187646
   277 1.52686306122500 0.85356591757739 0.36257924908540
   284 0.41420911928907 2.29403099208334 1.82297199582526
   288 0.19026163056951 0.23595625074807 2.88356618448808
   290 3.85696269710496 0.00952584563796 2.91960765953494
   291 0.02439605913637 3.12665939095125 3.18357735253467
   292 0.92990148469503 0.01928937910550 2.90777105946795
   295 0.08155925454612 0.23256837893313 2.71815489452288
   300 2.78950326125246 3.94967501249065 0.62219072038735
   310 1.03190917542143 1.38609155563614 2.17255696677708
   311 0.99692763910975 2.02259528737531 2.06055232239652
   315 1.09899758404912 1.69214476560314 2.35707648420680
   332 2.98080751615520 3.25942958716437 2.48245718021285
   336 3.91183929776160 2.13199717590501 2.55358210327963
   339 0.81281515374606 2.26622029187044 2.08803155852402
   343 1.94446742694574 1.66321990065261 2.98448737513337
   346 1.14942227542675 1.75451554102000 3.08873683632258
   347 1.55341992468731 1.87974297702234 2.96376387001540
   354 0.89726082161866 1.65592845142673 2.71599326865171
   356 2.68507916096445 2.24232311030258 0.05269597170366
   358 3.60806318330193 0.66968471983889 0.51824763719349
   364 0.05521074285662 0.11246741309190 0.88554961322355
   365 3.63784116312957 0.61950782376147 0.08631853072436
   376 3.01782176267805 1.88697768716445 1.35104588331621
   380 3.49434225164959 2.29423391869330 0.09777881616183
   394 0.19299959540296 0.94937545440286 2.87747106564073
   396 0.03007228084655 0.36564827966887 2.65099819665710
   399 0.15299513740919 1.33058532885638 2.69245616968525
   403 0.17438638755960 1.82826273099539 2.86168367991738
   405 3.97926980055375 1.82159001864278 3.20952754040984
   406 0.22014985840429 0.88205234912332 3.67335797852851
   408 0.33472522405270 0.80396986640439 3.13830746568165
   410 0.46508545915916 0.91127230366412 3.75371420028538
   413 3.12841425260309 3.34048919712152 3.92041354804121
   422 3.70677080150940 1.01244937719996 3.97041876301357
   425 0.03424261994257 1.11266717650398 3.76080236841192
   429 2.92097757692945 3.89016932155728 2.96106281511219
   432 2.14797583195590 1.00348831077775 3.12184090117949
   436 2.06096183104833 1.10002024198518 1.86490276943562
   439 2.70227557161315 1.46888463837350 0.57105825977097
   440 3.32052970333143 1.23236345914069 0.79246857394333
   447 3.47443220757670 3.18529566114488 3.89942839454561
   457 1.50505281228154 0.57357045386751 2.54281583915998
   460 2.41461619585650 3.45824927099611 0.44136245352792
   473 3.47925039907919 0.13473638328168 1.67805194136297
   481 2.29474122462471 1.91972836878690 1.92186891872180
   488 0.06963605848914 3.68404111515177 2.03607375776897
   489 0.21095273733553 3.51561890647281 1.98163575810753
   500 2.13769054046738 2.05067428551469 1.19170572306565
   502 2.24566390914728 2.23843532006506 1.03800534500869
   510 2.25699313992631 2.71306302007993 1.88905659035039
   513 0.00357309734442 2.95976810616297 0.49779495575876
   519 0.17003838853469 2.88619919651690 2.58535460020034
   524 1.46675077334992 0.99656168810724 1.56464015390614
   529 1.46957021640790 2.67198649089512 3.03218576155073
   538 2.79275224858603 3.16721409822161 0.14944634675739
   544 0.18734881600893 0.61328800891040 1.68452959476506
   545 3.90394882507800 0.30235643393644 1.82393016248103
   553 2.91377441605680 2.62318682082052 2.20731608677997
   557 0.79863754399677 1.34279751103072 2.66637602490273
   559 0.34801017706179 1.20600643576318 2.64466125232548
   568 2.90259514042859 2.86355121289879 2.53670126579515
   569 3.12618353816175 2.85555937068148 2.94132904808158
   571 2.93125645478909 3.66421704353667 0.58323104379202
   573 1.44247216057522 0.40657798046114 0.14336652966586
   581 0.52104823665693 2.35530380876403 2.52895269195041
   582 0.57207154709224 1.98489909128819 2.83798999948255
   587 2.94070874005477 1.63915792960375 0.03708367392563
   605 0.74386490734409 3.17051397643100 0.41350793895507
   611 3.51299191407371 0.38534663895662 1.82781226928409
   625 0.96494571885158 2.86352840308009 0.98243682231779
   629 3.28364166580971 0.50573601306756 2.71852642370922
   630 3.17997852091725 0.15386104827159 3.02306379502436
   635 3.16848247017838 2.96849849923246 2.98662127178748
   636 3.17414399951200 3.31092000127932 2.72343442427270
   640 1.90772718552299 1.31341907927868 3.35042956869228
   645 1.34308705491876 3.89769460411887 1.80692910140247
   647 2.81319846267530 3.90845117304517 3.20302447524462
   648 2.83885605327640 3.35331331638215 3.50746622358204
   649 2.97166941834935 2.13987305317814 3.39132943883103
   650 2.96740353494269 2.07962485016759 3.91359766865056
   658 0.54069453910835 0.03726789009837 0.89533856529838
   660 3.64313002170295 2.44950264940510 0.68485711472931
   662 3.94791552555867 2.79275049791201 0.76271946582596
   663 0.02726398990212 1.09167773768873 2.89832207325724
   667 0.76237516831456 2.11511304404576 3.20787048761202
   668 3.86012525200223 3.05934238117734 2.89222598424527
   669 3.69327831440784 3.39903331080785 2.65970910487016
   673 3.25262672085641 1.13927463415138 3.49704548338874
   674 3.86966245958251 1.27884245122948 3.32543525325607
   678 0.57911353729530 2.88958732852545 0.42043394890130
   681 0.36193430281821 0.53925602275700 1.20394979889416
   691 2.37424991932417 1.78231572786667 1.75032033239280
   692 2.80585539340398 1.75086114590317 1.76453577384510
   695 0.92081487061375 1.24818011195295 2.26999817645530
   696 0.47329504693955 1.10980955936092 2.20215139592827
   698 1.62411270465205 2.56704122783241 2.90208179640607
   701 1.96465429450345 0.70847111873932 3.08140185171959
   711 2.68335741857668 3.37620415203809 0.50275038048779
   717 1.79332695562224 1.03546046493152 1.51762063110780
   718 1.97642168189793 0.82231976495666 1.35096434974961
   723 2.06281381021397 2.23027627932340 1.72155011725910
   724 1.49106465228438 2.23574418934934 2.12829836854631
   725 2.96805571653267 2.58487771808916 0.32279948794441
   726 3.47258193437099 2.49545724036428 0.24312943655219
   735 3.71470269378547 2.92023916171725 3.43728370161937
   736 3.47661997224360 2.84245494445942 3.06072359031725
   737 3.84058450555210 1.49026892809974 2.25114985541190
   738 0.13508659153447 1.32701617353496 1.87308162097248
   739 1.92119122396683 0.60311757550265 2.61979366145976
   740 2.08431491775327 0.81501272582730 2.48730849104543
   758 2.21943394285016 3.96910821533142 1.73955383489533
   760 3.35586230943010 2.31841434345682 3.22779160171895
   761 3.74889508320200 2.39702655733292 3.67220829843358
   762 0.24109201121811 1.72482422535548 3.96076993697298
   764 0.17916604520413 2.00522838105737 3.57923445313716
   777 3.32779867748906 0.11145075953600 3.77157656805585
   780 1.84066253810333 0.71649594416423 1.27986537060875
   783 1.75114942561086 3.73085768119964 1.85344973807604
   784 1.91643705119486 3.76703456730088 1.66522810800090
   791 1.94230321244595 2.97857058902356 2.20443187381835
   792 1.52796873907756 2.62272666611529 2.37763273217966
   795 3.67364876713888 2.78844931241928 0.08079246153089
   796 3.83972802929691 2.63612324497423 3.69443071217839
   797 1.90680862865536 1.54920711655679 2.36670657741880
   798 1.51000300036209 1.80859000011834 2.44406217480171
   799 3.54999135944810 3.50418132965178 0.04657283382499
   800 3.27824710212120 3.59625184378109 0.04832397075014
   806 0.94099502056505 3.15348377427515 0.01201899569045
   816 0.58382265550970 1.78819576197681 0.01345569626610
   817 0.52814674884074 2.11552053616955 3.55462329421955
   819 0.18765721433511 2.41058332038979 2.42388191516251
   821 1.33644063983630 2.67101399328015 1.09656058782980
   822 0.61337570400232 2.89001730428630 2.80252584703291
   826 3.14403457166648 0.57906733773652 0.68669247567792
   837 2.94221147917400 0.37862821420282 0.32909824918636
   838 2.52362261104426 1.22083841776100 0.59390990937649
   839 3.03422006542015 0.86390836151178 0.82639310538287
   842 1.13491584097731 3.78633285796106 3.51972530263510
   844 0.98265262054210 3.73593041300698 3.10501326342616
   847 3.83338999342665 2.07251594838542 0.74273970983407
   854 0.43980243157071 3.02887625271244 3.20596146661971
   862 1.78993100886810 3.13690355921430 3.40710865392743
   866 1.62089847058859 1.31070598544839 0.15449344874647
   869 3.75738323835137 0.09703828532254 3.71960226814960
   870 3.91081789635065 0.40123602284353 3.94121168318816
   871 3.85558485616800 3.45737599308730 0.50415682257023
   874 0.70749639098977 2.73356395474562 2.78913448339771
   877 3.88890836250389 3.82616923175433 3.82054177293280
   881 2.36291831033149 1.12937214100339 0.33247075452271
   882 2.79546273324211 3.65298932985619 1.69825881827293
   883 2.94979716011490 3.69848704483059 1.91642030957655
   884 1.95951394026015 1.11399085074057 0.49859371673838
   885 1.79243776476502 0.80978636722731 0.53974557738226
   890 3.21874601338952 1.01175207120083 1.58644588065862
   899 3.26459596199164 0.78939478976609 2.79929289984195
   900 3.04632863343234 0.95030425501174 3.36951052515595
   903 2.94030574503022 0.56247144863443 3.55459922335226
   904 3.22441335372166 0.38847842241282 3.92528061177409
   905 2.46816129863140 1.83072083215951 2.77075597141172
   907 0.89452485584415 1.58395085986654 0.27327835921521
   908 0.74396440838706 1.62722358910138 0.00805209388391
   909 1.77472643521413 3.27204751078592 1.86334244487273
   910 2.00629427317133 3.30437793686036 1.59563409474970
   911 2.62643275127414 0.94309481316276 3.51553099440717
   912 2.41711039360138 1.33757298303548 0.02405463709093
   913 2.24322760230703 1.10107296315157 2.86346285628620
   914 2.10982906249201 1.54270016693206 2.77031058152319
   915 3.34275237869057 0.95214241560495 1.71624447933920
   916 3.96929186135246 1.09205851848277 1.62741408866075
   917 0.00640915830792 3.27175829756323 2.12173087483060
   918 3.84722539488118 3.40539376982972 2.19194436123690
   920 1.17147667892000 0.45882997680628 1.64128577623358
   922 2.66388086088421 0.62139865810099 3.61811082473305
   923 2.56073108046990 0.56058174212351 0.11449819569120
   926 0.13688247783835 3.60760978481084 3.32454973530047
   927 3.97156647364972 0.01699897085586 3.07178166519113
   928 1.42592007316609 0.84568127194004 1.47009168953098
   933 2.29321861820063 0.21036826814824 2.28471388344257
   938 1.83493107848798 2.33021310925607 0.65518966053650
   941 0.79486565597076 3.56713889071578 3.68552501719239
   942 0.60256267382544 3.49029011502742 3.34000631891884
   946 2.31278724346406 0.85516089489857 1.86547853954257
   948 3.01331626724633 1.13247988915430 1.82274980021070
   949 3.26493630731264 2.75862178325335 1.70041845213252
   952 3.39772383780268 1.35660395795659 1.10949287004332
   954 3.91637545808224 2.95994603968763 1.84067230517432
   955 0.12340856784552 2.38081399729242 2.05371000103284
   957 0.88600095949050 3.91514016870063 2.28993890641932
   958 1.06616753994797 3.91945864763064 2.68804375953131
   959 1.29618258355861 3.21454596385668 0.01337635831269
   960 1.54868298401425 2.91180007119197 3.83847553617318
   966 2.34214032900098 0.66385589676019 2.26807123622490
   970 2.66319383442165 0.04427190784668 2.38048584321042
   971 2.62725471715409 3.87413962900069 2.59799685409413
   972 0.01954900896402 3.94904453493591 1.27610031603858
   977 1.46753023503787 0.30382022570897 3.75747953056316
   978 1.18625715666299 0.23387826771206 3.63222114946068
   980 2.09385041870453 0.14857598202239 2.48033907700131
   982 1.21795652822306 0.11622722058967 2.09089400286571
   983 1.43220485539838 0.15260026869442 2.40982029115565
   984 1.86532921411723 3.96189823295853 2.39175608410574
   989 3.84144629164249 3.92595322017103 1.07557900574828
   992 0.46770386747717 2.75159686278751 1.38265467676636
   995 3.13710204814981 3.62210807105577 0.97904905220719
   997 0.25018508805120 3.76358482333847 0.41938748239038
   998 0.27069880165048 3.96423373377670 0.55374753331705
  1000 0.30260004246276 2.14283106589273 0.90290721434439
  1001 0.38558381003419 2.57406311281287 0.93115805931612
  1002 0.26849233690551 3.90297479477590 0.17831383452724
  1003 0.28110331118208 0.05993610483253 0.23917287043175
  1007 2.82487983788019 1.66124627976159 2.83659078973746
  1010 0.27046536975298 3.45738505760011 1.61756635431824
  1011 0.09510884178109 3.08840608063408 1.53210840447431
  1012 3.22848630786384 2.10473003833103 1.36008908646362
  1015 3.75498585396978 3.09334929607049 1.13282648669272
  1016 3.67417568435009 3.54418069917573 0.92248125828284
  1018 3.09952216086874 0.49987064494179 2.41612853987176
  1019 3.06783421431597 1.84381282727112 3.18383555705986
  1020 3.06970921127377 1.27352466527105 3.49523835636827
  1021 2.92782410331308 1.05465374880099 3.36769223817945
  1022 2.75632908755376 1.17239601869828 2.90409736731281
  1023 2.21866325941909 3.94634581247256 2.68077971267122
  1026 0.67514612175214 2.64075145885825 0.74453558557084
  1028 3.76141288103529 1.98251589472786 2.27087371152475
  1030 3.05199844310676 0.94798780994666 2.57250408859323
  1032 3.24238121676678 1.29404055420678 2.25708342863522
  1036 3.87222647475041 2.12588865258176 1.99967960062418
  1037 3.31799229795830 2.32762215279361 1.81743035541772
  1038 2.96715833081317 0.79289349746609 2.38053046548579
  1039 3.13475341378590 1.07731225453106 1.97386184799790
  1040 3.69571468162140 1.81729533950459 1.12893159541422
  1043 1.01495539420686 3.49818318619347 1.85308781575672
  1047 2.72523074764030 2.88950175203657 1.12205584907671
  1048 0.75073543717706 3.42252874944209 1.49964717982270
  1049 0.83738843616714 2.93068601970510 1.34936190733366
  1050 3.19096655293759 2.81113292835852 1.35436927445381
  1051 2.91234097821586 3.00090328814736 1.31685950753240
  1057 1.65404962741471 3.42105457305383 3.06800396851743
  1059 1.98738140048711 3.71035548525502 2.62633685492039
  1060 3.15412887036874 2.48547265285855 1.11740748640976
  1061 2.86976999031225 2.52882860955472 0.96510922612487
  1071 1.27854736629276 2.38756446191443 3.67080997217734
  1073 1.19814522772938 1.54046361531912 3.30754411066629
  1091 0.67378572441946 0.50511593815823 1.13103905832392
  1096 0.70613474343111 0.15886076528752 0.90496015690640
  1097 0.93611635210614 0.48582169502860 0.37444029165481
  1098 1.72998842130484 3.01024527683039 3.14310285791828
  1100 1.30352063753636 2.39504179339739 3.27551031294252
  1101 0.83040140521295 2.35339377024064 3.24998616226667
  1105 1.67826114348807 1.28855446603035 3.44360901452684
  1106 1.61378683407442 0.76201286921688 3.26566432206493
  1109 1.72414070085618 3.46238115689597 3.34343062156915
  1113 0.72677441377967 2.71673194467155 3.91651340448494
  1115 0.82023082429364 2.46943718776778 3.84191821469929
  1120 1.40941109448849 3.67541442295343 3.63205464845478
  1121 1.61304088311841 0.11773824344475 3.81010256481985
  1122 0.51044939057325 2.63585688653153 3.61977570888993
  1123 0.64127930093345 2.42672790852725 3.57734206701013
  1124 0.71242447719361 0.84846693038897 3.25752783120534
  1125 1.07281478468410 0.49180677337708 3.18787220345761
  1127 1.28069202351212 0.70492282321221 3.04973209541031
  1128 0.98409311133722 1.07407036486985 3.07697930687283
  1131 1.45459029696570 1.81702451605095 0.37456086306605
  1133 2.32446993442555 2.18728488011331 3.99530583691264
  1134 1.90243365668654 2.33097855875100 0.17263217888721
  1135 2.06249295216485 1.46941753855009 3.87032485187169
  1136 1.70749275291150 1.29711298764718 0.26954315942030
  1137 1.95618887078239 1.85638123064977 3.80257304811005
  1138 1.66291127857887 2.04168463008364 3.99757772823783
  1140 2.37294575005035 2.58896942382682 2.97088366855955
  1141 2.53189392922337 2.73145211627068 2.55587431735506
  1142 0.63603051325176 1.07257445025309 0.87985626301418
  1143 0.72274668646939 1.14245156723872 0.43799784117500
  1145 1.92777137028944 2.78775484677569 2.92336429561429
  1146 2.09480056372347 3.03311369559971 2.50769475925901
  1147 0.95752401499512 0.83951409828104 0.54706701837531
  1148 0.82733858126485 0.86433251610567 0.92197247366075
  1164 3.08717448542547 1.80040515838110 2.37886273528947
  1166 2.89584156641092 1.99668125768546 2.14348369329241
  1167 3.38091332377970 2.10112339777510 2.38736204675976
  1168 3.13181491049823 2.27675455751569 2.13469183134170
  1169 2.03770211835830 3.98336370021905 0.73713885858870
  1170 2.35574167155023 3.89367490518025 0.51324198622923
  1172 2.19686722576497 0.19228881685270 0.20338491024353
  1173 1.92597827171564 0.26811869171774 0.37434646057097
  1174 0.01928115719128 1.24340932647190 1.33700485307213
  1176 0.23458606676037 0.96436686597992 1.02661239249957
  1177 3.57437822297096 1.39555564227136 1.06061184680354
  1205 2.90480637006319 0.08833854837940 1.05685338284951
  1206 3.07039316369689 0.31646872938336 1.05478601342754
  1212 3.06054548250273 3.92649538681210 1.17616049761823
  1213 3.26979186887564 0.09196995874978 1.21069410436725
  1229 0.89328880800939 1.65305095095931 1.80639003926220
  1238 0.76289783627512 1.52200969010502 1.11345730466011
  1239 1.08994397369430 1.54269519992567 1.40336799810411
  1332 1.53585416302201 1.98177141646873 0.70208124502020
  1333 1.78661910549207 1.84411956547220 1.06470252129950
  1335 1.42369362391592 1.93726392094709 1.23643769526423
  1336 1.39225601774155 2.17554852916177 0.92923547418385
  1337 1.28139420560122 3.06544135928301 1.88175849698318
  1339 1.13067064156257 2.78141840589216 1.56612050617689
  1345 1.17267126693123 2.78947755490966 2.33824350397097
  1346 1.02598436511086 2.41385225377253 2.03204972840052
  1352 1.92918177082427 3.32781055992178 0.80228066122304
  1354 1.99446064080592 3.07278995889909 1.14347752786808
  1355 1.66925650044057 3.10891663347155 0.64175121934195
  1356 1.66781753300760 2.79969343621512 0.93588514377042
  1377 2.13709090402742 3.79520964069436 3.47477064061983
  1378 2.05369753657419 0.06495159132684 3.65308811554831
  1385 2.24747055006106 0.26168867211733 3.38332798896489
  1386 2.32095435349634 0.01801316425680 3.23398216490357
  1395 3.53042133039520 1.44410565018628 0.39237279615792
  1396 3.75133156167274 1.18088486057414 0.24404655161919
  1400 3.49545454139558 1.26112742780124 0.72000692794744
  1401 3.70849333318321 1.01949950224970 0.56925244088174
  1437 0.27344573310974 1.66087196330446 1.45491770931610
  1439 0.29960579419510 1.67580846370211 1.57539670253115
  1440 0.20549425445127 1.78730480095998 1.42755017573939
  1441 0.23237892794466 1.82841177355058 1.58933642216554
  1450 2.32024273024976 2.94028934593070 3.84258699458835
  1451 2.48084569203291 3.18889162461336 3.95685330884741
  1455 2.32057744743915 3.04367585531649 3.60668693388823
  1456 2.45236247525687 3.26248346116408 3.68281132926961
  1458 0.82666176244728 1.69503943216187 0.90023891932789
  1459 1.04704376885514 2.03617158556716 0.65968691638724
  1460 0.67571430810584 2.02677503986605 0.63883148626537
  1461 0.81655674967202 2.19173404286209 0.58321201673719
edges 766
16      2      0
17      0      8
32     16     41
33     41     37
34     37     18
84     58     59
85     59     52
93     59     47
101     76     72
102     72     14
111     72     69
177    115     47
181     59      0
189    115      8
218    143    139
224    134    136
225    136    147
229    140    136
231    143    140
232    149    156
246    152    163
247    163    157
272    171    191
273    191    169
284    185      2
292    177    180
293    180    185
295    171     18
303    174    177
313    199    198
363    220    215
382    230    243
389    241    236
390    236    243
391    231    240
395    231    241
398    235    240
419    254    174
433    260    261
438    264    261
486     16    295
487    295    290
496    295    288
501    292    288
524    260    199
526     58    185
537    310    191
544    195    311
553    311    315
554    315    310
584    264    332
588    163    336
596    339    284
597    311    339
612    354    346
623    347    346
624    354    315
625    343    347
629    243    356
632    147    356
636    343    143
641    365    358
642    358    364
669    139    347
690    376    241
700    214    380
736     41    396
737    396    394
760     11    364
766    403    336
767    399    403
774    157    405
775    405    403
776    119    410
782    406    410
785    408    288
786    406    408
825    410    220
835    365    422
839    425    215
843    425    422
844    396    295
849    406    425
850    394    408
886    169    436
890    439    440
892    230    439
895    241    439
921    413    447
947    171    457
998     36    473
1021    156    481
1042    488    489
1045     36    488
1048     16    488
1049     14    489
1079    500    502
1081    231    500
1083    236    502
1086    198    502
1109    199    510
1112    149    510
1153    191    524
1172     69    529
1194    413    538
1214    544    545
1218     36    545
1220     37    544
1221     41    545
1242    149    553
1243    261    553
1256    557    559
1260    394    559
1261    354    557
1263    399    559
1289    568    569
1290    553    568
1292    332    568
1293    152    569
1294    134    569
1301    300    571
1307     52    573
1308    277    573
1333    581    582
1336    339    581
1337    403    582
1339    354    582
1355    230    587
1410    115    605
1431    545    611
1432    473    611
1476    115    625
1486    629    630
1487    396    629
1490    290    630
1491     98    630
1492    429    630
1507    635    636
1510    569    635
1512    429    636
1513    332    636
1525    343    640
1528    432    640
1540      2    645
1546    647    648
1547     98    647
1549    429    647
1550    413    648
1552    635    648
1553    649    650
1554    136    649
1557    356    650
1558    587    650
1559    380    650
1584      8    658
1586     11    658
1591    660    662
1595    513    662
1602    394    663
1605    399    663
1612    346    667
1614    582    667
1615    668    669
1617    519    668
1618    291    668
1619    636    669
1621    290    669
1631    673    674
1634    422    673
1635    405    674
1636    663    674
1637    425    674
1648    513    678
1649    605    678
1658    544    681
1660     11    681
1691    691    692
1692    481    691
1693    436    691
1694    231    691
1697    376    692
1705    695    696
1706    310    695
1707    557    695
1708    171    695
1710    559    696
1711     37    696
1716    139    698
1718    529    698
1729    432    701
1760    571    711
1761    538    711
1762    460    711
1779    717    718
1780    524    717
1781    436    717
1782    240    717
1784    174    718
1785    235    718
1800    723    724
1801    481    723
1802    510    723
1803    500    723
1806    195    724
1807    725    726
1808    356    725
1809    538    725
1811    380    726
1813    660    726
1839    735    736
1841    447    735
1842    291    735
1843    152    736
1844    635    736
1845    668    736
1846    737    738
1847    399    737
1850    696    738
1853    739    740
1855    701    739
1856    457    739
1859    169    740
1920    177    758
1922    760    761
1923    152    760
1924    649    760
1925    157    760
1927    380    761
1930    762    764
1932    214    762
1934    761    764
1935    215    762
1937    405    764
1980     98    777
1988    180    780
1989    718    780
1998    783    784
2001    645    783
2002    758    784
2004    185    784
2023    791    792
2024    510    791
2027    724    792
2028    698    792
2037    795    796
2038    726    795
2039    513    795
2040    447    795
2041    761    796
2043    735    796
2044    797    798
2045    169    797
2046    481    797
2048    315    798
2049    724    798
2050    347    798
2051    799    800
2054    447    799
2055    571    800
2056    777    800
2057    413    800
2077    605    806
2106    816    817
2108    762    816
2110    667    817
2111    764    817
2117    581    819
2118    519    819
2119    336    819
2126    625    821
2130    519    822
2133     72    822
2142    358    826
2173    826    837
2176    300    837
2177    838    839
2178    439    838
2180    235    838
2181    440    839
2182    826    839
2183    254    839
2192    842    844
2196     76    844
2199    292    844
2208    660    847
2210    214    847
2232    822    854
2233    291    854
2270    277    866
2278    869    870
2281    406    870
2283    777    869
2284    365    870
2286    513    871
2287    799    871
2296    581    874
2297    822    874
2298     69    874
2307    799    877
2308    869    877
2318    838    881
2322    882    883
2324    758    882
2325    260    882
2326    473    883
2328    264    883
2329    884    885
2331    881    884
2332    235    884
2333    277    885
2335    780    885
2352    254    890
2377    899    900
2378    663    899
2380    629    899
2381    673    900
2391    903    904
2392     98    903
2394    900    903
2395    777    904
2396    837    904
2397    365    904
2399    140    905
2401    156    905
2405    907    908
2407    866    907
2409    220    908
2411    816    908
2412    909    910
2413    791    909
2414    783    909
2416    199    910
2417    784    910
2419    911    912
2420    432    911
2424    881    912
2425    230    912
2426    913    914
2427    432    913
2429    740    913
2430    343    914
2431    905    914
2432    797    914
2433    915    916
2434    611    915
2435    890    915
2437    544    916
2439    738    916
2440    917    918
2442    519    917
2443    489    917
2444    264    918
2445    669    918
2446    488    918
2451     18    920
2454      2    920
2456    922    923
2458    911    922
2459    903    922
2461    881    923
2462    837    923
2470    926    927
2472    877    926
2473    291    926
2474    288    927
2475    869    927
2476    290    927
2478    780    928
2479    920    928
2480    524    928
2495    758    933
2513    502    938
2521    941    942
2523    842    941
2524    806    941
2525    926    942
2526    844    942
2527    854    942
2538    946    948
2540    174    946
2542    890    948
2543    436    946
2545    692    948
2549    261    949
2556    890    952
2557    440    952
2558    376    952
2562    954    955
2564    949    954
2565    917    954
2566    284    955
2568    819    955
2571    957    958
2573     14    957
2574     76    958
2576     16    957
2577    292    958
2578    959    960
2579    806    959
2580     47    959
2583     61    960
2584    862    960
2602    740    966
2603    946    966
2604    933    966
2615    970    971
2617    933    970
2618    883    970
2619    429    971
2621    332    971
2625     36    972
2628     11    972
2638    977    978
2641    573    977
2642    842    978
2644    119    978
2649    739    980
2652    933    980
2654    982    983
2655     18    982
2656    957    982
2657    645    982
2658    457    983
2659    958    983
2662    783    984
2663    980    984
2664    983    984
2679    364    989
2680    972    989
2690    284    992
2696    571    995
2702    997    998
2704    605    997
2705    658    998
2707    871    997
2708    364    998
2711   1000   1001
2714    992   1001
2716    847   1000
2717    662   1001
2718   1002   1003
2719    877   1002
2720    997   1002
2721    941   1002
2722    870   1003
2723    998   1003
2724    119   1003
2740    905   1007
2743   1010   1011
2744    489   1010
2746    972   1010
2747    954   1011
2748    992   1011
2756    376   1012
2759   1015   1016
2760   1011   1015
2762    662   1015
2763    989   1016
2764    995   1016
2765    871   1016
2770    629   1018
2771    970   1018
2772    611   1018
2773   1019   1020
2774    649   1019
2775   1007   1019
2776    157   1019
2777    587   1020
2779    673   1020
2780   1021   1022
2781    911   1021
2782   1020   1021
2783    900   1021
2784    913   1022
2785   1007   1022
2788    980   1023
2790    971   1023
2798    678   1026
2799   1001   1026
2800    625   1026
2805    737   1028
2808    336   1028
2811   1030   1032
2813    899   1030
2815    737   1032
2816   1022   1030
2828   1036   1037
2829    955   1036
2830   1028   1036
2832    949   1037
2834   1012   1037
2835   1038   1039
2836    966   1038
2837   1030   1038
2838   1018   1038
2839    948   1039
2840   1032   1039
2841    915   1039
2843    847   1040
2845   1012   1040
2853    645   1043
2856     14   1043
2863    198   1047
2866    711   1047
2867   1048   1049
2868   1010   1048
2869   1043   1048
2870      8   1048
2871    992   1049
2873    625   1049
2874   1050   1051
2875   1015   1050
2877    949   1050
2878    995   1051
2879   1047   1051
2880    260   1051
2898   1057   1059
2900     76   1057
2902    984   1059
2905   1023   1059
2906   1060   1061
2907    660   1060
2908   1050   1060
2909   1012   1060
2910    725   1061
2911   1047   1061
2912    236   1061
2942    960   1071
2950    346   1073
2953    908   1073
3006    681   1091
3007    920   1091
3020   1096   1097
3021      0   1096
3022   1091   1096
3023    658   1096
3024    573   1097
3026    119   1097
3028    862   1098
3029   1057   1098
3030    529   1098
3034   1100   1101
3035    139   1100
3036   1071   1100
3037    529   1100
3038    667   1101
3040    874   1101
3050   1105   1106
3051    866   1105
3052   1073   1105
3053    640   1105
3054    977   1106
3056    701   1106
3067    862   1109
3070   1057   1109
3077    678   1113
3080    806   1113
3083   1071   1115
3084   1113   1115
3098   1120   1121
3099    842   1120
3100   1109   1120
3101    959   1120
3102    977   1121
3104     52   1121
3105   1122   1123
3106    854   1122
3107    796   1122
3108   1113   1122
3109   1101   1123
3110    817   1123
3111   1115   1123
3112   1124   1125
3115    410   1124
3116    978   1125
3118    408   1124
3119    292   1125
3121   1127   1128
3122    457   1127
3123   1125   1127
3124   1106   1127
3125    557   1128
3126   1124   1128
3127   1073   1128
3139   1133   1134
3141    147   1133
3142     61   1134
3144    243   1133
3145    938   1134
3146   1135   1136
3147    912   1135
3149    640   1135
3150    884   1136
3151   1131   1136
3152    866   1136
3153   1137   1138
3154   1135   1137
3155   1133   1137
3156    143   1137
3157   1131   1138
3158   1134   1138
3159   1071   1138
3162   1140   1141
3164    140   1140
3165    149   1141
3167    134   1140
3168    568   1141
3169   1142   1143
3173    907   1143
3176    220   1143
3178   1145   1146
3179   1098   1145
3180   1140   1145
3181    698   1145
3182   1059   1146
3183   1141   1146
3184    791   1146
3185   1147   1148
3186   1097   1147
3187   1143   1147
3188    277   1147
3189   1091   1148
3190   1142   1148
3191    928   1148
3241   1164   1166
3243   1007   1164
3245    156   1166
3246   1032   1164
3248    692   1166
3249   1167   1168
3250   1028   1167
3251   1164   1167
3252    163   1167
3253   1037   1168
3254   1166   1168
3255    553   1168
3256   1169   1170
3259     58   1169
3260    460   1170
3262    180   1169
3263    300   1170
3265   1172   1173
3266    923   1172
3267   1170   1172
3269    885   1173
3270   1169   1173
3271     52   1173
3273   1174   1176
3275    916   1174
3277    681   1176
3280   1142   1176
3282   1040   1177
3283   1174   1177
3284    952   1177
3370   1205   1206
3372    177   1205
3373    254   1206
3375    300   1205
3376    826   1206
3393   1212   1213
3394    882   1212
3395    995   1212
3396   1205   1212
3397    473   1213
3398    989   1213
3399   1206   1213
3446    311   1229
3449    310   1229
3475   1238   1239
3476   1142   1238
3479    524   1239
3480   1229   1239
3777   1332   1333
3780    938   1332
3781    500   1333
3783   1131   1332
3784    240   1333
3786   1335   1336
3787   1239   1335
3788   1333   1335
3789    195   1335
3791   1332   1336
3792    821   1336
3794   1337   1339
3796    909   1337
3798    821   1339
3799   1043   1337
3801   1049   1339
3818   1345   1346
3819   1337   1345
3820     69   1345
3821    792   1345
3822   1339   1346
3823    339   1346
3824    195   1346
3842   1352   1354
3844    460   1352
3846    198   1354
3847     58   1352
3849    910   1354
3850   1355   1356
3851     47   1355
3852   1352   1355
3853     61   1355
3854    821   1356
3855   1354   1356
3856    938   1356
3921   1377   1378
3925   1172   1378
3927   1109   1377
3928   1121   1378
3946   1385   1386
3947    922   1385
3948   1378   1385
3949    701   1385
3950    647   1386
3951   1377   1386
3952   1023   1386
3978   1395   1396
3980    587   1395
3981    214   1395
3983    422   1396
3984    215   1396
3994   1400   1401
3995   1395   1400
3996    440   1400
3997   1177   1400
3998   1396   1401
3999    358   1401
4000   1176   1401
4114   1437   1439
4116   1238   1437
4118   1229   1439
4119   1174   1437
4121    738   1439
4122   1440   1441
4123   1040   1440
4124   1437   1440
4125   1000   1440
4126   1036   1441
4127   1439   1441
4128    284   1441
4154   1450   1451
4155    147   1450
4157     61   1450
4158    538   1451
4160    460   1451
4170   1455   1456
4171    862   1455
4172    134   1455
4173   1450   1455
4174   1377   1456
4175    648   1456
4176   1451   1456
4179   1458   1459
4181    907   1458
4182   1131   1459
4184   1238   1458
4185   1336   1459
4186   1460   1461
4187   1000   1460
4188   1458   1460
4189    816   1460
4190   1026   1461
4191   1459   1461
4192   1115   1461
polygons 447
0   1540   2451   2454   2655   2657
3     16     17   1540   2853   2869   2870
4     16   2454   3007   3021   3022
5   2573   2656   2657   2853   2856
7     32     33     34   2576   2655   2656
10   1584   1586   2628   2746   2868   2870
11     17   1584   3021   3023
13   1586   1660   3006   3022   3023
15   1214   1218   1658   1660   2625   2628
16   1049   2744   2856   2868   2869
17   1042   1048   1049   2573   2576
18     32   1045   1048   1218   1221
19     34   1220   1658   2451   3006   3007
21   1042   1045   2625   2744   2746
22     33   1214   1220   1221
23   3844   3852   3853   4154   4157   4160
27   3260   3267   3921   3925   4160   4174   4176
28     84     85   3259   3270   3271
29   3256   3259   3260   3844   3847
30   3104   3265   3271   3925   3928
31   2578   2584   3067   3100   3101
32     85     93   2580   3098   3101   3104
33     93     84   3847   3851   3852
34   2578   2580   2583   3851   3853
36   2583   2584   4157   4171   4173
37   2574   2659   2664   2898   2900   2902
38    101    102   2571   2573   2574
39   2001   2414   2853   3796   3799
40   2023   2413   3796   3819   3821
42    102    111   2856   3799   3819   3820
43   2413   2414   2662   2902   3182   3184
44   1172   1718   2028   3820   3821
45    111    101   1172   2900   3029   3030
47   1486   1492   2615   2619   2770   2771
48   2380   2770   2813   2837   2838
49   1491   1492   1547   1549
51   2394   2458   2459   2781   2783
54   1547   2392   2459   3946   3947   3950
56   1729   2420   2458   3947   3949
57   1549   2619   2790   3950   3952
58   1853   2602   2604   2649   2652
60   2420   2427   2780   2781   2784
61   1729   1853   1855   2427   2429
62   2429   2602   2784   2816   2836   2837
63   1486   1491   2377   2380   2392   2394
67    177   1410   2077   2579   2580
68   1307   2641   3102   3104
69     85    181   1307   3020   3021   3024
70   2638   2641   2644   3024   3026
71    177    189     17    181     93
73    189   1410   1584   2702   2704   2705
75   2638   2642   3098   3099   3102
76   2523   2524   2579   3099   3101
77   2523   2642   2644   2718   2721   2724
78   2705   2723   2724   3020   3023   3026
81   2077   2524   2704   2720   2721
82   2583   2942   3142   3158   3159
83   1716   1718   3035   3037
84    218   3035   3036   3153   3156   3159
85   3139   3141   3142   4155   4157
86   2584   2942   3028   3030   3036   3037
87    224    225   4155   4172   4173
88    229    224   3164   3167
89   3028   3167   3179   3180   4171   4172
90    218    231   1716   3164   3180   3181
91    229    231    225   3141   3155   3156
92    232   1242   3245   3254   3255
93    232   2399   2401   3162   3164   3165
94   1242   1290   3165   3168
95    246    247   1923   1925
96    224   1293   1294   1554   1923   1924
97   1924   1925   2774   2776
100   1289   1294   3162   3167   3168
101    246   1289   1290   1293   3249   3252   3255
102   2401   2740   3241   3243   3245
103    247   2775   2776   3243   3251   3252
104    229   1554   2399   2740   2774   2775
107   1856   2649   2658   2663   2664
108    272    273    947   1853   1856   1859
109    273    886   1153   1780   1781
110    886   1859   2543   2602   2603
111    284   1540   1998   2001   2004
112    292    293   1920   2002   2004
114    295    272   1153   2451   2479   2480
115    295    947   2654   2655   2658
119    303   1920   2495   2540   2603   2604
121   1779   1780   1989   2478   2480
122    292    303   1784   1988   1989
123   1779   1781   1784   2540   2543
124    284    293   1988   2454   2478   2479
125   1998   2002   2495   2652   2662   2663
126    313   1079   1086   1109   1802   1803
127   1800   1803   1806   3781   3788   3789
128   1086   2513   3846   3855   3856
129   1109   2024   2412   2413   2416
130   1806   2027   3818   3821   3824
131   2412   3794   3796   3798   3849   3854   3855
133   3786   3789   3792   3798   3822   3824
134    313   2416   3846   3849
135   1932   2108   2210   2716   4187   4189
136   2210   2843   3282   3981   3995   3997
139   3273   3280   3476   4116   4119
141   2405   2411   4181   4188   4189
143   3169   3173   3476   4181   4184
145    363   3169   3176   3280   3984   3998   4000
146   2405   2409   3173   3176
148   1932   1935   3978   3981   3984
149    363   1935   2108   2409   2411
150   4116   4124   4125   4184   4187   4188
151   2578   2579   2942   3080   3083   3084
152   1172   2298   3034   3037   3040
154   3028   3029   3067   3070
155   2192   2196   2900   3070   3099   3100
156    101   2133   2196   2232   2526   2527
159    111   2133   2297   2298
160    892   2178   2318   2424   2425
161    382   2425   3144   3147   3154   3155
162    389    390    382    892    895
163    391   1081   3781   3784
164    395    398    391    895   2178   2180
165    389    395   1079   1081   1083
166    390   1083   2513   3139   3144   3145
167   2331   2424   3146   3147   3150
169    398   2332   3150   3151   3777   3783   3784
171   2180   2318   2331   2332
173   1432   2352   2434   2435   3373   3397   3399
174   1920   2324   3372   3394   3396
176    419    303   3370   3372   3373
178    419   2352   2538   2540   2542
179   2435   2542   2839   2841
180   1432   2326   2618   2771   2772
181   2434   2772   2835   2838   2841
182   2325   2878   2880   3394   3395
183    433   2549   2874   2877   2880
184    438    433   2322   2325   2328
185    438   2440   2444   2549   2564   2565
186   2443   2565   2743   2744   2747
187   2564   2747   2760   2875   2877
188    998   2625   2680   3397   3398
191    998   1045   2326   2328   2444   2446
192   1528   1729   3050   3053   3056
193   2270   2329   2333   3150   3152
194   2456   3266   3925   3947   3948
195   1307   1308   2333   3269   3271
199   1308   2270   2641   3050   3051   3054
200   3054   3056   3102   3928   3948   3949
201   2714   2717   2748   2760   2762
202   2690   2711   2714   4122   4125   4128
203   2832   2834   2877   2908   2909
204   2208   2843   2845   2907   2909
205   2566   2829   4126   4128
207   2562   2566   2690   2747   2748
210   2196   2199   2574   2577
211    486    487   1048   1621   2445   2446
212    102   1049   2130   2133   2442   2443
213   1617   1618   2130   2232   2233
214   1615   1618   1621   2470   2473   2476
215    487    496   2474   2476
216   2233   2473   2525   2527
217    501    496    486   2571   2576   2577
219    501   2199   2470   2474   2525   2526
223   1301   2696   3375   3395   3396
224   1760   2696   2866   2878   2879
226   1301   1760   1762   3260   3263
227    292   3256   3262   3263   3372   3375
228   1762   2863   2866   3842   3844   3846
230    524   2002   2324   2325   2416   2417
231    313    524   2863   2879   2880
234    526   2004   2417   3842   3847   3849
235    293    526   3259   3262
240    537   1153   3449   3479   3480
241   1780   1782   3479   3784   3787   3788
243    544   3446   3480   3787   3789
244   1081   1692   1694   1801   1803
246    391   1693   1694   1781   1782
248    553    554   3446   3449
249    554    273    537   2044   2045   2048
250    544    553   1806   2048   2049
251    886   1692   1693   2045   2046
253   2039   2040   2054   2286   2287
254   1841   1842   2054   2307   2472   2473
255   1842   2043   2233   3106   3107
257   2472   2521   2525   2719   2721
258   1648   1649   2286   2704   2707
261   1293   1510   1843   1844
262   1289   1292   1507   1510   1513
263    438    584   1243   1290   1292
264    584   1513   1619   2444   2445
265    588   2808   3250   3252
266   1243   2549   2832   3253   3255
267   2119   2568   2808   2829   2830
268    588    246   1617   1843   1845   2118   2119
269   1507   1615   1619   1844   1845
270   2126   2873   3798   3801
271   2714   2799   2800   2871   2873
272    596   2690   2871   3801   3822   3823
273    544    597   3823   3824
274    596    597   3446   4118   4127   4128
275   1525   1528   2426   2427   2430
276    537    272   1706   1708
277   1859   2045   2426   2429   2432
279    612   1261   2950   3125   3127
280    947   1707   1708   3121   3122   3125
281   1855   1856   3056   3122   3124
284    623    612    624   2048   2050
285    625   2044   2050   2430   2432
286    623    625   1525   2950   3052   3053
287    624    554   1261   1706   1707
289   1355   2419   2425   2777   2781   2782
290    382    629   1355   1557   1558
291    632    629   3141   3144
294    636   1525   3149   3154   3156
295    231    636   2399   2430   2431
296    632    225   1553   1554   1557
297    641   2142   2173   2396   2397
298    642   2142   2679   3376   3398   3399
299    641    642   2284   2708   2722   2723
300   2679   2702   2707   2708   2763   2765
301   1301   2055   2056   2176   2395   2396
302   2051   2055   2287   2696   2764   2765
303   2173   2176   3370   3375   3376
304   2278   2283   2284   2395   2397
305   2270   2407   3173   3187   3188
306   2333   2335   2478   3185   3188   3191
307   3783   3791   4182   4185
309   1785   1989   2329   2332   2335
310   2480   3190   3191   3475   3476   3479
311   2407   3151   3152   4179   4181   4182
313    398   1779   1782   1785
314   1021   2046   2401   2431   2432
315    669   1716   2027   2028   2049   2050
316   1112   2024   3165   3183   3184
319    232   1021   1112   1801   1802
320    669    218    636    625
322   3142   3145   3850   3853   3856
323   1083   1086   2863   2911   2912
326   1761   1762   4158   4160
327   1761   1809   2866   2910   2911
328    629    390   1808   2910   2912
329    632   1808   1809   4154   4155   4158
331   1292   2621   2790   2905   3168   3182   3183
332   1512   1513   2619   2621
333   1294   1510   1552   4170   4172   4175
334    690    389   2756   2906   2909   2912
335   1557   1559   1807   1808   1811
336   1807   1813   2906   2907   2910
338    890    892   1355   3980   3995   3996
339    700   1558   1559   3980   3981
341   2558   2756   2845   3282   3284
342    690    890    895   2557   2558
343    700   1811   1813   2208   2210
345   2557   3284   3996   3997
348   1846   2433   2439   2815   2840   2841
349   2545   2839   2840   3241   3246   3248
350   2805   2815   3246   3250   3251
351   1697   2756   2834   3248   3253   3254
352   2439   3275   4114   4119   4121
353   1697   2542   2545   2556   2558
354   1846   2805   2830   4121   4126   4127
355    433    524   1109   1112   1242   1243
358    584   2328   2615   2618   2621
360   1263   1710   1846   1847   1850
361   1220   1711   1850   2437   2439
362   1260   1263   1602   1605
363     33    736    737   1260   1710   1711
364    736   1221   1431   1487   2770   2772
365    737   1487   1602   2378   2380
369   1605   1847   2378   2811   2813   2815
372   1410   1476   1649   2798   2800
373   3083   3157   3159   4182   4191   4192
376    177   1476   2126   3850   3851   3854
378    189   1476   2867   2870   2873
380   1595   2286   2759   2762   2765
382    760   1586   2705   2708
384   1595   1648   2717   2798   2799
386    760   2628   2679   2680
387    597    553    624   1333   1336   1339
388    596   1336   2117   2566   2568
389    766   1333   1337   2117   2119
390    767   1256   1261   1263   1337   1339
391    766    767   1847   2805   2808
393   1705   1706   1850   3449   4118   4121
395   2785   2811   2816   3243   3246
397   2381   2779   2782   2783
398    774   1631   1635   2773   2776   2779
399    775    767   1605   1635   1636
400    774    247    588    766    775
401    776   2644   3112   3115   3116
402    782    776   2281   2722   2724
403   2192   2199   2642   3116   3119
404    785    501   3112   3118   3119
405    782    786   3115   3118
406    786    785   2278   2281   2474   2475
407   2308   2470   2472   2475
408   1194   1760   1761   2055   2057
409   1194   1550   4158   4175   4176
411   1546   1547   1550   1980   2056   2057
412   2176   2462   3263   3266   3267
414   1980   2391   2392   2395
417   1612   2106   2110   2411   2950   2953
418    623    669   1612   3034   3035   3038
420   1591   1595   1813   2038   2039
422    921   2051   2054   2057
423    921   1194   1807   1809   2038   2040
424   1934   2041   2111   3105   3107   3110
425    774   1922   1925   1934   1937
426   1839   1843   1922   1923   2041   2043
427   1333   1614   2296   3038   3040
428   2117   2118   2130   2296   2297
429   1618   1839   1842   1845
430    775   1337   1614   1937   2110   2111
432   2638   3054   3116   3123   3124
434   2577   2658   2659   3119   3122   3123
436   1553   1559   1922   1924   1927
437   1811   1927   2037   2038   2041
439    921   1550   1552   1839   1841   1844
440   1490   1492   1512   1619   1621
441   1490   1491   1980   2283   2475   2476
444   1336   2296   2298   3818   3820   3823
445   1988   2335   3262   3269   3270
446   1308   3024   3186   3188
447    284    526     84    181     16
449    776    825   3026   3176   3186   3187
450    825   2409   2953   3115   3126   3127
454   2173   2177   2182   2318   2461   2462
456   1634   2777   2779   3978   3980   3983
458    835   1634   2381   2391   2394   2397
460   2142   2181   2182   3994   3996   3999
461    641    835   3983   3998   3999
462    839   1635   1637   1930   1935   1937
463    700   1927   1930   1932   1934
466    839    843   3983   3984
467    843   1631   1634   1637
468    844    487   1486   1487   1490
469     32    486    844    736
470    998   1218   1431   1432
473   2181   2183   2352   2556   2557
474    419   1784   1785   2177   2180   2183
475    395    690   1691   1694   1697
477   1021   1691   1692   3245   3248
478   2182   2183   3373   3376
479    786    849    850   1602   1636   1637
480    850    737    844    496    785
481    835    843    849   2281   2284
482    760    642   1660   3277   3999   4000
483   3006   3189   3190   3277   3280
484    363    839    849    782    825
485    850   1256   1260   3118   3125   3126
486     34    295   1705   1708   1711
488   1658   2437   3273   3275   3277
489    612   1339   1612   1614
491   1507   1512   1546   1549   1552
492   1528   2419   2420   3147   3149
493   1691   1693   2538   2543   2545
494    890   2177   2178   2181
495   2118   2442   2562   2565   2568
496   1591   2762   2875   2907   2908
497   1841   2037   2040   2043
501   1546   3950   3951   4174   4175
503   2322   2326   3393   3394   3397
506   1800   1801   2044   2046   2049
508   1042   2440   2443   2446
510   2798   3077   3084   4190   4192
511   2110   3038   3109   3110
512   1079   2513   3777   3780   3781
515   1800   1802   2023   2024   2027
516   1648   2037   2039   3077   3107   3108
518   1615   1617   2440   2442   2445
521   1718   3030   3179   3181
523   2001   2654   2657   2662   2664
524   1214   1431   2433   2434   2437
525   2287   2307   2707   2719   2720
527   1256   1705   1707   1710
531   1553   1558   2773   2774   2777
533   1855   2649   2788   3946   3949   3952
536   1649   2077   3077   3080
539   2126   2800   3792   4185   4190   4191
541   3051   3053   3146   3149   3152
542   2023   2028   3178   3181   3184
544   1591   2208   2711   2716   2717
545   1631   1636   2377   2378   2381
547   2051   2056   2283   2307   2308
548   2716   2843   4123   4125
552   2106   3110   3111   4186   4189   4192
553   3780   3791   3792   3854   3856
554   2329   2331   2461   3265   3266   3269
555   2322   2324   2495   2617   2618
556   1930   2106   2108   2111
558   1998   2412   2414   2417
559   3067   3927   4170   4171   4174
562   2521   2524   2527   3080   3106   3108
564   2232   2297   3040   3105   3106   3109
565   2405   2407   2953   3051   3052
566   3145   3157   3158   3780   3783
567   2391   2396   2456   2459   2462
568   2192   2521   2523   2526
571   2426   2431   2740   2784   2785
572   2278   2308   2718   2719   2722
573   2419   2424   2456   2458   2461
574   2377   2780   2783   2813   2816
575   2433   2435   2556   3275   3283   3284
576   2604   2617   2771   2836   2838
577   2479   3007   3189   3191
578   2615   2617   2652   2788   2790
580   2538   2603   2835   2836   2839
581   2562   2564   2828   2829   2832
582   2571   2654   2656   2659
583   2763   2764   3393   3395   3398
584   2680   2743   2746   2759   2760   2763
585   2663   2788   2902   2905
586   2743   2748   2867   2868   2871
587   2759   2764   2874   2875   2878
588   2702   2718   2720   2723
589   2711   2799   4186   4187   4190
590   2898   2905   3070   3927   3951   3952
591   2773   2775   2780   2782   2785
592   2828   2834   2845   4122   4123   4126
593   2828   2830   3249   3250   3253
594   2811   2835   2837   2840
595   3282   3283   4119   4123   4124
596   2867   2869   3794   3799   3801
597   2874   2879   2906   2908   2911
599   2898   3029   3178   3179   3182
600   3020   3022   3185   3186   3189
602   3034   3036   3083   3109   3111
603   3050   3052   3121   3124   3127
609   3098   3100   3921   3927   3928
610   3084   3105   3108   3111
612   3112   3121   3123   3126
613   3146   3151   3153   3154   3157
614   3139   3153   3155   3158
615   3162   3178   3180   3183
616   3169   3185   3187   3190
620   3241   3249   3251   3254
621   3256   3265   3267   3270
622   3273   3283   3994   3997   4000
628   3370   3393   3396   3399
630   3475   3786   3787   4179   4184   4185
631   3475   3480   4114   4116   4118
652   3777   3786   3788   3791
653   3794   3818   3819   3822
656   3842   3850   3852   3855
661   3921   3946   3948   3951
663   3978   3994   3995   3998
671   4114   4122   4124   4127
673   4154   4170   4173   4176
674   4179   4186   4188   4191
cells 64
0      0      3      4      5      7     10     11     13     15     16     17     18     19     21     22
1     23     27     28     29     30     31     32     33     34     36    559    609    621    673
2     37      5     38     39     40     42     43     44     45    521    523    542    582    599
3     47     48     49     51     54     56     57     58     60     61     62     63    533    574    576    578
4     32     67     68     69     70     11     71     73     75     76     77     78     81    588
5     82     83     84     85     86     36     87     88     89     90     91    521    614
6     92     93     94     95     96     97     88    100    101    102    103    104    620
7    107    108     58    109    110    111    112    114    115    119    121    122    123    124      0    125    523
8    126    127    128    129    130    131     40    133    134    512    515    553    652    653
9    135    136    139    141    143    145    146    148    149    150    548    595    622    663
10    151    152     86     45    154     76    155    156     31    159    562    564    568    602    610
11    160    161    162    163    164    165    166    167    169    171    512    566    613    614
12    173    174    176    178    179    119    180    181    503    555    576    580    628
13    182    183    184    185     21    186    187    188    191    503    508    583    584    587
14    167    192    193    194     56    195     30    199    200     68    492    541    554    573
15    201    202    203    204    205    187    207    496    544    548    581    592
16     17    210     38    211    212    213    214    215    156    216    217    219    508    518
17    182    223    174    224    226    227     29    228    230    231    112    134    234    235
18    240    241    163    243    127    244    246    109    248    249    250    251    506
19    253    254    255    216    257    258     81    497    516    525    536    562
20    261    262    263    264    185    265    266    267    268    269    101    495    518    581    593
21    270    271    243    272    202    133    273    150    274    539    589    630    631    671    674
22    275     61    276    249    108    277    279    280    281    284    285    286    192    287    603
23    289    104    290    291    275    294     91    295    296    161     60    492    531    571    591
24    297    298    299    223    300    301    302    303    304    525    547    572    583    588    628
25    121    241    305    169    193    306    307    143    309    310    311    313    616    630    652
26    314    285    315    316     93    319    320    295     90    506    515    542    615
27     85    322     23    228    128    323    326    327    328    329    166    291    656
28    331    154     57    332    333    100     89    262    491    501    559    590    599    615
29    162    334    328    290    335    336    338    339    341    342    343    204    136    345
30    348    349    350    351    179    352    353    341    354    575    592    593    595    620    671
31    129    355    125    331    230    184     43    316     94    358    263    555    558    578    585
32    360    361    362    363    364    365    348     48     22    369    181    524    594
33    322     82    372    307    373    376     34     67    151    510    536    539    553    566
34    372     73    378    380    271     10    258    382    384    201    386    300    584    586
35    387    388    389    390    391    360    267    393    274    205    354    287    248    527
36    395    103    391    369    265    350    397    398    399    400    545    574    591
37     77    401    402    403    404    405    406    257    219    407    568    572
38    408    326    409    411    412    226    414    194     27     54    301    501    567    661
39    311    417    286    373    418    141    294     84    320    511    541    552    565    602    613    674
40    224    336    380    253    302    408    420    422    423    327    496    587    597
41    424    425    426     95    427    428    213    255    429    430    389    400    268    511    564
42    155     37    432    210     75    403    107    200    281    434    533    585    590    609    661
43    436    437    335    439    261    426    423    333    409    296     87     96    329    497    673
44    429    439    269    440    422    254    411    441    214     49    407    491    547
45    428    212    388    272    444    159     42    207     16    186    495    586    596    653
46    445    195     28     69    446      4    235    124    447    306    577    600
47    401    432    199    305    446     70    449    450    146    565    603    612
48    454     51    297    289    160    456    397    458    338    460    461    494    567    573    663
49    456    398    462    148    463    339    425     97    436    466    467    531
50    468    440    211    191    358    364     47     18    469    264    470    332    180
51    353    178    473    474    246    475    123    164    342    313    493    494
52    351    334    266    355    475    231    323    126     92    244    203    183    319    477    165    597
53    445    227    122    474    309    412    171    454    478    303    176    554    621
54    270      3    378    447     71    376     33    111     39    131    234    558    596    656
55    424    384    135    437    420    343    463    510    516    544    552    556    589    610
56    441    406    479    480    468    215    365    414    304    458     63    481    467    545
57    482    483    466    299    382    449     13    402     78    461    145    484    481    600    616
58      7    280    434    363    480    485    404    469    217    486    115    527    582    612
59    477    314    102    277     62    251    349    395    110    493    571    580    594
60    139    483    393    488    352    361    276    240    114    486     19    310    577    631
61     15    482    478    473    460    488    345    470    173    298    188    386    524    575    622
62    387    489    427    130     44    418    315     83    444    273    284    152    250
63    149    484    450    390    489    279    362    485    417    479    405    462    430    399    556
