vertices 383
     0 0.97223585497770 3.82180644439926 1.08953864493798
     2 1.35936285740932 3.99601603021480 1.62275725163621
     8 0.86063154564897 3.71154431825964 1.09162091269103
    11 0.22279873185698 0.11008346496808 1.08190254720744
    14 0.82138472988732 3.52437458897726 2.18275891244736
    16 0.26469420196476 0.10364386946738 2.34250114450418
    18 1.11090892730237 0.45238341110394 1.95054166645065
    36 3.87000219568693 0.05064189916749 1.72779827034470
    37 0.45689671385165 0.57461597859994 2.04905542394958
    41 0.20817535115984 0.24304206377580 2.29226353048867
    47 1.40445268677804 3.26563122198848 0.59420113510716
    52 1.62669106740492 0.16144382070223 0.22757846504453
    58 1.82113923589731 3.67945131958450 0.90229051991247
    59 1.49707546736730 3.67233147594561 0.72512407350063
    61 1.84757870862775 2.78089668810522 0.11044589372471
    69 1.00531883404166 2.85160399650079 2.71304497614987
    72 0.90298672683242 3.05758901693418 2.70901286267482
    76 1.12862308505819 3.58625031072018 2.94870471304555
    98 3.05931841830366 0.14237299865673 3.36869192677486
   115 1.01324797771786 3.18742866984080 0.75878972830472
   119 0.75482491518952 0.39486797885806 0.11732765052468
   134 2.58393429344875 2.63343532351256 3.24690135224370
   136 2.62287960694400 2.29108625035045 3.40663856552731
   139 1.61822467088041 2.10048763740895 3.10613761954477
   140 2.37347524523764 2.13602278134489 3.12317013824069
   143 1.97626294460310 1.89034113257017 3.23416336286557
   147 2.50133395689010 2.30298501296042 3.91804808981804
   149 2.62190166735011 2.50572679545217 2.27940834503479
   152 3.38474576222505 2.62053592693442 3.03860489813454
   156 2.61107095297224 2.05173076030421 2.25327816322203
   157 3.44713849800878 2.08602527193477 3.11779046431637
   163 3.53409003281003 2.22333253273516 2.78250629776362
   169 1.88207506597357 1.08985791837716 2.22458272631357
   171 1.28922960548166 0.86931970113947 2.20996228121175
   174 2.27137632529535 0.63015237771228 1.53167561321026
   177 2.23198221177761 0.19527024460278 1.46995603418689
   180 2.03224323614470 0.16778475576204 1.34608209354858
   185 1.82141230952025 3.90715504565157 1.45702941563169
   191 1.39306821880357 1.01414664950218 2.11198024844859
   195 1.20353754294380 2.18806685883273 2.03255833896098
   198 2.41980140151611 2.82255608695741 1.29690814721090
   199 2.43727670064836 2.95766515943563 1.63572340446362
   214 3.77740312743545 1.86708102195244 0.40709470417131
   215 0.17831425269698 1.27122891646124 0.01291008048611
   220 0.48683085553865 1.20485168727885 0.05575384736771
   230 2.71143125717435 1.60443431547318 0.21064488234611
   231 2.24324739243511 1.89330234722220 1.25064650532797
   235 2.11354514536290 1.18730540364554 0.86016421020845
   236 2.51550870887730 2.13802396913813 0.96772465307384
   240 1.97327450987645 1.58543018161991 1.14842672638901
   241 2.54518309168290 1.94029642959239 1.06125306894121
   243 2.56545797216274 2.08604639909560 0.18856986578992
   254 2.97016594388995 0.67324535783670 1.21759013291533
   260 2.78582192905507 3.04096267223460 1.65816276703226
   261 3.01813727860606 2.89348673343068 1.91389516863290
   264 3.13431658484227 3.26567446658909 2.14714922037667
   277 1.53953184560020 0.82302919158925 0.40112065367906
   284 0.42687932299976 2.26349146074366 1.86151115603355
   288 0.20292814673678 0.20541188524436 2.92211291583430
   290 3.86963696323473 3.97898692357778 2.95815525655279
   291 0.03706535478386 3.09611942265092 3.22212074205115
   292 0.94257188820701 3.98874463807754 2.94631981806752
   295 0.09422997755484 0.20202505242978 2.75670792276834
   300 2.80217690413510 3.91913755423231 0.66072833977422
   310 1.04458102861000 1.35555140527946 2.21110262308320
   311 1.00959764177102 1.99206038909287 2.09909079417756
   315 1.11166961391295 1.66160429315372 2.39562125975771
   332 2.99347937528432 3.22890327587741 2.52100304247600
   336 3.92450955892705 2.10146337765140 2.59212259376583
   339 0.82549129755664 2.23567810106590 2.12656844614146
   343 1.95713186052441 1.63269183762489 3.02303567658642
   346 1.16208898767841 1.72397417313890 3.12727838380738
   347 1.56609186518750 1.84920559137959 3.00230207668379
   354 0.90993287698631 1.62538718614238 2.75453528798658
   356 2.69775262213142 2.21177867447342 0.09123586825301
   358 3.62073350920780 0.63914867002442 0.55679236032046
   364 0.06787877886368 0.08192974987449 0.92410052979665
   365 3.65051123919114 0.58897026420789 0.12486112552330
   376 3.03049027945758 1.85644381060844 1.38958654677650
   380 3.50701385525573 2.26368986013775 0.13631921590769
   394 0.20566815623460 0.91882780663054 2.91601333570951
   396 0.04273807039075 0.33512086166038 2.68954200473811
   399 0.16566039644616 1.30005649168571 2.73099442769623
   403 0.18705525316352 1.79772393432908 2.90022292448645
   405 3.99193965338013 1.79105040733702 3.24806667333537
   406 0.23281581140206 0.85150895968961 3.71190319871820
   408 0.34739302663939 0.77342209636208 3.17684932493660
   410 0.47774874492749 0.88072895377465 3.79225822377695
   413 3.14108352857864 3.30994765015006 3.95895655636395
   422 3.71944062701161 0.98190303406842 0.00896197705701
   425 0.04691390794222 1.08211877405022 3.79934421023791
   429 2.93364794338513 3.85963429593682 2.99960542512588
   432 2.16065111684683 0.97295800080692 3.16038971780922
   436 2.07363157443521 1.06948081917645 1.90344579560481
   439 2.71494798764074 1.43834442863618 0.60959743825714
   440 3.33317508290981 1.20182402570576 0.83101759632556
   447 3.48710191541763 3.15475356185461 3.93797140916997
   457 1.51772334774723 0.54303222273052 2.58136176947062
   460 2.42729104680416 3.42771016839740 0.47990117526777
   473 3.49192342037591 0.10420283397098 1.71659796793435
   481 2.30741529613568 1.88920014241859 1.96040959769436
   488 0.08230323551564 3.65350670732038 2.07461782463980
   489 0.22362268817813 3.48507900436149 2.02017630127844
   500 2.15037000755854 2.02013678016669 1.23024970949747
   502 2.25834166604695 2.20789625334982 1.07654922335876
   510 2.26966882432283 2.68253037272784 1.92759946745932
   513 0.01624588238566 2.92922454420409 0.53633854056289
   519 0.18270632091096 2.85565848396948 2.62389432673721
   524 1.47942290173636 0.96602337130758 1.60318448152074
   529 1.48224487659732 2.64145781221632 3.07071674376313
   538 2.80542591168478 3.13667464777834 0.18798452834278
   544 0.20001974678611 0.58275212997897 1.72307256025548
   545 3.91662114474666 0.27182408858347 1.86247483526143
   553 2.92643538320877 2.59266669958407 2.24585538865111
   557 0.81131039101969 1.31225462574610 2.70491584963352
   559 0.36068819001126 1.17546734573050 2.68319645536979
   568 2.91525415074172 2.83302292648828 2.57523636328239
   569 3.13884487976450 2.82502441903854 2.97987359002531
   571 2.94392975757386 3.63367783534694 0.62176853389857
   573 1.45514213584986 0.37603718718696 0.18190913456307
   581 0.53372104508706 2.32476506486651 2.56749444339619
   582 0.58474246745907 1.95435841583477 2.87653208357263
   587 2.95338251979700 1.60861825531153 0.07562074730790
   605 0.75653443540870 3.13997597125307 0.45205154788127
   611 3.52566416203770 0.35481531273107 1.86635729017441
   625 0.97761880387299 2.83299228533898 1.02098532999641
   629 3.29630760655313 0.47520698610144 2.75706829244039
   630 3.19264338187934 0.12332306844946 3.06160853109442
   635 3.18114823445231 2.93796612121963 3.02516729793232
   636 3.18681108794914 3.28038762680237 2.76198037061328
   640 1.92039798785699 1.28288357059029 3.38897369531090
   645 1.35575432861369 3.86715968148134 1.84547690907682
   647 2.82587068923484 3.87791795189502 3.24156429257633
   648 2.85152975214976 3.32277365140179 3.54601293256987
   649 2.98434988188279 2.10933140834943 3.42986489298854
   650 2.98007827620768 2.04908026510168 3.95213746424497
   658 0.55336536237950 0.00672776521205 0.93388781362798
   660 3.65580222123609 2.41896080001619 0.72339921849658
   662 3.96058881135719 2.76220797129344 0.80126135912897
   663 0.03992108373196 1.06114236319569 2.93686656053245
   667 0.77504342755339 2.08456752880446 3.24640857266176
   668 3.87279351666429 3.02880235181149 2.93077084305234
   669 3.70594684543804 3.36849368990277 2.69825518318108
   673 3.26529205272878 1.10873674505329 3.53558272502656
   674 3.88232796356216 1.24830157927233 3.36396924858867
   678 0.59178417868244 2.85904601233024 0.45897772073306
   681 0.37460247390497 0.50872093575793 1.24249907486536
   691 2.38692307096819 1.75178937744545 1.78886473406131
   692 2.81852546399102 1.72033330890164 1.80308083305029
   695 0.93348592971404 1.21763884522562 2.30854528561472
   696 0.48596792839985 1.07927334904594 2.24069725338686
   698 1.63677928824154 2.53651771901116 2.94061993724730
   701 1.97732530311644 0.67793197450725 3.11994841484543
   711 2.69603081489320 3.34566569102322 0.54128877026135
   717 1.80601056786573 1.00492420382402 1.55616810785384
   718 1.98909169171651 0.79177977187468 1.38950612889816
   723 2.07549304416943 2.19973936644672 1.76009396377340
   724 1.50373443326392 2.20520732133792 2.16684004723180
   725 2.98073013627729 2.55433494918665 0.36134050623294
   726 3.48525248814468 2.46491439073573 0.28167139085263
   735 3.72737304770310 2.88969888408627 3.47582429390779
   736 3.48929784475233 2.81191745162948 3.09927065103781
   737 3.85325606040997 1.45973723926894 2.28969259472772
   738 0.14775787967818 1.29648405782217 1.91162500304143
   739 1.93386143136309 0.57257738560575 2.65833775263418
   740 2.09698425098446 0.78447473705550 2.52584904700638
   758 2.23210677965194 3.93857606131270 1.77809146843218
   760 3.36853714097951 2.28787095458221 3.26632996086034
   761 3.76156733983306 2.36648430188154 3.71075006262258
   762 0.25376649493643 1.69428288459337 3.99930892143196
   764 0.19183983048468 1.97468561808089 3.61777598554536
   777 3.34047046016541 0.08091189502270 3.81012067798813
   780 1.85333643798028 0.68596088134205 1.31841030399447
   783 1.76382347477417 3.70032347457323 1.89199894979707
   784 1.92911387153796 3.73650381801531 1.70377054088107
   791 1.95497049306306 2.94803525196072 2.24296435605008
   792 1.54063409578685 2.59219233256612 2.41616998286708
   795 3.68631861829989 2.75790491451430 0.11933406741983
   796 3.85239836107390 2.60557985724831 3.73297316119299
   797 1.91947839004817 1.51867554028137 2.40525360812322
   798 1.52267620810786 1.77805224357199 2.48260750478189
   799 3.56266249240564 3.47364154404327 0.08511876212050
   800 3.29091711765749 3.56571220588143 0.08686949796874
   806 0.95366425291258 3.12294676979813 0.05056160802869
   816 0.59648414265278 1.75765049199805 0.05199085561190
   817 0.54081430239479 2.08497302901645 3.59316540260391
   819 0.20032391725430 2.38004679058203 2.46242285267636
   821 1.34910151094486 2.64048572108300 1.13510633127961
   822 0.62605070007384 2.85947716635885 2.84106548946251
   826 3.15670867194077 0.54853210993881 0.72523504859342
   837 2.95488391692434 0.34809075429482 0.36763722873278
   838 2.53629270002142 1.19029534838584 0.63244700656912
   839 3.04688955329529 0.83337368203785 0.86493516249288
   842 1.14758524708755 3.75579283603531 3.55827062604921
   844 0.99532356494719 3.70539053049815 3.14355665950048
   847 3.84606227780576 2.04197632287174 0.78128111457908
   854 0.45247383718608 2.99833753076899 3.24450524103349
   862 1.80260381761100 3.10637038576540 3.44565470167853
   866 1.63355857501308 1.28016356516522 0.19303151455532
   869 3.77005018806778 0.06649977602546 3.75814931559780
   870 3.92348484557734 0.37069847997707 3.97975766036745
   871 3.86825631700670 3.42683617466718 0.54270068462599
   874 0.72016943084518 2.70302730876073 2.82767427549552
   877 3.90157631297513 3.79562689766254 3.85909072656511
   881 2.37559109513440 1.09883058953281 0.37101171031252
   882 2.80813977979021 3.62245860790581 1.73679280080102
   883 2.96247869059401 3.66795942616104 1.95496428647439
   884 1.97219146999553 1.08345214231043 0.53713515696646
   885 1.80511158702528 0.77924977188660 0.57828789529254
   890 3.23141259343730 0.98121750523921 1.62498669532302
   899 3.27726025777725 0.75886402548795 2.83783486769366
   900 3.05899488246026 0.91976967652482 3.40804770421629
   903 2.95297301841892 0.53193503643671 3.59313670164174
   904 3.23708438161539 0.35794098709970 3.96382341057599
   905 2.48082936524295 1.80018959197145 2.80929642369162
   907 0.90719586035374 1.55339659060682 0.31182588764845
   908 0.75662686081420 1.59667153263149 0.04658822108799
   909 1.78740082311434 3.24151340531667 1.90188492436267
   910 2.01896897598419 3.27384619813071 1.63417383893624
   911 2.63909873615900 0.91256063681408 3.55406996727864
   912 2.42978232944373 1.30703236155868 0.06259511375747
   913 2.25590264892824 1.07054486641208 2.90201215216190
   914 2.12249991924693 1.51217006555866 2.80885751086830
   915 3.35542237956967 0.92160731976152 1.75478828130544
   916 3.98196324093702 1.06152453429749 1.66595689245684
   917 0.01907605328107 3.24121315776827 2.16027518301339
   918 3.85988834256717 3.37485341820830 2.23049198951590
   920 1.18414537699419 0.42829396982290 1.67982777823408
   922 2.67654789553365 0.59086177692047 3.65664965190797
   923 2.57340146267881 0.53004431183710 0.15303799985673
   926 0.14955243486494 3.57706627311811 3.36309339251965
   927 3.98423626252232 3.98645973563364 3.11032335115510
   928 1.43859205638348 0.81514539423128 1.50863537709609
   933 2.30589243839298 0.17983275369381 2.32325338320232
   938 1.84760569592632 2.29967556807502 0.69373698683843
   941 0.80753341785334 3.53659627325324 3.72407113181282
   942 0.61523019142145 3.45974688858430 3.37855025775725
   946 2.32545498690468 0.82462487370357 1.90402202054745
   948 3.02598504705787 1.10194479389682 1.86129406517867
   949 3.27761355469229 2.72808983828839 1.73896344864553
   952 3.41037823727644 1.32606950961313 1.14803701662287
   954 3.92904333846200 2.92940511516204 1.87921818631359
   955 0.13607386831000 2.35027796042856 2.09225460101326
   957 0.89866662329708 3.88460148662968 2.32848589307749
   958 1.07883520755542 3.88891809989104 2.72659596407492
   959 1.30885304380329 3.18401234000826 0.05191852678613
   960 1.56135479549819 2.88126779454942 3.87701907712332
   966 2.35480865407848 0.63331981356977 2.30661303287117
   970 2.67587255880411 0.01373831032762 2.41902558139494
   971 2.63993529282824 3.84360104998176 2.63654100424199
   972 0.03221775489194 3.91850971886915 1.31464149637145
   977 1.48019997198949 0.27327912278000 3.79602756275355
   978 1.19892274409212 0.20333551572989 3.67076519556346
   980 2.10652131433568 0.11803535809071 2.51888238899545
   982 1.23062021407739 0.08569202792294 2.12944319377487
   983 1.44486941055853 0.12206478119478 2.44836844896425
   984 1.87800238221399 3.93135852190474 2.43030140806433
   989 3.85412022952695 3.89541956960752 1.11412561388291
   992 0.48037412130031 2.72105583040208 1.42119628372099
   995 3.14977700813576 3.59156816429108 1.01759092539731
   997 0.26285277671583 3.73304271073430 0.45793159046506
   998 0.28336751608028 3.93369444266302 0.59229448364571
  1000 0.31526929509073 2.11229040800639 0.94144735371025
  1001 0.39825339468828 2.54352259783800 0.96969882777246
  1002 0.28115867659346 3.87243151164315 0.21686005606347
  1003 0.29377043619206 0.02939713458562 0.27772031205367
  1007 2.83754555431381 1.63071671055416 2.87513010044186
  1010 0.28313497840755 3.42684479918113 1.65610816859845
  1011 0.10777979617057 3.05786543239438 1.57064978833326
  1012 3.24115769410606 2.07419485328079 1.39862896853880
  1015 3.76765792842256 3.06280893553076 1.17136969444164
  1016 3.68684764060198 3.51364009409104 0.96102408826955
  1018 3.11219075750470 0.46934041144383 2.45467188041235
  1019 3.08050707534735 1.81328630354877 3.22237972945669
  1020 3.08237875781711 1.24298795943418 3.53377734852698
  1021 2.94049041165491 1.02411920748164 3.40623059063586
  1022 2.76899494903003 1.14186573972866 2.94264179289250
  1023 2.23133397391580 3.91580639787171 2.71932215927027
  1026 0.68781569030988 2.61021159387194 0.78307725232335
  1028 3.77408340046200 1.95198468026279 2.30941486803253
  1030 3.06466640917499 0.91745512416088 2.61104748766029
  1032 3.25505027074734 1.26350720785741 2.29562464877497
  1036 3.88489349593633 2.09535479647674 2.03822612131008
  1037 3.33066451806163 2.29708707950861 1.85597508177899
  1038 2.97982687560422 0.76235902784492 2.41907335261850
  1039 3.14742254419101 1.04677722682395 2.01240514207871
  1040 3.70838454699458 1.78675686819692 1.16747025757877
  1043 1.02762209108139 3.46764263562215 1.89162932405626
  1047 2.73790432367457 2.85897092751442 1.16059173650046
  1048 0.76340616798154 3.39198984318457 1.53818981170187
  1049 0.85006295309232 2.90014693612328 1.38790301745017
  1050 3.20364571403303 2.78060155926837 1.39290924221254
  1051 2.92501828488032 2.97037640253671 1.35539754263714
  1057 1.66672237894612 3.39051757690669 3.10654755156996
  1059 2.00005316380530 3.67981841706207 2.66487958836565
  1060 3.16680497892020 2.45493535884335 1.15594617865006
  1061 2.88244428846357 2.49829212138102 1.00364625289023
  1071 1.29121928765364 2.35703295307230 3.70935846164062
  1073 1.21080951236506 1.50991689765879 3.34608433437918
  1091 0.68645978965189 0.47457905942407 1.16958728988195
  1096 0.71880802485620 0.12832275283842 0.94350962282674
  1097 0.94878532098170 0.45528298303669 0.41298685145606
  1098 1.74265696206367 2.97970692835309 3.18163225197921
  1100 1.31619308739526 2.36450684542164 3.31405011481590
  1101 0.84307265865347 2.32285996526355 3.28852515979643
  1105 1.69092339996975 1.25801255411190 3.48215320337647
  1106 1.62645748671648 0.73147434540641 3.30420838062222
  1109 1.73681404320434 3.43184321263036 3.38197392928208
  1113 0.73944760351511 2.68619287734078 3.95505605788754
  1115 0.83290656796714 2.43889867813938 3.88046032658625
  1120 1.42207810616833 3.64487697020117 3.67060019702018
  1121 1.62570609143836 0.08720349836405 3.84864908108332
  1122 0.52312325490408 2.60531723929197 3.65831894850550
  1123 0.65395325118126 2.39618999337943 3.61588526969829
  1124 0.72508783276285 0.81792079153022 3.29606783059770
  1125 1.08548026377679 0.46126030361947 3.22641582317204
  1127 1.29336449759412 0.67438404122393 3.08827171690429
  1128 0.99676281655145 1.04353143622589 3.11551662431770
  1131 1.46726528529091 1.78650400759765 0.41310588691314
  1133 2.33714080063044 2.15674642920568 0.03384573021994
  1134 1.91510493904905 2.30044270110876 0.21117603435347
  1135 2.07515578905124 1.43888352330093 3.90886475750342
  1136 1.72016046492337 1.26658571049120 0.30807624038889
  1137 1.96886063900804 1.82584959718438 3.84111563117555
  1138 1.67558138451779 2.01115523260239 0.03612540636577
  1140 2.38561409734902 2.55843736226306 3.00942791937016
  1141 2.54456593644425 2.70092890500681 2.59440658311326
  1142 0.64870742218509 1.04203667431037 0.91839907384877
  1143 0.73541885283362 1.11190843835274 0.47654522783584
  1145 1.94042884134592 2.75723031356141 2.96190458805465
  1146 2.10746712571152 3.00258637013696 2.54623567112072
  1147 0.97019387764154 0.80897817397493 0.58561257741936
  1148 0.84001237761221 0.83379808635773 0.96051630443644
  1164 3.09984280221612 1.76987351284577 2.41739757739167
  1166 2.90851176895024 1.96614794045014 2.18201823985189
  1167 3.39357648803597 2.07058671807577 2.42589700320625
  1168 3.14448549593907 2.24621670959922 2.17322847935744
  1169 2.05037170632802 3.95282684896441 0.77567991271076
  1170 2.36841522195396 3.86313646458151 0.55177989821711
  1172 2.20953924189333 0.16175132996984 0.24192351149058
  1173 1.93864792399255 0.23758168698484 0.41288784621844
  1174 0.03195293060960 1.21287308494967 1.37554836185740
  1176 0.24725691390161 0.93382920143454 1.06515832604154
  1177 3.58704605425909 1.36502338428653 1.09915172759417
  1205 2.91748161955097 0.05780252497504 1.09539532668441
  1206 3.08306829674138 0.28593308118546 1.09332844931773
  1212 3.07322002368493 3.89595891336385 1.21470322928515
  1213 3.28246707154893 0.06143451313375 1.24923833134930
  1229 0.90595882844734 1.62251383655031 1.84493279112507
  1238 0.77556838528429 1.49146833572961 1.15199558064173
  1239 1.10261886685638 1.51215587707760 1.44190830012997
  1332 1.54853452635912 1.95124508937330 0.74062742923017
  1333 1.79930077749181 1.81358551261359 1.10324757757062
  1335 1.43636806410267 1.90672672167465 1.27498170357837
  1336 1.40492552852401 2.14501027415214 0.96777617646029
  1337 1.29406033082836 3.03490526550171 1.92029640260569
  1339 1.14333628012777 2.75088361492153 1.60465325636504
  1345 1.18534275365427 2.75893216694946 2.37677528139564
  1346 1.03865536659482 2.38330557134540 2.07058623538535
  1352 1.94185415252555 3.29726982186979 0.84082258533996
  1354 2.00713106080204 3.04225870739224 1.18200953048154
  1355 1.68193541027455 3.07838123588978 0.68029816377301
  1356 1.68049637986813 2.76917105808242 0.97442206262558
  1377 2.14976235042423 3.76467236515284 3.51331322930470
  1378 2.06636855860806 0.03441700708240 3.69163106390867
  1385 2.26013965142668 0.23115439598619 3.42187083657125
  1386 2.33362456807739 3.98747552464645 3.27252338643157
  1395 3.54309442446581 1.41356357911890 0.43091481962474
  1396 3.76400297370375 1.15034179881921 0.28259272183730
  1400 3.50812464309889 1.23059142659893 0.75854554338178
  1401 3.72116418691461 0.98896085027903 0.60779465939036
  1437 0.28611442946058 1.63033247535256 1.49345818195171
  1439 0.31227450927950 1.64527067763590 1.61394103808050
  1440 0.21816306474914 1.75676486978251 1.46609012812675
  1441 0.24504810765000 1.79787299559497 1.62787922202316
  1450 2.33291784024605 2.90975879869406 3.88112627297871
  1451 2.49351820343738 3.15835216576384 3.99538988169256
  1455 2.33325279674687 3.01314079646854 3.64523841323514
  1456 2.46503651342866 3.23194185783214 3.72136001934491
  1458 0.83934094573802 1.66453233243032 0.93873290212528
  1459 1.05972038133765 2.00563477674084 0.69822750603171
  1460 0.68838938897195 1.99623119783396 0.67736674662307
  1461 0.82923112447739 2.16119200305036 0.62175008829578
edges 766
16      2      0
17      0      8
32     16     41
33     41     37
34     37     18
84     58     59
85     59     52
93     59     47
101     76     72
102     72     14
111     72     69
177    115     47
181     59      0
189    115      8
218    143    139
224    134    136
225    136    147
229    140    136
231    143    140
232    149    156
246    152    163
247    163    157
272    171    191
273    191    169
284    185      2
292    177    180
293    180    185
295    171     18
303    174    177
313    199    198
363    220    215
382    230    243
389    241    236
390    236    243
391    231    240
395    231    241
398    235    240
419    254    174
433    260    261
438    264    261
486     16    295
487    295    290
496    295    288
501    292    288
524    260    199
526     58    185
537    310    191
544    195    311
553    311    315
554    315    310
584    264    332
588    163    336
596    339    284
597    311    339
612    354    346
623    347    346
624    354    315
625    343    347
629    243    356
632    147    356
636    343    143
641    365    358
642    358    364
669    139    347
690    376    241
700    214    380
736     41    396
737    396    394
760     11    364
766    403    336
767    399    403
774    157    405
775    405    403
776    119    410
782    406    410
785    408    288
786    406    408
825    410    220
835    365    422
839    425    215
843    425    422
844    396    295
849    406    425
850    394    408
886    169    436
890    439    440
892    230    439
895    241    439
921    413    447
947    171    457
998     36    473
1021    156    481
1042    488    489
1045     36    488
1048     16    488
1049     14    489
1079    500    502
1081    231    500
1083    236    502
1086    198    502
1109    199    510
1112    149    510
1153    191    524
1172     69    529
1194    413    538
1214    544    545
1218     36    545
1220     37    544
1221     41    545
1242    149    553
1243    261    553
1256    557    559
1260    394    559
1261    354    557
1263    399    559
1289    568    569
1290    553    568
1292    332    568
1293    152    569
1294    134    569
1301    300    571
1307     52    573
1308    277    573
1333    581    582
1336    339    581
1337    403    582
1339    354    582
1355    230    587
1410    115    605
1431    545    611
1432    473    611
1476    115    625
1486    629    630
1487    396    629
1490    290    630
1491     98    630
1492    429    630
1507    635    636
1510    569    635
1512    429    636
1513    332    636
1525    343    640
1528    432    640
1540      2    645
1546    647    648
1547     98    647
1549    429    647
1550    413    648
1552    635    648
1553    649    650
1554    136    649
1557    356    650
1558    587    650
1559    380    650
1584      8    658
1586     11    658
1591    660    662
1595    513    662
1602    394    663
1605    399    663
1612    346    667
1614    582    667
1615    668    669
1617    519    668
1618    291    668
1619    636    669
1621    290    669
1631    673    674
1634    422    673
1635    405    674
1636    663    674
1637    425    674
1648    513    678
1649    605    678
1658    544    681
1660     11    681
1691    691    692
1692    481    691
1693    436    691
1694    231    691
1697    376    692
1705    695    696
1706    310    695
1707    557    695
1708    171    695
1710    559    696
1711     37    696
1716    139    698
1718    529    698
1729    432    701
1760    571    711
1761    538    711
1762    460    711
1779    717    718
1780    524    717
1781    436    717
1782    240    717
1784    174    718
1785    235    718
1800    723    724
1801    481    723
1802    510    723
1803    500    723
1806    195    724
1807    725    726
1808    356    725
1809    538    725
1811    380    726
1813    660    726
1839    735    736
1841    447    735
1842    291    735
1843    152    736
1844    635    736
1845    668    736
1846    737    738
1847    399    737
1850    696    738
1853    739    740
1855    701    739
1856    457    739
1859    169    740
1920    177    758
1922    760    761
1923    152    760
1924    649    760
1925    157    760
1927    380    761
1930    762    764
1932    214    762
1934    761    764
1935    215    762
1937    405    764
1980     98    777
1988    180    780
1989    718    780
1998    783    784
2001    645    783
2002    758    784
2004    185    784
2023    791    792
2024    510    791
2027    724    792
2028    698    792
2037    795    796
2038    726    795
2039    513    795
2040    447    795
2041    761    796
2043    735    796
2044    797    798
2045    169    797
2046    481    797
2048    315    798
2049    724    798
2050    347    798
2051    799    800
2054    447    799
2055    571    800
2056    777    800
2057    413    800
2077    605    806
2106    816    817
2108    762    816
2110    667    817
2111    764    817
2117    581    819
2118    519    819
2119    336    819
2126    625    821
2130    519    822
2133     72    822
2142    358    826
2173    826    837
2176    300    837
2177    838    839
2178    439    838
2180    235    838
2181    440    839
2182    826    839
2183    254    839
2192    842    844
2196     76    844
2199    292    844
2208    660    847
2210    214    847
2232    822    854
2233    291    854
2270    277    866
2278    869    870
2281    406    870
2283    777    869
2284    365    870
2286    513    871
2287    799    871
2296    581    874
2297    822    874
2298     69    874
2307    799    877
2308    869    877
2318    838    881
2322    882    883
2324    758    882
2325    260    882
2326    473    883
2328    264    883
2329    884    885
2331    881    884
2332    235    884
2333    277    885
2335    780    885
2352    254    890
2377    899    900
2378    663    899
2380    629    899
2381    673    900
2391    903    904
2392     98    903
2394    900    903
2395    777    904
2396    837    904
2397    365    904
2399    140    905
2401    156    905
2405    907    908
2407    866    907
2409    220    908
2411    816    908
2412    909    910
2413    791    909
2414    783    909
2416    199    910
2417    784    910
2419    911    912
2420    432    911
2424    881    912
2425    230    912
2426    913    914
2427    432    913
2429    740    913
2430    343    914
2431    905    914
2432    797    914
2433    915    916
2434    611    915
2435    890    915
2437    544    916
2439    738    916
2440    917    918
2442    519    917
2443    489    917
2444    264    918
2445    669    918
2446    488    918
2451     18    920
2454      2    920
2456    922    923
2458    911    922
2459    903    922
2461    881    923
2462    837    923
2470    926    927
2472    877    926
2473    291    926
2474    288    927
2475    869    927
2476    290    927
2478    780    928
2479    920    928
2480    524    928
2495    758    933
2513    502    938
2521    941    942
2523    842    941
2524    806    941
2525    926    942
2526    844    942
2527    854    942
2538    946    948
2540    174    946
2542    890    948
2543    436    946
2545    692    948
2549    261    949
2556    890    952
2557    440    952
2558    376    952
2562    954    955
2564    949    954
2565    917    954
2566    284    955
2568    819    955
2571    957    958
2573     14    957
2574     76    958
2576     16    957
2577    292    958
2578    959    960
2579    806    959
2580     47    959
2583     61    960
2584    862    960
2602    740    966
2603    946    966
2604    933    966
2615    970    971
2617    933    970
2618    883    970
2619    429    971
2621    332    971
2625     36    972
2628     11    972
2638    977    978
2641    573    977
2642    842    978
2644    119    978
2649    739    980
2652    933    980
2654    982    983
2655     18    982
2656    957    982
2657    645    982
2658    457    983
2659    958    983
2662    783    984
2663    980    984
2664    983    984
2679    364    989
2680    972    989
2690    284    992
2696    571    995
2702    997    998
2704    605    997
2705    658    998
2707    871    997
2708    364    998
2711   1000   1001
2714    992   1001
2716    847   1000
2717    662   1001
2718   1002   1003
2719    877   1002
2720    997   1002
2721    941   1002
2722    870   1003
2723    998   1003
2724    119   1003
2740    905   1007
2743   1010   1011
2744    489   1010
2746    972   1010
2747    954   1011
2748    992   1011
2756    376   1012
2759   1015   1016
2760   1011   1015
2762    662   1015
2763    989   1016
2764    995   1016
2765    871   1016
2770    629   1018
2771    970   1018
2772    611   1018
2773   1019   1020
2774    649   1019
2775   1007   1019
2776    157   1019
2777    587   1020
2779    673   1020
2780   1021   1022
2781    911   1021
2782   1020   1021
2783    900   1021
2784    913   1022
2785   1007   1022
2788    980   1023
2790    971   1023
2798    678   1026
2799   1001   1026
2800    625   1026
2805    737   1028
2808    336   1028
2811   1030   1032
2813    899   1030
2815    737   1032
2816   1022   1030
2828   1036   1037
2829    955   1036
2830   1028   1036
2832    949   1037
2834   1012   1037
2835   1038   1039
2836    966   1038
2837   1030   1038
2838   1018   1038
2839    948   1039
2840   1032   1039
2841    915   1039
2843    847   1040
2845   1012   1040
2853    645   1043
2856     14   1043
2863    198   1047
2866    711   1047
2867   1048   1049
2868   1010   1048
2869   1043   1048
2870      8   1048
2871    992   1049
2873    625   1049
2874   1050   1051
2875   1015   1050
2877    949   1050
2878    995   1051
2879   1047   1051
2880    260   1051
2898   1057   1059
2900     76   1057
2902    984   1059
2905   1023   1059
2906   1060   1061
2907    660   1060
2908   1050   1060
2909   1012   1060
2910    725   1061
2911   1047   1061
2912    236   1061
2942    960   1071
2950    346   1073
2953    908   1073
3006    681   1091
3007    920   1091
3020   1096   1097
3021      0   1096
3022   1091   1096
3023    658   1096
3024    573   1097
3026    119   1097
3028    862   1098
3029   1057   1098
3030    529   1098
3034   1100   1101
3035    139   1100
3036   1071   1100
3037    529   1100
3038    667   1101
3040    874   1101
3050   1105   1106
3051    866   1105
3052   1073   1105
3053    640   1105
3054    977   1106
3056    701   1106
3067    862   1109
3070   1057   1109
3077    678   1113
3080    806   1113
3083   1071   1115
3084   1113   1115
3098   1120   1121
3099    842   1120
3100   1109   1120
3101    959   1120
3102    977   1121
3104     52   1121
3105   1122   1123
3106    854   1122
3107    796   1122
3108   1113   1122
3109   1101   1123
3110    817   1123
3111   1115   1123
3112   1124   1125
3115    410   1124
3116    978   1125
3118    408   1124
3119    292   1125
3121   1127   1128
3122    457   1127
3123   1125   1127
3124   1106   1127
3125    557   1128
3126   1124   1128
3127   1073   1128
3139   1133   1134
3141    147   1133
3142     61   1134
3144    243   1133
3145    938   1134
3146   1135   1136
3147    912   1135
3149    640   1135
3150    884   1136
3151   1131   1136
3152    866   1136
3153   1137   1138
3154   1135   1137
3155   1133   1137
3156    143   1137
3157   1131   1138
3158   1134   1138
3159   1071   1138
3162   1140   1141
3164    140   1140
3165    149   1141
3167    134   1140
3168    568   1141
3169   1142   1143
3173    907   1143
3176    220   1143
3178   1145   1146
3179   1098   1145
3180   1140   1145
3181    698   1145
3182   1059   1146
3183   1141   1146
3184    791   1146
3185   1147   1148
3186   1097   1147
3187   1143   1147
3188    277   1147
3189   1091   1148
3190   1142   1148
3191    928   1148
3241   1164   1166
3243   1007   1164
3245    156   1166
3246   1032   1164
3248    692   1166
3249   1167   1168
3250   1028   1167
3251   1164   1167
3252    163   1167
3253   1037   1168
3254   1166   1168
3255    553   1168
3256   1169   1170
3259     58   1169
3260    460   1170
3262    180   1169
3263    300   1170
3265   1172   1173
3266    923   1172
3267   1170   1172
3269    885   1173
3270   1169   1173
3271     52   1173
3273   1174   1176
3275    916   1174
3277    681   1176
3280   1142   1176
3282   1040   1177
3283   1174   1177
3284    952   1177
3370   1205   1206
3372    177   1205
3373    254   1206
3375    300   1205
3376    826   1206
3393   1212   1213
3394    882   1212
3395    995   1212
3396   1205   1212
3397    473   1213
3398    989   1213
3399   1206   1213
3446    311   1229
3449    310   1229
3475   1238   1239
3476   1142   1238
3479    524   1239
3480   1229   1239
3777   1332   1333
3780    938   1332
3781    500   1333
3783   1131   1332
3784    240   1333
3786   1335   1336
3787   1239   1335
3788   1333   1335
3789    195   1335
3791   1332   1336
3792    821   1336
3794   1337   1339
3796    909   1337
3798    821   1339
3799   1043   1337
3801   1049   1339
3818   1345   1346
3819   1337   1345
3820     69   1345
3821    792   1345
3822   1339   1346
3823    339   1346
3824    195   1346
3842   1352   1354
3844    460   1352
3846    198   1354
3847     58   1352
3849    910   1354
3850   1355   1356
3851     47   1355
3852   1352   1355
3853     61   1355
3854    821   1356
3855   1354   1356
3856    938   1356
3921   1377   1378
3925   1172   1378
3927   1109   1377
3928   1121   1378
3946   1385   1386
3947    922   1385
3948   1378   1385
3949    701   1385
3950    647   1386
3951   1377   1386
3952   1023   1386
3978   1395   1396
3980    587   1395
3981    214   1395
3983    422   1396
3984    215   1396
3994   1400   1401
3995   1395   1400
3996    440   1400
3997   1177   1400
3998   1396   1401
3999    358   1401
4000   1176   1401
4114   1437   1439
4116   1238   1437
4118   1229   1439
4119   1174   1437
4121    738   1439
4122   1440   1441
4123   1040   1440
4124   1437   1440
4125   1000   1440
4126   1036   1441
4127   1439   1441
4128    284   1441
4154   1450   1451
4155    147   1450
4157     61   1450
4158    538   1451
4160    460   1451
4170   1455   1456
4171    862   1455
4172    134   1455
4173   1450   1455
4174   1377   1456
4175    648   1456
4176   1451   1456
4179   1458   1459
4181    907   1458
4182   1131   1459
4184   1238   1458
4185   1336   1459
4186   1460   1461
4187   1000   1460
4188   1458   1460
4189    816   1460
4190   1026   1461
4191   1459   1461
4192   1115   1461
polygons 447
0   1540   2451   2454   2655   2657
3     16     17   1540   2853   2869   2870
4     16   2454   3007   3021   3022
5   2573   2656   2657   2853   2856
7     32     33     34   2576   2655   2656
10   1584   1586   2628   2746   2868   2870
11     17   1584   3021   3023
13   1586   1660   3006   3022   3023
15   1214   1218   1658   1660   2625   2628
16   1049   2744   2856   2868   2869
17   1042   1048   1049   2573   2576
18     32   1045   1048   1218   1221
19     34   1220   1658   2451   3006   3007
21   1042   1045   2625   2744   2746
22     33   1214   1220   1221
23   3844   3852   3853   4154   4157   4160
27   3260   3267   3921   3925   4160   4174   4176
28     84     85   3259   3270   3271
29   3256   3259   3260   3844   3847
30   3104   3265   3271   3925   3928
31   2578   2584   3067   3100   3101
32     85     93   2580   3098   3101   3104
33     93     84   3847   3851   3852
34   2578   2580   2583   3851   3853
36   2583   2584   4157   4171   4173
37   2574   2659   2664   2898   2900   2902
38    101    102   2571   2573   2574
39   2001   2414   2853   3796   3799
40   2023   2413   3796   3819   3821
42    102    111   2856   3799   3819   3820
43   2413   2414   2662   2902   3182   3184
44   1172   1718   2028   3820   3821
45    111    101   1172   2900   3029   3030
47   1486   1492   2615   2619   2770   2771
48   2380   2770   2813   2837   2838
49   1491   1492   1547   1549
51   2394   2458   2459   2781   2783
54   1547   2392   2459   3946   3947   3950
56   1729   2420   2458   3947   3949
57   1549   2619   2790   3950   3952
58   1853   2602   2604   2649   2652
60   2420   2427   2780   2781   2784
61   1729   1853   1855   2427   2429
62   2429   2602   2784   2816   2836   2837
63   1486   1491   2377   2380   2392   2394
67    177   1410   2077   2579   2580
68   1307   2641   3102   3104
69     85    181   1307   3020   3021   3024
70   2638   2641   2644   3024   3026
71    177    189     17    181     93
73    189   1410   1584   2702   2704   2705
75   2638   2642   3098   3099   3102
76   2523   2524   2579   3099   3101
77   2523   2642   2644   2718   2721   2724
78   2705   2723   2724   3020   3023   3026
81   2077   2524   2704   2720   2721
82   2583   2942   3142   3158   3159
83   1716   1718   3035   3037
84    218   3035   3036   3153   3156   3159
85   3139   3141   3142   4155   4157
86   2584   2942   3028   3030   3036   3037
87    224    225   4155   4172   4173
88    229    224   3164   3167
89   3028   3167   3179   3180   4171   4172
90    218    231   1716   3164   3180   3181
91    229    231    225   3141   3155   3156
92    232   1242   3245   3254   3255
93    232   2399   2401   3162   3164   3165
94   1242   1290   3165   3168
95    246    247   1923   1925
96    224   1293   1294   1554   1923   1924
97   1924   1925   2774   2776
100   1289   1294   3162   3167   3168
101    246   1289   1290   1293   3249   3252   3255
102   2401   2740   3241   3243   3245
103    247   2775   2776   3243   3251   3252
104    229   1554   2399   2740   2774   2775
107   1856   2649   2658   2663   2664
108    272    273    947   1853   1856   1859
109    273    886   1153   1780   1781
110    886   1859   2543   2602   2603
111    284   1540   1998   2001   2004
112    292    293   1920   2002   2004
114    295    272   1153   2451   2479   2480
115    295    947   2654   2655   2658
119    303   1920   2495   2540   2603   2604
121   1779   1780   1989   2478   2480
122    292    303   1784   1988   1989
123   1779   1781   1784   2540   2543
124    284    293   1988   2454   2478   2479
125   1998   2002   2495   2652   2662   2663
126    313   1079   1086   1109   1802   1803
127   1800   1803   1806   3781   3788   3789
128   1086   2513   3846   3855   3856
129   1109   2024   2412   2413   2416
130   1806   2027   3818   3821   3824
131   2412   3794   3796   3798   3849   3854   3855
133   3786   3789   3792   3798   3822   3824
134    313   2416   3846   3849
135   1932   2108   2210   2716   4187   4189
136   2210   2843   3282   3981   3995   3997
139   3273   3280   3476   4116   4119
141   2405   2411   4181   4188   4189
143   3169   3173   3476   4181   4184
145    363   3169   3176   3280   3984   3998   4000
146   2405   2409   3173   3176
148   1932   1935   3978   3981   3984
149    363   1935   2108   2409   2411
150   4116   4124   4125   4184   4187   4188
151   2578   2579   2942   3080   3083   3084
152   1172   2298   3034   3037   3040
154   3028   3029   3067   3070
155   2192   2196   2900   3070   3099   3100
156    101   2133   2196   2232   2526   2527
159    111   2133   2297   2298
160    892   2178   2318   2424   2425
161    382   2425   3144   3147   3154   3155
162    389    390    382    892    895
163    391   1081   3781   3784
164    395    398    391    895   2178   2180
165    389    395   1079   1081   1083
166    390   1083   2513   3139   3144   3145
167   2331   2424   3146   3147   3150
169    398   2332   3150   3151   3777   3783   3784
171   2180   2318   2331   2332
173   1432   2352   2434   2435   3373   3397   3399
174   1920   2324   3372   3394   3396
176    419    303   3370   3372   3373
178    419   2352   2538   2540   2542
179   2435   2542   2839   2841
180   1432   2326   2618   2771   2772
181   2434   2772   2835   2838   2841
182   2325   2878   2880   3394   3395
183    433   2549   2874   2877   2880
184    438    433   2322   2325   2328
185    438   2440   2444   2549   2564   2565
186   2443   2565   2743   2744   2747
187   2564   2747   2760   2875   2877
188    998   2625   2680   3397   3398
191    998   1045   2326   2328   2444   2446
192   1528   1729   3050   3053   3056
193   2270   2329   2333   3150   3152
194   2456   3266   3925   3947   3948
195   1307   1308   2333   3269   3271
199   1308   2270   2641   3050   3051   3054
200   3054   3056   3102   3928   3948   3949
201   2714   2717   2748   2760   2762
202   2690   2711   2714   4122   4125   4128
203   2832   2834   2877   2908   2909
204   2208   2843   2845   2907   2909
205   2566   2829   4126   4128
207   2562   2566   2690   2747   2748
210   2196   2199   2574   2577
211    486    487   1048   1621   2445   2446
212    102   1049   2130   2133   2442   2443
213   1617   1618   2130   2232   2233
214   1615   1618   1621   2470   2473   2476
215    487    496   2474   2476
216   2233   2473   2525   2527
217    501    496    486   2571   2576   2577
219    501   2199   2470   2474   2525   2526
223   1301   2696   3375   3395   3396
224   1760   2696   2866   2878   2879
226   1301   1760   1762   3260   3263
227    292   3256   3262   3263   3372   3375
228   1762   2863   2866   3842   3844   3846
230    524   2002   2324   2325   2416   2417
231    313    524   2863   2879   2880
234    526   2004   2417   3842   3847   3849
235    293    526   3259   3262
240    537   1153   3449   3479   3480
241   1780   1782   3479   3784   3787   3788
243    544   3446   3480   3787   3789
244   1081   1692   1694   1801   1803
246    391   1693   1694   1781   1782
248    553    554   3446   3449
249    554    273    537   2044   2045   2048
250    544    553   1806   2048   2049
251    886   1692   1693   2045   2046
253   2039   2040   2054   2286   2287
254   1841   1842   2054   2307   2472   2473
255   1842   2043   2233   3106   3107
257   2472   2521   2525   2719   2721
258   1648   1649   2286   2704   2707
261   1293   1510   1843   1844
262   1289   1292   1507   1510   1513
263    438    584   1243   1290   1292
264    584   1513   1619   2444   2445
265    588   2808   3250   3252
266   1243   2549   2832   3253   3255
267   2119   2568   2808   2829   2830
268    588    246   1617   1843   1845   2118   2119
269   1507   1615   1619   1844   1845
270   2126   2873   3798   3801
271   2714   2799   2800   2871   2873
272    596   2690   2871   3801   3822   3823
273    544    597   3823   3824
274    596    597   3446   4118   4127   4128
275   1525   1528   2426   2427   2430
276    537    272   1706   1708
277   1859   2045   2426   2429   2432
279    612   1261   2950   3125   3127
280    947   1707   1708   3121   3122   3125
281   1855   1856   3056   3122   3124
284    623    612    624   2048   2050
285    625   2044   2050   2430   2432
286    623    625   1525   2950   3052   3053
287    624    554   1261   1706   1707
289   1355   2419   2425   2777   2781   2782
290    382    629   1355   1557   1558
291    632    629   3141   3144
294    636   1525   3149   3154   3156
295    231    636   2399   2430   2431
296    632    225   1553   1554   1557
297    641   2142   2173   2396   2397
298    642   2142   2679   3376   3398   3399
299    641    642   2284   2708   2722   2723
300   2679   2702   2707   2708   2763   2765
301   1301   2055   2056   2176   2395   2396
302   2051   2055   2287   2696   2764   2765
303   2173   2176   3370   3375   3376
304   2278   2283   2284   2395   2397
305   2270   2407   3173   3187   3188
306   2333   2335   2478   3185   3188   3191
307   3783   3791   4182   4185
309   1785   1989   2329   2332   2335
310   2480   3190   3191   3475   3476   3479
311   2407   3151   3152   4179   4181   4182
313    398   1779   1782   1785
314   1021   2046   2401   2431   2432
315    669   1716   2027   2028   2049   2050
316   1112   2024   3165   3183   3184
319    232   1021   1112   1801   1802
320    669    218    636    625
322   3142   3145   3850   3853   3856
323   1083   1086   2863   2911   2912
326   1761   1762   4158   4160
327   1761   1809   2866   2910   2911
328    629    390   1808   2910   2912
329    632   1808   1809   4154   4155   4158
331   1292   2621   2790   2905   3168   3182   3183
332   1512   1513   2619   2621
333   1294   1510   1552   4170   4172   4175
334    690    389   2756   2906   2909   2912
335   1557   1559   1807   1808   1811
336   1807   1813   2906   2907   2910
338    890    892   1355   3980   3995   3996
339    700   1558   1559   3980   3981
341   2558   2756   2845   3282   3284
342    690    890    895   2557   2558
343    700   1811   1813   2208   2210
345   2557   3284   3996   3997
348   1846   2433   2439   2815   2840   2841
349   2545   2839   2840   3241   3246   3248
350   2805   2815   3246   3250   3251
351   1697   2756   2834   3248   3253   3254
352   2439   3275   4114   4119   4121
353   1697   2542   2545   2556   2558
354   1846   2805   2830   4121   4126   4127
355    433    524   1109   1112   1242   1243
358    584   2328   2615   2618   2621
360   1263   1710   1846   1847   1850
361   1220   1711   1850   2437   2439
362   1260   1263   1602   1605
363     33    736    737   1260   1710   1711
364    736   1221   1431   1487   2770   2772
365    737   1487   1602   2378   2380
369   1605   1847   2378   2811   2813   2815
372   1410   1476   1649   2798   2800
373   3083   3157   3159   4182   4191   4192
376    177   1476   2126   3850   3851   3854
378    189   1476   2867   2870   2873
380   1595   2286   2759   2762   2765
382    760   1586   2705   2708
384   1595   1648   2717   2798   2799
386    760   2628   2679   2680
387    597    553    624   1333   1336   1339
388    596   1336   2117   2566   2568
389    766   1333   1337   2117   2119
390    767   1256   1261   1263   1337   1339
391    766    767   1847   2805   2808
393   1705   1706   1850   3449   4118   4121
395   2785   2811   2816   3243   3246
397   2381   2779   2782   2783
398    774   1631   1635   2773   2776   2779
399    775    767   1605   1635   1636
400    774    247    588    766    775
401    776   2644   3112   3115   3116
402    782    776   2281   2722   2724
403   2192   2199   2642   3116   3119
404    785    501   3112   3118   3119
405    782    786   3115   3118
406    786    785   2278   2281   2474   2475
407   2308   2470   2472   2475
408   1194   1760   1761   2055   2057
409   1194   1550   4158   4175   4176
411   1546   1547   1550   1980   2056   2057
412   2176   2462   3263   3266   3267
414   1980   2391   2392   2395
417   1612   2106   2110   2411   2950   2953
418    623    669   1612   3034   3035   3038
420   1591   1595   1813   2038   2039
422    921   2051   2054   2057
423    921   1194   1807   1809   2038   2040
424   1934   2041   2111   3105   3107   3110
425    774   1922   1925   1934   1937
426   1839   1843   1922   1923   2041   2043
427   1333   1614   2296   3038   3040
428   2117   2118   2130   2296   2297
429   1618   1839   1842   1845
430    775   1337   1614   1937   2110   2111
432   2638   3054   3116   3123   3124
434   2577   2658   2659   3119   3122   3123
436   1553   1559   1922   1924   1927
437   1811   1927   2037   2038   2041
439    921   1550   1552   1839   1841   1844
440   1490   1492   1512   1619   1621
441   1490   1491   1980   2283   2475   2476
444   1336   2296   2298   3818   3820   3823
445   1988   2335   3262   3269   3270
446   1308   3024   3186   3188
447    284    526     84    181     16
449    776    825   3026   3176   3186   3187
450    825   2409   2953   3115   3126   3127
454   2173   2177   2182   2318   2461   2462
456   1634   2777   2779   3978   3980   3983
458    835   1634   2381   2391   2394   2397
460   2142   2181   2182   3994   3996   3999
461    641    835   3983   3998   3999
462    839   1635   1637   1930   1935   1937
463    700   1927   1930   1932   1934
466    839    843   3983   3984
467    843   1631   1634   1637
468    844    487   1486   1487   1490
469     32    486    844    736
470    998   1218   1431   1432
473   2181   2183   2352   2556   2557
474    419   1784   1785   2177   2180   2183
475    395    690   1691   1694   1697
477   1021   1691   1692   3245   3248
478   2182   2183   3373   3376
479    786    849    850   1602   1636   1637
480    850    737    844    496    785
481    835    843    849   2281   2284
482    760    642   1660   3277   3999   4000
483   3006   3189   3190   3277   3280
484    363    839    849    782    825
485    850   1256   1260   3118   3125   3126
486     34    295   1705   1708   1711
488   1658   2437   3273   3275   3277
489    612   1339   1612   1614
491   1507   1512   1546   1549   1552
492   1528   2419   2420   3147   3149
493   1691   1693   2538   2543   2545
494    890   2177   2178   2181
495   2118   2442   2562   2565   2568
496   1591   2762   2875   2907   2908
497   1841   2037   2040   2043
501   1546   3950   3951   4174   4175
503   2322   2326   3393   3394   3397
506   1800   1801   2044   2046   2049
508   1042   2440   2443   2446
510   2798   3077   3084   4190   4192
511   2110   3038   3109   3110
512   1079   2513   3777   3780   3781
515   1800   1802   2023   2024   2027
516   1648   2037   2039   3077   3107   3108
518   1615   1617   2440   2442   2445
521   1718   3030   3179   3181
523   2001   2654   2657   2662   2664
524   1214   1431   2433   2434   2437
525   2287   2307   2707   2719   2720
527   1256   1705   1707   1710
531   1553   1558   2773   2774   2777
533   1855   2649   2788   3946   3949   3952
536   1649   2077   3077   3080
539   2126   2800   3792   4185   4190   4191
541   3051   3053   3146   3149   3152
542   2023   2028   3178   3181   3184
544   1591   2208   2711   2716   2717
545   1631   1636   2377   2378   2381
547   2051   2056   2283   2307   2308
548   2716   2843   4123   4125
552   2106   3110   3111   4186   4189   4192
553   3780   3791   3792   3854   3856
554   2329   2331   2461   3265   3266   3269
555   2322   2324   2495   2617   2618
556   1930   2106   2108   2111
558   1998   2412   2414   2417
559   3067   3927   4170   4171   4174
562   2521   2524   2527   3080   3106   3108
564   2232   2297   3040   3105   3106   3109
565   2405   2407   2953   3051   3052
566   3145   3157   3158   3780   3783
567   2391   2396   2456   2459   2462
568   2192   2521   2523   2526
571   2426   2431   2740   2784   2785
572   2278   2308   2718   2719   2722
573   2419   2424   2456   2458   2461
574   2377   2780   2783   2813   2816
575   2433   2435   2556   3275   3283   3284
576   2604   2617   2771   2836   2838
577   2479   3007   3189   3191
578   2615   2617   2652   2788   2790
580   2538   2603   2835   2836   2839
581   2562   2564   2828   2829   2832
582   2571   2654   2656   2659
583   2763   2764   3393   3395   3398
584   2680   2743   2746   2759   2760   2763
585   2663   2788   2902   2905
586   2743   2748   2867   2868   2871
587   2759   2764   2874   2875   2878
588   2702   2718   2720   2723
589   2711   2799   4186   4187   4190
590   2898   2905   3070   3927   3951   3952
591   2773   2775   2780   2782   2785
592   2828   2834   2845   4122   4123   4126
593   2828   2830   3249   3250   3253
594   2811   2835   2837   2840
595   3282   3283   4119   4123   4124
596   2867   2869   3794   3799   3801
597   2874   2879   2906   2908   2911
599   2898   3029   3178   3179   3182
600   3020   3022   3185   3186   3189
602   3034   3036   3083   3109   3111
603   3050   3052   3121   3124   3127
609   3098   3100   3921   3927   3928
610   3084   3105   3108   3111
612   3112   3121   3123   3126
613   3146   3151   3153   3154   3157
614   3139   3153   3155   3158
615   3162   3178   3180   3183
616   3169   3185   3187   3190
620   3241   3249   3251   3254
621   3256   3265   3267   3270
622   3273   3283   3994   3997   4000
628   3370   3393   3396   3399
630   3475   3786   3787   4179   4184   4185
631   3475   3480   4114   4116   4118
652   3777   3786   3788   3791
653   3794   3818   3819   3822
656   3842   3850   3852   3855
661   3921   3946   3948   3951
663   3978   3994   3995   3998
671   4114   4122   4124   4127
673   4154   4170   4173   4176
674   4179   4186   4188   4191
cells 64
0      0      3      4      5      7     10     11     13     15     16     17     18     19     21     22
1     23     27     28     29     30     31     32     33     34     36    559    609    621    673
2     37      5     38     39     40     42     43     44     45    521    523    542    582    599
3     47     48     49     51     54     56     57     58     60     61     62     63    533    574    576    578
4     32     67     68     69     70     11     71     73     75     76     77     78     81    588
5     82     83     84     85     86     36     87     88     89     90     91    521    614
6     92     93     94     95     96     97     88    100    101    102    103    104    620
7    107    108     58    109    110    111    112    114    115    119    121    122    123    124      0    125    523
8    126    127    128    129    130    131     40    133    134    512    515    553    652    653
9    135    136    139    141    143    145    146    148    149    150    548    595    622    663
10    151    152     86     45    154     76    155    156     31    159    562    564    568    602    610
11    160    161    162    163    164    165    166    167    169    171    512    566    613    614
12    173    174    176    178    179    119    180    181    503    555    576    580    628
13    182    183    184    185     21    186    187    188    191    503    508    583    584    587
14    167    192    193    194     56    195     30    199    200     68    492    541    554    573
15    201    202    203    204    205    187    207    496    544    548    581    592
16     17    210     38    211    212    213    214    215    156    216    217    219    508    518
17    182    223    174    224    226    227     29    228    230    231    112    134    234    235
18    240    241    163    243    127    244    246    109    248    249    250    251    506
19    253    254    255    216    257    258     81    497    516    525    536    562
20    261    262    263    264    185    265    266    267    268    269    101    495    518    581    593
21    270    271    243    272    202    133    273    150    274    539    589    630    631    671    674
22    275     61    276    249    108    277    279    280    281    284    285    286    192    287    603
23    289    104    290    291    275    294     91    295    296    161     60    492    531    571    591
24    297    298    299    223    300    301    302    303    304    525    547    572    583    588    628
25    121    241    305    169    193    306    307    143    309    310    311    313    616    630    652
26    314    285    315    316     93    319    320    295     90    506    515    542    615
27     85    322     23    228    128    323    326    327    328    329    166    291    656
28    331    154     57    332    333    100     89    262    491    501    559    590    599    615
29    162    334    328    290    335    336    338    339    341    342    343    204    136    345
30    348    349    350    351    179    352    353    341    354    575    592    593    595    620    671
31    129    355    125    331    230    184     43    316     94    358    263    555    558    578    585
32    360    361    362    363    364    365    348     48     22    369    181    524    594
33    322     82    372    307    373    376     34     67    151    510    536    539    553    566
34    372     73    378    380    271     10    258    382    384    201    386    300    584    586
35    387    388    389    390    391    360    267    393    274    205    354    287    248    527
36    395    103    391    369    265    350    397    398    399    400    545    574    591
37     77    401    402    403    404    405    406    257    219    407    568    572
38    408    326    409    411    412    226    414    194     27     54    301    501    567    661
39    311    417    286    373    418    141    294     84    320    511    541    552    565    602    613    674
40    224    336    380    253    302    408    420    422    423    327    496    587    597
41    424    425    426     95    427    428    213    255    429    430    389    400    268    511    564
42    155     37    432    210     75    403    107    200    281    434    533    585    590    609    661
43    436    437    335    439    261    426    423    333    409    296     87     96    329    497    673
44    429    439    269    440    422    254    411    441    214     49    407    491    547
45    428    212    388    272    444    159     42    207     16    186    495    586    596    653
46    445    195     28     69    446      4    235    124    447    306    577    600
47    401    432    199    305    446     70    449    450    146    565    603    612
48    454     51    297    289    160    456    397    458    338    460    461    494    567    573    663
49    456    398    462    148    463    339    425     97    436    466    467    531
50    468    440    211    191    358    364     47     18    469    264    470    332    180
51    353    178    473    474    246    475    123    164    342    313    493    494
52    351    334    266    355    475    231    323    126     92    244    203    183    319    477    165    597
53    445    227    122    474    309    412    171    454    478    303    176    554    621
54    270      3    378    447     71    376     33    111     39    131    234    558    596    656
55    424    384    135    437    420    343    463    510    516    544    552    556    589    610
56    441    406    479    480    468    215    365    414    304    458     63    481    467    545
57    482    483    466    299    382    449     13    402     78    461    145    484    481    600    616
58      7    280    434    363    480    485    404    469    217    486    115    527    582    612
59    477    314    102    277     62    251    349    395    110    493    571    580    594
60    139    483    393    488    352    361    276    240    114    486     19    310    577    631
61     15    482    478    473    460    488    345    470    173    298    188    386    524    575    622
62    387    489    427    130     44    418    315     83    444    273    284    152    250
63    149    484    450    390    489    279    362    485    417    479    405    462    430    399    556
