vertices 383
     0 0.98535557512420 0.33962619223604 1.06527258571076
     2 1.37248844200603 0.51383598675955 1.59849217524233
     8 0.87375330012360 0.22936794051789 1.06735577755608
    11 0.23592726153190 0.62791128710541 1.05763298576396
    14 0.83450685514453 0.04220704205873 2.15849910224862
    16 0.27781110134787 0.62147715032176 2.31823740583495
    18 1.12403502084377 0.97020942202605 1.92627721017846
    36 3.88312555141958 0.56846135189045 1.70353079278299
    37 0.47001848669079 1.09244371391789 2.02479767232171
    41 0.22129812042770 0.76086176796619 2.26800912528060
    47 1.41756981467719 3.78344867479005 0.56993749975107
    52 1.63981357757154 0.67926958452597 0.20331250932298
    58 1.83425626637873 0.19727136369493 0.87802941795109
    59 1.51019341060916 0.19015100388068 0.70086202347352
    61 1.86069426521577 3.29871272816162 0.08617786754132
    69 1.01844288585518 3.36942795176855 2.68878788250495
    72 0.91610770574604 3.57542581925788 2.68475192938831
    76 1.14174144846142 0.10407270036477 2.92443787376595
    98 3.07243588571438 0.66019952425099 3.34443555531105
   115 1.02636582804647 3.70524867707883 0.73452458399022
   119 0.76794962704408 0.91269795229706 0.09306229168498
   134 2.59705092603515 3.15125221717052 3.22263161718742
   136 2.63599853943889 2.80890932832186 3.38237282853537
   139 1.63133896857826 2.61830847920740 3.08187298294349
   140 2.38659650312090 2.65384247150537 3.09890544921182
   143 1.98938679519077 2.40815806588994 3.20990051841505
   147 2.51444802027323 2.82081431571663 3.89378390830171
   149 2.63502133762975 3.02352656932533 2.25514954344321
   152 3.39785433905988 3.13836951612016 3.01433616661715
   156 2.62418947938713 2.56955264817740 2.22901991199956
   157 3.46025118559802 2.60384728445964 3.09352279503547
   163 3.54720580937270 2.74115234009635 2.75823664723202
   169 1.89519437297139 1.60769313633179 2.20031598268859
   171 1.30235304446617 1.38714292929871 2.18570469012763
   174 2.28449678045769 1.14798114401380 1.50741627356589
   177 2.24510239834493 0.71309557019093 1.44569283981677
   180 2.04535951629318 0.68560906722315 1.32181656397405
   185 1.83452572910234 0.42497493886806 1.43276725734740
   191 1.40619827717420 1.53198171691151 2.08771513336159
   195 1.21665867367187 2.70589732113484 2.00830699682425
   198 2.43292673049037 3.34037400209457 1.27264723644017
   199 2.45040079156440 3.47548369117665 1.61147004004882
   214 3.79051929402578 2.38490963846010 0.38283580841153
   215 0.19143087404820 1.78906774993298 3.98864908216269
   220 0.49995497837631 1.72268940001509 0.03149430648059
   230 2.72454536967245 2.12226839479230 0.18638606938809
   231 2.25637024665811 2.41112046405281 1.22637177179079
   235 2.12665715968147 1.70514311398713 0.83591481643779
   236 2.52861689962912 2.65584837824959 0.94346025281057
   240 1.98639047123345 2.10324695097121 1.12415746971817
   241 2.55829239407307 2.45811767506337 1.03698842305536
   243 2.57856993333000 2.60387490063281 0.16431052900967
   254 2.98328610031198 1.19107097184219 1.19332393233625
   260 2.79893047955820 3.55876917637512 1.63390842826408
   261 3.03125033154305 3.41129386720538 1.88962881236557
   264 3.14742697932293 3.78348710842651 2.12288350498418
   277 1.55264992436332 1.34085599423262 0.37685597367218
   284 0.43999895240563 2.78131953309121 1.83725737273893
   288 0.21604694474781 0.72324655973278 2.89784744348097
   290 3.88274746843042 0.49681548535707 2.93388893234238
   291 0.05018168508172 3.61394766430913 3.19785804391240
   292 0.95568622831529 0.50657998276664 2.92205137038377
   295 0.10734550301470 0.71985925433999 2.73243755345608
   300 2.81528604221607 0.43696632782306 0.63647127548152
   310 1.05769664314465 1.87339436915812 2.18683758892290
   311 1.02271571006484 2.50988569012805 2.07483812527384
   315 1.12478375806730 2.17944054794812 2.37135436112413
   332 3.00659790714263 3.74671319493386 2.49673452138920
   336 3.93763123978814 2.61928317934341 2.56786291722474
   339 0.83860304594299 2.75351051866452 2.10231810015005
   343 1.97025964014258 2.15050760075014 2.99875609678852
   346 1.17521078403202 2.24180881279470 3.10301297591267
   347 1.57920524890909 2.36703531324909 2.97803960460237
   354 0.92304782178768 2.14322312093536 2.73027213580126
   356 2.71086884009982 2.72961354942836 0.06697502879506
   358 3.63384959450664 1.15697325426000 0.53252573989638
   364 0.08099910777199 0.59975494235187 0.89982501702644
   365 3.66362660001523 1.10679570863447 0.10059807421822
   376 3.04361201314404 2.37426760554718 1.36532672863719
   380 3.52012946444155 2.78152442121098 0.11205721773187
   394 0.21878682976185 1.43666894972523 2.89175388448216
   396 0.05585967335334 0.85293815229862 2.66528125439847
   399 0.17878446782082 1.81787978019763 2.70673611497856
   403 0.20017526261463 2.31555235892036 2.87596252679613
   405 0.00505700276351 2.30887978269879 3.22380939029818
   406 0.24593866232897 1.36934418121096 3.68763504834534
   408 0.36051249963204 1.29126331305947 3.15259148187463
   410 0.49087362749823 1.39856397647806 3.76799140627420
   413 3.15419945783356 3.82777680092242 3.93469451544198
   422 3.73255646725868 1.49973809106053 3.98469777035143
   425 0.06003124861699 1.59995783244784 3.77507946008742
   429 2.94676416852805 0.37746224694185 2.97534414747506
   432 2.17375753348481 1.49077693950621 3.13611571335168
   436 2.08674676983628 1.58731164405696 1.87918459408443
   439 2.72806052103811 1.95617517712689 0.58533576198654
   440 3.34634501537667 1.71965247012751 0.80673764775492
   447 3.50021621207021 3.67258440973964 3.91370964538649
   457 1.53083926771884 1.06086287924929 2.55709385395482
   460 2.44040144950246 3.94553880782735 0.45564337953928
   473 3.50503923574885 0.62202316583876 1.69233065591571
   481 2.32053023422310 2.40702087682652 1.93614623481581
   488 0.09542491414413 0.17133138824234 2.05035303032170
   489 0.23674082921824 0.00290945417315 1.99591560616174
   500 2.16348234008888 2.53796915377267 1.20597113846360
   502 2.27145378639397 2.72571792734953 1.05227952869706
   510 2.28277881163865 3.20035280506865 1.90332760306993
   513 0.02935927874510 3.44705867765286 0.51207700275339
   519 0.19582570198638 3.37348769691061 2.59963642626583
   524 1.49254214531093 1.48385407802624 1.57892499820712
   529 1.49535377032210 3.15926641436227 3.04647000535697
   538 2.81853956675165 3.65450201382155 0.16372472759747
   544 0.21314039404350 1.10057865453303 1.69881326340894
   545 3.92974183936813 0.78964699385766 1.83821251314301
   553 2.93956549354203 3.11046618495646 2.22159223599216
   557 0.82442336580988 1.83009376002120 2.68065446342686
   559 0.37379840402999 1.69330305239909 2.65894120527659
   568 2.92838762140186 3.35083350208380 2.55098241981438
   569 3.15197143194922 3.34284146634492 2.95560370424171
   571 2.95704142432776 0.15150386005137 0.59751119317948
   573 1.46825977032886 0.89386809228001 0.15764240055451
   581 0.54683898413984 2.84259058604313 2.54323508393189
   582 0.59786266513769 2.47218978775578 2.85226866905332
   587 2.96649534091584 2.12644817498464 0.05136322886953
   605 0.76965242062473 3.65780086870996 0.42778855014717
   611 3.53878144933520 0.87263747941939 1.84209354400359
   625 0.99073472602200 3.35081948504632 0.99671336973970
   629 3.30942980374908 0.99302524598912 2.73280534663809
   630 3.20576315021249 0.64114977325858 3.03734456678167
   635 3.19427098300683 3.45578378871957 3.00089682156719
   636 3.19993488293915 3.79820480735918 2.73771069498732
   640 1.93351541168235 1.80070768165585 3.36470404948950
   645 1.36888024349972 0.38498561230930 1.82120650050533
   647 2.83898452731715 0.39574236947063 3.21730310531144
   648 2.86463931935564 3.84060133367930 3.52174314845909
   649 2.99745533835407 2.62716321987659 3.40560125306888
   650 2.99319107625940 2.56691576508005 3.92787709982015
   658 0.56648385193609 0.52455689589841 0.90961829536951
   660 3.66891869399723 2.93679263721614 0.69914007220943
   662 3.97370237960164 3.28004082925406 0.77700185817864
   663 0.05305260673419 1.57896957278487 2.91260398024679
   667 0.78816597616549 2.60240375421946 3.22214727874592
   668 3.88591152713657 3.54663009869117 2.90650548321210
   669 3.71906374632626 3.88632102408522 2.67398744646339
   673 3.27841348374029 1.62656451445429 3.51132453421904
   674 3.89545095273649 1.76613334385206 3.33971547200539
   678 0.60490151456447 3.37687756251116 0.43471484256709
   681 0.38772807312516 1.02654521745354 1.21822784908499
   691 2.40004066341728 2.26960543513565 1.76459419346169
   692 2.83164297130297 2.23814903635599 1.77881002642922
   695 0.94659813215843 1.73547793762554 2.28428198875169
   696 0.49908293690713 1.59710623512809 2.21643315499062
   698 1.64989793303691 3.05432209898786 2.91636377233240
   701 1.99043836732889 1.19576488502082 3.09567799681427
   711 2.70914409286960 3.86349299080769 0.51703130440525
   717 1.81909954738377 1.52274887717007 1.53190433825221
   718 2.00220953459767 1.30960869230161 1.36524829409897
   723 2.08859855483476 2.71757669501719 1.73581992800184
   724 1.51684563777843 2.72303682700820 2.14257999884204
   725 2.99384297662414 3.07216677106265 0.33707701595036
   726 3.49836923744136 2.98274741555593 0.25740749521800
   735 3.74048833746589 3.40752745282135 3.45156410645195
   736 3.50240533685877 3.32974179259352 3.07500084396194
   737 3.86637556041026 1.97755966748989 2.26543091274822
   738 0.16087817386470 1.81430708937757 1.88736541062229
   739 1.94697526429461 1.09041162496099 2.63407144666565
   740 2.11010145289416 1.30230820408189 2.50158577471377
   758 2.24522410835241 0.45639989687284 1.75383431383491
   760 3.38164405611256 2.80570268544630 3.24206579740748
   761 3.77468145772287 2.88431600666313 3.68648896200119
   762 0.26687960497141 2.21211295255545 3.97505237761336
   764 0.20495245689012 2.49251812421017 3.59351578427657
   777 3.35358341314836 0.59873863547279 3.78585650193492
   780 1.86644781533336 1.20378196234354 1.29414601995763
   783 1.77693685760942 0.21815113028725 1.86772761812686
   784 1.94222373780209 0.25432591097639 1.67950828164861
   791 1.96809523251710 3.46586900402436 2.21872306865444
   792 1.55375341263580 3.11001586826568 2.39192624898510
   795 3.69943403602150 3.27573827920094 0.09507288723029
   796 3.86551383778853 3.12341250618688 3.70871131026100
   797 1.93259697348786 2.03649923060482 2.38098242190170
   798 1.53578773472620 2.29588466238069 2.45833955945222
   799 3.57577435266418 3.99146952463238 0.06085387918814
   800 3.30403156677588 0.08353893863752 0.06260486238317
   806 0.96678077308814 3.64076972474026 0.02630133156472
   816 0.60961704196317 2.27548685076234 0.02774090843164
   817 0.55393481174218 2.60281194428681 3.56890505517344
   819 0.21344730356804 2.89786852113063 2.43816314628977
   821 1.36224858960174 3.15829524168336 1.11084094631241
   822 0.63916087133550 3.37730652864871 2.81680919959076
   826 3.16982023211590 1.06635773462860 0.70097373875329
   837 2.96799528827747 0.86591764327233 0.34337895975819
   838 2.54941092414570 1.70813362842165 0.60819058010646
   839 3.06001329903733 1.35119201393015 0.84067076699829
   842 1.16070076658351 0.27362016464751 3.53400509184759
   844 1.00843756861135 0.22321823007865 3.11929580650628
   847 3.85917987544598 2.55980536330899 0.75702285308783
   854 0.46558792924027 3.51616472734348 3.22024287232046
   862 1.81571471266540 3.62418554863141 3.42138766436755
   866 1.64669089032251 1.79800193667054 0.16876832909129
   869 3.78316810463359 0.58432592816419 3.73388276134158
   870 3.93660318261294 0.88852333031504 3.95549174815560
   871 3.88136977252738 3.94466505834014 0.51843907747371
   874 0.73328560298352 3.22084715715532 2.80341757677178
   877 3.91469236007592 0.31345850696967 3.83482195117125
   881 2.38870420086633 1.61666589684083 0.34674969072257
   882 2.82125043888833 0.14027754210096 1.71253960759233
   883 2.97558368532140 0.18577553956565 1.93069981624523
   884 1.98529990570048 1.60128455201954 0.51287113363474
   885 1.81822451927004 1.29707663832536 0.55402328139709
   890 3.24453934553929 1.49904106387979 1.60072285826985
   899 3.29038472088227 1.27668556555275 2.81357200171021
   900 3.07211630968664 1.43759528546711 3.38378972205009
   903 2.96609185034434 1.04976040393000 3.56887907836504
   904 3.25019854532687 0.87576665824847 3.93956020452887
   905 2.49394915783855 2.31801136313230 2.78503041620178
   907 0.92030712075717 2.07124839532777 0.28755107744826
   908 0.76975434901447 2.11452125044314 0.02233642912438
   909 1.80051499473541 3.75934328026028 1.87762508415187
   910 2.03208353856873 3.79167725698348 1.60991741352577
   911 2.65221986847301 1.43038383331190 3.52981033334668
   912 2.44289655416544 1.82486542664197 0.03833277304841
   913 2.26901069605194 1.58836196308734 2.87773302392083
   914 2.13561470687154 2.02999092023304 2.78458218823516
   915 3.36854672981673 1.43943033838931 1.73052453860353
   916 3.99508241526322 1.57934704403663 1.64169647414513
   917 0.03219613308573 3.75904689001101 2.13601117481196
   918 3.87301102803163 3.89268227916794 2.20622509225189
   920 1.19726846718934 0.94612028510855 1.65556335076631
   922 2.68966751336894 1.10868780027584 3.63239026764513
   923 2.58651720160964 1.04787075343817 0.12877922624211
   926 0.16266719678585 0.09489895058474 3.33883065303657
   927 3.99735120619262 0.50428803473636 3.08606323635038
   928 1.45170800978258 1.33296584027223 1.48437132425200
   933 2.31900870662424 0.69766216233672 2.29899132090335
   938 1.86072222711085 2.81749609291046 0.66944704273104
   941 0.82065165893199 0.05442741703356 3.69980539434419
   942 0.62834879303864 3.97757897028359 3.35428768485777
   946 2.33857754038164 1.34244911049176 1.87975930059005
   948 3.03910250474766 1.61977184948333 1.83702849877947
   949 3.29072093084171 3.24590473509993 1.71469655269624
   952 3.42353045300522 1.84389176531038 1.12376866832012
   954 3.94216399914214 3.44723421848438 1.85495231694298
   955 0.14920050019024 2.86809928042260 2.06799151698027
   957 0.91178796478560 0.40242988511767 2.30422027566199
   958 1.09195309763775 0.40674862288764 2.70232441251862
   959 1.32197004446433 3.70183114491012 0.02765743406309
   960 1.57447116317838 3.39908239520594 3.85275380450577
   966 2.36793125678021 1.15114910775511 2.28234682189474
   970 2.68898019359269 0.53156523102285 2.39476526543009
   971 2.65303941365993 0.36143403513099 2.61227682081737
   972 0.04533912381399 0.43632948796991 1.29038594971104
   977 1.49331718946947 0.79111170615008 3.77175885709507
   978 1.21204362106055 0.72116896604066 3.64650163891523
   980 2.11963522635261 0.63587076040597 2.49461931996351
   982 1.24374865925395 0.60351961381159 2.10517344522560
   983 1.45799522137153 0.63989278722873 2.42409880175885
   984 1.89111516878481 0.44919393414816 2.40603621828822
   989 3.86723073200904 0.41323777545387 1.08985896933000
   992 0.49349174364139 3.23888920439982 1.39693748534638
   995 3.16288846858071 0.10939468559416 0.99333075890056
   997 0.27597178984434 0.25087715729180 0.43366820057987
   998 0.29648535081653 0.45152123176297 0.56802393985753
  1000 0.32839201631952 2.63012356692854 0.91719057396511
  1001 0.41137267545896 3.06135412267373 0.94544011943376
  1002 0.29427867083221 0.39026511283175 0.19259747954972
  1003 0.30688937947334 0.54722164754718 0.25345465511485
  1007 2.85066727272850 2.14853653088081 2.85086573768656
  1010 0.29625351180761 3.94467554961129 1.63184745887494
  1011 0.12089718771134 3.57569504104422 1.54638933227133
  1012 3.25427471681627 2.59201912037933 1.37437053514850
  1015 3.78077364899894 3.58063686195802 1.14710667106442
  1016 3.69996188168585 0.03146868373283 0.93676215320704
  1018 3.12531186454537 0.98716049060110 2.43040758482381
  1019 3.09362062862649 2.33110582818987 3.19811134686312
  1020 3.09549698441890 1.76081379913999 3.50951723221231
  1021 2.95361352623661 1.54194344192854 3.38197108142654
  1022 2.78211801039772 1.65968591746867 2.91837037628837
  1023 2.24444899910133 0.43364039363152 2.69506159293115
  1026 0.70093486964728 3.12804262218605 0.75881604590333
  1028 3.78720464739730 2.46980027048303 2.28515258450324
  1030 3.07778572573355 1.43527998929727 2.58678014475080
  1032 3.26816731812048 1.78132816291535 2.27136389201306
  1036 3.89801961831910 2.61317359913731 2.01395960837290
  1037 3.34377789235638 2.81491012871721 1.83170684285772
  1038 2.99294715741783 1.28018797376275 2.39480864045965
  1039 3.16054240031260 1.56460315360164 1.98814662618182
  1040 3.72150612417435 2.30458454754616 1.14321468231020
  1043 1.04074591702148 3.98547323057912 1.86736786235349
  1047 2.75101770952570 3.37678579539676 1.13633925725268
  1048 0.77652556824049 3.90981792440091 1.51392764731261
  1049 0.86317559298081 3.41797932619291 1.36364558111162
  1050 3.21675147445105 3.29841549770499 1.36865095585159
  1051 2.93812597308282 3.48818498468653 1.33114158727166
  1057 1.67983146819271 3.90834331681767 3.08228729553964
  1059 2.01316886611705 0.19765111880508 2.64061770699100
  1060 3.17991618864809 2.97275960964355 1.13169110415459
  1061 2.89555626701769 3.01611538550526 0.97939266877422
  1071 1.30433599781431 2.87484446732476 3.68508673638216
  1073 1.22393488449019 2.02775781434137 3.32182177880431
  1091 0.69957328490962 0.99240585131379 1.14531768770094
  1096 0.73192208467650 0.64614872083988 0.91923912392872
  1097 0.96190363833816 0.97311022983637 0.38871693158401
  1098 1.75577321791026 3.49752971693557 3.15738871431040
  1100 1.32930899273871 2.88232647440728 3.28978601273908
  1101 0.85619041880546 2.84067894479595 3.26426249219041
  1105 1.70404987292779 1.77584654293057 3.45788485162541
  1106 1.63957234687062 1.24930597053378 3.27994087127746
  1109 1.74992225012938 3.94966898904277 3.35771121244925
  1113 0.75255940259512 3.20402202941639 3.93079755071006
  1115 0.84601467350364 2.95672336140749 3.85620136232104
  1120 1.43519818649074 0.16270048543416 3.64633415158735
  1121 1.63883024791989 0.60502798118274 3.82438248611668
  1122 0.53623273820525 3.12314629589261 3.63405735453061
  1123 0.66706356103533 2.91401484212578 3.59162364187240
  1124 0.73820869951191 1.33575936936113 3.27181083629883
  1125 1.09860029847153 0.97909710086557 3.20215315696102
  1127 1.30647889890705 1.19221549915196 3.06401086869462
  1128 1.00988054744294 1.56136410779370 3.09125906974533
  1131 1.48038204450324 2.30430082925905 0.38883699783867
  1133 2.35025349713137 2.67457123293955 0.00958457298828
  1134 1.92822417002922 2.81826079041886 0.18690883809047
  1135 2.08828918484938 1.95670491688305 3.88460621211769
  1136 1.73328785985646 1.78439734026008 0.28382897391470
  1137 1.98197805629778 2.34366620936397 3.81685426412561
  1138 1.68870458491842 2.52896251141238 0.01185455998449
  1140 2.39873472453188 3.07625293199928 2.98516325133173
  1141 2.55768281911559 3.21873440860840 2.57015528377389
  1142 0.66181497988591 1.55985931251962 0.89413871784597
  1143 0.74853275366414 1.62974117177741 0.45227412400140
  1145 1.95355945984217 3.27503704160507 2.93764649011970
  1146 2.12058911633726 3.52040435912598 2.52197295651122
  1147 0.98331090829714 1.32680243120994 0.56134414137989
  1148 0.85312390501759 1.35161950080090 0.93625319993754
  1164 3.11296112995864 2.28769342423462 2.39314258530991
  1166 2.92162832185255 2.48397109180013 2.15776102591296
  1167 3.40669825472251 2.58841077377712 2.40164224683735
  1168 3.15759965576143 2.76404262723648 2.14896930154679
  1169 2.06349219884396 0.47065439969567 0.75141823451041
  1170 2.38152742948100 0.38096717484752 0.52752381355176
  1172 2.22265379026773 0.67957988166565 0.21766699138540
  1173 1.95176822018980 0.75540937513013 0.38862507927916
  1174 0.04507165274979 1.73069826581098 1.35128730760509
  1176 0.26037924153556 1.45165366528921 1.04089187316117
  1177 3.60017139257853 1.88284126383834 1.07489293503110
  1205 2.93058830537282 0.57562907042067 1.07113054888148
  1206 3.09617953438866 0.80376521885343 1.06906213496743
  1212 3.08633326822302 0.41377945780916 1.19044182365480
  1213 3.29558479920091 0.57925657867992 1.22497586578574
  1229 0.91907889993349 2.14034522078161 1.82067698462815
  1238 0.78869253111183 2.00930359872810 1.12774444021006
  1239 1.11573211213982 2.02998943431570 1.41765361211860
  1332 1.56163471859560 2.46904029939321 0.71633020887549
  1333 1.81241584593811 2.33140004812738 1.07897425305113
  1335 1.44947779189590 2.42455105458629 1.25072258238176
  1336 1.41804882306239 2.66284791722244 0.94351861313136
  1337 1.30718468736402 3.55273149826236 1.89604298135581
  1339 1.15646867688863 3.26870616572948 1.58041408840755
  1345 1.19844940166609 3.27677314639442 2.35254771319815
  1346 1.05176791417961 2.90114057671638 2.04633943750637
  1352 1.95496922560241 3.81510046143438 0.81656166795246
  1354 2.02025090323851 3.56007736424671 1.15776059188981
  1355 1.69504175644049 3.59620470518081 0.65603135647253
  1356 1.69360481179152 3.28697216574079 0.95017218191657
  1377 2.16287576817685 0.28249908710440 3.48905039222463
  1378 2.07948272175923 0.55224110056267 3.66736899732456
  1385 2.27325705624183 0.74897914376408 3.39760671924082
  1386 2.34674058410849 0.50530514599352 3.24826071150262
  1395 3.55621222138282 1.93139122096948 0.40665392811227
  1396 3.77711785680442 1.66817533625119 0.25833054456895
  1400 3.52124750313362 1.74841313522163 0.73428508240890
  1401 3.73428082650093 1.50679046279529 0.58353091559230
  1437 0.29923833232540 2.14816715800208 1.46920498367138
  1439 0.32539753687887 2.16310223753060 1.58967905891918
  1440 0.23128992295084 2.27459394938342 1.44183915492048
  1441 0.25817307008832 2.31569872215721 1.60361843153316
  1450 2.34602680800702 3.42757178538411 3.85686376117041
  1451 2.50663162575781 3.67617951470714 3.97113131727048
  1455 2.34636014201362 3.53095957791347 3.62095995853542
  1456 2.47814735073915 3.74977211534664 3.69708649326036
  1458 0.85244302361482 2.18228232716381 0.91459028506010
  1459 1.07282794581692 2.52346354681824 0.67396887856503
  1460 0.70149549890915 2.51407129126161 0.65312287346321
  1461 0.84234099445237 2.67902782767683 0.59749674744911
edges 766
16      2      0
17      0      8
32     16     41
33     41     37
34     37     18
84     58     59
85     59     52
93     59     47
101     76     72
102     72     14
111     72     69
177    115     47
181     59      0
189    115      8
218    143    139
224    134    136
225    136    147
229    140    136
231    143    140
232    149    156
246    152    163
247    163    157
272    171    191
273    191    169
284    185      2
292    177    180
293    180    185
295    171     18
303    174    177
313    199    198
363    220    215
382    230    243
389    241    236
390    236    243
391    231    240
395    231    241
398    235    240
419    254    174
433    260    261
438    264    261
486     16    295
487    295    290
496    295    288
501    292    288
524    260    199
526     58    185
537    310    191
544    195    311
553    311    315
554    315    310
584    264    332
588    163    336
596    339    284
597    311    339
612    354    346
623    347    346
624    354    315
625    343    347
629    243    356
632    147    356
636    343    143
641    365    358
642    358    364
669    139    347
690    376    241
700    214    380
736     41    396
737    396    394
760     11    364
766    403    336
767    399    403
774    157    405
775    405    403
776    119    410
782    406    410
785    408    288
786    406    408
825    410    220
835    365    422
839    425    215
843    425    422
844    396    295
849    406    425
850    394    408
886    169    436
890    439    440
892    230    439
895    241    439
921    413    447
947    171    457
998     36    473
1021    156    481
1042    488    489
1045     36    488
1048     16    488
1049     14    489
1079    500    502
1081    231    500
1083    236    502
1086    198    502
1109    199    510
1112    149    510
1153    191    524
1172     69    529
1194    413    538
1214    544    545
1218     36    545
1220     37    544
1221     41    545
1242    149    553
1243    261    553
1256    557    559
1260    394    559
1261    354    557
1263    399    559
1289    568    569
1290    553    568
1292    332    568
1293    152    569
1294    134    569
1301    300    571
1307     52    573
1308    277    573
1333    581    582
1336    339    581
1337    403    582
1339    354    582
1355    230    587
1410    115    605
1431    545    611
1432    473    611
1476    115    625
1486    629    630
1487    396    629
1490    290    630
1491     98    630
1492    429    630
1507    635    636
1510    569    635
1512    429    636
1513    332    636
1525    343    640
1528    432    640
1540      2    645
1546    647    648
1547     98    647
1549    429    647
1550    413    648
1552    635    648
1553    649    650
1554    136    649
1557    356    650
1558    587    650
1559    380    650
1584      8    658
1586     11    658
1591    660    662
1595    513    662
1602    394    663
1605    399    663
1612    346    667
1614    582    667
1615    668    669
1617    519    668
1618    291    668
1619    636    669
1621    290    669
1631    673    674
1634    422    673
1635    405    674
1636    663    674
1637    425    674
1648    513    678
1649    605    678
1658    544    681
1660     11    681
1691    691    692
1692    481    691
1693    436    691
1694    231    691
1697    376    692
1705    695    696
1706    310    695
1707    557    695
1708    171    695
1710    559    696
1711     37    696
1716    139    698
1718    529    698
1729    432    701
1760    571    711
1761    538    711
1762    460    711
1779    717    718
1780    524    717
1781    436    717
1782    240    717
1784    174    718
1785    235    718
1800    723    724
1801    481    723
1802    510    723
1803    500    723
1806    195    724
1807    725    726
1808    356    725
1809    538    725
1811    380    726
1813    660    726
1839    735    736
1841    447    735
1842    291    735
1843    152    736
1844    635    736
1845    668    736
1846    737    738
1847    399    737
1850    696    738
1853    739    740
1855    701    739
1856    457    739
1859    169    740
1920    177    758
1922    760    761
1923    152    760
1924    649    760
1925    157    760
1927    380    761
1930    762    764
1932    214    762
1934    761    764
1935    215    762
1937    405    764
1980     98    777
1988    180    780
1989    718    780
1998    783    784
2001    645    783
2002    758    784
2004    185    784
2023    791    792
2024    510    791
2027    724    792
2028    698    792
2037    795    796
2038    726    795
2039    513    795
2040    447    795
2041    761    796
2043    735    796
2044    797    798
2045    169    797
2046    481    797
2048    315    798
2049    724    798
2050    347    798
2051    799    800
2054    447    799
2055    571    800
2056    777    800
2057    413    800
2077    605    806
2106    816    817
2108    762    816
2110    667    817
2111    764    817
2117    581    819
2118    519    819
2119    336    819
2126    625    821
2130    519    822
2133     72    822
2142    358    826
2173    826    837
2176    300    837
2177    838    839
2178    439    838
2180    235    838
2181    440    839
2182    826    839
2183    254    839
2192    842    844
2196     76    844
2199    292    844
2208    660    847
2210    214    847
2232    822    854
2233    291    854
2270    277    866
2278    869    870
2281    406    870
2283    777    869
2284    365    870
2286    513    871
2287    799    871
2296    581    874
2297    822    874
2298     69    874
2307    799    877
2308    869    877
2318    838    881
2322    882    883
2324    758    882
2325    260    882
2326    473    883
2328    264    883
2329    884    885
2331    881    884
2332    235    884
2333    277    885
2335    780    885
2352    254    890
2377    899    900
2378    663    899
2380    629    899
2381    673    900
2391    903    904
2392     98    903
2394    900    903
2395    777    904
2396    837    904
2397    365    904
2399    140    905
2401    156    905
2405    907    908
2407    866    907
2409    220    908
2411    816    908
2412    909    910
2413    791    909
2414    783    909
2416    199    910
2417    784    910
2419    911    912
2420    432    911
2424    881    912
2425    230    912
2426    913    914
2427    432    913
2429    740    913
2430    343    914
2431    905    914
2432    797    914
2433    915    916
2434    611    915
2435    890    915
2437    544    916
2439    738    916
2440    917    918
2442    519    917
2443    489    917
2444    264    918
2445    669    918
2446    488    918
2451     18    920
2454      2    920
2456    922    923
2458    911    922
2459    903    922
2461    881    923
2462    837    923
2470    926    927
2472    877    926
2473    291    926
2474    288    927
2475    869    927
2476    290    927
2478    780    928
2479    920    928
2480    524    928
2495    758    933
2513    502    938
2521    941    942
2523    842    941
2524    806    941
2525    926    942
2526    844    942
2527    854    942
2538    946    948
2540    174    946
2542    890    948
2543    436    946
2545    692    948
2549    261    949
2556    890    952
2557    440    952
2558    376    952
2562    954    955
2564    949    954
2565    917    954
2566    284    955
2568    819    955
2571    957    958
2573     14    957
2574     76    958
2576     16    957
2577    292    958
2578    959    960
2579    806    959
2580     47    959
2583     61    960
2584    862    960
2602    740    966
2603    946    966
2604    933    966
2615    970    971
2617    933    970
2618    883    970
2619    429    971
2621    332    971
2625     36    972
2628     11    972
2638    977    978
2641    573    977
2642    842    978
2644    119    978
2649    739    980
2652    933    980
2654    982    983
2655     18    982
2656    957    982
2657    645    982
2658    457    983
2659    958    983
2662    783    984
2663    980    984
2664    983    984
2679    364    989
2680    972    989
2690    284    992
2696    571    995
2702    997    998
2704    605    997
2705    658    998
2707    871    997
2708    364    998
2711   1000   1001
2714    992   1001
2716    847   1000
2717    662   1001
2718   1002   1003
2719    877   1002
2720    997   1002
2721    941   1002
2722    870   1003
2723    998   1003
2724    119   1003
2740    905   1007
2743   1010   1011
2744    489   1010
2746    972   1010
2747    954   1011
2748    992   1011
2756    376   1012
2759   1015   1016
2760   1011   1015
2762    662   1015
2763    989   1016
2764    995   1016
2765    871   1016
2770    629   1018
2771    970   1018
2772    611   1018
2773   1019   1020
2774    649   1019
2775   1007   1019
2776    157   1019
2777    587   1020
2779    673   1020
2780   1021   1022
2781    911   1021
2782   1020   1021
2783    900   1021
2784    913   1022
2785   1007   1022
2788    980   1023
2790    971   1023
2798    678   1026
2799   1001   1026
2800    625   1026
2805    737   1028
2808    336   1028
2811   1030   1032
2813    899   1030
2815    737   1032
2816   1022   1030
2828   1036   1037
2829    955   1036
2830   1028   1036
2832    949   1037
2834   1012   1037
2835   1038   1039
2836    966   1038
2837   1030   1038
2838   1018   1038
2839    948   1039
2840   1032   1039
2841    915   1039
2843    847   1040
2845   1012   1040
2853    645   1043
2856     14   1043
2863    198   1047
2866    711   1047
2867   1048   1049
2868   1010   1048
2869   1043   1048
2870      8   1048
2871    992   1049
2873    625   1049
2874   1050   1051
2875   1015   1050
2877    949   1050
2878    995   1051
2879   1047   1051
2880    260   1051
2898   1057   1059
2900     76   1057
2902    984   1059
2905   1023   1059
2906   1060   1061
2907    660   1060
2908   1050   1060
2909   1012   1060
2910    725   1061
2911   1047   1061
2912    236   1061
2942    960   1071
2950    346   1073
2953    908   1073
3006    681   1091
3007    920   1091
3020   1096   1097
3021      0   1096
3022   1091   1096
3023    658   1096
3024    573   1097
3026    119   1097
3028    862   1098
3029   1057   1098
3030    529   1098
3034   1100   1101
3035    139   1100
3036   1071   1100
3037    529   1100
3038    667   1101
3040    874   1101
3050   1105   1106
3051    866   1105
3052   1073   1105
3053    640   1105
3054    977   1106
3056    701   1106
3067    862   1109
3070   1057   1109
3077    678   1113
3080    806   1113
3083   1071   1115
3084   1113   1115
3098   1120   1121
3099    842   1120
3100   1109   1120
3101    959   1120
3102    977   1121
3104     52   1121
3105   1122   1123
3106    854   1122
3107    796   1122
3108   1113   1122
3109   1101   1123
3110    817   1123
3111   1115   1123
3112   1124   1125
3115    410   1124
3116    978   1125
3118    408   1124
3119    292   1125
3121   1127   1128
3122    457   1127
3123   1125   1127
3124   1106   1127
3125    557   1128
3126   1124   1128
3127   1073   1128
3139   1133   1134
3141    147   1133
3142     61   1134
3144    243   1133
3145    938   1134
3146   1135   1136
3147    912   1135
3149    640   1135
3150    884   1136
3151   1131   1136
3152    866   1136
3153   1137   1138
3154   1135   1137
3155   1133   1137
3156    143   1137
3157   1131   1138
3158   1134   1138
3159   1071   1138
3162   1140   1141
3164    140   1140
3165    149   1141
3167    134   1140
3168    568   1141
3169   1142   1143
3173    907   1143
3176    220   1143
3178   1145   1146
3179   1098   1145
3180   1140   1145
3181    698   1145
3182   1059   1146
3183   1141   1146
3184    791   1146
3185   1147   1148
3186   1097   1147
3187   1143   1147
3188    277   1147
3189   1091   1148
3190   1142   1148
3191    928   1148
3241   1164   1166
3243   1007   1164
3245    156   1166
3246   1032   1164
3248    692   1166
3249   1167   1168
3250   1028   1167
3251   1164   1167
3252    163   1167
3253   1037   1168
3254   1166   1168
3255    553   1168
3256   1169   1170
3259     58   1169
3260    460   1170
3262    180   1169
3263    300   1170
3265   1172   1173
3266    923   1172
3267   1170   1172
3269    885   1173
3270   1169   1173
3271     52   1173
3273   1174   1176
3275    916   1174
3277    681   1176
3280   1142   1176
3282   1040   1177
3283   1174   1177
3284    952   1177
3370   1205   1206
3372    177   1205
3373    254   1206
3375    300   1205
3376    826   1206
3393   1212   1213
3394    882   1212
3395    995   1212
3396   1205   1212
3397    473   1213
3398    989   1213
3399   1206   1213
3446    311   1229
3449    310   1229
3475   1238   1239
3476   1142   1238
3479    524   1239
3480   1229   1239
3777   1332   1333
3780    938   1332
3781    500   1333
3783   1131   1332
3784    240   1333
3786   1335   1336
3787   1239   1335
3788   1333   1335
3789    195   1335
3791   1332   1336
3792    821   1336
3794   1337   1339
3796    909   1337
3798    821   1339
3799   1043   1337
3801   1049   1339
3818   1345   1346
3819   1337   1345
3820     69   1345
3821    792   1345
3822   1339   1346
3823    339   1346
3824    195   1346
3842   1352   1354
3844    460   1352
3846    198   1354
3847     58   1352
3849    910   1354
3850   1355   1356
3851     47   1355
3852   1352   1355
3853     61   1355
3854    821   1356
3855   1354   1356
3856    938   1356
3921   1377   1378
3925   1172   1378
3927   1109   1377
3928   1121   1378
3946   1385   1386
3947    922   1385
3948   1378   1385
3949    701   1385
3950    647   1386
3951   1377   1386
3952   1023   1386
3978   1395   1396
3980    587   1395
3981    214   1395
3983    422   1396
3984    215   1396
3994   1400   1401
3995   1395   1400
3996    440   1400
3997   1177   1400
3998   1396   1401
3999    358   1401
4000   1176   1401
4114   1437   1439
4116   1238   1437
4118   1229   1439
4119   1174   1437
4121    738   1439
4122   1440   1441
4123   1040   1440
4124   1437   1440
4125   1000   1440
4126   1036   1441
4127   1439   1441
4128    284   1441
4154   1450   1451
4155    147   1450
4157     61   1450
4158    538   1451
4160    460   1451
4170   1455   1456
4171    862   1455
4172    134   1455
4173   1450   1455
4174   1377   1456
4175    648   1456
4176   1451   1456
4179   1458   1459
4181    907   1458
4182   1131   1459
4184   1238   1458
4185   1336   1459
4186   1460   1461
4187   1000   1460
4188   1458   1460
4189    816   1460
4190   1026   1461
4191   1459   1461
4192   1115   1461
polygons 447
0   1540   2451   2454   2655   2657
3     16     17   1540   2853   2869   2870
4     16   2454   3007   3021   3022
5   2573   2656   2657   2853   2856
7     32     33     34   2576   2655   2656
10   1584   1586   2628   2746   2868   2870
11     17   1584   3021   3023
13   1586   1660   3006   3022   3023
15   1214   1218   1658   1660   2625   2628
16   1049   2744   2856   2868   2869
17   1042   1048   1049   2573   2576
18     32   1045   1048   1218   1221
19     34   1220   1658   2451   3006   3007
21   1042   1045   2625   2744   2746
22     33   1214   1220   1221
23   3844   3852   3853   4154   4157   4160
27   3260   3267   3921   3925   4160   4174   4176
28     84     85   3259   3270   3271
29   3256   3259   3260   3844   3847
30   3104   3265   3271   3925   3928
31   2578   2584   3067   3100   3101
32     85     93   2580   3098   3101   3104
33     93     84   3847   3851   3852
34   2578   2580   2583   3851   3853
36   2583   2584   4157   4171   4173
37   2574   2659   2664   2898   2900   2902
38    101    102   2571   2573   2574
39   2001   2414   2853   3796   3799
40   2023   2413   3796   3819   3821
42    102    111   2856   3799   3819   3820
43   2413   2414   2662   2902   3182   3184
44   1172   1718   2028   3820   3821
45    111    101   1172   2900   3029   3030
47   1486   1492   2615   2619   2770   2771
48   2380   2770   2813   2837   2838
49   1491   1492   1547   1549
51   2394   2458   2459   2781   2783
54   1547   2392   2459   3946   3947   3950
56   1729   2420   2458   3947   3949
57   1549   2619   2790   3950   3952
58   1853   2602   2604   2649   2652
60   2420   2427   2780   2781   2784
61   1729   1853   1855   2427   2429
62   2429   2602   2784   2816   2836   2837
63   1486   1491   2377   2380   2392   2394
67    177   1410   2077   2579   2580
68   1307   2641   3102   3104
69     85    181   1307   3020   3021   3024
70   2638   2641   2644   3024   3026
71    177    189     17    181     93
73    189   1410   1584   2702   2704   2705
75   2638   2642   3098   3099   3102
76   2523   2524   2579   3099   3101
77   2523   2642   2644   2718   2721   2724
78   2705   2723   2724   3020   3023   3026
81   2077   2524   2704   2720   2721
82   2583   2942   3142   3158   3159
83   1716   1718   3035   3037
84    218   3035   3036   3153   3156   3159
85   3139   3141   3142   4155   4157
86   2584   2942   3028   3030   3036   3037
87    224    225   4155   4172   4173
88    229    224   3164   3167
89   3028   3167   3179   3180   4171   4172
90    218    231   1716   3164   3180   3181
91    229    231    225   3141   3155   3156
92    232   1242   3245   3254   3255
93    232   2399   2401   3162   3164   3165
94   1242   1290   3165   3168
95    246    247   1923   1925
96    224   1293   1294   1554   1923   1924
97   1924   1925   2774   2776
100   1289   1294   3162   3167   3168
101    246   1289   1290   1293   3249   3252   3255
102   2401   2740   3241   3243   3245
103    247   2775   2776   3243   3251   3252
104    229   1554   2399   2740   2774   2775
107   1856   2649   2658   2663   2664
108    272    273    947   1853   1856   1859
109    273    886   1153   1780   1781
110    886   1859   2543   2602   2603
111    284   1540   1998   2001   2004
112    292    293   1920   2002   2004
114    295    272   1153   2451   2479   2480
115    295    947   2654   2655   2658
119    303   1920   2495   2540   2603   2604
121   1779   1780   1989   2478   2480
122    292    303   1784   1988   1989
123   1779   1781   1784   2540   2543
124    284    293   1988   2454   2478   2479
125   1998   2002   2495   2652   2662   2663
126    313   1079   1086   1109   1802   1803
127   1800   1803   1806   3781   3788   3789
128   1086   2513   3846   3855   3856
129   1109   2024   2412   2413   2416
130   1806   2027   3818   3821   3824
131   2412   3794   3796   3798   3849   3854   3855
133   3786   3789   3792   3798   3822   3824
134    313   2416   3846   3849
135   1932   2108   2210   2716   4187   4189
136   2210   2843   3282   3981   3995   3997
139   3273   3280   3476   4116   4119
141   2405   2411   4181   4188   4189
143   3169   3173   3476   4181   4184
145    363   3169   3176   3280   3984   3998   4000
146   2405   2409   3173   3176
148   1932   1935   3978   3981   3984
149    363   1935   2108   2409   2411
150   4116   4124   4125   4184   4187   4188
151   2578   2579   2942   3080   3083   3084
152   1172   2298   3034   3037   3040
154   3028   3029   3067   3070
155   2192   2196   2900   3070   3099   3100
156    101   2133   2196   2232   2526   2527
159    111   2133   2297   2298
160    892   2178   2318   2424   2425
161    382   2425   3144   3147   3154   3155
162    389    390    382    892    895
163    391   1081   3781   3784
164    395    398    391    895   2178   2180
165    389    395   1079   1081   1083
166    390   1083   2513   3139   3144   3145
167   2331   2424   3146   3147   3150
169    398   2332   3150   3151   3777   3783   3784
171   2180   2318   2331   2332
173   1432   2352   2434   2435   3373   3397   3399
174   1920   2324   3372   3394   3396
176    419    303   3370   3372   3373
178    419   2352   2538   2540   2542
179   2435   2542   2839   2841
180   1432   2326   2618   2771   2772
181   2434   2772   2835   2838   2841
182   2325   2878   2880   3394   3395
183    433   2549   2874   2877   2880
184    438    433   2322   2325   2328
185    438   2440   2444   2549   2564   2565
186   2443   2565   2743   2744   2747
187   2564   2747   2760   2875   2877
188    998   2625   2680   3397   3398
191    998   1045   2326   2328   2444   2446
192   1528   1729   3050   3053   3056
193   2270   2329   2333   3150   3152
194   2456   3266   3925   3947   3948
195   1307   1308   2333   3269   3271
199   1308   2270   2641   3050   3051   3054
200   3054   3056   3102   3928   3948   3949
201   2714   2717   2748   2760   2762
202   2690   2711   2714   4122   4125   4128
203   2832   2834   2877   2908   2909
204   2208   2843   2845   2907   2909
205   2566   2829   4126   4128
207   2562   2566   2690   2747   2748
210   2196   2199   2574   2577
211    486    487   1048   1621   2445   2446
212    102   1049   2130   2133   2442   2443
213   1617   1618   2130   2232   2233
214   1615   1618   1621   2470   2473   2476
215    487    496   2474   2476
216   2233   2473   2525   2527
217    501    496    486   2571   2576   2577
219    501   2199   2470   2474   2525   2526
223   1301   2696   3375   3395   3396
224   1760   2696   2866   2878   2879
226   1301   1760   1762   3260   3263
227    292   3256   3262   3263   3372   3375
228   1762   2863   2866   3842   3844   3846
230    524   2002   2324   2325   2416   2417
231    313    524   2863   2879   2880
234    526   2004   2417   3842   3847   3849
235    293    526   3259   3262
240    537   1153   3449   3479   3480
241   1780   1782   3479   3784   3787   3788
243    544   3446   3480   3787   3789
244   1081   1692   1694   1801   1803
246    391   1693   1694   1781   1782
248    553    554   3446   3449
249    554    273    537   2044   2045   2048
250    544    553   1806   2048   2049
251    886   1692   1693   2045   2046
253   2039   2040   2054   2286   2287
254   1841   1842   2054   2307   2472   2473
255   1842   2043   2233   3106   3107
257   2472   2521   2525   2719   2721
258   1648   1649   2286   2704   2707
261   1293   1510   1843   1844
262   1289   1292   1507   1510   1513
263    438    584   1243   1290   1292
264    584   1513   1619   2444   2445
265    588   2808   3250   3252
266   1243   2549   2832   3253   3255
267   2119   2568   2808   2829   2830
268    588    246   1617   1843   1845   2118   2119
269   1507   1615   1619   1844   1845
270   2126   2873   3798   3801
271   2714   2799   2800   2871   2873
272    596   2690   2871   3801   3822   3823
273    544    597   3823   3824
274    596    597   3446   4118   4127   4128
275   1525   1528   2426   2427   2430
276    537    272   1706   1708
277   1859   2045   2426   2429   2432
279    612   1261   2950   3125   3127
280    947   1707   1708   3121   3122   3125
281   1855   1856   3056   3122   3124
284    623    612    624   2048   2050
285    625   2044   2050   2430   2432
286    623    625   1525   2950   3052   3053
287    624    554   1261   1706   1707
289   1355   2419   2425   2777   2781   2782
290    382    629   1355   1557   1558
291    632    629   3141   3144
294    636   1525   3149   3154   3156
295    231    636   2399   2430   2431
296    632    225   1553   1554   1557
297    641   2142   2173   2396   2397
298    642   2142   2679   3376   3398   3399
299    641    642   2284   2708   2722   2723
300   2679   2702   2707   2708   2763   2765
301   1301   2055   2056   2176   2395   2396
302   2051   2055   2287   2696   2764   2765
303   2173   2176   3370   3375   3376
304   2278   2283   2284   2395   2397
305   2270   2407   3173   3187   3188
306   2333   2335   2478   3185   3188   3191
307   3783   3791   4182   4185
309   1785   1989   2329   2332   2335
310   2480   3190   3191   3475   3476   3479
311   2407   3151   3152   4179   4181   4182
313    398   1779   1782   1785
314   1021   2046   2401   2431   2432
315    669   1716   2027   2028   2049   2050
316   1112   2024   3165   3183   3184
319    232   1021   1112   1801   1802
320    669    218    636    625
322   3142   3145   3850   3853   3856
323   1083   1086   2863   2911   2912
326   1761   1762   4158   4160
327   1761   1809   2866   2910   2911
328    629    390   1808   2910   2912
329    632   1808   1809   4154   4155   4158
331   1292   2621   2790   2905   3168   3182   3183
332   1512   1513   2619   2621
333   1294   1510   1552   4170   4172   4175
334    690    389   2756   2906   2909   2912
335   1557   1559   1807   1808   1811
336   1807   1813   2906   2907   2910
338    890    892   1355   3980   3995   3996
339    700   1558   1559   3980   3981
341   2558   2756   2845   3282   3284
342    690    890    895   2557   2558
343    700   1811   1813   2208   2210
345   2557   3284   3996   3997
348   1846   2433   2439   2815   2840   2841
349   2545   2839   2840   3241   3246   3248
350   2805   2815   3246   3250   3251
351   1697   2756   2834   3248   3253   3254
352   2439   3275   4114   4119   4121
353   1697   2542   2545   2556   2558
354   1846   2805   2830   4121   4126   4127
355    433    524   1109   1112   1242   1243
358    584   2328   2615   2618   2621
360   1263   1710   1846   1847   1850
361   1220   1711   1850   2437   2439
362   1260   1263   1602   1605
363     33    736    737   1260   1710   1711
364    736   1221   1431   1487   2770   2772
365    737   1487   1602   2378   2380
369   1605   1847   2378   2811   2813   2815
372   1410   1476   1649   2798   2800
373   3083   3157   3159   4182   4191   4192
376    177   1476   2126   3850   3851   3854
378    189   1476   2867   2870   2873
380   1595   2286   2759   2762   2765
382    760   1586   2705   2708
384   1595   1648   2717   2798   2799
386    760   2628   2679   2680
387    597    553    624   1333   1336   1339
388    596   1336   2117   2566   2568
389    766   1333   1337   2117   2119
390    767   1256   1261   1263   1337   1339
391    766    767   1847   2805   2808
393   1705   1706   1850   3449   4118   4121
395   2785   2811   2816   3243   3246
397   2381   2779   2782   2783
398    774   1631   1635   2773   2776   2779
399    775    767   1605   1635   1636
400    774    247    588    766    775
401    776   2644   3112   3115   3116
402    782    776   2281   2722   2724
403   2192   2199   2642   3116   3119
404    785    501   3112   3118   3119
405    782    786   3115   3118
406    786    785   2278   2281   2474   2475
407   2308   2470   2472   2475
408   1194   1760   1761   2055   2057
409   1194   1550   4158   4175   4176
411   1546   1547   1550   1980   2056   2057
412   2176   2462   3263   3266   3267
414   1980   2391   2392   2395
417   1612   2106   2110   2411   2950   2953
418    623    669   1612   3034   3035   3038
420   1591   1595   1813   2038   2039
422    921   2051   2054   2057
423    921   1194   1807   1809   2038   2040
424   1934   2041   2111   3105   3107   3110
425    774   1922   1925   1934   1937
426   1839   1843   1922   1923   2041   2043
427   1333   1614   2296   3038   3040
428   2117   2118   2130   2296   2297
429   1618   1839   1842   1845
430    775   1337   1614   1937   2110   2111
432   2638   3054   3116   3123   3124
434   2577   2658   2659   3119   3122   3123
436   1553   1559   1922   1924   1927
437   1811   1927   2037   2038   2041
439    921   1550   1552   1839   1841   1844
440   1490   1492   1512   1619   1621
441   1490   1491   1980   2283   2475   2476
444   1336   2296   2298   3818   3820   3823
445   1988   2335   3262   3269   3270
446   1308   3024   3186   3188
447    284    526     84    181     16
449    776    825   3026   3176   3186   3187
450    825   2409   2953   3115   3126   3127
454   2173   2177   2182   2318   2461   2462
456   1634   2777   2779   3978   3980   3983
458    835   1634   2381   2391   2394   2397
460   2142   2181   2182   3994   3996   3999
461    641    835   3983   3998   3999
462    839   1635   1637   1930   1935   1937
463    700   1927   1930   1932   1934
466    839    843   3983   3984
467    843   1631   1634   1637
468    844    487   1486   1487   1490
469     32    486    844    736
470    998   1218   1431   1432
473   2181   2183   2352   2556   2557
474    419   1784   1785   2177   2180   2183
475    395    690   1691   1694   1697
477   1021   1691   1692   3245   3248
478   2182   2183   3373   3376
479    786    849    850   1602   1636   1637
480    850    737    844    496    785
481    835    843    849   2281   2284
482    760    642   1660   3277   3999   4000
483   3006   3189   3190   3277   3280
484    363    839    849    782    825
485    850   1256   1260   3118   3125   3126
486     34    295   1705   1708   1711
488   1658   2437   3273   3275   3277
489    612   1339   1612   1614
491   1507   1512   1546   1549   1552
492   1528   2419   2420   3147   3149
493   1691   1693   2538   2543   2545
494    890   2177   2178   2181
495   2118   2442   2562   2565   2568
496   1591   2762   2875   2907   2908
497   1841   2037   2040   2043
501   1546   3950   3951   4174   4175
503   2322   2326   3393   3394   3397
506   1800   1801   2044   2046   2049
508   1042   2440   2443   2446
510   2798   3077   3084   4190   4192
511   2110   3038   3109   3110
512   1079   2513   3777   3780   3781
515   1800   1802   2023   2024   2027
516   1648   2037   2039   3077   3107   3108
518   1615   1617   2440   2442   2445
521   1718   3030   3179   3181
523   2001   2654   2657   2662   2664
524   1214   1431   2433   2434   2437
525   2287   2307   2707   2719   2720
527   1256   1705   1707   1710
531   1553   1558   2773   2774   2777
533   1855   2649   2788   3946   3949   3952
536   1649   2077   3077   3080
539   2126   2800   3792   4185   4190   4191
541   3051   3053   3146   3149   3152
542   2023   2028   3178   3181   3184
544   1591   2208   2711   2716   2717
545   1631   1636   2377   2378   2381
547   2051   2056   2283   2307   2308
548   2716   2843   4123   4125
552   2106   3110   3111   4186   4189   4192
553   3780   3791   3792   3854   3856
554   2329   2331   2461   3265   3266   3269
555   2322   2324   2495   2617   2618
556   1930   2106   2108   2111
558   1998   2412   2414   2417
559   3067   3927   4170   4171   4174
562   2521   2524   2527   3080   3106   3108
564   2232   2297   3040   3105   3106   3109
565   2405   2407   2953   3051   3052
566   3145   3157   3158   3780   3783
567   2391   2396   2456   2459   2462
568   2192   2521   2523   2526
571   2426   2431   2740   2784   2785
572   2278   2308   2718   2719   2722
573   2419   2424   2456   2458   2461
574   2377   2780   2783   2813   2816
575   2433   2435   2556   3275   3283   3284
576   2604   2617   2771   2836   2838
577   2479   3007   3189   3191
578   2615   2617   2652   2788   2790
580   2538   2603   2835   2836   2839
581   2562   2564   2828   2829   2832
582   2571   2654   2656   2659
583   2763   2764   3393   3395   3398
584   2680   2743   2746   2759   2760   2763
585   2663   2788   2902   2905
586   2743   2748   2867   2868   2871
587   2759   2764   2874   2875   2878
588   2702   2718   2720   2723
589   2711   2799   4186   4187   4190
590   2898   2905   3070   3927   3951   3952
591   2773   2775   2780   2782   2785
592   2828   2834   2845   4122   4123   4126
593   2828   2830   3249   3250   3253
594   2811   2835   2837   2840
595   3282   3283   4119   4123   4124
596   2867   2869   3794   3799   3801
597   2874   2879   2906   2908   2911
599   2898   3029   3178   3179   3182
600   3020   3022   3185   3186   3189
602   3034   3036   3083   3109   3111
603   3050   3052   3121   3124   3127
609   3098   3100   3921   3927   3928
610   3084   3105   3108   3111
612   3112   3121   3123   3126
613   3146   3151   3153   3154   3157
614   3139   3153   3155   3158
615   3162   3178   3180   3183
616   3169   3185   3187   3190
620   3241   3249   3251   3254
621   3256   3265   3267   3270
622   3273   3283   3994   3997   4000
628   3370   3393   3396   3399
630   3475   3786   3787   4179   4184   4185
631   3475   3480   4114   4116   4118
652   3777   3786   3788   3791
653   3794   3818   3819   3822
656   3842   3850   3852   3855
661   3921   3946   3948   3951
663   3978   3994   3995   3998
671   4114   4122   4124   4127
673   4154   4170   4173   4176
674   4179   4186   4188   4191
cells 64
0      0      3      4      5      7     10     11     13     15     16     17     18     19     21     22
1     23     27     28     29     30     31     32     33     34     36    559    609    621    673
2     37      5     38     39     40     42     43     44     45    521    523    542    582    599
3     47     48     49     51     54     56     57     58     60     61     62     63    533    574    576    578
4     32     67     68     69     70     11     71     73     75     76     77     78     81    588
5     82     83     84     85     86     36     87     88     89     90     91    521    614
6     92     93     94     95     96     97     88    100    101    102    103    104    620
7    107    108     58    109    110    111    112    114    115    119    121    122    123    124      0    125    523
8    126    127    128    129    130    131     40    133    134    512    515    553    652    653
9    135    136    139    141    143    145    146    148    149    150    548    595    622    663
10    151    152     86     45    154     76    155    156     31    159    562    564    568    602    610
11    160    161    162    163    164    165    166    167    169    171    512    566    613    614
12    173    174    176    178    179    119    180    181    503    555    576    580    628
13    182    183    184    185     21    186    187    188    191    503    508    583    584    587
14    167    192    193    194     56    195     30    199    200     68    492    541    554    573
15    201    202    203    204    205    187    207    496    544    548    581    592
16     17    210     38    211    212    213    214    215    156    216    217    219    508    518
17    182    223    174    224    226    227     29    228    230    231    112    134    234    235
18    240    241    163    243    127    244    246    109    248    249    250    251    506
19    253    254    255    216    257    258     81    497    516    525    536    562
20    261    262    263    264    185    265    266    267    268    269    101    495    518    581    593
21    270    271    243    272    202    133    273    150    274    539    589    630    631    671    674
22    275     61    276    249    108    277    279    280    281    284    285    286    192    287    603
23    289    104    290    291    275    294     91    295    296    161     60    492    531    571    591
24    297    298    299    223    300    301    302    303    304    525    547    572    583    588    628
25    121    241    305    169    193    306    307    143    309    310    311    313    616    630    652
26    314    285    315    316     93    319    320    295     90    506    515    542    615
27     85    322     23    228    128    323    326    327    328    329    166    291    656
28    331    154     57    332    333    100     89    262    491    501    559    590    599    615
29    162    334    328    290    335    336    338    339    341    342    343    204    136    345
30    348    349    350    351    179    352    353    341    354    575    592    593    595    620    671
31    129    355    125    331    230    184     43    316     94    358    263    555    558    578    585
32    360    361    362    363    364    365    348     48     22    369    181    524    594
33    322     82    372    307    373    376     34     67    151    510    536    539    553    566
34    372     73    378    380    271     10    258    382    384    201    386    300    584    586
35    387    388    389    390    391    360    267    393    274    205    354    287    248    527
36    395    103    391    369    265    350    397    398    399    400    545    574    591
37     77    401    402    403    404    405    406    257    219    407    568    572
38    408    326    409    411    412    226    414    194     27     54    301    501    567    661
39    311    417    286    373    418    141    294     84    320    511    541    552    565    602    613    674
40    224    336    380    253    302    408    420    422    423    327    496    587    597
41    424    425    426     95    427    428    213    255    429    430    389    400    268    511    564
42    155     37    432    210     75    403    107    200    281    434    533    585    590    609    661
43    436    437    335    439    261    426    423    333    409    296     87     96    329    497    673
44    429    439    269    440    422    254    411    441    214     49    407    491    547
45    428    212    388    272    444    159     42    207     16    186    495    586    596    653
46    445    195     28     69    446      4    235    124    447    306    577    600
47    401    432    199    305    446     70    449    450    146    565    603    612
48    454     51    297    289    160    456    397    458    338    460    461    494    567    573    663
49    456    398    462    148    463    339    425     97    436    466    467    531
50    468    440    211    191    358    364     47     18    469    264    470    332    180
51    353    178    473    474    246    475    123    164    342    313    493    494
52    351    334    266    355    475    231    323    126     92    244    203    183    319    477    165    597
53    445    227    122    474    309    412    171    454    478    303    176    554    621
54    270      3    378    447     71    376     33    111     39    131    234    558    596    656
55    424    384    135    437    420    343    463    510    516    544    552    556    589    610
56    441    406    479    480    468    215    365    414    304    458     63    481    467    545
57    482    483    466    299    382    449     13    402     78    461    145    484    481    600    616
58      7    280    434    363    480    485    404    469    217    486    115    527    582    612
59    477    314    102    277     62    251    349    395    110    493    571    580    594
60    139    483    393    488    352    361    276    240    114    486     19    310    577    631
61     15    482    478    473    460    488    345    470    173    298    188    386    524    575    622
62    387    489    427    130     44    418    315     83    444    273    284    152    250
63    149    484    450    390    489    279    362    485    417    479    405    462    430    399    556
