vertices 383
     0 1.02688582437972 3.99358093230427 1.06439151529527
     2 1.41401699600925 0.16779010290020 1.59761175847568
     8 0.91528330873259 3.88332201149388 1.06647443717122
    11 0.27745578557795 0.28186505130155 1.05675094278973
    14 0.87603888601050 3.69615928318011 2.15761690529233
    16 0.31934123692687 0.27542905631335 2.31735523249575
    18 1.16556420250448 0.62416217425021 1.92539423763693
    36 3.92465436425124 0.22241535519660 1.70264952764914
    37 0.51154843697524 0.74639615560492 2.02391464611750
    41 0.26282756734066 0.41481463937894 2.26712634570529
    47 1.45910043186254 3.43740545754987 0.56905662524944
    52 1.68134323269592 0.33322497308304 0.20243258699519
    58 1.87578688004801 3.85122696486744 0.87714870244319
    59 1.55172337250682 3.84410670435369 0.69998112008528
    61 1.90222683915058 2.95266974887628 0.08529728512042
    69 1.05997217254116 3.02338345182809 2.68790592867761
    72 0.95763898996212 3.22937612005719 2.68387059047325
    76 1.18327418384998 3.75802644096125 2.92355740013743
    98 3.11396662632047 0.31415347719679 3.34355377181918
   115 1.06789730702651 3.35920457711679 0.73364310412221
   119 0.80947918489510 0.56665247924537 0.09218025336687
   134 2.63858400133685 2.80520925455108 3.22175177316990
   136 2.67753141585666 2.46286394819344 3.38149339032968
   139 1.67287197816026 2.27226304443666 3.08099317502282
   140 2.42812768140278 2.30779678748372 3.09802465942072
   143 2.03091822441637 2.06211361992796 3.20902016097964
   147 2.55598135477643 2.47476846525319 3.89290302192420
   149 2.67655186390425 2.67748443357980 2.25426847986912
   152 3.43938762429677 2.79232484979150 3.01345492282287
   156 2.66572064710258 2.22350686438067 2.22813914540129
   157 3.50178434166229 2.25780116045149 3.09264093789272
   163 3.58873850777693 2.39510710773017 2.75735355390922
   169 1.93672467617487 1.26164530333668 2.19943592829052
   171 1.34388232478180 1.04109888207732 2.18482093609144
   174 2.32602607810635 0.80193459550356 1.50653459894814
   177 2.28663165659892 0.36704888167548 1.44481151534936
   180 2.08689025939282 0.33956248239055 1.32093595853362
   185 1.87605717921705 0.07892890265542 1.43188577180707
   191 1.44772478003963 1.18593347623102 2.08683417977263
   195 1.25818875835722 2.35985028145186 2.00742308845135
   198 2.47445536297542 2.99432952623609 1.27176562285266
   199 2.49192992716617 3.12943885154292 1.61058757907667
   214 3.83205060407367 2.03886531740752 0.38195224273709
   215 0.23296071087733 1.44302068649822 3.98776605631277
   220 0.54148366185394 1.37664259643358 0.03061154217938
   230 2.76607767113479 1.77622194252651 0.18550416979445
   231 2.29789961177557 2.06507381900689 1.22549547362870
   235 2.16818845756179 1.35909512766324 0.83503265447155
   236 2.57015179437092 2.30980502045158 0.94257828203913
   240 2.02792083083980 1.75719985136834 1.12327860995976
   241 2.59982781681050 2.11207133287702 1.03610806435210
   243 2.62010247958700 2.25783015492083 0.16342782363198
   254 3.02481460233733 0.84502452579559 1.19244481752682
   260 2.84046270716741 3.21272675702913 1.63302605638356
   261 3.07278200261163 3.06525156215204 1.88874795643630
   264 3.18895871980199 3.43744283554975 2.12200146099769
   277 1.59417931942847 0.99480962145095 0.37597533448877
   284 0.48153054705840 2.43527349064452 1.83637154997570
   288 0.25757726113915 0.37719923076541 2.89696399270027
   290 3.92428087867313 0.15076975815603 2.93300622583380
   291 0.09171398288538 3.26790200755730 3.19697559575368
   292 0.99721881589067 0.16053367263190 2.92116953395320
   295 0.14887649016457 0.37381132696919 2.73155565784084
   300 2.85681788996990 0.09092006049902 0.63558924851799
   310 1.09922782993908 1.52734230391067 2.18595524322102
   311 1.06424709854721 2.16384089379688 2.07395372868576
   315 1.16631546653848 1.83339187654654 2.37047351878695
   332 3.04812863539215 3.40066908741863 2.49585473100086
   336 3.97916126633198 2.27323851708714 2.56697938474455
   339 0.88013622263357 2.40746358784435 2.10143298836815
   343 2.01179040311810 1.80446226647115 2.99787788135516
   346 1.21674165889528 1.89576067916392 3.10213289925510
   347 1.62073803624680 2.02098801667037 2.97715947636187
   354 0.96457921549695 1.79717446784427 2.72938930462616
   356 2.75240036528699 2.38356747374936 0.06609238453553
   358 3.67537986047070 0.81092705032462 0.53164496515803
   364 0.12252931079244 0.25370902381382 0.89894427346415
   365 3.70515706734848 0.76074984587221 0.09971599729557
   376 3.08514152431297 2.02822157547144 1.36444407372432
   380 3.56166316446583 2.43547821195226 0.11117476567703
   394 0.26031768316798 1.09061923321268 2.89087021453250
   396 0.09738992780964 0.50689153214269 2.66439848444850
   399 0.22031469997199 1.47183219582362 2.70585210192758
   403 0.24170615016930 1.96950617031405 2.87507926607549
   405 0.04658826585762 1.96283347579476 3.22292564818981
   406 0.28746793363070 1.02329748211452 3.68675352920062
   408 0.40204224542437 0.94521508237045 3.15170538428252
   410 0.53240351320751 1.05251754268260 3.76711011153678
   413 3.19573160131476 3.48173172798418 3.93381217538222
   422 3.77408705307912 1.15369237697181 3.98381569024422
   425 0.10156126768902 1.25391110880035 3.77419749945284
   429 2.98829538114123 0.03141546704205 2.97446275968776
   432 2.21529107786073 1.14473250738343 3.13523774972580
   436 2.12827766074195 1.24126440165552 1.87830341969383
   439 2.76959352977356 1.61012907726860 0.58445567664078
   440 3.38786732371001 1.37360668854271 0.80585997865463
   447 3.54174924654596 3.32653912306983 3.91282710143371
   457 1.57237073945931 0.71481546717973 2.55621404651966
   460 2.48193311741397 3.59949357175691 0.45476143285044
   473 3.54656836757012 0.27597708127346 1.69144991077892
   481 2.36206073509014 2.06097432282003 1.93526519105004
   488 0.13695530840209 3.82528315272107 2.04947169280267
   489 0.27827103083881 3.65686176275663 1.99503415210812
   500 2.20501209611492 2.19192201359867 1.20509542779445
   502 2.31298510012395 2.37967603461366 1.05139978224956
   510 2.32431095308028 2.85430695235908 1.90244898576645
   513 0.07089209226500 3.10101131094898 0.51119368892944
   519 0.23735736800514 3.02744182724600 2.59875310677006
   524 1.53407172889773 1.13780641973049 1.57804213575315
   529 1.53688695467967 2.81322385944398 3.04558746057858
   538 2.86007222393175 3.30845675299473 0.16284250421347
   544 0.25466942768812 0.75453110215121 1.69792982229147
   545 3.97127045927579 0.44359942782780 1.83733014565355
   553 2.98109571558028 2.76442469750170 2.22071136306590
   557 0.86595534671217 1.48404499367323 2.67977131903639
   559 0.41533002003537 1.34725404485789 2.65805697079782
   568 2.96991750543594 3.00479126242367 2.55010045921218
   569 3.19350264829035 2.99679857635281 2.95472320762488
   571 2.99857323000042 3.80545811109568 0.59662905466408
   573 1.50978980171170 0.54782305226061 0.15676254492968
   581 0.58836939647779 2.49654492243726 2.54235170768591
   582 0.63939216145098 2.12614280208124 2.85138595404508
   587 3.00802751033763 1.78040209923136 0.05048110890816
   605 0.81118418941619 3.31175619174923 0.42690625763236
   611 3.58031068444421 0.52659010150707 1.84121184580892
   625 1.03226657934301 3.00477371539509 0.99583272887564
   629 3.35095914265916 0.64697927261856 2.73192356866037
   630 3.24729365786509 0.29510360312924 3.03646282582304
   635 3.23580231405488 3.10974023398585 3.00001627845029
   636 3.24146496677146 3.45216021049622 2.73683065774877
   640 1.97504685276004 1.45466357667693 3.36382508046835
   645 1.41040855230003 0.03893759572582 1.82032803841260
   647 2.88051635679052 0.04969632950427 3.21642233799837
   648 2.90617279511604 3.49455613625787 3.52086324137712
   649 3.03898819446859 2.28111727288654 3.40472115425662
   650 3.03472320848008 2.22086949126341 3.92699422332073
   658 0.60801263082165 0.17851121911983 0.90873649914422
   660 3.71045184295616 2.59074638174427 0.69825585856284
   662 0.01523510167460 2.93399334876405 0.77611805038087
   663 0.09458196537207 1.23292170501574 2.91172069647114
   667 0.82969581246299 2.25635670533156 3.22126701272733
   668 3.92744356068263 3.20058482618092 2.90562341543173
   669 3.76059644553664 3.54027538877894 2.67310608349786
   673 3.31994170781314 1.28051871744016 3.51044178925745
   674 3.93698104397308 1.42008651166257 3.33883221843198
   678 0.64643372740619 3.03083155829583 0.43383199975304
   681 0.42925601915322 0.68049813931895 1.21734614572975
   691 2.44157046343531 1.92355991167094 1.76371463710917
   692 2.87317310931864 1.89210391569584 1.77793014741788
   695 0.98813149757675 1.38942894206835 2.28339762123599
   696 0.54061374932519 1.25105739526208 2.21554975099151
   698 1.69143044714573 2.70827950245091 2.91548178341797
   701 2.03197033531263 0.84971744868589 3.09479949092065
   711 2.75067655659275 3.51744771183671 0.51614936423665
   717 1.86063433388078 1.17670239861438 1.53102219878183
   718 2.04373911664945 0.96356247432338 1.36436614347405
   723 2.13013059385818 2.37152733309654 1.73494134389440
   724 1.55837887527633 2.37698950663351 2.14169813295301
   725 3.03537557451766 2.72612139462305 0.33619509275042
   726 3.53990324043237 2.63670138658372 0.25652517874815
   735 3.78202131807608 3.06148229120526 3.45068095667774
   736 3.54393874970150 2.98369742238725 3.07411954131377
   737 3.90790570553702 1.63151257236050 2.26454754703360
   738 0.20240698836694 1.46826011435646 1.88648127505836
   739 1.98850717686353 0.74436347902703 2.63319191002851
   740 2.15163273624664 0.95625996024208 2.50070580674190
   758 2.28675383501218 0.11035223228902 1.75295296301079
   760 3.42317773786449 2.45965683055743 3.24118483303575
   761 3.81621460129703 2.53826950727061 3.68560624862791
   762 0.30841092679381 1.86606662486104 3.97416877505437
   764 0.24648447634516 2.14647159139213 3.59263229179846
   777 3.39511461576040 0.25269319916066 3.78497455170163
   780 1.90797889284150 0.85773727762503 1.29326528831843
   783 1.81846839517933 3.87210234562465 1.86684870276046
   784 1.98375599999606 3.90827845068963 1.67862750275080
   791 2.00962496952275 3.11982004921567 2.21783801721782
   792 1.59528550005112 2.76397018497259 2.39104079663016
   795 3.74096766832084 2.92969165961845 0.09419070454499
   796 3.90704728403345 2.77736626243003 3.70782862058225
   797 1.97412742318330 1.69045277931902 2.38010261151254
   798 1.57732039980806 1.94983657148743 2.45745898835152
   799 3.61730741938304 3.64542390348971 0.05997133048843
   800 3.34556343279491 3.73749362816573 0.06172242476520
   806 1.00831285265121 3.29472561056619 0.02541978999785
   816 0.65114467610321 1.92943841908810 0.02685635592811
   817 0.59546625668034 2.25676422374593 3.56802081465743
   819 0.25497771100497 2.55182375424285 2.43727975931494
   821 1.40377512649934 2.81225251213574 1.10995961776565
   822 0.68069500286818 3.03125966186382 2.81592612447583
   826 3.21135079661462 0.72031091416943 0.70009179874382
   837 3.00952659968529 0.51987168942047 0.34249744272683
   838 2.59094186985058 1.36208558145873 0.60730943926211
   839 3.10154151819510 1.00514763723296 0.83979028956893
   842 1.20223229576698 3.92757466481119 3.53312382234567
   844 1.04997020800582 3.87717202333019 3.11841494241886
   847 3.90071116640726 2.21376013155365 0.75613813519342
   854 0.50712089970054 3.17011852025294 3.21936071550021
   862 1.85724807226452 3.27814298810004 3.42050685457476
   866 1.68821932024964 1.45195823941777 0.16788491374466
   869 3.82469985046246 0.23828101623928 3.73300045097286
   870 3.97813410579253 0.54247768392607 3.95460913535788
   871 3.92290217499369 3.59861933840858 0.51755605660671
   874 0.77481696919970 2.87480405123250 2.80253484556023
   877 3.95622484632214 3.96741290649926 3.83393978036790
   881 2.43023573117948 1.27061871649332 0.34586910418036
   882 2.86278175603137 3.79423200317484 1.71165751255937
   883 3.01711565313406 3.83972995058146 1.92981859687605
   884 2.02683224211633 1.25523807554390 0.51199077189546
   885 1.85975494183602 0.95103008744758 0.55314295376347
   890 3.28606721005456 1.15299425358328 1.59984213493663
   899 3.33191406432588 0.93063927529864 2.81268998518076
   900 3.11364618632458 1.09155095876792 3.38290844010977
   903 3.00762194189785 0.70371518730110 3.56799793391448
   904 3.29172938112708 0.52972123132796 3.93867874733447
   905 2.53548040431196 1.97196600376837 2.78415056973377
   907 0.96183790225702 1.72520156215409 0.28667203668001
   908 0.81128142458830 1.76847305516624 0.02145251166881
   909 1.84204636447660 3.41329468291911 1.87674394294007
   910 2.07361482300010 3.44562854539020 1.60903540314744
   911 2.69375004324138 1.08433868584216 3.52892982354324
   912 2.48442825927484 1.47881901518430 0.03745191040771
   913 2.31054389257599 1.24231729395086 2.87685617996654
   914 2.17714676141239 1.68394528214522 2.78370438047766
   915 3.41007440837388 1.09338386319247 1.72964286048110
   916 0.03661128066913 1.23330064022824 1.64081327655115
   917 0.07372796158685 3.41300111114086 2.13512887102490
   918 3.91454379620158 3.54663629743065 2.20534255015683
   920 1.23879746083198 0.60007310581095 1.65468366627740
   922 2.73119756391346 0.76264260178583 3.63150951094512
   923 2.62804771499009 0.70182534563544 0.12789759682365
   926 0.20419991863403 3.74885330853752 3.33794806743001
   927 0.03888347879532 0.15824273132885 3.08517882864989
   928 1.49323904370096 0.98692148580534 1.48349071479045
   933 2.36053835744840 0.35161346862853 2.29811184565953
   938 1.90225396410148 2.47145349610867 0.66857305302470
   941 0.86218394166840 3.70838251874323 3.69892317816493
   942 0.66988213947829 3.63153372516252 3.35340580619252
   946 2.38010637293506 0.99640319892278 1.87887838260797
   948 3.08063285712706 1.27372424269506 1.83614741813914
   949 3.33225459334665 2.89986039226731 1.71381466208087
   952 3.46505476321117 1.49784543388690 1.12288747022355
   954 3.98369513908258 3.10118748082478 1.85406938762658
   955 0.19073015066909 2.52205470532963 2.06710772701801
   957 0.95332079766914 0.05638197034346 2.30333786889304
   958 1.13348618983803 0.06070178570125 2.70144239350809
   959 1.36350151398770 3.35578780866094 0.02677626568839
   960 1.61600372200407 3.05303939725102 3.85187306215066
   966 2.40946023368323 0.80510177860571 2.28146787489433
   970 2.73051137126721 0.18551741063149 2.39388487142116
   971 2.69457120875710 0.01538618823690 2.61139577965756
   972 0.08686878022776 0.09028383873867 1.28950223732191
   977 1.53484779428000 0.44506639267156 3.77087825078764
   978 1.25357445016199 0.37512356278467 3.64562022226625
   980 2.16116706959076 0.28982123974227 2.49373896444841
   982 1.28527845489271 0.25746929859639 2.10429252014945
   983 1.49952566478902 0.29384345668354 2.42321881199221
   984 1.93264786101602 0.10314454305118 2.40515656271102
   989 3.90876203022156 0.06719227391546 1.08897681626765
   992 0.53502351372198 2.89284141843338 1.39605391361771
   995 3.20442001515092 3.76334899819966 0.99244825637771
   997 0.31750262908550 3.90483021663631 0.43278618869624
   998 0.33801591093671 0.10547591345114 0.56714353682598
  1000 0.36992271077901 2.28407630181900 0.91630605759966
  1001 0.45290427193408 2.71530706136633 0.94455619564090
  1002 0.33580965758413 0.04421954728891 0.19171361567982
  1003 0.34842018856320 0.20117717834635 0.25257120161810
  1007 2.89219862467492 1.80249132824767 2.84998531338122
  1010 0.33778416415474 3.59862799820186 1.63096499689270
  1011 0.16242825063495 3.22964803425908 1.54550652658134
  1012 3.29580594567536 2.24597392129126 1.37348777250779
  1015 3.82230540329530 3.23459042788685 1.14622456760448
  1016 3.74149355438353 3.68542304281759 0.93587977258741
  1018 3.16684143721990 0.64111405000515 2.42952706676607
  1019 3.13515277951109 1.98505955606337 3.19723010425553
  1020 3.13702814228240 1.41476640395067 3.50863477256507
  1021 2.99514481388912 1.19589808385244 3.38109001652815
  1022 2.82364840334174 1.31364042057603 2.91749148837048
  1023 2.28597975719821 0.08759243690565 2.69417935451082
  1026 0.74246672769989 2.78199621373630 0.75793281467412
  1028 3.82873435929775 2.12375625572003 2.28426980916397
  1030 3.11931626249362 1.08923269667719 2.58589972514899
  1032 3.30969816274789 1.43528178999927 2.27048145409790
  1036 3.93954816969859 2.26712882549202 2.01307666327508
  1037 3.38531033636291 2.46886489520292 1.83082521601761
  1038 3.03447706967746 0.93414006621946 2.39392815536552
  1039 3.20207205088487 1.21855587446025 1.98726359912905
  1040 3.76303537527060 1.95853829437298 1.14233184550708
  1043 1.08227629927726 3.63942629151205 1.86648745799166
  1047 2.79255018297220 3.03074221979955 1.13545572981454
  1048 0.81805584007403 3.56377123722914 1.51304576184174
  1049 0.90470764529693 3.07193197315203 1.36276228227663
  1050 3.25828505228609 2.95237139939914 1.36776779849007
  1051 2.97965878027496 3.14214207720452 1.33025814448397
  1057 1.72136564452565 3.56229759865356 3.08140687754544
  1059 2.05470065672862 3.85160403259740 2.63973654545439
  1060 3.22144854935750 2.62671477805762 1.13080783341759
  1061 2.93708901234259 2.67007068607003 0.97850932275485
  1071 1.34586898737981 2.52880159160959 3.68420671605407
  1073 1.26546477930108 1.68171086756518 3.32094027493169
  1091 0.74110263401939 0.64635880306713 1.14443579790818
  1096 0.77345191420830 0.30010380940448 0.91835780873672
  1097 1.00343377657999 0.62706512149715 0.38783659008540
  1098 1.79730645063300 3.15148713460655 3.15650640263870
  1100 1.37084143354283 2.53628207532080 3.28890638989094
  1101 0.89772094077321 2.49463365607048 3.26338268992295
  1105 1.74557950711035 1.42980180999526 3.45700575968468
  1106 1.68110333600557 0.90325906559569 3.27906167239030
  1109 1.79145612257566 3.60362360706416 3.35683014776806
  1113 0.79409322662423 2.85797831696056 3.92991666248040
  1115 0.88755128554121 2.61067544700341 3.85531894761315
  1120 1.47672916913104 3.81665576259829 3.64545350682909
  1121 1.68036020209921 0.25898346226038 3.82350199793572
  1122 0.57776469429125 2.77710126980686 3.63317367066401
  1123 0.70859759806757 2.56796628460371 3.59073908264011
  1124 0.77974227845950 0.98971217462267 3.27092611672542
  1125 1.14013198999393 0.63305208337749 3.20127043442346
  1127 1.34800911647114 0.84616842097583 3.06312992860915
  1128 1.05141170757045 1.21531529777789 3.09037683656301
  1131 1.52191351595570 1.95826031959362 0.38795776086327
  1133 2.39178700194853 2.32852668760264 0.00870285937722
  1134 1.96975619420193 2.47221782426366 0.18602775306409
  1135 2.12981836363121 1.61066100418920 3.88372485294088
  1136 1.77481720732808 1.43835554595317 0.28294518422855
  1137 2.02351017773649 1.99762327580801 3.81597275944795
  1138 1.73023630372557 2.18292158669456 0.01097392245051
  1140 2.44026590780810 2.73021001494920 2.98428124488339
  1141 2.59921337547988 2.87269207409193 2.56927345904833
  1142 0.70334638727717 1.21381458127342 0.89325524667728
  1143 0.79006301643907 1.28369488984589 0.45139442591874
  1145 1.99509181749827 2.92899458551230 2.93676406529039
  1146 2.16212051778906 3.17435820786790 2.52109310989998
  1147 1.02484066033624 0.98075720010465 0.56046378962198
  1148 0.89465434789038 1.00557454053486 0.93537004163428
  1164 3.15449202531878 1.94164850364931 2.39226031023324
  1166 2.96315932566158 2.13792540431065 2.15687995177890
  1167 3.44822992974315 2.24236602418395 2.40075945666316
  1168 3.19913192818843 2.41799757989195 2.14808801031256
  1169 2.10502142094109 0.12460816000541 0.75053828285568
  1170 2.42305916769019 0.03492039959664 0.52664178503998
  1172 2.26418458439307 0.33353455338609 0.21678435804131
  1173 1.99329690435101 0.40936437157523 0.38774419454484
  1174 0.08660006506608 1.38465154881210 1.35040453929705
  1176 0.30190673598010 1.10560799863330 1.04000991698489
  1177 3.64169911626461 1.53679535269403 1.07401034986117
  1205 2.97212080770906 0.22958318115654 1.07025057618374
  1206 3.13770951299196 0.45771542317883 1.06818260333454
  1212 3.12786385520877 0.06773580031052 1.18956032293109
  1213 3.33711174330176 0.23321077534706 1.22409371309735
  1229 0.96060927166261 1.79429695203548 1.81979102794936
  1238 0.83022083996001 1.66325500523032 1.12685900288266
  1239 1.15726324270948 1.68394071212431 1.41676975745495
  1332 1.60316895918951 2.12300130061422 0.71545901116410
  1333 1.85394361507055 1.98535707989092 1.07809552932014
  1335 1.49101139679416 2.07850466306172 1.24983820197522
  1336 1.45958075154844 2.31679674520859 0.94263477683071
  1337 1.34871554637688 3.20668433313264 1.89516056825310
  1339 1.19799777714810 2.92266015507248 1.57952811770891
  1345 1.23998335885074 2.93072473302710 2.35165867524586
  1346 1.09330001233223 2.55509265595557 2.04545441976529
  1352 1.99650021942454 3.46905421802304 0.81568032609498
  1354 2.06178129233674 3.21403251969530 1.15687717621258
  1355 1.73657501320177 3.25016022275364 0.65515121741331
  1356 1.73513799462019 2.94093115204367 0.94928879066006
  1377 2.20440734154443 3.93645336051180 3.48816969436125
  1378 2.12101381034770 0.20619670872686 3.66648858977457
  1385 2.31478760133324 0.40293438063934 3.39672678593553
  1386 2.38827149907994 0.15925869144249 3.24738027004600
  1395 3.59774156376271 1.58534707240454 0.40577074921829
  1396 3.81864852678201 1.32212918636436 0.25744666179405
  1400 3.56277552436319 1.40236805570167 0.73340515143045
  1401 3.77581081968591 1.16074339586522 0.58265035961916
  1437 0.34076686391541 1.80212081258440 1.46832218457057
  1439 0.36692543946825 1.81705567534307 1.58879267419749
  1440 0.27282015543726 1.92854512255832 1.44095706070280
  1441 0.29970280417793 1.96964862736264 1.60273131203714
  1450 2.38756065187121 3.08153004648498 3.85598220757036
  1451 2.54816310008061 3.33013390386148 3.97024788901802
  1455 2.38789431713938 3.18491642225442 3.62008210665166
  1456 2.51967960589839 3.40372560238198 3.69620777557782
  1458 0.89397629178186 1.83625142287728 0.91368137398746
  1459 1.11436800058856 2.17741505663019 0.67308777389972
  1460 0.74302920444442 2.16802115670497 0.65223574288529
  1461 0.88387545408209 2.33297985229216 0.59661134049025
edges 766
16      2      0
17      0      8
32     16     41
33     41     37
34     37     18
84     58     59
85     59     52
93     59     47
101     76     72
102     72     14
111     72     69
177    115     47
181     59      0
189    115      8
218    143    139
224    134    136
225    136    147
229    140    136
231    143    140
232    149    156
246    152    163
247    163    157
272    171    191
273    191    169
284    185      2
292    177    180
293    180    185
295    171     18
303    174    177
313    199    198
363    220    215
382    230    243
389    241    236
390    236    243
391    231    240
395    231    241
398    235    240
419    254    174
433    260    261
438    264    261
486     16    295
487    295    290
496    295    288
501    292    288
524    260    199
526     58    185
537    310    191
544    195    311
553    311    315
554    315    310
584    264    332
588    163    336
596    339    284
597    311    339
612    354    346
623    347    346
624    354    315
625    343    347
629    243    356
632    147    356
636    343    143
641    365    358
642    358    364
669    139    347
690    376    241
700    214    380
736     41    396
737    396    394
760     11    364
766    403    336
767    399    403
774    157    405
775    405    403
776    119    410
782    406    410
785    408    288
786    406    408
825    410    220
835    365    422
839    425    215
843    425    422
844    396    295
849    406    425
850    394    408
886    169    436
890    439    440
892    230    439
895    241    439
921    413    447
947    171    457
998     36    473
1021    156    481
1042    488    489
1045     36    488
1048     16    488
1049     14    489
1079    500    502
1081    231    500
1083    236    502
1086    198    502
1109    199    510
1112    149    510
1153    191    524
1172     69    529
1194    413    538
1214    544    545
1218     36    545
1220     37    544
1221     41    545
1242    149    553
1243    261    553
1256    557    559
1260    394    559
1261    354    557
1263    399    559
1289    568    569
1290    553    568
1292    332    568
1293    152    569
1294    134    569
1301    300    571
1307     52    573
1308    277    573
1333    581    582
1336    339    581
1337    403    582
1339    354    582
1355    230    587
1410    115    605
1431    545    611
1432    473    611
1476    115    625
1486    629    630
1487    396    629
1490    290    630
1491     98    630
1492    429    630
1507    635    636
1510    569    635
1512    429    636
1513    332    636
1525    343    640
1528    432    640
1540      2    645
1546    647    648
1547     98    647
1549    429    647
1550    413    648
1552    635    648
1553    649    650
1554    136    649
1557    356    650
1558    587    650
1559    380    650
1584      8    658
1586     11    658
1591    660    662
1595    513    662
1602    394    663
1605    399    663
1612    346    667
1614    582    667
1615    668    669
1617    519    668
1618    291    668
1619    636    669
1621    290    669
1631    673    674
1634    422    673
1635    405    674
1636    663    674
1637    425    674
1648    513    678
1649    605    678
1658    544    681
1660     11    681
1691    691    692
1692    481    691
1693    436    691
1694    231    691
1697    376    692
1705    695    696
1706    310    695
1707    557    695
1708    171    695
1710    559    696
1711     37    696
1716    139    698
1718    529    698
1729    432    701
1760    571    711
1761    538    711
1762    460    711
1779    717    718
1780    524    717
1781    436    717
1782    240    717
1784    174    718
1785    235    718
1800    723    724
1801    481    723
1802    510    723
1803    500    723
1806    195    724
1807    725    726
1808    356    725
1809    538    725
1811    380    726
1813    660    726
1839    735    736
1841    447    735
1842    291    735
1843    152    736
1844    635    736
1845    668    736
1846    737    738
1847    399    737
1850    696    738
1853    739    740
1855    701    739
1856    457    739
1859    169    740
1920    177    758
1922    760    761
1923    152    760
1924    649    760
1925    157    760
1927    380    761
1930    762    764
1932    214    762
1934    761    764
1935    215    762
1937    405    764
1980     98    777
1988    180    780
1989    718    780
1998    783    784
2001    645    783
2002    758    784
2004    185    784
2023    791    792
2024    510    791
2027    724    792
2028    698    792
2037    795    796
2038    726    795
2039    513    795
2040    447    795
2041    761    796
2043    735    796
2044    797    798
2045    169    797
2046    481    797
2048    315    798
2049    724    798
2050    347    798
2051    799    800
2054    447    799
2055    571    800
2056    777    800
2057    413    800
2077    605    806
2106    816    817
2108    762    816
2110    667    817
2111    764    817
2117    581    819
2118    519    819
2119    336    819
2126    625    821
2130    519    822
2133     72    822
2142    358    826
2173    826    837
2176    300    837
2177    838    839
2178    439    838
2180    235    838
2181    440    839
2182    826    839
2183    254    839
2192    842    844
2196     76    844
2199    292    844
2208    660    847
2210    214    847
2232    822    854
2233    291    854
2270    277    866
2278    869    870
2281    406    870
2283    777    869
2284    365    870
2286    513    871
2287    799    871
2296    581    874
2297    822    874
2298     69    874
2307    799    877
2308    869    877
2318    838    881
2322    882    883
2324    758    882
2325    260    882
2326    473    883
2328    264    883
2329    884    885
2331    881    884
2332    235    884
2333    277    885
2335    780    885
2352    254    890
2377    899    900
2378    663    899
2380    629    899
2381    673    900
2391    903    904
2392     98    903
2394    900    903
2395    777    904
2396    837    904
2397    365    904
2399    140    905
2401    156    905
2405    907    908
2407    866    907
2409    220    908
2411    816    908
2412    909    910
2413    791    909
2414    783    909
2416    199    910
2417    784    910
2419    911    912
2420    432    911
2424    881    912
2425    230    912
2426    913    914
2427    432    913
2429    740    913
2430    343    914
2431    905    914
2432    797    914
2433    915    916
2434    611    915
2435    890    915
2437    544    916
2439    738    916
2440    917    918
2442    519    917
2443    489    917
2444    264    918
2445    669    918
2446    488    918
2451     18    920
2454      2    920
2456    922    923
2458    911    922
2459    903    922
2461    881    923
2462    837    923
2470    926    927
2472    877    926
2473    291    926
2474    288    927
2475    869    927
2476    290    927
2478    780    928
2479    920    928
2480    524    928
2495    758    933
2513    502    938
2521    941    942
2523    842    941
2524    806    941
2525    926    942
2526    844    942
2527    854    942
2538    946    948
2540    174    946
2542    890    948
2543    436    946
2545    692    948
2549    261    949
2556    890    952
2557    440    952
2558    376    952
2562    954    955
2564    949    954
2565    917    954
2566    284    955
2568    819    955
2571    957    958
2573     14    957
2574     76    958
2576     16    957
2577    292    958
2578    959    960
2579    806    959
2580     47    959
2583     61    960
2584    862    960
2602    740    966
2603    946    966
2604    933    966
2615    970    971
2617    933    970
2618    883    970
2619    429    971
2621    332    971
2625     36    972
2628     11    972
2638    977    978
2641    573    977
2642    842    978
2644    119    978
2649    739    980
2652    933    980
2654    982    983
2655     18    982
2656    957    982
2657    645    982
2658    457    983
2659    958    983
2662    783    984
2663    980    984
2664    983    984
2679    364    989
2680    972    989
2690    284    992
2696    571    995
2702    997    998
2704    605    997
2705    658    998
2707    871    997
2708    364    998
2711   1000   1001
2714    992   1001
2716    847   1000
2717    662   1001
2718   1002   1003
2719    877   1002
2720    997   1002
2721    941   1002
2722    870   1003
2723    998   1003
2724    119   1003
2740    905   1007
2743   1010   1011
2744    489   1010
2746    972   1010
2747    954   1011
2748    992   1011
2756    376   1012
2759   1015   1016
2760   1011   1015
2762    662   1015
2763    989   1016
2764    995   1016
2765    871   1016
2770    629   1018
2771    970   1018
2772    611   1018
2773   1019   1020
2774    649   1019
2775   1007   1019
2776    157   1019
2777    587   1020
2779    673   1020
2780   1021   1022
2781    911   1021
2782   1020   1021
2783    900   1021
2784    913   1022
2785   1007   1022
2788    980   1023
2790    971   1023
2798    678   1026
2799   1001   1026
2800    625   1026
2805    737   1028
2808    336   1028
2811   1030   1032
2813    899   1030
2815    737   1032
2816   1022   1030
2828   1036   1037
2829    955   1036
2830   1028   1036
2832    949   1037
2834   1012   1037
2835   1038   1039
2836    966   1038
2837   1030   1038
2838   1018   1038
2839    948   1039
2840   1032   1039
2841    915   1039
2843    847   1040
2845   1012   1040
2853    645   1043
2856     14   1043
2863    198   1047
2866    711   1047
2867   1048   1049
2868   1010   1048
2869   1043   1048
2870      8   1048
2871    992   1049
2873    625   1049
2874   1050   1051
2875   1015   1050
2877    949   1050
2878    995   1051
2879   1047   1051
2880    260   1051
2898   1057   1059
2900     76   1057
2902    984   1059
2905   1023   1059
2906   1060   1061
2907    660   1060
2908   1050   1060
2909   1012   1060
2910    725   1061
2911   1047   1061
2912    236   1061
2942    960   1071
2950    346   1073
2953    908   1073
3006    681   1091
3007    920   1091
3020   1096   1097
3021      0   1096
3022   1091   1096
3023    658   1096
3024    573   1097
3026    119   1097
3028    862   1098
3029   1057   1098
3030    529   1098
3034   1100   1101
3035    139   1100
3036   1071   1100
3037    529   1100
3038    667   1101
3040    874   1101
3050   1105   1106
3051    866   1105
3052   1073   1105
3053    640   1105
3054    977   1106
3056    701   1106
3067    862   1109
3070   1057   1109
3077    678   1113
3080    806   1113
3083   1071   1115
3084   1113   1115
3098   1120   1121
3099    842   1120
3100   1109   1120
3101    959   1120
3102    977   1121
3104     52   1121
3105   1122   1123
3106    854   1122
3107    796   1122
3108   1113   1122
3109   1101   1123
3110    817   1123
3111   1115   1123
3112   1124   1125
3115    410   1124
3116    978   1125
3118    408   1124
3119    292   1125
3121   1127   1128
3122    457   1127
3123   1125   1127
3124   1106   1127
3125    557   1128
3126   1124   1128
3127   1073   1128
3139   1133   1134
3141    147   1133
3142     61   1134
3144    243   1133
3145    938   1134
3146   1135   1136
3147    912   1135
3149    640   1135
3150    884   1136
3151   1131   1136
3152    866   1136
3153   1137   1138
3154   1135   1137
3155   1133   1137
3156    143   1137
3157   1131   1138
3158   1134   1138
3159   1071   1138
3162   1140   1141
3164    140   1140
3165    149   1141
3167    134   1140
3168    568   1141
3169   1142   1143
3173    907   1143
3176    220   1143
3178   1145   1146
3179   1098   1145
3180   1140   1145
3181    698   1145
3182   1059   1146
3183   1141   1146
3184    791   1146
3185   1147   1148
3186   1097   1147
3187   1143   1147
3188    277   1147
3189   1091   1148
3190   1142   1148
3191    928   1148
3241   1164   1166
3243   1007   1164
3245    156   1166
3246   1032   1164
3248    692   1166
3249   1167   1168
3250   1028   1167
3251   1164   1167
3252    163   1167
3253   1037   1168
3254   1166   1168
3255    553   1168
3256   1169   1170
3259     58   1169
3260    460   1170
3262    180   1169
3263    300   1170
3265   1172   1173
3266    923   1172
3267   1170   1172
3269    885   1173
3270   1169   1173
3271     52   1173
3273   1174   1176
3275    916   1174
3277    681   1176
3280   1142   1176
3282   1040   1177
3283   1174   1177
3284    952   1177
3370   1205   1206
3372    177   1205
3373    254   1206
3375    300   1205
3376    826   1206
3393   1212   1213
3394    882   1212
3395    995   1212
3396   1205   1212
3397    473   1213
3398    989   1213
3399   1206   1213
3446    311   1229
3449    310   1229
3475   1238   1239
3476   1142   1238
3479    524   1239
3480   1229   1239
3777   1332   1333
3780    938   1332
3781    500   1333
3783   1131   1332
3784    240   1333
3786   1335   1336
3787   1239   1335
3788   1333   1335
3789    195   1335
3791   1332   1336
3792    821   1336
3794   1337   1339
3796    909   1337
3798    821   1339
3799   1043   1337
3801   1049   1339
3818   1345   1346
3819   1337   1345
3820     69   1345
3821    792   1345
3822   1339   1346
3823    339   1346
3824    195   1346
3842   1352   1354
3844    460   1352
3846    198   1354
3847     58   1352
3849    910   1354
3850   1355   1356
3851     47   1355
3852   1352   1355
3853     61   1355
3854    821   1356
3855   1354   1356
3856    938   1356
3921   1377   1378
3925   1172   1378
3927   1109   1377
3928   1121   1378
3946   1385   1386
3947    922   1385
3948   1378   1385
3949    701   1385
3950    647   1386
3951   1377   1386
3952   1023   1386
3978   1395   1396
3980    587   1395
3981    214   1395
3983    422   1396
3984    215   1396
3994   1400   1401
3995   1395   1400
3996    440   1400
3997   1177   1400
3998   1396   1401
3999    358   1401
4000   1176   1401
4114   1437   1439
4116   1238   1437
4118   1229   1439
4119   1174   1437
4121    738   1439
4122   1440   1441
4123   1040   1440
4124   1437   1440
4125   1000   1440
4126   1036   1441
4127   1439   1441
4128    284   1441
4154   1450   1451
4155    147   1450
4157     61   1450
4158    538   1451
4160    460   1451
4170   1455   1456
4171    862   1455
4172    134   1455
4173   1450   1455
4174   1377   1456
4175    648   1456
4176   1451   1456
4179   1458   1459
4181    907   1458
4182   1131   1459
4184   1238   1458
4185   1336   1459
4186   1460   1461
4187   1000   1460
4188   1458   1460
4189    816   1460
4190   1026   1461
4191   1459   1461
4192   1115   1461
polygons 447
0   1540   2451   2454   2655   2657
3     16     17   1540   2853   2869   2870
4     16   2454   3007   3021   3022
5   2573   2656   2657   2853   2856
7     32     33     34   2576   2655   2656
10   1584   1586   2628   2746   2868   2870
11     17   1584   3021   3023
13   1586   1660   3006   3022   3023
15   1214   1218   1658   1660   2625   2628
16   1049   2744   2856   2868   2869
17   1042   1048   1049   2573   2576
18     32   1045   1048   1218   1221
19     34   1220   1658   2451   3006   3007
21   1042   1045   2625   2744   2746
22     33   1214   1220   1221
23   3844   3852   3853   4154   4157   4160
27   3260   3267   3921   3925   4160   4174   4176
28     84     85   3259   3270   3271
29   3256   3259   3260   3844   3847
30   3104   3265   3271   3925   3928
31   2578   2584   3067   3100   3101
32     85     93   2580   3098   3101   3104
33     93     84   3847   3851   3852
34   2578   2580   2583   3851   3853
36   2583   2584   4157   4171   4173
37   2574   2659   2664   2898   2900   2902
38    101    102   2571   2573   2574
39   2001   2414   2853   3796   3799
40   2023   2413   3796   3819   3821
42    102    111   2856   3799   3819   3820
43   2413   2414   2662   2902   3182   3184
44   1172   1718   2028   3820   3821
45    111    101   1172   2900   3029   3030
47   1486   1492   2615   2619   2770   2771
48   2380   2770   2813   2837   2838
49   1491   1492   1547   1549
51   2394   2458   2459   2781   2783
54   1547   2392   2459   3946   3947   3950
56   1729   2420   2458   3947   3949
57   1549   2619   2790   3950   3952
58   1853   2602   2604   2649   2652
60   2420   2427   2780   2781   2784
61   1729   1853   1855   2427   2429
62   2429   2602   2784   2816   2836   2837
63   1486   1491   2377   2380   2392   2394
67    177   1410   2077   2579   2580
68   1307   2641   3102   3104
69     85    181   1307   3020   3021   3024
70   2638   2641   2644   3024   3026
71    177    189     17    181     93
73    189   1410   1584   2702   2704   2705
75   2638   2642   3098   3099   3102
76   2523   2524   2579   3099   3101
77   2523   2642   2644   2718   2721   2724
78   2705   2723   2724   3020   3023   3026
81   2077   2524   2704   2720   2721
82   2583   2942   3142   3158   3159
83   1716   1718   3035   3037
84    218   3035   3036   3153   3156   3159
85   3139   3141   3142   4155   4157
86   2584   2942   3028   3030   3036   3037
87    224    225   4155   4172   4173
88    229    224   3164   3167
89   3028   3167   3179   3180   4171   4172
90    218    231   1716   3164   3180   3181
91    229    231    225   3141   3155   3156
92    232   1242   3245   3254   3255
93    232   2399   2401   3162   3164   3165
94   1242   1290   3165   3168
95    246    247   1923   1925
96    224   1293   1294   1554   1923   1924
97   1924   1925   2774   2776
100   1289   1294   3162   3167   3168
101    246   1289   1290   1293   3249   3252   3255
102   2401   2740   3241   3243   3245
103    247   2775   2776   3243   3251   3252
104    229   1554   2399   2740   2774   2775
107   1856   2649   2658   2663   2664
108    272    273    947   1853   1856   1859
109    273    886   1153   1780   1781
110    886   1859   2543   2602   2603
111    284   1540   1998   2001   2004
112    292    293   1920   2002   2004
114    295    272   1153   2451   2479   2480
115    295    947   2654   2655   2658
119    303   1920   2495   2540   2603   2604
121   1779   1780   1989   2478   2480
122    292    303   1784   1988   1989
123   1779   1781   1784   2540   2543
124    284    293   1988   2454   2478   2479
125   1998   2002   2495   2652   2662   2663
126    313   1079   1086   1109   1802   1803
127   1800   1803   1806   3781   3788   3789
128   1086   2513   3846   3855   3856
129   1109   2024   2412   2413   2416
130   1806   2027   3818   3821   3824
131   2412   3794   3796   3798   3849   3854   3855
133   3786   3789   3792   3798   3822   3824
134    313   2416   3846   3849
135   1932   2108   2210   2716   4187   4189
136   2210   2843   3282   3981   3995   3997
139   3273   3280   3476   4116   4119
141   2405   2411   4181   4188   4189
143   3169   3173   3476   4181   4184
145    363   3169   3176   3280   3984   3998   4000
146   2405   2409   3173   3176
148   1932   1935   3978   3981   3984
149    363   1935   2108   2409   2411
150   4116   4124   4125   4184   4187   4188
151   2578   2579   2942   3080   3083   3084
152   1172   2298   3034   3037   3040
154   3028   3029   3067   3070
155   2192   2196   2900   3070   3099   3100
156    101   2133   2196   2232   2526   2527
159    111   2133   2297   2298
160    892   2178   2318   2424   2425
161    382   2425   3144   3147   3154   3155
162    389    390    382    892    895
163    391   1081   3781   3784
164    395    398    391    895   2178   2180
165    389    395   1079   1081   1083
166    390   1083   2513   3139   3144   3145
167   2331   2424   3146   3147   3150
169    398   2332   3150   3151   3777   3783   3784
171   2180   2318   2331   2332
173   1432   2352   2434   2435   3373   3397   3399
174   1920   2324   3372   3394   3396
176    419    303   3370   3372   3373
178    419   2352   2538   2540   2542
179   2435   2542   2839   2841
180   1432   2326   2618   2771   2772
181   2434   2772   2835   2838   2841
182   2325   2878   2880   3394   3395
183    433   2549   2874   2877   2880
184    438    433   2322   2325   2328
185    438   2440   2444   2549   2564   2565
186   2443   2565   2743   2744   2747
187   2564   2747   2760   2875   2877
188    998   2625   2680   3397   3398
191    998   1045   2326   2328   2444   2446
192   1528   1729   3050   3053   3056
193   2270   2329   2333   3150   3152
194   2456   3266   3925   3947   3948
195   1307   1308   2333   3269   3271
199   1308   2270   2641   3050   3051   3054
200   3054   3056   3102   3928   3948   3949
201   2714   2717   2748   2760   2762
202   2690   2711   2714   4122   4125   4128
203   2832   2834   2877   2908   2909
204   2208   2843   2845   2907   2909
205   2566   2829   4126   4128
207   2562   2566   2690   2747   2748
210   2196   2199   2574   2577
211    486    487   1048   1621   2445   2446
212    102   1049   2130   2133   2442   2443
213   1617   1618   2130   2232   2233
214   1615   1618   1621   2470   2473   2476
215    487    496   2474   2476
216   2233   2473   2525   2527
217    501    496    486   2571   2576   2577
219    501   2199   2470   2474   2525   2526
223   1301   2696   3375   3395   3396
224   1760   2696   2866   2878   2879
226   1301   1760   1762   3260   3263
227    292   3256   3262   3263   3372   3375
228   1762   2863   2866   3842   3844   3846
230    524   2002   2324   2325   2416   2417
231    313    524   2863   2879   2880
234    526   2004   2417   3842   3847   3849
235    293    526   3259   3262
240    537   1153   3449   3479   3480
241   1780   1782   3479   3784   3787   3788
243    544   3446   3480   3787   3789
244   1081   1692   1694   1801   1803
246    391   1693   1694   1781   1782
248    553    554   3446   3449
249    554    273    537   2044   2045   2048
250    544    553   1806   2048   2049
251    886   1692   1693   2045   2046
253   2039   2040   2054   2286   2287
254   1841   1842   2054   2307   2472   2473
255   1842   2043   2233   3106   3107
257   2472   2521   2525   2719   2721
258   1648   1649   2286   2704   2707
261   1293   1510   1843   1844
262   1289   1292   1507   1510   1513
263    438    584   1243   1290   1292
264    584   1513   1619   2444   2445
265    588   2808   3250   3252
266   1243   2549   2832   3253   3255
267   2119   2568   2808   2829   2830
268    588    246   1617   1843   1845   2118   2119
269   1507   1615   1619   1844   1845
270   2126   2873   3798   3801
271   2714   2799   2800   2871   2873
272    596   2690   2871   3801   3822   3823
273    544    597   3823   3824
274    596    597   3446   4118   4127   4128
275   1525   1528   2426   2427   2430
276    537    272   1706   1708
277   1859   2045   2426   2429   2432
279    612   1261   2950   3125   3127
280    947   1707   1708   3121   3122   3125
281   1855   1856   3056   3122   3124
284    623    612    624   2048   2050
285    625   2044   2050   2430   2432
286    623    625   1525   2950   3052   3053
287    624    554   1261   1706   1707
289   1355   2419   2425   2777   2781   2782
290    382    629   1355   1557   1558
291    632    629   3141   3144
294    636   1525   3149   3154   3156
295    231    636   2399   2430   2431
296    632    225   1553   1554   1557
297    641   2142   2173   2396   2397
298    642   2142   2679   3376   3398   3399
299    641    642   2284   2708   2722   2723
300   2679   2702   2707   2708   2763   2765
301   1301   2055   2056   2176   2395   2396
302   2051   2055   2287   2696   2764   2765
303   2173   2176   3370   3375   3376
304   2278   2283   2284   2395   2397
305   2270   2407   3173   3187   3188
306   2333   2335   2478   3185   3188   3191
307   3783   3791   4182   4185
309   1785   1989   2329   2332   2335
310   2480   3190   3191   3475   3476   3479
311   2407   3151   3152   4179   4181   4182
313    398   1779   1782   1785
314   1021   2046   2401   2431   2432
315    669   1716   2027   2028   2049   2050
316   1112   2024   3165   3183   3184
319    232   1021   1112   1801   1802
320    669    218    636    625
322   3142   3145   3850   3853   3856
323   1083   1086   2863   2911   2912
326   1761   1762   4158   4160
327   1761   1809   2866   2910   2911
328    629    390   1808   2910   2912
329    632   1808   1809   4154   4155   4158
331   1292   2621   2790   2905   3168   3182   3183
332   1512   1513   2619   2621
333   1294   1510   1552   4170   4172   4175
334    690    389   2756   2906   2909   2912
335   1557   1559   1807   1808   1811
336   1807   1813   2906   2907   2910
338    890    892   1355   3980   3995   3996
339    700   1558   1559   3980   3981
341   2558   2756   2845   3282   3284
342    690    890    895   2557   2558
343    700   1811   1813   2208   2210
345   2557   3284   3996   3997
348   1846   2433   2439   2815   2840   2841
349   2545   2839   2840   3241   3246   3248
350   2805   2815   3246   3250   3251
351   1697   2756   2834   3248   3253   3254
352   2439   3275   4114   4119   4121
353   1697   2542   2545   2556   2558
354   1846   2805   2830   4121   4126   4127
355    433    524   1109   1112   1242   1243
358    584   2328   2615   2618   2621
360   1263   1710   1846   1847   1850
361   1220   1711   1850   2437   2439
362   1260   1263   1602   1605
363     33    736    737   1260   1710   1711
364    736   1221   1431   1487   2770   2772
365    737   1487   1602   2378   2380
369   1605   1847   2378   2811   2813   2815
372   1410   1476   1649   2798   2800
373   3083   3157   3159   4182   4191   4192
376    177   1476   2126   3850   3851   3854
378    189   1476   2867   2870   2873
380   1595   2286   2759   2762   2765
382    760   1586   2705   2708
384   1595   1648   2717   2798   2799
386    760   2628   2679   2680
387    597    553    624   1333   1336   1339
388    596   1336   2117   2566   2568
389    766   1333   1337   2117   2119
390    767   1256   1261   1263   1337   1339
391    766    767   1847   2805   2808
393   1705   1706   1850   3449   4118   4121
395   2785   2811   2816   3243   3246
397   2381   2779   2782   2783
398    774   1631   1635   2773   2776   2779
399    775    767   1605   1635   1636
400    774    247    588    766    775
401    776   2644   3112   3115   3116
402    782    776   2281   2722   2724
403   2192   2199   2642   3116   3119
404    785    501   3112   3118   3119
405    782    786   3115   3118
406    786    785   2278   2281   2474   2475
407   2308   2470   2472   2475
408   1194   1760   1761   2055   2057
409   1194   1550   4158   4175   4176
411   1546   1547   1550   1980   2056   2057
412   2176   2462   3263   3266   3267
414   1980   2391   2392   2395
417   1612   2106   2110   2411   2950   2953
418    623    669   1612   3034   3035   3038
420   1591   1595   1813   2038   2039
422    921   2051   2054   2057
423    921   1194   1807   1809   2038   2040
424   1934   2041   2111   3105   3107   3110
425    774   1922   1925   1934   1937
426   1839   1843   1922   1923   2041   2043
427   1333   1614   2296   3038   3040
428   2117   2118   2130   2296   2297
429   1618   1839   1842   1845
430    775   1337   1614   1937   2110   2111
432   2638   3054   3116   3123   3124
434   2577   2658   2659   3119   3122   3123
436   1553   1559   1922   1924   1927
437   1811   1927   2037   2038   2041
439    921   1550   1552   1839   1841   1844
440   1490   1492   1512   1619   1621
441   1490   1491   1980   2283   2475   2476
444   1336   2296   2298   3818   3820   3823
445   1988   2335   3262   3269   3270
446   1308   3024   3186   3188
447    284    526     84    181     16
449    776    825   3026   3176   3186   3187
450    825   2409   2953   3115   3126   3127
454   2173   2177   2182   2318   2461   2462
456   1634   2777   2779   3978   3980   3983
458    835   1634   2381   2391   2394   2397
460   2142   2181   2182   3994   3996   3999
461    641    835   3983   3998   3999
462    839   1635   1637   1930   1935   1937
463    700   1927   1930   1932   1934
466    839    843   3983   3984
467    843   1631   1634   1637
468    844    487   1486   1487   1490
469     32    486    844    736
470    998   1218   1431   1432
473   2181   2183   2352   2556   2557
474    419   1784   1785   2177   2180   2183
475    395    690   1691   1694   1697
477   1021   1691   1692   3245   3248
478   2182   2183   3373   3376
479    786    849    850   1602   1636   1637
480    850    737    844    496    785
481    835    843    849   2281   2284
482    760    642   1660   3277   3999   4000
483   3006   3189   3190   3277   3280
484    363    839    849    782    825
485    850   1256   1260   3118   3125   3126
486     34    295   1705   1708   1711
488   1658   2437   3273   3275   3277
489    612   1339   1612   1614
491   1507   1512   1546   1549   1552
492   1528   2419   2420   3147   3149
493   1691   1693   2538   2543   2545
494    890   2177   2178   2181
495   2118   2442   2562   2565   2568
496   1591   2762   2875   2907   2908
497   1841   2037   2040   2043
501   1546   3950   3951   4174   4175
503   2322   2326   3393   3394   3397
506   1800   1801   2044   2046   2049
508   1042   2440   2443   2446
510   2798   3077   3084   4190   4192
511   2110   3038   3109   3110
512   1079   2513   3777   3780   3781
515   1800   1802   2023   2024   2027
516   1648   2037   2039   3077   3107   3108
518   1615   1617   2440   2442   2445
521   1718   3030   3179   3181
523   2001   2654   2657   2662   2664
524   1214   1431   2433   2434   2437
525   2287   2307   2707   2719   2720
527   1256   1705   1707   1710
531   1553   1558   2773   2774   2777
533   1855   2649   2788   3946   3949   3952
536   1649   2077   3077   3080
539   2126   2800   3792   4185   4190   4191
541   3051   3053   3146   3149   3152
542   2023   2028   3178   3181   3184
544   1591   2208   2711   2716   2717
545   1631   1636   2377   2378   2381
547   2051   2056   2283   2307   2308
548   2716   2843   4123   4125
552   2106   3110   3111   4186   4189   4192
553   3780   3791   3792   3854   3856
554   2329   2331   2461   3265   3266   3269
555   2322   2324   2495   2617   2618
556   1930   2106   2108   2111
558   1998   2412   2414   2417
559   3067   3927   4170   4171   4174
562   2521   2524   2527   3080   3106   3108
564   2232   2297   3040   3105   3106   3109
565   2405   2407   2953   3051   3052
566   3145   3157   3158   3780   3783
567   2391   2396   2456   2459   2462
568   2192   2521   2523   2526
571   2426   2431   2740   2784   2785
572   2278   2308   2718   2719   2722
573   2419   2424   2456   2458   2461
574   2377   2780   2783   2813   2816
575   2433   2435   2556   3275   3283   3284
576   2604   2617   2771   2836   2838
577   2479   3007   3189   3191
578   2615   2617   2652   2788   2790
580   2538   2603   2835   2836   2839
581   2562   2564   2828   2829   2832
582   2571   2654   2656   2659
583   2763   2764   3393   3395   3398
584   2680   2743   2746   2759   2760   2763
585   2663   2788   2902   2905
586   2743   2748   2867   2868   2871
587   2759   2764   2874   2875   2878
588   2702   2718   2720   2723
589   2711   2799   4186   4187   4190
590   2898   2905   3070   3927   3951   3952
591   2773   2775   2780   2782   2785
592   2828   2834   2845   4122   4123   4126
593   2828   2830   3249   3250   3253
594   2811   2835   2837   2840
595   3282   3283   4119   4123   4124
596   2867   2869   3794   3799   3801
597   2874   2879   2906   2908   2911
599   2898   3029   3178   3179   3182
600   3020   3022   3185   3186   3189
602   3034   3036   3083   3109   3111
603   3050   3052   3121   3124   3127
609   3098   3100   3921   3927   3928
610   3084   3105   3108   3111
612   3112   3121   3123   3126
613   3146   3151   3153   3154   3157
614   3139   3153   3155   3158
615   3162   3178   3180   3183
616   3169   3185   3187   3190
620   3241   3249   3251   3254
621   3256   3265   3267   3270
622   3273   3283   3994   3997   4000
628   3370   3393   3396   3399
630   3475   3786   3787   4179   4184   4185
631   3475   3480   4114   4116   4118
652   3777   3786   3788   3791
653   3794   3818   3819   3822
656   3842   3850   3852   3855
661   3921   3946   3948   3951
663   3978   3994   3995   3998
671   4114   4122   4124   4127
673   4154   4170   4173   4176
674   4179   4186   4188   4191
cells 64
0      0      3      4      5      7     10     11     13     15     16     17     18     19     21     22
1     23     27     28     29     30     31     32     33     34     36    559    609    621    673
2     37      5     38     39     40     42     43     44     45    521    523    542    582    599
3     47     48     49     51     54     56     57     58     60     61     62     63    533    574    576    578
4     32     67     68     69     70     11     71     73     75     76     77     78     81    588
5     82     83     84     85     86     36     87     88     89     90     91    521    614
6     92     93     94     95     96     97     88    100    101    102    103    104    620
7    107    108     58    109    110    111    112    114    115    119    121    122    123    124      0    125    523
8    126    127    128    129    130    131     40    133    134    512    515    553    652    653
9    135    136    139    141    143    145    146    148    149    150    548    595    622    663
10    151    152     86     45    154     76    155    156     31    159    562    564    568    602    610
11    160    161    162    163    164    165    166    167    169    171    512    566    613    614
12    173    174    176    178    179    119    180    181    503    555    576    580    628
13    182    183    184    185     21    186    187    188    191    503    508    583    584    587
14    167    192    193    194     56    195     30    199    200     68    492    541    554    573
15    201    202    203    204    205    187    207    496    544    548    581    592
16     17    210     38    211    212    213    214    215    156    216    217    219    508    518
17    182    223    174    224    226    227     29    228    230    231    112    134    234    235
18    240    241    163    243    127    244    246    109    248    249    250    251    506
19    253    254    255    216    257    258     81    497    516    525    536    562
20    261    262    263    264    185    265    266    267    268    269    101    495    518    581    593
21    270    271    243    272    202    133    273    150    274    539    589    630    631    671    674
22    275     61    276    249    108    277    279    280    281    284    285    286    192    287    603
23    289    104    290    291    275    294     91    295    296    161     60    492    531    571    591
24    297    298    299    223    300    301    302    303    304    525    547    572    583    588    628
25    121    241    305    169    193    306    307    143    309    310    311    313    616    630    652
26    314    285    315    316     93    319    320    295     90    506    515    542    615
27     85    322     23    228    128    323    326    327    328    329    166    291    656
28    331    154     57    332    333    100     89    262    491    501    559    590    599    615
29    162    334    328    290    335    336    338    339    341    342    343    204    136    345
30    348    349    350    351    179    352    353    341    354    575    592    593    595    620    671
31    129    355    125    331    230    184     43    316     94    358    263    555    558    578    585
32    360    361    362    363    364    365    348     48     22    369    181    524    594
33    322     82    372    307    373    376     34     67    151    510    536    539    553    566
34    372     73    378    380    271     10    258    382    384    201    386    300    584    586
35    387    388    389    390    391    360    267    393    274    205    354    287    248    527
36    395    103    391    369    265    350    397    398    399    400    545    574    591
37     77    401    402    403    404    405    406    257    219    407    568    572
38    408    326    409    411    412    226    414    194     27     54    301    501    567    661
39    311    417    286    373    418    141    294     84    320    511    541    552    565    602    613    674
40    224    336    380    253    302    408    420    422    423    327    496    587    597
41    424    425    426     95    427    428    213    255    429    430    389    400    268    511    564
42    155     37    432    210     75    403    107    200    281    434    533    585    590    609    661
43    436    437    335    439    261    426    423    333    409    296     87     96    329    497    673
44    429    439    269    440    422    254    411    441    214     49    407    491    547
45    428    212    388    272    444    159     42    207     16    186    495    586    596    653
46    445    195     28     69    446      4    235    124    447    306    577    600
47    401    432    199    305    446     70    449    450    146    565    603    612
48    454     51    297    289    160    456    397    458    338    460    461    494    567    573    663
49    456    398    462    148    463    339    425     97    436    466    467    531
50    468    440    211    191    358    364     47     18    469    264    470    332    180
51    353    178    473    474    246    475    123    164    342    313    493    494
52    351    334    266    355    475    231    323    126     92    244    203    183    319    477    165    597
53    445    227    122    474    309    412    171    454    478    303    176    554    621
54    270      3    378    447     71    376     33    111     39    131    234    558    596    656
55    424    384    135    437    420    343    463    510    516    544    552    556    589    610
56    441    406    479    480    468    215    365    414    304    458     63    481    467    545
57    482    483    466    299    382    449     13    402     78    461    145    484    481    600    616
58      7    280    434    363    480    485    404    469    217    486    115    527    582    612
59    477    314    102    277     62    251    349    395    110    493    571    580    594
60    139    483    393    488    352    361    276    240    114    486     19    310    577    631
61     15    482    478    473    460    488    345    470    173    298    188    386    524    575    622
62    387    489    427    130     44    418    315     83    444    273    284    152    250
63    149    484    450    390    489    279    362    485    417    479    405    462    430    399    556
