vertices 383
     0 0.98955598071475 0.34482462662735 1.10204283271310
     2 1.37668825191926 0.51903465441411 1.63526279361683
     8 0.87795385444425 0.23456631080805 1.10412584763863
    11 0.24012538838070 0.63310816238695 1.09440413447375
    14 0.83870716610805 0.04740438361170 2.19526832936702
    16 0.28201214761074 0.62667424494610 2.35500723073007
    18 1.12823400776138 0.97540779778157 1.96304729112083
    36 3.88732503029214 0.57365973592024 1.74030100151959
    37 0.47421721369040 1.09764159267137 2.06156754504832
    41 0.22549808717703 0.76606096482499 2.30477801258660
    47 1.42177142167782 3.78864731527203 0.60670767862745
    52 1.64401497886707 0.68446914448670 0.24008366547417
    58 1.83845691462272 0.20247054553749 0.91480003392158
    59 1.51439469938371 0.19535012401276 0.73763260969498
    61 1.86489541703073 3.30391226515060 0.12294764005407
    69 1.02264197267182 3.37462606210243 2.72555773169734
    72 0.92030808210519 3.58062114606343 2.72152204462701
    76 1.14594315368320 0.10927161442960 2.96120858304695
    98 3.07663690461015 0.66539751543585 3.38120486362234
   115 1.03056721089411 3.71044700854628 0.77129447779939
   119 0.77215046326476 0.91789645499213 0.12983292007722
   134 2.60125186653095 3.15645193420882 3.25940094966450
   136 2.64019958312836 2.81410861097492 3.41914193611002
   139 1.63553953028984 2.62350825261935 3.11864281967857
   140 2.39079670816255 2.65904155094693 3.13567450782315
   143 1.99358799540886 2.41335776534274 3.24666978410019
   147 2.51864954211641 2.82601375300060 3.93055339925923
   149 2.63922077892216 3.02872682338537 2.29191855655282
   152 3.40205568208421 3.14356624325103 3.05110514357383
   156 2.62838872522880 2.57475223737567 2.26578888647841
   157 3.46445104183665 2.60904677943302 3.13029188492492
   163 3.55140552653581 2.74635157468482 2.79500661544860
   169 1.89939337192237 1.61289241022684 2.23708686476690
   171 1.30655199514095 1.39234312466199 2.22247503928178
   174 2.28869571698441 1.15318006054874 1.54418731937718
   177 2.24930153117109 0.71829483064919 1.48246385254663
   180 2.04955971579197 0.69080850598459 1.35858793852694
   185 1.83872581437475 0.43017412033918 1.46953839964142
   191 1.41039630585208 1.53718066866629 2.12448625482593
   195 1.22085526728575 2.71109524151476 2.04507669366472
   198 2.43712650455091 3.34557374707937 1.30941674043464
   199 2.45460033854714 3.48068336292342 1.64824010937644
   214 3.79471916683472 2.39010840965236 0.41960470488825
   215 0.19562999948429 1.79426389285362 0.02541827202406
   220 0.50415344084041 1.72788603360263 0.06826383630410
   230 2.72874575290727 2.12746722487307 0.22315645640186
   231 2.26056911022503 2.41631992715331 1.26314270917632
   235 2.13085797693804 1.71034215273708 0.87268387824861
   236 2.53281750451976 2.66104859329080 0.98023000001544
   240 1.99059020928869 2.10844786089982 1.16092817671550
   241 2.56249296920557 2.46331701555553 1.07375872499842
   243 2.58277063058728 2.60907427562812 0.20108036508749
   254 2.98748482020872 1.19627048852337 1.23009671635766
   260 2.80313056275840 3.56396878880934 1.67067859904991
   261 3.03545033898556 3.41649322567376 1.92639883027655
   264 3.15162748612167 3.78868661530011 2.15965391806751
   277 1.55685085497090 1.34605533796843 0.41362715824672
   284 0.44419772204556 2.78651720727820 1.87402654111355
   288 0.22024702888734 0.72844403613481 2.93461767368292
   290 3.88695017431181 0.50201448731670 2.97065909117034
   291 0.05438365662331 3.61914573892805 3.23462762920250
   292 0.95988772088008 0.51177837830248 2.95882165223012
   295 0.11154629126985 0.72505657802641 2.76920948443212
   300 2.81948710794924 0.44216528281756 0.67324182725568
   310 1.06189613850942 1.87859142237611 2.22360800327411
   311 1.02691472975858 2.51508572910620 2.11160738041956
   315 1.12898341833120 2.18463855812394 2.40812506180618
   332 3.01079877441056 3.75191275771131 2.53350440878104
   336 3.94183135713653 2.62448191804500 2.60463203638391
   339 0.84280397805676 2.75870785424681 2.13908709066307
   343 1.97446042850375 2.15570730212974 3.03552571401047
   346 1.17941046468500 2.24700723919224 3.13978363266542
   347 1.58340589179624 2.37223437308013 3.01480937345311
   354 0.92724770908174 2.14842104101933 2.76704195362757
   356 2.71507001683917 2.73481319920470 0.10374418432655
   358 3.63805015308530 1.16217134489076 0.56929669927943
   364 0.08519899327262 0.60495220079124 0.93659738908556
   365 3.66782736241932 1.11199401325256 0.13736881471893
   376 3.04781121464921 2.37946702615467 1.40209678534350
   380 3.52433059210757 2.78672308244283 0.14882600854548
   394 0.22298682979697 1.44186550533597 2.92852375223529
   396 0.06005955573684 0.85813751587356 2.70205193434330
   399 0.18298391012549 1.82307852756808 2.74350547454870
   403 0.20437537728473 2.32075015046884 2.91273200474714
   405 0.00925746215714 2.31407770487431 3.26057848162142
   406 0.25013856187432 1.37454194150608 3.72440626595600
   408 0.36471239998508 1.29646043331332 3.18936045234192
   410 0.49507360607715 1.40376211631917 3.80476278847130
   413 3.15840072033141 3.83297516876182 3.97146378595708
   422 3.73675753806295 1.50493636202152 0.02146846327618
   425 0.06423143521814 1.60515535145875 3.81185050612210
   429 2.95096608295513 0.38266219401616 3.01211552613082
   432 2.17795790883224 1.49597680027052 3.17288714564959
   436 2.09094541873971 1.59251084047606 1.91595557354472
   439 2.73226071738758 1.96137435481200 0.62210642893152
   440 3.35054389116214 1.72485178925083 0.84350919282503
   447 3.50441905297035 3.67778180135455 3.95047870510757
   457 1.53503912888965 1.06606225829502 2.59386513403350
   460 2.44460287959648 3.95073852177448 0.49241373571455
   473 3.50923782841890 0.62722164146225 1.72910155612818
   481 2.32472938904590 2.41222048494754 1.97291561117180
   488 0.09962509560274 0.17652818751480 2.08712307910492
   489 0.24094021650787 0.00810701401624 2.03268560283562
   500 2.16768137377316 2.54316841529859 1.24274202384503
   502 2.27565362802510 2.73091849723520 1.08904934041467
   510 2.28697847654202 3.20555289613798 1.94009706585317
   513 0.03356058507869 3.45225647407278 0.54884589676820
   519 0.20002628755578 3.37868583239979 2.63640561147577
   524 1.49674118365573 1.48905285062005 1.61569566056987
   529 1.49955473644468 3.16446464400975 3.08323951096537
   538 2.82274136075413 3.65970079518249 0.20049345764233
   544 0.21733914075784 1.10577642913113 1.73558372954030
   545 3.93394168887064 0.79484582609891 1.87498302949329
   553 2.94376537666109 3.11566637658731 2.25836116580806
   557 0.82862347062756 1.83529164741981 2.71742391720676
   559 0.37799896262494 1.69850090866902 2.69571017937168
   568 2.93258782186732 3.35603350012942 2.58775178621218
   569 3.15617119071952 3.34804054106758 2.99237255101254
   571 2.96124243554012 0.15670258164331 0.63428160794598
   573 1.47246075265583 0.89906786665221 0.19441355054307
   581 0.55103927662448 2.84778852578375 2.58000444438155
   582 0.60206281780712 2.47738729357631 2.88903838116659
   587 2.97069608632649 2.13164684069015 0.08813316334587
   605 0.77385451674243 3.66299909078141 0.46455846095396
   611 3.54298035612311 0.87783626417820 1.87886462757425
   625 0.99493577942024 3.35601700529299 1.03348384024953
   629 3.31362994223337 0.99822374196801 2.76957610158627
   630 3.20996335217496 0.64634805351232 3.07411554378863
   635 3.19847168640135 3.46098422516383 3.03766626854645
   636 3.20413623588497 3.80340404141596 2.77448095168156
   640 1.93771610296909 1.80590769961279 3.40147539126547
   645 1.37308003794220 0.39018426840099 1.85797695235151
   647 2.84318706911293 0.40094209479706 3.25407343544082
   648 2.86884132422309 3.84580048851286 3.55851306767726
   649 3.00165647074072 2.63236218819176 3.44236964988709
   650 2.99739219597761 2.57211500122961 3.96464613310854
   658 0.57068559276745 0.52975373461087 0.94638891208796
   660 3.67311929587285 2.94199141480969 0.73590861945305
   662 3.97790308703267 3.28523876515795 0.81377059106324
   663 0.05725121930348 1.58416758817651 2.94937421565863
   667 0.79236633929385 2.60760097553215 3.25891726037402
   668 3.89011305184703 3.55182838325129 2.94327493884811
   669 3.72326535242193 3.89151960685923 2.71075717627738
   673 3.28261175436153 1.63176294026894 3.54809394184075
   674 3.89965061605926 1.77133137341090 3.37648444864189
   678 0.60910306218147 3.38207480964778 0.47148446541158
   681 0.39192636120287 1.03174286998291 1.25499922390812
   691 2.40423942580952 2.27480543564739 1.80136434545049
   692 2.83584229614815 2.24334892280196 1.81558013392100
   695 0.95079848206171 1.74067613956047 2.32105169917700
   696 0.50328241938166 1.60230445152094 2.25320314711718
   698 1.65409775519754 3.05952104211173 2.95313396626944
   701 1.99463874971323 1.20096455686626 3.13244954204660
   711 2.71334547204115 3.86869252289143 0.55380168721125
   717 1.82329850926367 1.52794779269440 1.56867561249014
   718 2.00640929810207 1.31480674028884 1.40201924321704
   723 2.09279788604313 2.72277569396126 1.77258932931695
   724 1.52104479905745 2.72823544401230 2.17935004536416
   725 2.99804395752163 3.07736620892256 0.37384565114885
   726 3.50257056262523 2.98794620784914 0.29417619909944
   735 3.74469055935516 3.41272582248377 3.48833344177608
   736 3.50660825835977 3.33494090944868 3.11177056760151
   737 3.87057527156894 1.98275839228642 2.30220014478019
   738 0.16507728290921 1.81950566345870 1.92413527307222
   739 1.95117533008857 1.09561122504662 2.67084240807373
   740 2.11430099743234 1.30750751376228 2.53835674552118
   758 2.24942312798347 0.46159900402352 1.79060514093952
   760 3.38584478897593 2.81090096404407 3.27883393475906
   761 3.77888286208256 2.88951406047660 3.72325804867656
   762 0.27107974858679 2.21731051418181 0.01182136808558
   764 0.20915329044303 2.49771560150737 3.63028500520312
   777 3.35778522144459 0.60393668714312 3.82262692101747
   780 1.87064835456931 1.20898070232717 1.33091716469866
   783 1.78113670609986 0.22335033045179 1.90449837000092
   784 1.94642372694171 0.25952539465435 1.71627904033201
   791 1.97229467160256 3.47106866174224 2.25549194104138
   792 1.55795223088617 3.11521445132309 2.42869543944111
   795 3.70363582195216 3.28093664301208 0.13184163393471
   796 3.86971563324922 3.12861078409891 3.74548049647531
   797 1.93679608188060 2.04169887531423 2.41775303102962
   798 1.53998797385567 2.30108318891157 2.49510996079162
   799 3.57997748640731 3.99666769243400 0.09762365572022
   800 3.30823323454756 0.08873764191408 0.09937465214705
   806 0.97098326877053 3.64596825493415 0.06307143116060
   816 0.61381605451160 2.28068344963503 0.06451006501273
   817 0.55813482151648 2.60800853387983 3.60567442068664
   819 0.21764710013031 2.90306663096910 2.47493233480824
   821 1.36644704438038 3.16349384523050 1.14761143367065
   822 0.64336333219174 3.38250381238696 2.85357839846417
   826 3.17402075648176 1.07155558934580 0.73774373039523
   837 2.97219646019564 0.87111636828469 0.38015010006146
   838 2.55361079792472 1.71333284587633 0.64496108155339
   839 3.06421264786134 1.35639224757993 0.87744182650993
   842 1.16490243543540 0.27881911197276 3.57077535785056
   844 1.01263943092402 0.22841690402822 3.15606622751092
   847 3.86337965357001 2.56500404700672 0.79379180649201
   854 0.46979018293565 3.52136238429761 3.25701241352713
   862 1.81991654037920 3.62938486947299 3.45815830153794
   866 1.65089183046095 1.80320255400307 0.20553815125107
   869 3.78737018164854 0.58952440649477 3.77065304515537
   870 3.94080459038532 0.89372127238334 3.99226200226904
   871 3.88557168673552 3.94986276328327 0.55520801844665
   874 0.73748648292578 3.22604636790815 2.84018701916134
   877 3.91889488488084 0.31865657651730 3.87159215348127
   881 2.39290484471798 1.62186545913582 0.38352115786579
   882 2.82545048408453 0.14547660674890 1.74931031253430
   883 2.97978424495813 0.19097457773594 1.96747100420087
   884 1.98950161360043 1.60648416608566 0.54964206822667
   885 1.82242563706107 1.30227582482318 0.59079434132589
   890 3.24873795566335 1.50424032092250 1.63749399207294
   899 3.29458483903296 1.28188470115168 2.85034279108316
   900 3.07631662752743 1.44279549459036 3.42056066152007
   903 2.97029240057143 1.05496002728233 3.60564991474211
   904 3.25439987349798 0.88096564731762 3.97633136152761
   905 2.49814867398601 2.32321118630992 2.82180012475091
   907 0.92450644507572 2.07644680801402 0.32432333317378
   908 0.77395240093124 2.11971926667599 0.05910598496477
   909 1.80471523293807 3.76454164662553 1.91439543824441
   910 2.03628405431507 3.79687599653478 1.64668767804155
   911 2.65642067418104 1.43558322585727 3.56658162193828
   912 2.44709745028150 1.83006495373070 0.07510373711055
   913 2.27321082487924 1.59356190523317 2.91450393644586
   914 2.13981443446231 2.03519107088773 2.82135274890071
   915 3.37274522798392 1.44462971566740 1.76729537460894
   916 3.99928101409048 1.58454563933136 1.67846661632293
   917 0.03639648846030 3.76424576804307 2.17278061963365
   918 3.87721235595590 3.89788079799034 2.24299445072098
   920 1.20146770848038 0.95131867411107 1.69233374448028
   922 2.69386832268252 1.11388719490808 3.66916133332538
   923 2.59071813215394 1.05306971335578 0.16555028085900
   926 0.16686963085521 0.10009747261326 3.37560049510628
   927 0.00155322710818 0.50948705693230 3.12283230594674
   928 1.45590727451441 1.33816468086677 1.52114204152814
   933 2.32320766435444 0.70286170163084 2.33576323942598
   938 1.86492313518598 2.82269609132924 0.70621745571701
   941 0.82485393357148 0.05962628470022 3.73657519325024
   942 0.63255150675369 3.98277785205090 3.39105767935639
   946 2.34277623659535 1.34764840623686 1.91653036371700
   948 3.04330171621990 1.62497116824697 1.87379908545795
   949 3.29492042923413 3.25110415549503 1.75146658199132
   952 3.42772927290067 1.84909072221776 1.16053858531178
   954 3.94636372670113 3.45243299379141 1.89172189914132
   955 0.15339997098635 2.87329731075493 2.10476091329903
   957 0.91598845630878 0.40762828006404 2.34099006115347
   958 1.09615429200726 0.41194733192842 2.73909502926272
   959 1.32617204746591 3.70702988577070 0.06442779687201
   960 1.57867308355440 3.40428165583169 3.88952425840231
   966 2.37213003353173 1.15634871742182 2.31911828543035
   970 2.69318104820477 0.53676401460295 2.43153728350533
   971 2.65724061260511 0.36663378711149 2.64904759147433
   972 0.04953896517850 0.44152802054655 1.32715423447777
   977 1.49751816117775 0.79631186854473 3.80852953191137
   978 1.21624485808358 0.72636897618366 3.68327240451518
   980 2.12383553573129 0.64107075871310 2.53139015625120
   982 1.24794795184608 0.60871803131545 2.14194384199876
   983 1.46219491581067 0.64509146662301 2.46086981840201
   984 1.89531456281896 0.45439299075827 2.44280682350104
   989 3.87143263693924 0.41843652212399 1.12662920359466
   992 0.49769137368635 3.24408658710190 1.43370671277670
   995 3.16708900620821 0.11459326461815 1.03010038632314
   997 0.28017356753163 0.25607474745228 0.47043782027119
   998 0.30068682826774 0.45671814768731 0.60479346828588
  1000 0.33259030907344 2.63532094023821 0.95395969788415
  1001 0.41557208891894 3.06655172052275 0.98220927706989
  1002 0.29848049856010 0.39546297819548 0.22936718404588
  1003 0.31109100445656 0.55241924540384 0.29022449840314
  1007 2.85486700722254 2.15373629364160 2.88763510394813
  1010 0.30045315968535 3.94987317604620 1.66861684807517
  1011 0.12509698990650 3.58089363072395 1.58315876311415
  1012 3.25847372585716 2.59721820725178 1.41114045534966
  1015 3.78497388081205 3.58583592387018 1.18387606890028
  1016 3.70416310631225 0.03666653411071 0.97353198872140
  1018 3.12951205060296 0.99235882866413 2.46717883134416
  1019 3.09782099516562 2.33630593117577 3.23488051321647
  1020 3.09969725843368 1.76601101774898 3.54628685889628
  1021 2.95781489640514 1.54714282193088 3.41874213493818
  1022 2.78631783307050 1.66488571323509 2.95514035017424
  1023 2.24864995023023 0.43883988935468 2.73183303073627
  1026 0.70513558604744 3.13324007253257 0.79558512305064
  1028 3.79140471590816 2.47499926030029 2.32192167529491
  1030 3.08198501604756 1.44047950119067 2.62355004500341
  1032 3.27236648007364 1.78652713401744 2.30813332976877
  1036 3.90221958469232 2.61837241544457 2.05072920825757
  1037 3.34797716108218 2.82010933613184 1.86847675720418
  1038 2.99714660810833 1.28538794138967 2.43157954603418
  1039 3.16474157586288 1.56980258840027 2.02491712206409
  1040 3.72570516996447 2.30978329553597 1.17998412309549
  1043 1.04494576229199 3.99067099423986 1.90413772894763
  1047 2.75521832177895 3.38198547789751 1.17310874879338
  1048 0.78072593891050 3.91501582399309 1.55069733558466
  1049 0.86737659911240 3.42317646552615 1.40041469453487
  1050 3.22095085695387 3.30361518189431 1.40542018583182
  1051 2.94232638106819 3.49338440265918 1.36791091106831
  1057 1.68403276529863 3.91354302817765 3.11905687552455
  1059 2.01736885117567 0.20284941336285 2.67738891231494
  1060 3.18411531335145 2.97795946206646 1.16846045782417
  1061 2.89975663275790 3.02131526282125 1.01616249197731
  1071 1.30853787990693 2.88004312329880 3.72185685370112
  1073 1.22813453969799 2.03295653673488 3.35859285916795
  1091 0.70377378363507 0.99760341611944 1.18208872820450
  1096 0.73612320992904 0.65134562953893 0.95600993341194
  1097 0.96610434788438 0.97830874286326 0.42548790831573
  1098 1.75997455912684 3.50272837031251 3.19415796151135
  1100 1.33351071885159 2.88752526813010 3.32655548870154
  1101 0.86039118935045 2.84587749238841 3.30103254552795
  1105 1.70824983116050 1.78104686372194 3.49465675574307
  1106 1.64377243508274 1.25450551043714 3.31671273755820
  1109 1.75412395585737 3.95486889105977 3.39448180864623
  1113 0.75676150950480 3.20921935768134 3.96756703324976
  1115 0.85021697213770 2.96192048561759 3.89297072720817
  1120 1.43940000831459 0.16789972453338 3.68310450593543
  1121 1.64303180403182 0.61022766632206 3.86115320253802
  1122 0.54043479591285 3.12834384211521 3.67082678270690
  1123 0.67126541462165 2.91921225294009 3.62839310403655
  1124 0.74241121044234 1.34095744541225 3.30858041756506
  1125 1.10280141824343 0.98429759339553 3.23892384493103
  1127 1.31067838640929 1.19741479328615 3.10078258511917
  1128 1.01408106436646 1.56656109649452 3.12803016649251
  1131 1.48458316834356 2.30949993832639 0.42560687761945
  1133 2.35445463349756 2.67977047165560 0.04635453850447
  1134 1.93242542311878 2.82346023914072 0.22367872216669
  1135 2.09249097544856 1.96190417963029 3.92137724030665
  1136 1.73748953443113 1.78959682490027 0.32059990784118
  1137 1.98617942973798 2.34886571038020 3.85362473922947
  1138 1.69290605328292 2.53416169649513 0.04862448177705
  1140 2.40293493934352 3.08145279423261 3.02193230304600
  1141 2.56188250802316 3.22393457067763 2.60692472474007
  1142 0.66601483496923 1.56505780333014 0.93090846688597
  1143 0.75273276739784 1.63493833293766 0.48904681443200
  1145 1.95775993529141 3.28023673198317 2.97441629399683
  1146 2.12478915594770 3.52560409530263 2.55874329178046
  1147 0.98751071467114 1.33200148784500 0.59811607958602
  1148 0.85732420976359 1.35681808732963 0.97302340752495
  1164 3.11716061667563 2.29289265859946 2.42991155227537
  1166 2.92582767132904 2.48917040356012 2.19452979381420
  1167 3.41089778191935 2.59360981975952 2.43841105547456
  1168 3.16179949958171 2.76924204498291 2.18573802117935
  1169 2.06769295356151 0.47585374159359 0.78818920084761
  1170 2.38572919227488 0.38616633878930 0.56429434201628
  1172 2.22685558523286 0.68477946455160 0.25443746066392
  1173 1.95596911158960 0.76060898588820 0.42539603285103
  1174 0.04927022066088 1.73589658707347 1.38805691336903
  1176 0.26457740572687 1.45685174441449 1.07766218262076
  1177 3.60436932983387 1.88803980949165 1.11166278921659
  1205 2.93478999283458 0.58082797920590 1.10790211604719
  1206 3.10037923880012 0.80896053989588 1.10583422005715
  1212 3.09053336289680 0.41897998705083 1.22721221833826
  1213 3.29978181325541 0.58445519201964 1.26174576718484
  1229 0.92327772766839 2.14554317177453 1.85744596736178
  1238 0.79289105998701 2.01450077794778 1.16451307933417
  1239 1.11993125737228 2.03518726826584 1.45442344918626
  1332 1.56583537325287 2.47423962451920 0.75310064894427
  1333 1.81661634721576 2.33659949104197 1.11574508218684
  1335 1.45367673332396 2.42974941002059 1.28749295711287
  1336 1.42224814439089 2.66804614638791 0.98028865746720
  1337 1.31138461723368 3.55792967018975 1.93281255244571
  1339 1.16066782859178 3.27390362298041 1.61718158545260
  1345 1.20264885063405 3.28197091478675 2.38931747820682
  1346 1.05596620579155 2.90633592754077 2.08310873231018
  1352 1.95917003502775 3.82029965016114 0.85333206810087
  1354 2.02445156417344 3.56527664417993 1.19453036632433
  1355 1.69924278316236 3.60140394526809 0.69280146409240
  1356 1.69780592947803 3.29217187724325 0.98694177614120
  1377 2.16707759019574 0.28769923835124 3.52582092919908
  1378 2.08368465975724 0.55744097993219 3.70413948190719
  1385 2.27745810548612 0.75417858539621 3.43437810501259
  1386 2.35094165551939 0.51050475153827 3.28503195865361
  1395 3.56041122817517 1.93659128212131 0.44342286162569
  1396 3.78131895030864 1.67337245050910 0.29509817651583
  1400 3.52544553773279 1.75361218458622 0.77105722383237
  1401 3.73848114132129 1.51198680147584 0.62030176045259
  1437 0.30343690159170 2.15336358250256 1.50597254890711
  1439 0.32959700730304 2.16829927001860 1.62645014241867
  1440 0.23548675718423 2.27979367252423 1.47860573218496
  1441 0.26237094457440 2.32089990284913 1.64039005433307
  1450 2.35022862598030 3.43277178432311 3.89363285274270
  1451 2.51083300366508 3.68137855836702 0.00789975651899
  1455 2.35056178977332 3.53615913189573 3.65773013195342
  1456 2.48234896657474 3.75497107588557 3.73385668866420
  1458 0.85664173184713 2.18747982260436 0.95135847421187
  1459 1.07702776655986 2.52866163155351 0.71073769973898
  1460 0.70569489421472 2.51926749196405 0.68989184403446
  1461 0.84654202681349 2.68422476906718 0.63426542585712
edges 766
16      2      0
17      0      8
32     16     41
33     41     37
34     37     18
84     58     59
85     59     52
93     59     47
101     76     72
102     72     14
111     72     69
177    115     47
181     59      0
189    115      8
218    143    139
224    134    136
225    136    147
229    140    136
231    143    140
232    149    156
246    152    163
247    163    157
272    171    191
273    191    169
284    185      2
292    177    180
293    180    185
295    171     18
303    174    177
313    199    198
363    220    215
382    230    243
389    241    236
390    236    243
391    231    240
395    231    241
398    235    240
419    254    174
433    260    261
438    264    261
486     16    295
487    295    290
496    295    288
501    292    288
524    260    199
526     58    185
537    310    191
544    195    311
553    311    315
554    315    310
584    264    332
588    163    336
596    339    284
597    311    339
612    354    346
623    347    346
624    354    315
625    343    347
629    243    356
632    147    356
636    343    143
641    365    358
642    358    364
669    139    347
690    376    241
700    214    380
736     41    396
737    396    394
760     11    364
766    403    336
767    399    403
774    157    405
775    405    403
776    119    410
782    406    410
785    408    288
786    406    408
825    410    220
835    365    422
839    425    215
843    425    422
844    396    295
849    406    425
850    394    408
886    169    436
890    439    440
892    230    439
895    241    439
921    413    447
947    171    457
998     36    473
1021    156    481
1042    488    489
1045     36    488
1048     16    488
1049     14    489
1079    500    502
1081    231    500
1083    236    502
1086    198    502
1109    199    510
1112    149    510
1153    191    524
1172     69    529
1194    413    538
1214    544    545
1218     36    545
1220     37    544
1221     41    545
1242    149    553
1243    261    553
1256    557    559
1260    394    559
1261    354    557
1263    399    559
1289    568    569
1290    553    568
1292    332    568
1293    152    569
1294    134    569
1301    300    571
1307     52    573
1308    277    573
1333    581    582
1336    339    581
1337    403    582
1339    354    582
1355    230    587
1410    115    605
1431    545    611
1432    473    611
1476    115    625
1486    629    630
1487    396    629
1490    290    630
1491     98    630
1492    429    630
1507    635    636
1510    569    635
1512    429    636
1513    332    636
1525    343    640
1528    432    640
1540      2    645
1546    647    648
1547     98    647
1549    429    647
1550    413    648
1552    635    648
1553    649    650
1554    136    649
1557    356    650
1558    587    650
1559    380    650
1584      8    658
1586     11    658
1591    660    662
1595    513    662
1602    394    663
1605    399    663
1612    346    667
1614    582    667
1615    668    669
1617    519    668
1618    291    668
1619    636    669
1621    290    669
1631    673    674
1634    422    673
1635    405    674
1636    663    674
1637    425    674
1648    513    678
1649    605    678
1658    544    681
1660     11    681
1691    691    692
1692    481    691
1693    436    691
1694    231    691
1697    376    692
1705    695    696
1706    310    695
1707    557    695
1708    171    695
1710    559    696
1711     37    696
1716    139    698
1718    529    698
1729    432    701
1760    571    711
1761    538    711
1762    460    711
1779    717    718
1780    524    717
1781    436    717
1782    240    717
1784    174    718
1785    235    718
1800    723    724
1801    481    723
1802    510    723
1803    500    723
1806    195    724
1807    725    726
1808    356    725
1809    538    725
1811    380    726
1813    660    726
1839    735    736
1841    447    735
1842    291    735
1843    152    736
1844    635    736
1845    668    736
1846    737    738
1847    399    737
1850    696    738
1853    739    740
1855    701    739
1856    457    739
1859    169    740
1920    177    758
1922    760    761
1923    152    760
1924    649    760
1925    157    760
1927    380    761
1930    762    764
1932    214    762
1934    761    764
1935    215    762
1937    405    764
1980     98    777
1988    180    780
1989    718    780
1998    783    784
2001    645    783
2002    758    784
2004    185    784
2023    791    792
2024    510    791
2027    724    792
2028    698    792
2037    795    796
2038    726    795
2039    513    795
2040    447    795
2041    761    796
2043    735    796
2044    797    798
2045    169    797
2046    481    797
2048    315    798
2049    724    798
2050    347    798
2051    799    800
2054    447    799
2055    571    800
2056    777    800
2057    413    800
2077    605    806
2106    816    817
2108    762    816
2110    667    817
2111    764    817
2117    581    819
2118    519    819
2119    336    819
2126    625    821
2130    519    822
2133     72    822
2142    358    826
2173    826    837
2176    300    837
2177    838    839
2178    439    838
2180    235    838
2181    440    839
2182    826    839
2183    254    839
2192    842    844
2196     76    844
2199    292    844
2208    660    847
2210    214    847
2232    822    854
2233    291    854
2270    277    866
2278    869    870
2281    406    870
2283    777    869
2284    365    870
2286    513    871
2287    799    871
2296    581    874
2297    822    874
2298     69    874
2307    799    877
2308    869    877
2318    838    881
2322    882    883
2324    758    882
2325    260    882
2326    473    883
2328    264    883
2329    884    885
2331    881    884
2332    235    884
2333    277    885
2335    780    885
2352    254    890
2377    899    900
2378    663    899
2380    629    899
2381    673    900
2391    903    904
2392     98    903
2394    900    903
2395    777    904
2396    837    904
2397    365    904
2399    140    905
2401    156    905
2405    907    908
2407    866    907
2409    220    908
2411    816    908
2412    909    910
2413    791    909
2414    783    909
2416    199    910
2417    784    910
2419    911    912
2420    432    911
2424    881    912
2425    230    912
2426    913    914
2427    432    913
2429    740    913
2430    343    914
2431    905    914
2432    797    914
2433    915    916
2434    611    915
2435    890    915
2437    544    916
2439    738    916
2440    917    918
2442    519    917
2443    489    917
2444    264    918
2445    669    918
2446    488    918
2451     18    920
2454      2    920
2456    922    923
2458    911    922
2459    903    922
2461    881    923
2462    837    923
2470    926    927
2472    877    926
2473    291    926
2474    288    927
2475    869    927
2476    290    927
2478    780    928
2479    920    928
2480    524    928
2495    758    933
2513    502    938
2521    941    942
2523    842    941
2524    806    941
2525    926    942
2526    844    942
2527    854    942
2538    946    948
2540    174    946
2542    890    948
2543    436    946
2545    692    948
2549    261    949
2556    890    952
2557    440    952
2558    376    952
2562    954    955
2564    949    954
2565    917    954
2566    284    955
2568    819    955
2571    957    958
2573     14    957
2574     76    958
2576     16    957
2577    292    958
2578    959    960
2579    806    959
2580     47    959
2583     61    960
2584    862    960
2602    740    966
2603    946    966
2604    933    966
2615    970    971
2617    933    970
2618    883    970
2619    429    971
2621    332    971
2625     36    972
2628     11    972
2638    977    978
2641    573    977
2642    842    978
2644    119    978
2649    739    980
2652    933    980
2654    982    983
2655     18    982
2656    957    982
2657    645    982
2658    457    983
2659    958    983
2662    783    984
2663    980    984
2664    983    984
2679    364    989
2680    972    989
2690    284    992
2696    571    995
2702    997    998
2704    605    997
2705    658    998
2707    871    997
2708    364    998
2711   1000   1001
2714    992   1001
2716    847   1000
2717    662   1001
2718   1002   1003
2719    877   1002
2720    997   1002
2721    941   1002
2722    870   1003
2723    998   1003
2724    119   1003
2740    905   1007
2743   1010   1011
2744    489   1010
2746    972   1010
2747    954   1011
2748    992   1011
2756    376   1012
2759   1015   1016
2760   1011   1015
2762    662   1015
2763    989   1016
2764    995   1016
2765    871   1016
2770    629   1018
2771    970   1018
2772    611   1018
2773   1019   1020
2774    649   1019
2775   1007   1019
2776    157   1019
2777    587   1020
2779    673   1020
2780   1021   1022
2781    911   1021
2782   1020   1021
2783    900   1021
2784    913   1022
2785   1007   1022
2788    980   1023
2790    971   1023
2798    678   1026
2799   1001   1026
2800    625   1026
2805    737   1028
2808    336   1028
2811   1030   1032
2813    899   1030
2815    737   1032
2816   1022   1030
2828   1036   1037
2829    955   1036
2830   1028   1036
2832    949   1037
2834   1012   1037
2835   1038   1039
2836    966   1038
2837   1030   1038
2838   1018   1038
2839    948   1039
2840   1032   1039
2841    915   1039
2843    847   1040
2845   1012   1040
2853    645   1043
2856     14   1043
2863    198   1047
2866    711   1047
2867   1048   1049
2868   1010   1048
2869   1043   1048
2870      8   1048
2871    992   1049
2873    625   1049
2874   1050   1051
2875   1015   1050
2877    949   1050
2878    995   1051
2879   1047   1051
2880    260   1051
2898   1057   1059
2900     76   1057
2902    984   1059
2905   1023   1059
2906   1060   1061
2907    660   1060
2908   1050   1060
2909   1012   1060
2910    725   1061
2911   1047   1061
2912    236   1061
2942    960   1071
2950    346   1073
2953    908   1073
3006    681   1091
3007    920   1091
3020   1096   1097
3021      0   1096
3022   1091   1096
3023    658   1096
3024    573   1097
3026    119   1097
3028    862   1098
3029   1057   1098
3030    529   1098
3034   1100   1101
3035    139   1100
3036   1071   1100
3037    529   1100
3038    667   1101
3040    874   1101
3050   1105   1106
3051    866   1105
3052   1073   1105
3053    640   1105
3054    977   1106
3056    701   1106
3067    862   1109
3070   1057   1109
3077    678   1113
3080    806   1113
3083   1071   1115
3084   1113   1115
3098   1120   1121
3099    842   1120
3100   1109   1120
3101    959   1120
3102    977   1121
3104     52   1121
3105   1122   1123
3106    854   1122
3107    796   1122
3108   1113   1122
3109   1101   1123
3110    817   1123
3111   1115   1123
3112   1124   1125
3115    410   1124
3116    978   1125
3118    408   1124
3119    292   1125
3121   1127   1128
3122    457   1127
3123   1125   1127
3124   1106   1127
3125    557   1128
3126   1124   1128
3127   1073   1128
3139   1133   1134
3141    147   1133
3142     61   1134
3144    243   1133
3145    938   1134
3146   1135   1136
3147    912   1135
3149    640   1135
3150    884   1136
3151   1131   1136
3152    866   1136
3153   1137   1138
3154   1135   1137
3155   1133   1137
3156    143   1137
3157   1131   1138
3158   1134   1138
3159   1071   1138
3162   1140   1141
3164    140   1140
3165    149   1141
3167    134   1140
3168    568   1141
3169   1142   1143
3173    907   1143
3176    220   1143
3178   1145   1146
3179   1098   1145
3180   1140   1145
3181    698   1145
3182   1059   1146
3183   1141   1146
3184    791   1146
3185   1147   1148
3186   1097   1147
3187   1143   1147
3188    277   1147
3189   1091   1148
3190   1142   1148
3191    928   1148
3241   1164   1166
3243   1007   1164
3245    156   1166
3246   1032   1164
3248    692   1166
3249   1167   1168
3250   1028   1167
3251   1164   1167
3252    163   1167
3253   1037   1168
3254   1166   1168
3255    553   1168
3256   1169   1170
3259     58   1169
3260    460   1170
3262    180   1169
3263    300   1170
3265   1172   1173
3266    923   1172
3267   1170   1172
3269    885   1173
3270   1169   1173
3271     52   1173
3273   1174   1176
3275    916   1174
3277    681   1176
3280   1142   1176
3282   1040   1177
3283   1174   1177
3284    952   1177
3370   1205   1206
3372    177   1205
3373    254   1206
3375    300   1205
3376    826   1206
3393   1212   1213
3394    882   1212
3395    995   1212
3396   1205   1212
3397    473   1213
3398    989   1213
3399   1206   1213
3446    311   1229
3449    310   1229
3475   1238   1239
3476   1142   1238
3479    524   1239
3480   1229   1239
3777   1332   1333
3780    938   1332
3781    500   1333
3783   1131   1332
3784    240   1333
3786   1335   1336
3787   1239   1335
3788   1333   1335
3789    195   1335
3791   1332   1336
3792    821   1336
3794   1337   1339
3796    909   1337
3798    821   1339
3799   1043   1337
3801   1049   1339
3818   1345   1346
3819   1337   1345
3820     69   1345
3821    792   1345
3822   1339   1346
3823    339   1346
3824    195   1346
3842   1352   1354
3844    460   1352
3846    198   1354
3847     58   1352
3849    910   1354
3850   1355   1356
3851     47   1355
3852   1352   1355
3853     61   1355
3854    821   1356
3855   1354   1356
3856    938   1356
3921   1377   1378
3925   1172   1378
3927   1109   1377
3928   1121   1378
3946   1385   1386
3947    922   1385
3948   1378   1385
3949    701   1385
3950    647   1386
3951   1377   1386
3952   1023   1386
3978   1395   1396
3980    587   1395
3981    214   1395
3983    422   1396
3984    215   1396
3994   1400   1401
3995   1395   1400
3996    440   1400
3997   1177   1400
3998   1396   1401
3999    358   1401
4000   1176   1401
4114   1437   1439
4116   1238   1437
4118   1229   1439
4119   1174   1437
4121    738   1439
4122   1440   1441
4123   1040   1440
4124   1437   1440
4125   1000   1440
4126   1036   1441
4127   1439   1441
4128    284   1441
4154   1450   1451
4155    147   1450
4157     61   1450
4158    538   1451
4160    460   1451
4170   1455   1456
4171    862   1455
4172    134   1455
4173   1450   1455
4174   1377   1456
4175    648   1456
4176   1451   1456
4179   1458   1459
4181    907   1458
4182   1131   1459
4184   1238   1458
4185   1336   1459
4186   1460   1461
4187   1000   1460
4188   1458   1460
4189    816   1460
4190   1026   1461
4191   1459   1461
4192   1115   1461
polygons 447
0   1540   2451   2454   2655   2657
3     16     17   1540   2853   2869   2870
4     16   2454   3007   3021   3022
5   2573   2656   2657   2853   2856
7     32     33     34   2576   2655   2656
10   1584   1586   2628   2746   2868   2870
11     17   1584   3021   3023
13   1586   1660   3006   3022   3023
15   1214   1218   1658   1660   2625   2628
16   1049   2744   2856   2868   2869
17   1042   1048   1049   2573   2576
18     32   1045   1048   1218   1221
19     34   1220   1658   2451   3006   3007
21   1042   1045   2625   2744   2746
22     33   1214   1220   1221
23   3844   3852   3853   4154   4157   4160
27   3260   3267   3921   3925   4160   4174   4176
28     84     85   3259   3270   3271
29   3256   3259   3260   3844   3847
30   3104   3265   3271   3925   3928
31   2578   2584   3067   3100   3101
32     85     93   2580   3098   3101   3104
33     93     84   3847   3851   3852
34   2578   2580   2583   3851   3853
36   2583   2584   4157   4171   4173
37   2574   2659   2664   2898   2900   2902
38    101    102   2571   2573   2574
39   2001   2414   2853   3796   3799
40   2023   2413   3796   3819   3821
42    102    111   2856   3799   3819   3820
43   2413   2414   2662   2902   3182   3184
44   1172   1718   2028   3820   3821
45    111    101   1172   2900   3029   3030
47   1486   1492   2615   2619   2770   2771
48   2380   2770   2813   2837   2838
49   1491   1492   1547   1549
51   2394   2458   2459   2781   2783
54   1547   2392   2459   3946   3947   3950
56   1729   2420   2458   3947   3949
57   1549   2619   2790   3950   3952
58   1853   2602   2604   2649   2652
60   2420   2427   2780   2781   2784
61   1729   1853   1855   2427   2429
62   2429   2602   2784   2816   2836   2837
63   1486   1491   2377   2380   2392   2394
67    177   1410   2077   2579   2580
68   1307   2641   3102   3104
69     85    181   1307   3020   3021   3024
70   2638   2641   2644   3024   3026
71    177    189     17    181     93
73    189   1410   1584   2702   2704   2705
75   2638   2642   3098   3099   3102
76   2523   2524   2579   3099   3101
77   2523   2642   2644   2718   2721   2724
78   2705   2723   2724   3020   3023   3026
81   2077   2524   2704   2720   2721
82   2583   2942   3142   3158   3159
83   1716   1718   3035   3037
84    218   3035   3036   3153   3156   3159
85   3139   3141   3142   4155   4157
86   2584   2942   3028   3030   3036   3037
87    224    225   4155   4172   4173
88    229    224   3164   3167
89   3028   3167   3179   3180   4171   4172
90    218    231   1716   3164   3180   3181
91    229    231    225   3141   3155   3156
92    232   1242   3245   3254   3255
93    232   2399   2401   3162   3164   3165
94   1242   1290   3165   3168
95    246    247   1923   1925
96    224   1293   1294   1554   1923   1924
97   1924   1925   2774   2776
100   1289   1294   3162   3167   3168
101    246   1289   1290   1293   3249   3252   3255
102   2401   2740   3241   3243   3245
103    247   2775   2776   3243   3251   3252
104    229   1554   2399   2740   2774   2775
107   1856   2649   2658   2663   2664
108    272    273    947   1853   1856   1859
109    273    886   1153   1780   1781
110    886   1859   2543   2602   2603
111    284   1540   1998   2001   2004
112    292    293   1920   2002   2004
114    295    272   1153   2451   2479   2480
115    295    947   2654   2655   2658
119    303   1920   2495   2540   2603   2604
121   1779   1780   1989   2478   2480
122    292    303   1784   1988   1989
123   1779   1781   1784   2540   2543
124    284    293   1988   2454   2478   2479
125   1998   2002   2495   2652   2662   2663
126    313   1079   1086   1109   1802   1803
127   1800   1803   1806   3781   3788   3789
128   1086   2513   3846   3855   3856
129   1109   2024   2412   2413   2416
130   1806   2027   3818   3821   3824
131   2412   3794   3796   3798   3849   3854   3855
133   3786   3789   3792   3798   3822   3824
134    313   2416   3846   3849
135   1932   2108   2210   2716   4187   4189
136   2210   2843   3282   3981   3995   3997
139   3273   3280   3476   4116   4119
141   2405   2411   4181   4188   4189
143   3169   3173   3476   4181   4184
145    363   3169   3176   3280   3984   3998   4000
146   2405   2409   3173   3176
148   1932   1935   3978   3981   3984
149    363   1935   2108   2409   2411
150   4116   4124   4125   4184   4187   4188
151   2578   2579   2942   3080   3083   3084
152   1172   2298   3034   3037   3040
154   3028   3029   3067   3070
155   2192   2196   2900   3070   3099   3100
156    101   2133   2196   2232   2526   2527
159    111   2133   2297   2298
160    892   2178   2318   2424   2425
161    382   2425   3144   3147   3154   3155
162    389    390    382    892    895
163    391   1081   3781   3784
164    395    398    391    895   2178   2180
165    389    395   1079   1081   1083
166    390   1083   2513   3139   3144   3145
167   2331   2424   3146   3147   3150
169    398   2332   3150   3151   3777   3783   3784
171   2180   2318   2331   2332
173   1432   2352   2434   2435   3373   3397   3399
174   1920   2324   3372   3394   3396
176    419    303   3370   3372   3373
178    419   2352   2538   2540   2542
179   2435   2542   2839   2841
180   1432   2326   2618   2771   2772
181   2434   2772   2835   2838   2841
182   2325   2878   2880   3394   3395
183    433   2549   2874   2877   2880
184    438    433   2322   2325   2328
185    438   2440   2444   2549   2564   2565
186   2443   2565   2743   2744   2747
187   2564   2747   2760   2875   2877
188    998   2625   2680   3397   3398
191    998   1045   2326   2328   2444   2446
192   1528   1729   3050   3053   3056
193   2270   2329   2333   3150   3152
194   2456   3266   3925   3947   3948
195   1307   1308   2333   3269   3271
199   1308   2270   2641   3050   3051   3054
200   3054   3056   3102   3928   3948   3949
201   2714   2717   2748   2760   2762
202   2690   2711   2714   4122   4125   4128
203   2832   2834   2877   2908   2909
204   2208   2843   2845   2907   2909
205   2566   2829   4126   4128
207   2562   2566   2690   2747   2748
210   2196   2199   2574   2577
211    486    487   1048   1621   2445   2446
212    102   1049   2130   2133   2442   2443
213   1617   1618   2130   2232   2233
214   1615   1618   1621   2470   2473   2476
215    487    496   2474   2476
216   2233   2473   2525   2527
217    501    496    486   2571   2576   2577
219    501   2199   2470   2474   2525   2526
223   1301   2696   3375   3395   3396
224   1760   2696   2866   2878   2879
226   1301   1760   1762   3260   3263
227    292   3256   3262   3263   3372   3375
228   1762   2863   2866   3842   3844   3846
230    524   2002   2324   2325   2416   2417
231    313    524   2863   2879   2880
234    526   2004   2417   3842   3847   3849
235    293    526   3259   3262
240    537   1153   3449   3479   3480
241   1780   1782   3479   3784   3787   3788
243    544   3446   3480   3787   3789
244   1081   1692   1694   1801   1803
246    391   1693   1694   1781   1782
248    553    554   3446   3449
249    554    273    537   2044   2045   2048
250    544    553   1806   2048   2049
251    886   1692   1693   2045   2046
253   2039   2040   2054   2286   2287
254   1841   1842   2054   2307   2472   2473
255   1842   2043   2233   3106   3107
257   2472   2521   2525   2719   2721
258   1648   1649   2286   2704   2707
261   1293   1510   1843   1844
262   1289   1292   1507   1510   1513
263    438    584   1243   1290   1292
264    584   1513   1619   2444   2445
265    588   2808   3250   3252
266   1243   2549   2832   3253   3255
267   2119   2568   2808   2829   2830
268    588    246   1617   1843   1845   2118   2119
269   1507   1615   1619   1844   1845
270   2126   2873   3798   3801
271   2714   2799   2800   2871   2873
272    596   2690   2871   3801   3822   3823
273    544    597   3823   3824
274    596    597   3446   4118   4127   4128
275   1525   1528   2426   2427   2430
276    537    272   1706   1708
277   1859   2045   2426   2429   2432
279    612   1261   2950   3125   3127
280    947   1707   1708   3121   3122   3125
281   1855   1856   3056   3122   3124
284    623    612    624   2048   2050
285    625   2044   2050   2430   2432
286    623    625   1525   2950   3052   3053
287    624    554   1261   1706   1707
289   1355   2419   2425   2777   2781   2782
290    382    629   1355   1557   1558
291    632    629   3141   3144
294    636   1525   3149   3154   3156
295    231    636   2399   2430   2431
296    632    225   1553   1554   1557
297    641   2142   2173   2396   2397
298    642   2142   2679   3376   3398   3399
299    641    642   2284   2708   2722   2723
300   2679   2702   2707   2708   2763   2765
301   1301   2055   2056   2176   2395   2396
302   2051   2055   2287   2696   2764   2765
303   2173   2176   3370   3375   3376
304   2278   2283   2284   2395   2397
305   2270   2407   3173   3187   3188
306   2333   2335   2478   3185   3188   3191
307   3783   3791   4182   4185
309   1785   1989   2329   2332   2335
310   2480   3190   3191   3475   3476   3479
311   2407   3151   3152   4179   4181   4182
313    398   1779   1782   1785
314   1021   2046   2401   2431   2432
315    669   1716   2027   2028   2049   2050
316   1112   2024   3165   3183   3184
319    232   1021   1112   1801   1802
320    669    218    636    625
322   3142   3145   3850   3853   3856
323   1083   1086   2863   2911   2912
326   1761   1762   4158   4160
327   1761   1809   2866   2910   2911
328    629    390   1808   2910   2912
329    632   1808   1809   4154   4155   4158
331   1292   2621   2790   2905   3168   3182   3183
332   1512   1513   2619   2621
333   1294   1510   1552   4170   4172   4175
334    690    389   2756   2906   2909   2912
335   1557   1559   1807   1808   1811
336   1807   1813   2906   2907   2910
338    890    892   1355   3980   3995   3996
339    700   1558   1559   3980   3981
341   2558   2756   2845   3282   3284
342    690    890    895   2557   2558
343    700   1811   1813   2208   2210
345   2557   3284   3996   3997
348   1846   2433   2439   2815   2840   2841
349   2545   2839   2840   3241   3246   3248
350   2805   2815   3246   3250   3251
351   1697   2756   2834   3248   3253   3254
352   2439   3275   4114   4119   4121
353   1697   2542   2545   2556   2558
354   1846   2805   2830   4121   4126   4127
355    433    524   1109   1112   1242   1243
358    584   2328   2615   2618   2621
360   1263   1710   1846   1847   1850
361   1220   1711   1850   2437   2439
362   1260   1263   1602   1605
363     33    736    737   1260   1710   1711
364    736   1221   1431   1487   2770   2772
365    737   1487   1602   2378   2380
369   1605   1847   2378   2811   2813   2815
372   1410   1476   1649   2798   2800
373   3083   3157   3159   4182   4191   4192
376    177   1476   2126   3850   3851   3854
378    189   1476   2867   2870   2873
380   1595   2286   2759   2762   2765
382    760   1586   2705   2708
384   1595   1648   2717   2798   2799
386    760   2628   2679   2680
387    597    553    624   1333   1336   1339
388    596   1336   2117   2566   2568
389    766   1333   1337   2117   2119
390    767   1256   1261   1263   1337   1339
391    766    767   1847   2805   2808
393   1705   1706   1850   3449   4118   4121
395   2785   2811   2816   3243   3246
397   2381   2779   2782   2783
398    774   1631   1635   2773   2776   2779
399    775    767   1605   1635   1636
400    774    247    588    766    775
401    776   2644   3112   3115   3116
402    782    776   2281   2722   2724
403   2192   2199   2642   3116   3119
404    785    501   3112   3118   3119
405    782    786   3115   3118
406    786    785   2278   2281   2474   2475
407   2308   2470   2472   2475
408   1194   1760   1761   2055   2057
409   1194   1550   4158   4175   4176
411   1546   1547   1550   1980   2056   2057
412   2176   2462   3263   3266   3267
414   1980   2391   2392   2395
417   1612   2106   2110   2411   2950   2953
418    623    669   1612   3034   3035   3038
420   1591   1595   1813   2038   2039
422    921   2051   2054   2057
423    921   1194   1807   1809   2038   2040
424   1934   2041   2111   3105   3107   3110
425    774   1922   1925   1934   1937
426   1839   1843   1922   1923   2041   2043
427   1333   1614   2296   3038   3040
428   2117   2118   2130   2296   2297
429   1618   1839   1842   1845
430    775   1337   1614   1937   2110   2111
432   2638   3054   3116   3123   3124
434   2577   2658   2659   3119   3122   3123
436   1553   1559   1922   1924   1927
437   1811   1927   2037   2038   2041
439    921   1550   1552   1839   1841   1844
440   1490   1492   1512   1619   1621
441   1490   1491   1980   2283   2475   2476
444   1336   2296   2298   3818   3820   3823
445   1988   2335   3262   3269   3270
446   1308   3024   3186   3188
447    284    526     84    181     16
449    776    825   3026   3176   3186   3187
450    825   2409   2953   3115   3126   3127
454   2173   2177   2182   2318   2461   2462
456   1634   2777   2779   3978   3980   3983
458    835   1634   2381   2391   2394   2397
460   2142   2181   2182   3994   3996   3999
461    641    835   3983   3998   3999
462    839   1635   1637   1930   1935   1937
463    700   1927   1930   1932   1934
466    839    843   3983   3984
467    843   1631   1634   1637
468    844    487   1486   1487   1490
469     32    486    844    736
470    998   1218   1431   1432
473   2181   2183   2352   2556   2557
474    419   1784   1785   2177   2180   2183
475    395    690   1691   1694   1697
477   1021   1691   1692   3245   3248
478   2182   2183   3373   3376
479    786    849    850   1602   1636   1637
480    850    737    844    496    785
481    835    843    849   2281   2284
482    760    642   1660   3277   3999   4000
483   3006   3189   3190   3277   3280
484    363    839    849    782    825
485    850   1256   1260   3118   3125   3126
486     34    295   1705   1708   1711
488   1658   2437   3273   3275   3277
489    612   1339   1612   1614
491   1507   1512   1546   1549   1552
492   1528   2419   2420   3147   3149
493   1691   1693   2538   2543   2545
494    890   2177   2178   2181
495   2118   2442   2562   2565   2568
496   1591   2762   2875   2907   2908
497   1841   2037   2040   2043
501   1546   3950   3951   4174   4175
503   2322   2326   3393   3394   3397
506   1800   1801   2044   2046   2049
508   1042   2440   2443   2446
510   2798   3077   3084   4190   4192
511   2110   3038   3109   3110
512   1079   2513   3777   3780   3781
515   1800   1802   2023   2024   2027
516   1648   2037   2039   3077   3107   3108
518   1615   1617   2440   2442   2445
521   1718   3030   3179   3181
523   2001   2654   2657   2662   2664
524   1214   1431   2433   2434   2437
525   2287   2307   2707   2719   2720
527   1256   1705   1707   1710
531   1553   1558   2773   2774   2777
533   1855   2649   2788   3946   3949   3952
536   1649   2077   3077   3080
539   2126   2800   3792   4185   4190   4191
541   3051   3053   3146   3149   3152
542   2023   2028   3178   3181   3184
544   1591   2208   2711   2716   2717
545   1631   1636   2377   2378   2381
547   2051   2056   2283   2307   2308
548   2716   2843   4123   4125
552   2106   3110   3111   4186   4189   4192
553   3780   3791   3792   3854   3856
554   2329   2331   2461   3265   3266   3269
555   2322   2324   2495   2617   2618
556   1930   2106   2108   2111
558   1998   2412   2414   2417
559   3067   3927   4170   4171   4174
562   2521   2524   2527   3080   3106   3108
564   2232   2297   3040   3105   3106   3109
565   2405   2407   2953   3051   3052
566   3145   3157   3158   3780   3783
567   2391   2396   2456   2459   2462
568   2192   2521   2523   2526
571   2426   2431   2740   2784   2785
572   2278   2308   2718   2719   2722
573   2419   2424   2456   2458   2461
574   2377   2780   2783   2813   2816
575   2433   2435   2556   3275   3283   3284
576   2604   2617   2771   2836   2838
577   2479   3007   3189   3191
578   2615   2617   2652   2788   2790
580   2538   2603   2835   2836   2839
581   2562   2564   2828   2829   2832
582   2571   2654   2656   2659
583   2763   2764   3393   3395   3398
584   2680   2743   2746   2759   2760   2763
585   2663   2788   2902   2905
586   2743   2748   2867   2868   2871
587   2759   2764   2874   2875   2878
588   2702   2718   2720   2723
589   2711   2799   4186   4187   4190
590   2898   2905   3070   3927   3951   3952
591   2773   2775   2780   2782   2785
592   2828   2834   2845   4122   4123   4126
593   2828   2830   3249   3250   3253
594   2811   2835   2837   2840
595   3282   3283   4119   4123   4124
596   2867   2869   3794   3799   3801
597   2874   2879   2906   2908   2911
599   2898   3029   3178   3179   3182
600   3020   3022   3185   3186   3189
602   3034   3036   3083   3109   3111
603   3050   3052   3121   3124   3127
609   3098   3100   3921   3927   3928
610   3084   3105   3108   3111
612   3112   3121   3123   3126
613   3146   3151   3153   3154   3157
614   3139   3153   3155   3158
615   3162   3178   3180   3183
616   3169   3185   3187   3190
620   3241   3249   3251   3254
621   3256   3265   3267   3270
622   3273   3283   3994   3997   4000
628   3370   3393   3396   3399
630   3475   3786   3787   4179   4184   4185
631   3475   3480   4114   4116   4118
652   3777   3786   3788   3791
653   3794   3818   3819   3822
656   3842   3850   3852   3855
661   3921   3946   3948   3951
663   3978   3994   3995   3998
671   4114   4122   4124   4127
673   4154   4170   4173   4176
674   4179   4186   4188   4191
cells 64
0      0      3      4      5      7     10     11     13     15     16     17     18     19     21     22
1     23     27     28     29     30     31     32     33     34     36    559    609    621    673
2     37      5     38     39     40     42     43     44     45    521    523    542    582    599
3     47     48     49     51     54     56     57     58     60     61     62     63    533    574    576    578
4     32     67     68     69     70     11     71     73     75     76     77     78     81    588
5     82     83     84     85     86     36     87     88     89     90     91    521    614
6     92     93     94     95     96     97     88    100    101    102    103    104    620
7    107    108     58    109    110    111    112    114    115    119    121    122    123    124      0    125    523
8    126    127    128    129    130    131     40    133    134    512    515    553    652    653
9    135    136    139    141    143    145    146    148    149    150    548    595    622    663
10    151    152     86     45    154     76    155    156     31    159    562    564    568    602    610
11    160    161    162    163    164    165    166    167    169    171    512    566    613    614
12    173    174    176    178    179    119    180    181    503    555    576    580    628
13    182    183    184    185     21    186    187    188    191    503    508    583    584    587
14    167    192    193    194     56    195     30    199    200     68    492    541    554    573
15    201    202    203    204    205    187    207    496    544    548    581    592
16     17    210     38    211    212    213    214    215    156    216    217    219    508    518
17    182    223    174    224    226    227     29    228    230    231    112    134    234    235
18    240    241    163    243    127    244    246    109    248    249    250    251    506
19    253    254    255    216    257    258     81    497    516    525    536    562
20    261    262    263    264    185    265    266    267    268    269    101    495    518    581    593
21    270    271    243    272    202    133    273    150    274    539    589    630    631    671    674
22    275     61    276    249    108    277    279    280    281    284    285    286    192    287    603
23    289    104    290    291    275    294     91    295    296    161     60    492    531    571    591
24    297    298    299    223    300    301    302    303    304    525    547    572    583    588    628
25    121    241    305    169    193    306    307    143    309    310    311    313    616    630    652
26    314    285    315    316     93    319    320    295     90    506    515    542    615
27     85    322     23    228    128    323    326    327    328    329    166    291    656
28    331    154     57    332    333    100     89    262    491    501    559    590    599    615
29    162    334    328    290    335    336    338    339    341    342    343    204    136    345
30    348    349    350    351    179    352    353    341    354    575    592    593    595    620    671
31    129    355    125    331    230    184     43    316     94    358    263    555    558    578    585
32    360    361    362    363    364    365    348     48     22    369    181    524    594
33    322     82    372    307    373    376     34     67    151    510    536    539    553    566
34    372     73    378    380    271     10    258    382    384    201    386    300    584    586
35    387    388    389    390    391    360    267    393    274    205    354    287    248    527
36    395    103    391    369    265    350    397    398    399    400    545    574    591
37     77    401    402    403    404    405    406    257    219    407    568    572
38    408    326    409    411    412    226    414    194     27     54    301    501    567    661
39    311    417    286    373    418    141    294     84    320    511    541    552    565    602    613    674
40    224    336    380    253    302    408    420    422    423    327    496    587    597
41    424    425    426     95    427    428    213    255    429    430    389    400    268    511    564
42    155     37    432    210     75    403    107    200    281    434    533    585    590    609    661
43    436    437    335    439    261    426    423    333    409    296     87     96    329    497    673
44    429    439    269    440    422    254    411    441    214     49    407    491    547
45    428    212    388    272    444    159     42    207     16    186    495    586    596    653
46    445    195     28     69    446      4    235    124    447    306    577    600
47    401    432    199    305    446     70    449    450    146    565    603    612
48    454     51    297    289    160    456    397    458    338    460    461    494    567    573    663
49    456    398    462    148    463    339    425     97    436    466    467    531
50    468    440    211    191    358    364     47     18    469    264    470    332    180
51    353    178    473    474    246    475    123    164    342    313    493    494
52    351    334    266    355    475    231    323    126     92    244    203    183    319    477    165    597
53    445    227    122    474    309    412    171    454    478    303    176    554    621
54    270      3    378    447     71    376     33    111     39    131    234    558    596    656
55    424    384    135    437    420    343    463    510    516    544    552    556    589    610
56    441    406    479    480    468    215    365    414    304    458     63    481    467    545
57    482    483    466    299    382    449     13    402     78    461    145    484    481    600    616
58      7    280    434    363    480    485    404    469    217    486    115    527    582    612
59    477    314    102    277     62    251    349    395    110    493    571    580    594
60    139    483    393    488    352    361    276    240    114    486     19    310    577    631
61     15    482    478    473    460    488    345    470    173    298    188    386    524    575    622
62    387    489    427    130     44    418    315     83    444    273    284    152    250
63    149    484    450    390    489    279    362    485    417    479    405    462    430    399    556
