vertices 383
     0 1.00286778196583 0.31942927391837 1.09611648925174
     2 1.38999944093664 0.49363955122402 1.62933632765587
     8 0.89126526400783 0.20917054899369 1.09819958574201
    11 0.25343735843117 0.60771379532494 1.08847568225992
    14 0.85201913274133 0.02200971947489 2.18934154446648
    16 0.29532318082944 0.60127987954995 2.34908032608894
    18 1.14154623403728 0.95001184734041 1.95711991021987
    36 3.90063609921104 0.54826533520622 1.73437433080306
    37 0.48752993877110 1.07224627380629 2.05564057131370
    41 0.23880988003029 0.74066489862377 2.29885182551690
    47 1.43508218402725 3.76325230270580 0.60078244058112
    52 1.65732597056340 0.65907391724912 0.23415646924484
    58 1.85176811330232 0.17707514778817 0.90887479326203
    59 1.52770525902803 0.16995449946810 0.73170695912003
    61 1.87820739806047 3.27851686308119 0.11702358580301
    69 1.03595522581259 3.34923094976178 2.71963267897418
    72 0.93362060440964 3.55522689150116 2.71559658692841
    76 1.15925475112387 0.08387686072131 2.95528228049452
    98 3.08994901194596 0.64000252447708 3.37527959643540
   115 1.04387876522407 3.68505218395840 0.76536879328880
   119 0.78546242639901 0.89250129450593 0.12390518300729
   134 2.61456441857345 3.13105565067669 3.25347694254223
   136 2.65351213222660 2.78871293970077 3.41321789445026
   139 1.64885278862483 2.59811220236395 3.11271877484702
   140 2.40411026370859 2.63364631389409 3.12975105337037
   143 2.00690100812418 2.38796195707261 3.24074626266624
   147 2.53196160495962 2.80061825178623 3.92463006604877
   149 2.65253424277334 3.00333082931797 2.28599483907510
   152 3.41536827501086 3.11817285588981 3.04518060857683
   156 2.64170250610462 2.54935677989132 2.25986504969363
   157 3.47776504991470 2.58365097214332 3.12436687228274
   163 3.56471918628964 2.72095630069312 2.78908127253721
   169 1.91270763386812 1.58749717465761 2.23116085653224
   171 1.31986517389332 1.36694845712252 2.21654857149061
   174 2.30200781296368 1.12778489521957 1.53826139786662
   177 2.26261328111372 0.69289949043657 1.47653795434510
   180 2.06287082410777 0.66541306307806 1.35266162806852
   185 1.85203678463824 0.40477878382917 1.46361215871342
   191 1.42370939107390 1.51178568682579 2.11856013284958
   195 1.23416783706242 2.68569978289339 2.03915211819804
   198 2.45043904378353 3.32017822960140 1.30349298990302
   199 2.46791346796547 3.45528802763942 1.64231588209439
   214 3.80803155540793 2.36471368236288 0.41367898474975
   215 0.20894335111177 1.76887012761803 0.01949170212887
   220 0.51746784272680 1.70249173825647 0.06233720303130
   230 2.74205796253308 2.10207170917110 0.21723253296300
   231 2.27388334276269 2.39092360115127 1.25721942786537
   235 2.14417004994511 1.68494643834490 0.86676040743500
   236 2.54613060178743 2.63565337032565 0.97430617895613
   240 2.00390265709903 2.08304890419002 1.15500385000857
   241 2.57580642202714 2.43792106272628 1.06783525393742
   243 2.59608275668122 2.58367881981085 0.19515703827840
   254 3.00079717564523 1.17087451172730 1.22417021923437
   260 2.81644233622443 3.53857342243263 1.66475399503953
   261 3.04876263850069 3.39109809012610 1.92047424901954
   264 3.16493921654355 3.76329029576615 2.15372838450654
   277 1.57016250213559 1.32065979724147 0.40770039082093
   284 0.45751014282922 2.76112177198210 1.86810177190055
   288 0.23356011037299 0.70304945974253 2.92868994968004
   290 3.90026117320512 0.47661859052986 2.96473204914432
   291 0.06769581341469 3.59375089734180 3.22870137307882
   292 0.97320048695714 0.48638268505514 2.95289397892229
   295 0.12485848044179 0.69966205398407 2.76328026017739
   300 2.83279870678893 0.41676964214148 0.66731636590129
   310 1.07521039201414 1.85319527090331 2.21768202294844
   311 1.04022856100222 2.48969121237229 2.10568245756855
   315 1.14229772871903 2.15924365608646 2.40220003089510
   332 3.02411089472833 3.72651620120756 2.52757947561957
   336 3.95514565444839 2.59908663744731 2.59870665575332
   339 0.85611807301614 2.73331236269143 2.13316231530644
   343 1.98777421578865 2.13031118591761 3.02960134140733
   346 1.19272448200659 2.22161159860380 3.13385853210692
   347 1.59671920565709 2.34683868918703 3.00888519998468
   354 0.94056185292467 2.12302580232724 2.76111707797562
   356 2.72838203185371 2.70941779386899 0.09782073149627
   358 3.65136208044865 1.13677602262457 0.56336981598946
   364 0.09851124778984 0.57955786331623 0.93066942486493
   365 3.68113900457279 1.08659849861119 0.13144094488543
   376 3.06112505279093 2.35407183306099 1.39617232837712
   380 3.53764279324965 2.76132737197027 0.14290117796378
   394 0.23629963660692 1.41647161762151 2.92259621332539
   396 0.07337221603665 0.83274138702723 2.69612381849985
   399 0.19629771810505 1.79768145328332 2.73757970652862
   403 0.21768908219143 2.29535538499405 2.90680668081218
   405 0.02257065960708 2.28868290487971 3.25465319850412
   406 0.26345136352614 1.34914642284418 3.71847770896876
   408 0.37802538697914 1.27106570465598 3.18343310338613
   410 0.50838720970844 1.37836645773061 3.79883460158526
   413 3.17171292497624 3.80758032529609 3.96553847468775
   422 3.75006880077557 1.47954076633387 0.01554065435293
   425 0.07754373440798 1.57976029438899 3.80592210121649
   429 2.96427732146789 0.35726633738598 3.00618969964532
   432 2.19127174826423 1.47058183478573 3.16696187194230
   436 2.10425896478415 1.56711569400492 1.91003050461571
   439 2.74557350427871 1.93597859037538 0.61618183736728
   440 3.36385626692831 1.69945621361311 0.83758253305408
   447 3.51773014653947 3.65238773841654 3.94455354689615
   457 1.54835209550268 1.04066683573915 2.58793858443220
   460 2.45791429714497 3.92534292303127 0.48648874569240
   473 3.52255035291810 0.60182695171986 1.72317500812602
   481 2.33804282637927 2.38682486975898 1.96699145061237
   488 0.11293663603849 0.15113390714815 2.08119643726047
   489 0.25425268025344 3.98271167668523 2.02675870966316
   500 2.18099412332158 2.51777409905985 1.23681850628113
   502 2.28896585492887 2.70552339416015 1.08312624487107
   510 2.30029148241088 3.18015684770961 1.93417340734547
   513 0.04687185706462 3.42686206100956 0.54291992179723
   519 0.21333938600398 3.35329057831703 2.63048009203972
   524 1.51005420043915 1.46365832009258 1.60977012594185
   529 1.51286789805549 3.13906964679024 3.07731528553816
   538 2.83605226713196 3.63430544092449 0.19456913455737
   544 0.23065130732732 1.08038160587056 1.72965592422330
   545 3.94725246677385 0.76945005834446 1.86905551128488
   553 2.95707821353212 3.09027050575967 2.25243736182956
   557 0.84193752180022 1.80989601212788 2.71149899525647
   559 0.39131060660278 1.67310494186370 2.68978506314288
   568 2.94590079533958 3.33063742691529 2.58182735261116
   569 3.16948506571829 3.32264515510795 2.98644834565663
   571 2.97455366942259 0.13130781825033 0.62835647301632
   573 1.48577298757130 0.87367137816781 0.18848629851382
   581 0.56435296919356 2.82239314298668 2.57407954789557
   582 0.61537627478082 2.45199247633103 2.88311337530558
   587 2.98400916642982 2.10625135105191 0.08220834703131
   605 0.78716591337649 3.63760408655941 0.45863235017664
   611 3.55629277542062 0.85244051012344 1.87293731353679
   625 1.00824720423971 3.33062112659348 1.02755909520869
   629 3.32694220832259 0.97282899063324 2.76364917960019
   630 3.22327541828159 0.62095277674278 3.06818941147458
   635 3.21178455975722 3.43558699980933 3.03174117720316
   636 3.21744809327699 3.77800779501108 2.76855518609686
   640 1.95103043241581 1.78051167677604 3.39554925653408
   645 1.38639105611146 0.36478923862505 1.85205076076211
   647 2.85649839641252 0.37554633243665 3.24814779193831
   648 2.88215327551613 3.82040471937759 3.55258811829841
   649 3.01496891136975 2.60696667073384 3.43644592368234
   650 3.01070500407697 2.54671915346295 3.95872175324517
   658 0.58399450029469 0.50435971461881 0.94046130832021
   660 3.68643103792826 2.91659674111538 0.72998293668091
   662 3.99121461790110 3.25984446426589 0.80784462842831
   663 0.07056582584641 1.55877214047547 2.94344658564139
   667 0.80567945191785 2.58220642826816 3.25299258111395
   668 3.90342554000780 3.52643320127719 2.93734915701436
   669 3.73657724708610 3.86612430745695 2.70483106294374
   673 3.29592456991282 1.60636753027695 3.54216764359717
   674 3.91296392427547 1.74593601590082 3.37055878624828
   678 0.62241498729442 3.35668055512389 0.46555834636387
   681 0.40523849625650 1.00634809668637 1.24907074242168
   691 2.41755310382648 2.24940956992596 1.79543952375021
   692 2.84915722315492 2.21795342531056 1.80965514274217
   695 0.96411318377036 1.71528038301114 2.31512526016528
   696 0.51659519184446 1.57690848357827 2.24727630086729
   698 1.66741136836229 3.03412574675580 2.94720966414942
   701 2.00795188635595 1.17556869887305 3.12652388637744
   711 2.72665648456319 3.84329717928283 0.54787668393056
   717 1.83661145783140 1.50255286650677 1.56274977165507
   718 2.01972159077980 1.28941196412240 1.39609346206943
   723 2.10611092870529 2.69738074888706 1.76666534938788
   724 1.53435856962521 2.70284006845546 2.17342575843504
   725 3.01135551568658 3.05197059967269 0.36792163961137
   726 3.51588248383975 2.96255109959090 0.28825188622650
   735 3.75800225983927 3.38733060174222 3.48240786739765
   736 3.51991923992340 3.30954489950055 3.10584502313989
   737 3.88388942422825 1.95736296098871 2.29627404155708
   738 0.17839165115855 1.79411013848164 1.91820949525285
   739 1.96448847464561 1.07021538314502 2.66491581858229
   740 2.12761479290188 1.28211225857192 2.53242995098724
   758 2.26273480221129 0.43620346732109 1.78467994596109
   760 3.39915809812211 2.78550624398696 3.27291004459827
   761 3.79219504650456 2.86411900348277 3.71733256104896
   762 0.28439262945978 2.19191659837928 0.00589498653791
   764 0.22246600613359 2.47232095498809 3.62435962261826
   777 3.37109653772031 0.57854190632587 3.81669985141341
   780 1.88395963762723 1.18358518967670 1.32499084071532
   783 1.79444850076415 0.19795482230850 1.89857245723007
   784 1.95973491026347 0.23412950417113 1.71035396102394
   791 1.98560796130303 3.44567247445636 2.24956871883502
   792 1.57126618252802 3.08981896486181 2.42277112670373
   795 3.71694763034355 3.25554212230118 0.12591689301250
   796 3.88302768744332 3.10321588908384 3.73955494272986
   797 1.95011036265054 2.01630331302051 2.41182736942508
   798 1.55330146054597 2.27568807144682 2.48918476376067
   799 3.59328825921520 3.97127242213916 0.09169742275362
   800 3.32154484090565 0.06334208428531 0.09344849076555
   806 0.98429472321524 3.62057309930281 0.05714588708653
   816 0.62712958221615 2.25529024160916 0.05858366404037
   817 0.57144840750656 2.58261452936940 3.59974912708486
   819 0.23096085208659 2.87767096824653 2.46900714581271
   821 1.37975924551256 3.13809767276019 1.14168713199104
   822 0.65667580679788 3.35710929111030 2.84765311647293
   826 3.18733245737243 1.04616007176829 0.73181754057438
   837 2.98550793197923 0.84572082867286 0.37422399152992
   838 2.56692370906397 1.68793727301135 0.63903639455445
   839 3.07752471135288 1.33099644023062 0.87151564822193
   842 1.17821504906973 0.25342414055160 3.56484929151800
   844 1.02595188676804 0.20302161696842 3.15013841110106
   847 3.87669214476985 2.53960931186447 0.78786626617395
   854 0.48310258943170 3.49596788643720 3.25108628456580
   862 1.83322864397821 3.60398899425519 3.45223391418505
   866 1.66420442466715 1.77780812867208 0.19961059603292
   869 3.80068232141953 0.56412924172780 3.76472569414957
   870 3.95411661653442 0.86832565299541 3.98633402609824
   871 3.89888291073591 3.92446808872278 0.54928178171444
   874 0.75079964849010 3.20065105577481 2.83426190448537
   877 3.93220670014780 0.29326188011821 3.86566488300840
   881 2.40621730956663 1.59647031039798 0.37759621090106
   882 2.83876194223333 0.12008090700189 1.74338517356435
   883 2.99309537554794 0.16557882903316 1.96154515653611
   884 2.00281362982348 1.58108875819972 0.54371686407104
   885 1.83573748603727 1.27688028930359 0.58486849048830
   890 3.26205209716774 1.47884545622362 1.63157038745499
   899 3.30789751408530 1.25648970502795 2.84441584996010
   900 3.08962977108678 1.41740062164487 3.41463440023091
   903 2.98360518049082 1.02956387728205 3.59972399744369
   904 3.26771168063321 0.85557003761078 3.97040379944551
   905 2.51146276405589 2.29781515209653 2.81587549408339
   907 0.93782015713593 2.05105374016209 0.31839288552483
   908 0.78726740701035 2.09432482506874 0.05317930987471
   909 1.81802722381948 3.73914708918790 1.90846993788315
   910 2.04959516932455 3.77148143884872 1.64076339050939
   911 2.66973318355007 1.41018794367647 3.56065579419046
   912 2.46040976105344 1.80467004928457 0.06917978526759
   913 2.28652499503446 1.56816706487490 2.90857833514067
   914 2.15312893387006 2.00979501874431 2.81542774803386
   915 3.38605659100901 1.41923597783666 1.76136861843146
   916 0.01259438072933 1.55915012393401 1.67253959891704
   917 0.04970903809091 3.73885016960987 2.16685407150457
   918 3.89052383805959 3.87248562570062 2.23706837131404
   920 1.21477969943619 0.92592279787748 1.68640702327100
   922 2.70718062842108 1.08849140737694 3.66323551715216
   923 2.60403033515741 1.02767402946318 0.15962466468882
   926 0.18018130401675 0.07470215343796 3.36967362318542
   927 0.01486490767308 0.48409126523450 3.11690586318235
   928 1.46921972766612 1.31276880843213 1.51521538632448
   933 2.33651954950999 0.67746651695185 2.32983748039486
   938 1.87823519143275 2.79730036709386 0.70029410480358
   941 0.83816563128770 0.03423115234943 3.73064901251165
   942 0.64586305188626 3.95738230196552 3.38513074139200
   946 2.35608890611744 1.32225352944154 1.91060516464532
   948 3.05661785853241 1.59957546485180 1.86787344907170
   949 3.30823276112587 3.22570940877419 1.74554181191875
   952 3.44104291494774 1.82369591164029 1.15461343041950
   954 3.95967680125769 3.42703895267733 1.88579668661731
   955 0.16671384945379 2.84790152356419 2.09883558447279
   957 0.92930004249249 0.38223291913075 2.33506265852947
   958 1.10946622448668 0.38655200049752 2.73316889528106
   959 1.33948333857990 3.68163472971585 0.05850260070974
   960 1.59198476725418 3.37888622922472 3.88359951543907
   966 2.38544254044427 1.13095383885582 2.31319238167793
   970 2.70649243159536 0.51136879604742 2.42561140208160
   971 2.67055194139386 0.34123801034925 2.64312271290229
   972 0.06285016181355 0.41613314410275 1.32122728199400
   977 1.51083092320963 0.77091536069217 3.80260375777830
   978 1.22955730178508 0.70097259394137 3.67734580107473
   980 2.13714799249988 0.61567618301025 2.52546383424517
   982 1.26125973479427 0.58332237819228 2.13601614043098
   983 1.47550758851799 0.61969592700939 2.45494320722900
   984 1.90862580835654 0.42899757625089 2.43688007509947
   989 3.88474360202729 0.39304148828328 1.12070229825960
   992 0.51100448445689 3.21869163148410 1.42778115528549
   995 3.18040017575940 0.08919900133856 1.02417462617786
   997 0.29348448542715 0.23067940845830 0.46451159681529
   998 0.31399782892598 0.43132435720946 0.59886835430180
  1000 0.34590274748764 2.60992632905496 0.94803411696675
  1001 0.42888506116249 3.04115673056222 0.97628389991615
  1002 0.31179170193214 0.37006840158819 0.22343916455807
  1003 0.32440225266694 0.52702540603769 0.28429643618668
  1007 2.86818081677939 2.12834040269500 2.88171044937043
  1010 0.31376516136005 3.92447771941596 1.66269114146817
  1011 0.13840969119669 3.55549962503989 1.57723372868915
  1012 3.27178669607038 2.57182280337195 1.40521562830027
  1015 3.79828547680696 3.56044180588748 1.17795029132296
  1016 3.71747437422960 0.01127239311648 0.96760588613567
  1018 3.14282424978578 0.96696407466409 2.46125245287483
  1019 3.11113411175618 2.31090897766574 3.22895544954675
  1020 3.11301039144016 1.74061529397231 3.54036057264991
  1021 2.97112837422150 1.52174776410172 3.41281592130831
  1022 2.79963173702045 1.63949050664125 2.94921498538605
  1023 2.26196313876066 0.41344400130773 2.72590818953412
  1026 0.71844764412334 3.10784468911333 0.78966060071369
  1028 3.80471936658346 2.44960385300000 2.31599596473758
  1030 3.09529866415947 1.41508412194093 2.61762470355843
  1032 3.28568103472602 1.76113332742327 2.30220686305255
  1036 3.91553473392659 2.59297755113255 2.04480356601909
  1037 3.36129050703195 2.79471378811945 1.86255180952531
  1038 3.01045952715303 1.25999192874285 2.42565330424612
  1039 3.17805521413653 1.54440781381904 2.01898800366568
  1040 3.73901907744271 2.28438897056061 1.17405784101095
  1043 1.05825716552904 3.96527631957850 1.89821197269345
  1047 2.76853016239322 3.35659012398577 1.16718482645737
  1048 0.79403736315017 3.88962056419654 1.54477160673569
  1049 0.88068821466867 3.39778055289058 1.39448908579471
  1050 3.23426258894620 3.27822041334374 1.39949534138975
  1051 2.95563793775496 3.46798911080661 1.36198638052743
  1057 1.69734489836498 3.88814758518761 3.11313139250141
  1059 2.03068088952331 0.17745233987953 2.67146404797394
  1060 3.19742713473318 2.95256431988089 1.16253549170409
  1061 2.91306879008880 2.99591969357052 1.01023821240082
  1071 1.32184989344541 2.85464802326803 3.71593239063941
  1073 1.24144816374926 2.00756135157286 3.35266635542388
  1091 0.71708472653079 0.97220847231504 1.17616045396001
  1096 0.74943381467122 0.62595234676695 0.95008241279653
  1097 0.97941600838688 0.95291363759969 0.41956040936576
  1098 1.77328680248045 3.47733202490601 3.18823323029506
  1100 1.34682311435705 2.86212988540479 3.32063156540134
  1101 0.87370416846215 2.82048234421686 3.29510792450720
  1105 1.72156366707475 1.75565079452447 3.48873037990410
  1106 1.65708638817722 1.22910967220799 3.31078620413185
  1109 1.76743596664375 3.92947380452731 3.38855694452909
  1113 0.77007369501900 3.18382520587741 3.96164182894822
  1115 0.86352924701296 2.93652606437675 3.88704568300741
  1120 1.45271194936259 0.14250488893812 3.67717877272650
  1121 1.65634328024902 0.58483249307361 3.85522735829874
  1122 0.55374725804058 3.10294936690037 3.66490130724885
  1123 0.68457804549055 2.89381781479816 3.62246777436506
  1124 0.75572396884575 1.31556222214357 3.30265309471264
  1125 1.11611430799005 0.95890174274243 3.23299622856732
  1127 1.32399168405804 1.17201902881019 3.09485506701890
  1128 1.02739410982025 1.54116614243546 3.12210302723499
  1131 1.49789611505508 2.28410494370478 0.41968411253054
  1133 2.36776661270711 2.65437483565504 0.04043129967795
  1134 1.94573766129435 2.79806428492171 0.21775514485671
  1135 2.10580405420105 1.93650922010299 3.91545403558736
  1136 1.75080313843265 1.76420138540780 0.31467549910148
  1137 1.99949216460537 2.32347026809176 3.84770190972504
  1138 1.70621897099071 2.50876615402335 0.04270142771223
  1140 2.41624827927622 3.05605645671525 3.01600902297581
  1141 2.57519605758715 3.19853831975975 2.60100062345356
  1142 0.67932749965399 1.53966232312442 0.92498087538458
  1143 0.76604550824064 1.60954361976997 0.48311778685497
  1145 1.97107227365839 3.25484058097012 2.96849235073956
  1146 2.13810180454172 3.50020800297761 2.55281894093490
  1147 1.00082278904765 1.30660629184380 0.59218797768175
  1148 0.87063577574134 1.33142317054763 0.96709542315631
  1164 3.13047489643176 2.26749825197819 2.42398588995658
  1166 2.93914261567759 2.46377508498861 2.18860561734813
  1167 3.42421074839856 2.56821447131846 2.43248551978920
  1168 3.17511300973866 2.74384582839283 2.17981388232836
  1169 2.08100428198221 0.45045832260907 0.78226379301008
  1170 2.39904063762530 0.36077069966564 0.55836897679372
  1172 2.24016710240957 0.65938393753487 0.24851182452895
  1173 1.96928085326008 0.73521367964894 0.41947002938539
  1174 0.06258386271774 1.71050128003852 1.38212936926545
  1176 0.27789004199535 1.43145656661742 1.07173458709049
  1177 3.61768353660387 1.86264505855509 1.10573698026575
  1205 2.94810158359152 0.55543233398828 1.10197578027626
  1206 3.11369118222118 0.78356540482114 1.09990769068950
  1212 3.10384485579588 0.39358462300714 1.22128565294592
  1213 3.31309378201187 0.55906020887460 1.25581906751990
  1229 0.93659159827199 2.12014746290944 1.85152017648694
  1238 0.80620395883762 1.98910554781252 1.15858687364349
  1239 1.13324470880606 2.00979221767769 1.44849832157498
  1332 1.57914725901252 2.44884373448852 0.74717684413429
  1333 1.82992635018075 2.31120376400820 1.10982021463019
  1335 1.46698884076398 2.40435366588865 1.28156797549355
  1336 1.43556024795685 2.64265050303963 0.97436433499081
  1337 1.32469702382676 3.53253440471819 1.92688732192132
  1339 1.17398027871323 3.24850753920812 1.61125650018375
  1345 1.21596197898983 3.25657577007091 2.38339296274077
  1346 1.06927923461800 2.88093977259185 2.07718402895678
  1352 1.97248130318669 3.79490436307646 0.84740716610609
  1354 2.03776303918502 3.53988111121489 1.18860657530681
  1355 1.71255420686833 3.57600852726192 0.68687663632805
  1356 1.71111721733439 3.26677543267481 0.98101817663401
  1377 2.18038903205017 0.26230315926327 3.51989576178459
  1378 2.09699613943804 0.53204541274375 3.69821419152368
  1385 2.29077042361624 0.72878334382213 3.42845214704772
  1386 2.36425410004224 0.48510904388131 3.27910589506864
  1395 3.57372385143577 1.91119547007650 0.43749714636275
  1396 3.79463052121907 1.64797796507581 0.28917294864666
  1400 3.53875890424437 1.72821678818783 0.76512982275923
  1401 3.75179324159988 1.48659265261836 0.61437492732486
  1437 0.31675113286973 2.12796555133087 1.50004309972329
  1439 0.34291277794224 2.14290209606752 1.62052764530466
  1440 0.24879728638140 2.25440228993703 1.47267458644989
  1441 0.27568313402750 2.29551117714842 1.63446888195399
  1450 2.36354047190582 3.40737630327923 3.88770914722398
  1451 2.52414447373170 3.65598292075955 0.00197579453412
  1455 2.36387367770898 3.51076357419900 3.65180609578686
  1456 2.49566036720258 3.72957513261945 3.72793228164740
  1458 0.86995500062131 2.16208561072562 0.94543203356712
  1459 1.09034267919387 2.50326642712792 0.70481519895891
  1460 0.71900759303994 2.49387400625826 0.68396681125597
  1461 0.85985371669534 2.65883079951090 0.62834127949868
edges 766
16      2      0
17      0      8
32     16     41
33     41     37
34     37     18
84     58     59
85     59     52
93     59     47
101     76     72
102     72     14
111     72     69
177    115     47
181     59      0
189    115      8
218    143    139
224    134    136
225    136    147
229    140    136
231    143    140
232    149    156
246    152    163
247    163    157
272    171    191
273    191    169
284    185      2
292    177    180
293    180    185
295    171     18
303    174    177
313    199    198
363    220    215
382    230    243
389    241    236
390    236    243
391    231    240
395    231    241
398    235    240
419    254    174
433    260    261
438    264    261
486     16    295
487    295    290
496    295    288
501    292    288
524    260    199
526     58    185
537    310    191
544    195    311
553    311    315
554    315    310
584    264    332
588    163    336
596    339    284
597    311    339
612    354    346
623    347    346
624    354    315
625    343    347
629    243    356
632    147    356
636    343    143
641    365    358
642    358    364
669    139    347
690    376    241
700    214    380
736     41    396
737    396    394
760     11    364
766    403    336
767    399    403
774    157    405
775    405    403
776    119    410
782    406    410
785    408    288
786    406    408
825    410    220
835    365    422
839    425    215
843    425    422
844    396    295
849    406    425
850    394    408
886    169    436
890    439    440
892    230    439
895    241    439
921    413    447
947    171    457
998     36    473
1021    156    481
1042    488    489
1045     36    488
1048     16    488
1049     14    489
1079    500    502
1081    231    500
1083    236    502
1086    198    502
1109    199    510
1112    149    510
1153    191    524
1172     69    529
1194    413    538
1214    544    545
1218     36    545
1220     37    544
1221     41    545
1242    149    553
1243    261    553
1256    557    559
1260    394    559
1261    354    557
1263    399    559
1289    568    569
1290    553    568
1292    332    568
1293    152    569
1294    134    569
1301    300    571
1307     52    573
1308    277    573
1333    581    582
1336    339    581
1337    403    582
1339    354    582
1355    230    587
1410    115    605
1431    545    611
1432    473    611
1476    115    625
1486    629    630
1487    396    629
1490    290    630
1491     98    630
1492    429    630
1507    635    636
1510    569    635
1512    429    636
1513    332    636
1525    343    640
1528    432    640
1540      2    645
1546    647    648
1547     98    647
1549    429    647
1550    413    648
1552    635    648
1553    649    650
1554    136    649
1557    356    650
1558    587    650
1559    380    650
1584      8    658
1586     11    658
1591    660    662
1595    513    662
1602    394    663
1605    399    663
1612    346    667
1614    582    667
1615    668    669
1617    519    668
1618    291    668
1619    636    669
1621    290    669
1631    673    674
1634    422    673
1635    405    674
1636    663    674
1637    425    674
1648    513    678
1649    605    678
1658    544    681
1660     11    681
1691    691    692
1692    481    691
1693    436    691
1694    231    691
1697    376    692
1705    695    696
1706    310    695
1707    557    695
1708    171    695
1710    559    696
1711     37    696
1716    139    698
1718    529    698
1729    432    701
1760    571    711
1761    538    711
1762    460    711
1779    717    718
1780    524    717
1781    436    717
1782    240    717
1784    174    718
1785    235    718
1800    723    724
1801    481    723
1802    510    723
1803    500    723
1806    195    724
1807    725    726
1808    356    725
1809    538    725
1811    380    726
1813    660    726
1839    735    736
1841    447    735
1842    291    735
1843    152    736
1844    635    736
1845    668    736
1846    737    738
1847    399    737
1850    696    738
1853    739    740
1855    701    739
1856    457    739
1859    169    740
1920    177    758
1922    760    761
1923    152    760
1924    649    760
1925    157    760
1927    380    761
1930    762    764
1932    214    762
1934    761    764
1935    215    762
1937    405    764
1980     98    777
1988    180    780
1989    718    780
1998    783    784
2001    645    783
2002    758    784
2004    185    784
2023    791    792
2024    510    791
2027    724    792
2028    698    792
2037    795    796
2038    726    795
2039    513    795
2040    447    795
2041    761    796
2043    735    796
2044    797    798
2045    169    797
2046    481    797
2048    315    798
2049    724    798
2050    347    798
2051    799    800
2054    447    799
2055    571    800
2056    777    800
2057    413    800
2077    605    806
2106    816    817
2108    762    816
2110    667    817
2111    764    817
2117    581    819
2118    519    819
2119    336    819
2126    625    821
2130    519    822
2133     72    822
2142    358    826
2173    826    837
2176    300    837
2177    838    839
2178    439    838
2180    235    838
2181    440    839
2182    826    839
2183    254    839
2192    842    844
2196     76    844
2199    292    844
2208    660    847
2210    214    847
2232    822    854
2233    291    854
2270    277    866
2278    869    870
2281    406    870
2283    777    869
2284    365    870
2286    513    871
2287    799    871
2296    581    874
2297    822    874
2298     69    874
2307    799    877
2308    869    877
2318    838    881
2322    882    883
2324    758    882
2325    260    882
2326    473    883
2328    264    883
2329    884    885
2331    881    884
2332    235    884
2333    277    885
2335    780    885
2352    254    890
2377    899    900
2378    663    899
2380    629    899
2381    673    900
2391    903    904
2392     98    903
2394    900    903
2395    777    904
2396    837    904
2397    365    904
2399    140    905
2401    156    905
2405    907    908
2407    866    907
2409    220    908
2411    816    908
2412    909    910
2413    791    909
2414    783    909
2416    199    910
2417    784    910
2419    911    912
2420    432    911
2424    881    912
2425    230    912
2426    913    914
2427    432    913
2429    740    913
2430    343    914
2431    905    914
2432    797    914
2433    915    916
2434    611    915
2435    890    915
2437    544    916
2439    738    916
2440    917    918
2442    519    917
2443    489    917
2444    264    918
2445    669    918
2446    488    918
2451     18    920
2454      2    920
2456    922    923
2458    911    922
2459    903    922
2461    881    923
2462    837    923
2470    926    927
2472    877    926
2473    291    926
2474    288    927
2475    869    927
2476    290    927
2478    780    928
2479    920    928
2480    524    928
2495    758    933
2513    502    938
2521    941    942
2523    842    941
2524    806    941
2525    926    942
2526    844    942
2527    854    942
2538    946    948
2540    174    946
2542    890    948
2543    436    946
2545    692    948
2549    261    949
2556    890    952
2557    440    952
2558    376    952
2562    954    955
2564    949    954
2565    917    954
2566    284    955
2568    819    955
2571    957    958
2573     14    957
2574     76    958
2576     16    957
2577    292    958
2578    959    960
2579    806    959
2580     47    959
2583     61    960
2584    862    960
2602    740    966
2603    946    966
2604    933    966
2615    970    971
2617    933    970
2618    883    970
2619    429    971
2621    332    971
2625     36    972
2628     11    972
2638    977    978
2641    573    977
2642    842    978
2644    119    978
2649    739    980
2652    933    980
2654    982    983
2655     18    982
2656    957    982
2657    645    982
2658    457    983
2659    958    983
2662    783    984
2663    980    984
2664    983    984
2679    364    989
2680    972    989
2690    284    992
2696    571    995
2702    997    998
2704    605    997
2705    658    998
2707    871    997
2708    364    998
2711   1000   1001
2714    992   1001
2716    847   1000
2717    662   1001
2718   1002   1003
2719    877   1002
2720    997   1002
2721    941   1002
2722    870   1003
2723    998   1003
2724    119   1003
2740    905   1007
2743   1010   1011
2744    489   1010
2746    972   1010
2747    954   1011
2748    992   1011
2756    376   1012
2759   1015   1016
2760   1011   1015
2762    662   1015
2763    989   1016
2764    995   1016
2765    871   1016
2770    629   1018
2771    970   1018
2772    611   1018
2773   1019   1020
2774    649   1019
2775   1007   1019
2776    157   1019
2777    587   1020
2779    673   1020
2780   1021   1022
2781    911   1021
2782   1020   1021
2783    900   1021
2784    913   1022
2785   1007   1022
2788    980   1023
2790    971   1023
2798    678   1026
2799   1001   1026
2800    625   1026
2805    737   1028
2808    336   1028
2811   1030   1032
2813    899   1030
2815    737   1032
2816   1022   1030
2828   1036   1037
2829    955   1036
2830   1028   1036
2832    949   1037
2834   1012   1037
2835   1038   1039
2836    966   1038
2837   1030   1038
2838   1018   1038
2839    948   1039
2840   1032   1039
2841    915   1039
2843    847   1040
2845   1012   1040
2853    645   1043
2856     14   1043
2863    198   1047
2866    711   1047
2867   1048   1049
2868   1010   1048
2869   1043   1048
2870      8   1048
2871    992   1049
2873    625   1049
2874   1050   1051
2875   1015   1050
2877    949   1050
2878    995   1051
2879   1047   1051
2880    260   1051
2898   1057   1059
2900     76   1057
2902    984   1059
2905   1023   1059
2906   1060   1061
2907    660   1060
2908   1050   1060
2909   1012   1060
2910    725   1061
2911   1047   1061
2912    236   1061
2942    960   1071
2950    346   1073
2953    908   1073
3006    681   1091
3007    920   1091
3020   1096   1097
3021      0   1096
3022   1091   1096
3023    658   1096
3024    573   1097
3026    119   1097
3028    862   1098
3029   1057   1098
3030    529   1098
3034   1100   1101
3035    139   1100
3036   1071   1100
3037    529   1100
3038    667   1101
3040    874   1101
3050   1105   1106
3051    866   1105
3052   1073   1105
3053    640   1105
3054    977   1106
3056    701   1106
3067    862   1109
3070   1057   1109
3077    678   1113
3080    806   1113
3083   1071   1115
3084   1113   1115
3098   1120   1121
3099    842   1120
3100   1109   1120
3101    959   1120
3102    977   1121
3104     52   1121
3105   1122   1123
3106    854   1122
3107    796   1122
3108   1113   1122
3109   1101   1123
3110    817   1123
3111   1115   1123
3112   1124   1125
3115    410   1124
3116    978   1125
3118    408   1124
3119    292   1125
3121   1127   1128
3122    457   1127
3123   1125   1127
3124   1106   1127
3125    557   1128
3126   1124   1128
3127   1073   1128
3139   1133   1134
3141    147   1133
3142     61   1134
3144    243   1133
3145    938   1134
3146   1135   1136
3147    912   1135
3149    640   1135
3150    884   1136
3151   1131   1136
3152    866   1136
3153   1137   1138
3154   1135   1137
3155   1133   1137
3156    143   1137
3157   1131   1138
3158   1134   1138
3159   1071   1138
3162   1140   1141
3164    140   1140
3165    149   1141
3167    134   1140
3168    568   1141
3169   1142   1143
3173    907   1143
3176    220   1143
3178   1145   1146
3179   1098   1145
3180   1140   1145
3181    698   1145
3182   1059   1146
3183   1141   1146
3184    791   1146
3185   1147   1148
3186   1097   1147
3187   1143   1147
3188    277   1147
3189   1091   1148
3190   1142   1148
3191    928   1148
3241   1164   1166
3243   1007   1164
3245    156   1166
3246   1032   1164
3248    692   1166
3249   1167   1168
3250   1028   1167
3251   1164   1167
3252    163   1167
3253   1037   1168
3254   1166   1168
3255    553   1168
3256   1169   1170
3259     58   1169
3260    460   1170
3262    180   1169
3263    300   1170
3265   1172   1173
3266    923   1172
3267   1170   1172
3269    885   1173
3270   1169   1173
3271     52   1173
3273   1174   1176
3275    916   1174
3277    681   1176
3280   1142   1176
3282   1040   1177
3283   1174   1177
3284    952   1177
3370   1205   1206
3372    177   1205
3373    254   1206
3375    300   1205
3376    826   1206
3393   1212   1213
3394    882   1212
3395    995   1212
3396   1205   1212
3397    473   1213
3398    989   1213
3399   1206   1213
3446    311   1229
3449    310   1229
3475   1238   1239
3476   1142   1238
3479    524   1239
3480   1229   1239
3777   1332   1333
3780    938   1332
3781    500   1333
3783   1131   1332
3784    240   1333
3786   1335   1336
3787   1239   1335
3788   1333   1335
3789    195   1335
3791   1332   1336
3792    821   1336
3794   1337   1339
3796    909   1337
3798    821   1339
3799   1043   1337
3801   1049   1339
3818   1345   1346
3819   1337   1345
3820     69   1345
3821    792   1345
3822   1339   1346
3823    339   1346
3824    195   1346
3842   1352   1354
3844    460   1352
3846    198   1354
3847     58   1352
3849    910   1354
3850   1355   1356
3851     47   1355
3852   1352   1355
3853     61   1355
3854    821   1356
3855   1354   1356
3856    938   1356
3921   1377   1378
3925   1172   1378
3927   1109   1377
3928   1121   1378
3946   1385   1386
3947    922   1385
3948   1378   1385
3949    701   1385
3950    647   1386
3951   1377   1386
3952   1023   1386
3978   1395   1396
3980    587   1395
3981    214   1395
3983    422   1396
3984    215   1396
3994   1400   1401
3995   1395   1400
3996    440   1400
3997   1177   1400
3998   1396   1401
3999    358   1401
4000   1176   1401
4114   1437   1439
4116   1238   1437
4118   1229   1439
4119   1174   1437
4121    738   1439
4122   1440   1441
4123   1040   1440
4124   1437   1440
4125   1000   1440
4126   1036   1441
4127   1439   1441
4128    284   1441
4154   1450   1451
4155    147   1450
4157     61   1450
4158    538   1451
4160    460   1451
4170   1455   1456
4171    862   1455
4172    134   1455
4173   1450   1455
4174   1377   1456
4175    648   1456
4176   1451   1456
4179   1458   1459
4181    907   1458
4182   1131   1459
4184   1238   1458
4185   1336   1459
4186   1460   1461
4187   1000   1460
4188   1458   1460
4189    816   1460
4190   1026   1461
4191   1459   1461
4192   1115   1461
polygons 447
0   1540   2451   2454   2655   2657
3     16     17   1540   2853   2869   2870
4     16   2454   3007   3021   3022
5   2573   2656   2657   2853   2856
7     32     33     34   2576   2655   2656
10   1584   1586   2628   2746   2868   2870
11     17   1584   3021   3023
13   1586   1660   3006   3022   3023
15   1214   1218   1658   1660   2625   2628
16   1049   2744   2856   2868   2869
17   1042   1048   1049   2573   2576
18     32   1045   1048   1218   1221
19     34   1220   1658   2451   3006   3007
21   1042   1045   2625   2744   2746
22     33   1214   1220   1221
23   3844   3852   3853   4154   4157   4160
27   3260   3267   3921   3925   4160   4174   4176
28     84     85   3259   3270   3271
29   3256   3259   3260   3844   3847
30   3104   3265   3271   3925   3928
31   2578   2584   3067   3100   3101
32     85     93   2580   3098   3101   3104
33     93     84   3847   3851   3852
34   2578   2580   2583   3851   3853
36   2583   2584   4157   4171   4173
37   2574   2659   2664   2898   2900   2902
38    101    102   2571   2573   2574
39   2001   2414   2853   3796   3799
40   2023   2413   3796   3819   3821
42    102    111   2856   3799   3819   3820
43   2413   2414   2662   2902   3182   3184
44   1172   1718   2028   3820   3821
45    111    101   1172   2900   3029   3030
47   1486   1492   2615   2619   2770   2771
48   2380   2770   2813   2837   2838
49   1491   1492   1547   1549
51   2394   2458   2459   2781   2783
54   1547   2392   2459   3946   3947   3950
56   1729   2420   2458   3947   3949
57   1549   2619   2790   3950   3952
58   1853   2602   2604   2649   2652
60   2420   2427   2780   2781   2784
61   1729   1853   1855   2427   2429
62   2429   2602   2784   2816   2836   2837
63   1486   1491   2377   2380   2392   2394
67    177   1410   2077   2579   2580
68   1307   2641   3102   3104
69     85    181   1307   3020   3021   3024
70   2638   2641   2644   3024   3026
71    177    189     17    181     93
73    189   1410   1584   2702   2704   2705
75   2638   2642   3098   3099   3102
76   2523   2524   2579   3099   3101
77   2523   2642   2644   2718   2721   2724
78   2705   2723   2724   3020   3023   3026
81   2077   2524   2704   2720   2721
82   2583   2942   3142   3158   3159
83   1716   1718   3035   3037
84    218   3035   3036   3153   3156   3159
85   3139   3141   3142   4155   4157
86   2584   2942   3028   3030   3036   3037
87    224    225   4155   4172   4173
88    229    224   3164   3167
89   3028   3167   3179   3180   4171   4172
90    218    231   1716   3164   3180   3181
91    229    231    225   3141   3155   3156
92    232   1242   3245   3254   3255
93    232   2399   2401   3162   3164   3165
94   1242   1290   3165   3168
95    246    247   1923   1925
96    224   1293   1294   1554   1923   1924
97   1924   1925   2774   2776
100   1289   1294   3162   3167   3168
101    246   1289   1290   1293   3249   3252   3255
102   2401   2740   3241   3243   3245
103    247   2775   2776   3243   3251   3252
104    229   1554   2399   2740   2774   2775
107   1856   2649   2658   2663   2664
108    272    273    947   1853   1856   1859
109    273    886   1153   1780   1781
110    886   1859   2543   2602   2603
111    284   1540   1998   2001   2004
112    292    293   1920   2002   2004
114    295    272   1153   2451   2479   2480
115    295    947   2654   2655   2658
119    303   1920   2495   2540   2603   2604
121   1779   1780   1989   2478   2480
122    292    303   1784   1988   1989
123   1779   1781   1784   2540   2543
124    284    293   1988   2454   2478   2479
125   1998   2002   2495   2652   2662   2663
126    313   1079   1086   1109   1802   1803
127   1800   1803   1806   3781   3788   3789
128   1086   2513   3846   3855   3856
129   1109   2024   2412   2413   2416
130   1806   2027   3818   3821   3824
131   2412   3794   3796   3798   3849   3854   3855
133   3786   3789   3792   3798   3822   3824
134    313   2416   3846   3849
135   1932   2108   2210   2716   4187   4189
136   2210   2843   3282   3981   3995   3997
139   3273   3280   3476   4116   4119
141   2405   2411   4181   4188   4189
143   3169   3173   3476   4181   4184
145    363   3169   3176   3280   3984   3998   4000
146   2405   2409   3173   3176
148   1932   1935   3978   3981   3984
149    363   1935   2108   2409   2411
150   4116   4124   4125   4184   4187   4188
151   2578   2579   2942   3080   3083   3084
152   1172   2298   3034   3037   3040
154   3028   3029   3067   3070
155   2192   2196   2900   3070   3099   3100
156    101   2133   2196   2232   2526   2527
159    111   2133   2297   2298
160    892   2178   2318   2424   2425
161    382   2425   3144   3147   3154   3155
162    389    390    382    892    895
163    391   1081   3781   3784
164    395    398    391    895   2178   2180
165    389    395   1079   1081   1083
166    390   1083   2513   3139   3144   3145
167   2331   2424   3146   3147   3150
169    398   2332   3150   3151   3777   3783   3784
171   2180   2318   2331   2332
173   1432   2352   2434   2435   3373   3397   3399
174   1920   2324   3372   3394   3396
176    419    303   3370   3372   3373
178    419   2352   2538   2540   2542
179   2435   2542   2839   2841
180   1432   2326   2618   2771   2772
181   2434   2772   2835   2838   2841
182   2325   2878   2880   3394   3395
183    433   2549   2874   2877   2880
184    438    433   2322   2325   2328
185    438   2440   2444   2549   2564   2565
186   2443   2565   2743   2744   2747
187   2564   2747   2760   2875   2877
188    998   2625   2680   3397   3398
191    998   1045   2326   2328   2444   2446
192   1528   1729   3050   3053   3056
193   2270   2329   2333   3150   3152
194   2456   3266   3925   3947   3948
195   1307   1308   2333   3269   3271
199   1308   2270   2641   3050   3051   3054
200   3054   3056   3102   3928   3948   3949
201   2714   2717   2748   2760   2762
202   2690   2711   2714   4122   4125   4128
203   2832   2834   2877   2908   2909
204   2208   2843   2845   2907   2909
205   2566   2829   4126   4128
207   2562   2566   2690   2747   2748
210   2196   2199   2574   2577
211    486    487   1048   1621   2445   2446
212    102   1049   2130   2133   2442   2443
213   1617   1618   2130   2232   2233
214   1615   1618   1621   2470   2473   2476
215    487    496   2474   2476
216   2233   2473   2525   2527
217    501    496    486   2571   2576   2577
219    501   2199   2470   2474   2525   2526
223   1301   2696   3375   3395   3396
224   1760   2696   2866   2878   2879
226   1301   1760   1762   3260   3263
227    292   3256   3262   3263   3372   3375
228   1762   2863   2866   3842   3844   3846
230    524   2002   2324   2325   2416   2417
231    313    524   2863   2879   2880
234    526   2004   2417   3842   3847   3849
235    293    526   3259   3262
240    537   1153   3449   3479   3480
241   1780   1782   3479   3784   3787   3788
243    544   3446   3480   3787   3789
244   1081   1692   1694   1801   1803
246    391   1693   1694   1781   1782
248    553    554   3446   3449
249    554    273    537   2044   2045   2048
250    544    553   1806   2048   2049
251    886   1692   1693   2045   2046
253   2039   2040   2054   2286   2287
254   1841   1842   2054   2307   2472   2473
255   1842   2043   2233   3106   3107
257   2472   2521   2525   2719   2721
258   1648   1649   2286   2704   2707
261   1293   1510   1843   1844
262   1289   1292   1507   1510   1513
263    438    584   1243   1290   1292
264    584   1513   1619   2444   2445
265    588   2808   3250   3252
266   1243   2549   2832   3253   3255
267   2119   2568   2808   2829   2830
268    588    246   1617   1843   1845   2118   2119
269   1507   1615   1619   1844   1845
270   2126   2873   3798   3801
271   2714   2799   2800   2871   2873
272    596   2690   2871   3801   3822   3823
273    544    597   3823   3824
274    596    597   3446   4118   4127   4128
275   1525   1528   2426   2427   2430
276    537    272   1706   1708
277   1859   2045   2426   2429   2432
279    612   1261   2950   3125   3127
280    947   1707   1708   3121   3122   3125
281   1855   1856   3056   3122   3124
284    623    612    624   2048   2050
285    625   2044   2050   2430   2432
286    623    625   1525   2950   3052   3053
287    624    554   1261   1706   1707
289   1355   2419   2425   2777   2781   2782
290    382    629   1355   1557   1558
291    632    629   3141   3144
294    636   1525   3149   3154   3156
295    231    636   2399   2430   2431
296    632    225   1553   1554   1557
297    641   2142   2173   2396   2397
298    642   2142   2679   3376   3398   3399
299    641    642   2284   2708   2722   2723
300   2679   2702   2707   2708   2763   2765
301   1301   2055   2056   2176   2395   2396
302   2051   2055   2287   2696   2764   2765
303   2173   2176   3370   3375   3376
304   2278   2283   2284   2395   2397
305   2270   2407   3173   3187   3188
306   2333   2335   2478   3185   3188   3191
307   3783   3791   4182   4185
309   1785   1989   2329   2332   2335
310   2480   3190   3191   3475   3476   3479
311   2407   3151   3152   4179   4181   4182
313    398   1779   1782   1785
314   1021   2046   2401   2431   2432
315    669   1716   2027   2028   2049   2050
316   1112   2024   3165   3183   3184
319    232   1021   1112   1801   1802
320    669    218    636    625
322   3142   3145   3850   3853   3856
323   1083   1086   2863   2911   2912
326   1761   1762   4158   4160
327   1761   1809   2866   2910   2911
328    629    390   1808   2910   2912
329    632   1808   1809   4154   4155   4158
331   1292   2621   2790   2905   3168   3182   3183
332   1512   1513   2619   2621
333   1294   1510   1552   4170   4172   4175
334    690    389   2756   2906   2909   2912
335   1557   1559   1807   1808   1811
336   1807   1813   2906   2907   2910
338    890    892   1355   3980   3995   3996
339    700   1558   1559   3980   3981
341   2558   2756   2845   3282   3284
342    690    890    895   2557   2558
343    700   1811   1813   2208   2210
345   2557   3284   3996   3997
348   1846   2433   2439   2815   2840   2841
349   2545   2839   2840   3241   3246   3248
350   2805   2815   3246   3250   3251
351   1697   2756   2834   3248   3253   3254
352   2439   3275   4114   4119   4121
353   1697   2542   2545   2556   2558
354   1846   2805   2830   4121   4126   4127
355    433    524   1109   1112   1242   1243
358    584   2328   2615   2618   2621
360   1263   1710   1846   1847   1850
361   1220   1711   1850   2437   2439
362   1260   1263   1602   1605
363     33    736    737   1260   1710   1711
364    736   1221   1431   1487   2770   2772
365    737   1487   1602   2378   2380
369   1605   1847   2378   2811   2813   2815
372   1410   1476   1649   2798   2800
373   3083   3157   3159   4182   4191   4192
376    177   1476   2126   3850   3851   3854
378    189   1476   2867   2870   2873
380   1595   2286   2759   2762   2765
382    760   1586   2705   2708
384   1595   1648   2717   2798   2799
386    760   2628   2679   2680
387    597    553    624   1333   1336   1339
388    596   1336   2117   2566   2568
389    766   1333   1337   2117   2119
390    767   1256   1261   1263   1337   1339
391    766    767   1847   2805   2808
393   1705   1706   1850   3449   4118   4121
395   2785   2811   2816   3243   3246
397   2381   2779   2782   2783
398    774   1631   1635   2773   2776   2779
399    775    767   1605   1635   1636
400    774    247    588    766    775
401    776   2644   3112   3115   3116
402    782    776   2281   2722   2724
403   2192   2199   2642   3116   3119
404    785    501   3112   3118   3119
405    782    786   3115   3118
406    786    785   2278   2281   2474   2475
407   2308   2470   2472   2475
408   1194   1760   1761   2055   2057
409   1194   1550   4158   4175   4176
411   1546   1547   1550   1980   2056   2057
412   2176   2462   3263   3266   3267
414   1980   2391   2392   2395
417   1612   2106   2110   2411   2950   2953
418    623    669   1612   3034   3035   3038
420   1591   1595   1813   2038   2039
422    921   2051   2054   2057
423    921   1194   1807   1809   2038   2040
424   1934   2041   2111   3105   3107   3110
425    774   1922   1925   1934   1937
426   1839   1843   1922   1923   2041   2043
427   1333   1614   2296   3038   3040
428   2117   2118   2130   2296   2297
429   1618   1839   1842   1845
430    775   1337   1614   1937   2110   2111
432   2638   3054   3116   3123   3124
434   2577   2658   2659   3119   3122   3123
436   1553   1559   1922   1924   1927
437   1811   1927   2037   2038   2041
439    921   1550   1552   1839   1841   1844
440   1490   1492   1512   1619   1621
441   1490   1491   1980   2283   2475   2476
444   1336   2296   2298   3818   3820   3823
445   1988   2335   3262   3269   3270
446   1308   3024   3186   3188
447    284    526     84    181     16
449    776    825   3026   3176   3186   3187
450    825   2409   2953   3115   3126   3127
454   2173   2177   2182   2318   2461   2462
456   1634   2777   2779   3978   3980   3983
458    835   1634   2381   2391   2394   2397
460   2142   2181   2182   3994   3996   3999
461    641    835   3983   3998   3999
462    839   1635   1637   1930   1935   1937
463    700   1927   1930   1932   1934
466    839    843   3983   3984
467    843   1631   1634   1637
468    844    487   1486   1487   1490
469     32    486    844    736
470    998   1218   1431   1432
473   2181   2183   2352   2556   2557
474    419   1784   1785   2177   2180   2183
475    395    690   1691   1694   1697
477   1021   1691   1692   3245   3248
478   2182   2183   3373   3376
479    786    849    850   1602   1636   1637
480    850    737    844    496    785
481    835    843    849   2281   2284
482    760    642   1660   3277   3999   4000
483   3006   3189   3190   3277   3280
484    363    839    849    782    825
485    850   1256   1260   3118   3125   3126
486     34    295   1705   1708   1711
488   1658   2437   3273   3275   3277
489    612   1339   1612   1614
491   1507   1512   1546   1549   1552
492   1528   2419   2420   3147   3149
493   1691   1693   2538   2543   2545
494    890   2177   2178   2181
495   2118   2442   2562   2565   2568
496   1591   2762   2875   2907   2908
497   1841   2037   2040   2043
501   1546   3950   3951   4174   4175
503   2322   2326   3393   3394   3397
506   1800   1801   2044   2046   2049
508   1042   2440   2443   2446
510   2798   3077   3084   4190   4192
511   2110   3038   3109   3110
512   1079   2513   3777   3780   3781
515   1800   1802   2023   2024   2027
516   1648   2037   2039   3077   3107   3108
518   1615   1617   2440   2442   2445
521   1718   3030   3179   3181
523   2001   2654   2657   2662   2664
524   1214   1431   2433   2434   2437
525   2287   2307   2707   2719   2720
527   1256   1705   1707   1710
531   1553   1558   2773   2774   2777
533   1855   2649   2788   3946   3949   3952
536   1649   2077   3077   3080
539   2126   2800   3792   4185   4190   4191
541   3051   3053   3146   3149   3152
542   2023   2028   3178   3181   3184
544   1591   2208   2711   2716   2717
545   1631   1636   2377   2378   2381
547   2051   2056   2283   2307   2308
548   2716   2843   4123   4125
552   2106   3110   3111   4186   4189   4192
553   3780   3791   3792   3854   3856
554   2329   2331   2461   3265   3266   3269
555   2322   2324   2495   2617   2618
556   1930   2106   2108   2111
558   1998   2412   2414   2417
559   3067   3927   4170   4171   4174
562   2521   2524   2527   3080   3106   3108
564   2232   2297   3040   3105   3106   3109
565   2405   2407   2953   3051   3052
566   3145   3157   3158   3780   3783
567   2391   2396   2456   2459   2462
568   2192   2521   2523   2526
571   2426   2431   2740   2784   2785
572   2278   2308   2718   2719   2722
573   2419   2424   2456   2458   2461
574   2377   2780   2783   2813   2816
575   2433   2435   2556   3275   3283   3284
576   2604   2617   2771   2836   2838
577   2479   3007   3189   3191
578   2615   2617   2652   2788   2790
580   2538   2603   2835   2836   2839
581   2562   2564   2828   2829   2832
582   2571   2654   2656   2659
583   2763   2764   3393   3395   3398
584   2680   2743   2746   2759   2760   2763
585   2663   2788   2902   2905
586   2743   2748   2867   2868   2871
587   2759   2764   2874   2875   2878
588   2702   2718   2720   2723
589   2711   2799   4186   4187   4190
590   2898   2905   3070   3927   3951   3952
591   2773   2775   2780   2782   2785
592   2828   2834   2845   4122   4123   4126
593   2828   2830   3249   3250   3253
594   2811   2835   2837   2840
595   3282   3283   4119   4123   4124
596   2867   2869   3794   3799   3801
597   2874   2879   2906   2908   2911
599   2898   3029   3178   3179   3182
600   3020   3022   3185   3186   3189
602   3034   3036   3083   3109   3111
603   3050   3052   3121   3124   3127
609   3098   3100   3921   3927   3928
610   3084   3105   3108   3111
612   3112   3121   3123   3126
613   3146   3151   3153   3154   3157
614   3139   3153   3155   3158
615   3162   3178   3180   3183
616   3169   3185   3187   3190
620   3241   3249   3251   3254
621   3256   3265   3267   3270
622   3273   3283   3994   3997   4000
628   3370   3393   3396   3399
630   3475   3786   3787   4179   4184   4185
631   3475   3480   4114   4116   4118
652   3777   3786   3788   3791
653   3794   3818   3819   3822
656   3842   3850   3852   3855
661   3921   3946   3948   3951
663   3978   3994   3995   3998
671   4114   4122   4124   4127
673   4154   4170   4173   4176
674   4179   4186   4188   4191
cells 64
0      0      3      4      5      7     10     11     13     15     16     17     18     19     21     22
1     23     27     28     29     30     31     32     33     34     36    559    609    621    673
2     37      5     38     39     40     42     43     44     45    521    523    542    582    599
3     47     48     49     51     54     56     57     58     60     61     62     63    533    574    576    578
4     32     67     68     69     70     11     71     73     75     76     77     78     81    588
5     82     83     84     85     86     36     87     88     89     90     91    521    614
6     92     93     94     95     96     97     88    100    101    102    103    104    620
7    107    108     58    109    110    111    112    114    115    119    121    122    123    124      0    125    523
8    126    127    128    129    130    131     40    133    134    512    515    553    652    653
9    135    136    139    141    143    145    146    148    149    150    548    595    622    663
10    151    152     86     45    154     76    155    156     31    159    562    564    568    602    610
11    160    161    162    163    164    165    166    167    169    171    512    566    613    614
12    173    174    176    178    179    119    180    181    503    555    576    580    628
13    182    183    184    185     21    186    187    188    191    503    508    583    584    587
14    167    192    193    194     56    195     30    199    200     68    492    541    554    573
15    201    202    203    204    205    187    207    496    544    548    581    592
16     17    210     38    211    212    213    214    215    156    216    217    219    508    518
17    182    223    174    224    226    227     29    228    230    231    112    134    234    235
18    240    241    163    243    127    244    246    109    248    249    250    251    506
19    253    254    255    216    257    258     81    497    516    525    536    562
20    261    262    263    264    185    265    266    267    268    269    101    495    518    581    593
21    270    271    243    272    202    133    273    150    274    539    589    630    631    671    674
22    275     61    276    249    108    277    279    280    281    284    285    286    192    287    603
23    289    104    290    291    275    294     91    295    296    161     60    492    531    571    591
24    297    298    299    223    300    301    302    303    304    525    547    572    583    588    628
25    121    241    305    169    193    306    307    143    309    310    311    313    616    630    652
26    314    285    315    316     93    319    320    295     90    506    515    542    615
27     85    322     23    228    128    323    326    327    328    329    166    291    656
28    331    154     57    332    333    100     89    262    491    501    559    590    599    615
29    162    334    328    290    335    336    338    339    341    342    343    204    136    345
30    348    349    350    351    179    352    353    341    354    575    592    593    595    620    671
31    129    355    125    331    230    184     43    316     94    358    263    555    558    578    585
32    360    361    362    363    364    365    348     48     22    369    181    524    594
33    322     82    372    307    373    376     34     67    151    510    536    539    553    566
34    372     73    378    380    271     10    258    382    384    201    386    300    584    586
35    387    388    389    390    391    360    267    393    274    205    354    287    248    527
36    395    103    391    369    265    350    397    398    399    400    545    574    591
37     77    401    402    403    404    405    406    257    219    407    568    572
38    408    326    409    411    412    226    414    194     27     54    301    501    567    661
39    311    417    286    373    418    141    294     84    320    511    541    552    565    602    613    674
40    224    336    380    253    302    408    420    422    423    327    496    587    597
41    424    425    426     95    427    428    213    255    429    430    389    400    268    511    564
42    155     37    432    210     75    403    107    200    281    434    533    585    590    609    661
43    436    437    335    439    261    426    423    333    409    296     87     96    329    497    673
44    429    439    269    440    422    254    411    441    214     49    407    491    547
45    428    212    388    272    444    159     42    207     16    186    495    586    596    653
46    445    195     28     69    446      4    235    124    447    306    577    600
47    401    432    199    305    446     70    449    450    146    565    603    612
48    454     51    297    289    160    456    397    458    338    460    461    494    567    573    663
49    456    398    462    148    463    339    425     97    436    466    467    531
50    468    440    211    191    358    364     47     18    469    264    470    332    180
51    353    178    473    474    246    475    123    164    342    313    493    494
52    351    334    266    355    475    231    323    126     92    244    203    183    319    477    165    597
53    445    227    122    474    309    412    171    454    478    303    176    554    621
54    270      3    378    447     71    376     33    111     39    131    234    558    596    656
55    424    384    135    437    420    343    463    510    516    544    552    556    589    610
56    441    406    479    480    468    215    365    414    304    458     63    481    467    545
57    482    483    466    299    382    449     13    402     78    461    145    484    481    600    616
58      7    280    434    363    480    485    404    469    217    486    115    527    582    612
59    477    314    102    277     62    251    349    395    110    493    571    580    594
60    139    483    393    488    352    361    276    240    114    486     19    310    577    631
61     15    482    478    473    460    488    345    470    173    298    188    386    524    575    622
62    387    489    427    130     44    418    315     83    444    273    284    152    250
63    149    484    450    390    489    279    362    485    417    479    405    462    430    399    556
