vertices 383
     0 1.08619495921239 0.22022354464366 1.02375052861566
     2 1.47332559960380 0.39443368539646 1.55696955677642
     8 0.97459204584060 0.10996417079776 1.02583352769993
    11 0.33676347817489 0.50850770362915 1.01610926290445
    14 0.93534589061406 3.92280174185803 2.11697489256769
    16 0.37865085551138 0.50207122930705 2.27671265781237
    18 1.22487223619859 0.85080531330938 1.88475342012030
    36 3.98396306479634 0.44905934642595 1.66200603423687
    37 0.57085590244616 0.97303946130897 1.98327264498357
    41 0.32213629931363 0.64145935585875 2.22648248234708
    47 1.51840891103399 3.66404742431578 0.52841612005098
    52 1.74065195368824 0.55986709096077 0.16179008400429
    58 1.93509488078984 0.07786919531419 0.83650687712060
    59 1.61103207904507 0.07074868802499 0.65933997637874
    61 1.96153399910561 3.17931087316166 0.04465579716065
    69 1.11927947154217 3.25002357903549 2.64726581774044
    72 1.01694585359931 3.45601734697535 2.64323037349888
    76 1.24258136712216 3.98466803012687 2.88291706630261
    98 3.17327480636845 0.54079628000394 3.30291039572935
   115 1.12720581464843 3.58584708916291 0.69300284889247
   119 0.86878800329546 0.79329475492938 0.05153884254984
   134 2.69788961403803 3.03184912645193 3.18110869303340
   136 2.73683714770196 2.68950671591126 3.34084874246190
   139 1.73217833661325 2.49890501392042 3.04035148237758
   140 2.48743558682403 2.53444079219994 3.05738279188327
   143 2.09022511727294 2.28875587920967 3.16837845907501
   147 2.61528779632213 2.70141087995072 3.85226079197648
   149 2.73585898779363 2.90412643022657 2.21362556477045
   152 3.49869398336416 3.01896500175216 2.97281226364224
   156 2.72502748815679 2.45014988556069 2.18749596372086
   157 3.56109020592099 2.48444470943245 3.05199868517546
   163 3.64804436686187 2.62174987936558 2.71671304528016
   169 1.99603304753066 1.48828844345117 2.15879386487770
   171 1.40319072800793 1.26774030426770 2.14418106526119
   174 2.38533381255095 1.02857755419372 1.46589292539171
   177 2.34593982780153 0.59369297826429 1.40416961252510
   180 2.14619845968158 0.56620675607261 1.28029420995769
   185 1.93536516618280 0.30557289887899 1.39124434627369
   191 1.50703464759798 1.41257690418073 2.04619305884677
   195 1.31749335332991 2.58649209928191 1.96678437114166
   198 2.53376498382053 3.22097235855209 1.23112384795710
   199 2.55123885922947 3.35608140929105 1.56994490721914
   214 3.89135820497947 2.26550734192038 0.34131072072181
   215 0.29226928704685 1.66966319167270 3.94712423640290
   220 0.60079307694832 1.60328479734410 3.98996958962962
   230 2.82538466197173 2.00286453982643 0.14486256859988
   231 2.35720811981247 2.29171772668875 1.18485204483289
   235 2.22749723305885 1.58573884379914 0.79439042996135
   236 2.62945814764824 2.53644665250350 0.90193747231724
   240 2.08722961818599 1.98384562349976 1.08263669688077
   241 2.65913375593439 2.33871492234011 0.99546636122197
   243 2.67940964044190 2.48447161481960 0.12278688217188
   254 3.08412381100752 1.07166852939677 1.15180166073785
   260 2.89977001760606 3.43936814204873 1.59238352250959
   261 3.13208904200005 3.29189305306661 1.84810514683029
   264 3.24826630816863 3.66408545989517 2.08135963571617
   277 1.65348900674212 1.22145335405058 0.33533342215779
   284 0.54083596176356 2.66191511646303 1.79573321532775
   288 0.31688631198797 0.60384147048536 2.85632299116041
   290 3.98358834557038 0.37741162494870 2.89236413325646
   291 0.15102123745666 3.49454430782306 3.15633382104693
   292 1.05652653373599 0.38717550822919 2.88052838808839
   295 0.20818517907948 0.60045389041467 2.69091373513444
   300 2.91612622853465 0.31756335904847 0.59494654093471
   310 1.15853562702048 1.75398720242838 2.14531532421431
   311 1.12355399096663 2.39048396019716 2.03331461491293
   315 1.22562293546301 2.06003535133251 2.32983322387394
   332 3.10743638553220 3.62731194403707 2.45521131776229
   336 0.03846932512937 2.49988053911703 2.52633828475903
   339 0.93944408270369 2.63410494131458 2.06079416778852
   343 2.07109811615667 2.03110449779012 2.95723508383146
   346 1.27604947700185 2.12240304339425 3.06149108842537
   347 1.68004464587154 2.24763046583754 2.93651753647848
   354 1.02388720472106 2.02381740194487 2.68874907438415
   356 2.81170809974052 2.61020958238439 0.02545079620768
   358 3.73468825193430 1.03757077925662 0.49100155271580
   364 0.18183780314121 0.48035194609639 0.85830307310762
   365 3.76446563093196 0.98739307697200 0.05907299082429
   376 3.14445042691484 2.25486522446138 1.32380322029331
   380 3.62096883234774 2.66212091689028 0.07053268870004
   394 0.31962537058831 1.31726380973156 2.85022814004621
   396 0.15669796645801 0.73353583939339 2.62375574132555
   399 0.27962208002937 1.69847550924404 2.66521157278171
   403 0.30101342350472 2.19614830779965 2.83443866395173
   405 0.10589581392704 2.18947588444334 3.18228429004903
   406 0.34677658288049 1.24993964280465 3.64611122364302
   408 0.46135128235726 1.17185787111089 3.11106546122296
   410 0.59171241149215 1.27915976239509 3.72646803454286
   413 3.25503919903420 3.70837387564537 3.89316953938488
   422 3.83339523166213 1.38033408221314 3.94317285810043
   425 0.16086952072862 1.48055314244879 3.73355504355051
   429 3.04760302842262 0.25805791526987 2.93381873637084
   432 2.27459862602188 1.37137463400627 3.09459463065162
   436 2.18758503151522 1.46790753248628 1.83766241542090
   439 2.82890062677349 1.83677142061291 0.54381276441684
   440 3.44717702947809 1.60024939430933 0.76521475967966
   447 3.60105551312182 3.55318159224301 3.87218475639789
   457 1.63167816780604 0.94145806542757 2.51557206818376
   460 2.54124157917900 3.82613598968705 0.41411914523820
   473 3.60587764500862 0.50262110937161 1.65080663791045
   481 2.42136879171656 2.28761831737973 1.89462357621489
   488 0.19626390270706 0.05192572595059 2.00882909905489
   489 0.33757885023014 3.88350464087307 1.95439172236709
   500 2.26432090283902 2.41856549836396 1.16445172749450
   502 2.37229323443080 2.60631698297996 1.01075781737880
   510 2.38361763141721 3.08094902929991 1.86180591601196
   513 0.13019875570690 3.32765525890836 0.47055267528598
   519 0.29666419336075 3.25408395822670 2.55811195149786
   524 1.59338050995997 1.36445001812885 1.53740211889608
   529 1.59619348133043 3.03986428360404 3.00494641246664
   538 2.91937925401761 3.53509903756434 0.12219994706146
   544 0.31397775833350 0.98117490065687 1.65728799368748
   545 0.03057974979368 0.67024421429460 1.79668717814162
   553 3.04040214242989 2.99106637688911 2.18006845710199
   557 0.92526306602496 1.71068799641178 2.63913084860340
   559 0.47463705172346 1.57389756434637 2.61741644880586
   568 3.02922397360769 3.23143205910998 2.50945731939323
   569 3.25280872763574 3.22343905751481 2.91408003624824
   571 3.05788116825875 0.03210159245758 0.55598651528235
   573 1.56909874652291 0.77446500201414 0.11611998157142
   581 0.64767812694168 2.72318626861151 2.50171191554183
   582 0.69870063962040 2.35278522619855 2.81074570986284
   587 3.06733499512587 2.00704483821743 0.00983876575272
   605 0.87049188831790 3.53839827420260 0.38626504078691
   611 3.63961974445556 0.75323449850212 1.80056885199248
   625 1.09157447264521 3.23141547106840 0.95519368246459
   629 3.41026760319078 0.87362214561609 2.69128067769664
   630 3.30660203131136 0.52174638306621 2.99581936178451
   635 3.29510913753548 3.33638189051070 2.95937335560861
   636 3.30077253893650 3.67880258967477 2.69618705383414
   640 2.03435601608153 1.68130371125449 3.32318152759757
   645 1.46971723761201 0.26558150982698 1.77968619985039
   647 2.93982363442909 0.27633880827731 3.17577867679849
   648 2.96547980338085 3.72119818000602 3.48021986102358
   649 3.09829562626340 2.50775962173001 3.36407660224060
   650 3.09403051134986 2.44751184943793 3.88635258832036
   658 0.66732078489708 0.40515367540308 0.86809534105967
   660 3.76975760148563 2.81738960275465 0.65761491866962
   662 0.07454155495735 3.16063753828274 0.73547703850829
   663 0.15388986964891 1.45956587271881 2.87107876694739
   667 0.88900355871772 2.48299885208258 3.18062529568809
   668 3.98675092701997 3.42722674219269 2.86498099649447
   669 3.81990390087934 3.76691742904647 2.63246322696366
   673 3.37925244997194 1.50716115302205 3.46979960661036
   674 3.99628888212329 1.64672931578819 3.29819011702076
   678 0.70574129208279 3.25747455387623 0.39319089765345
   681 0.48856461338507 0.90714201542908 1.17670462814007
   691 2.50087878749602 2.15020346618700 1.72307233631982
   692 2.93248199873736 2.11874732779211 1.73728789088123
   695 1.04743839795326 1.61607246820097 2.24275849123417
   696 0.59992127683495 1.47770146911552 2.17490919892284
   698 1.75073644597268 2.93492059247052 2.87484107492757
   701 2.09127799909843 1.07635979757844 3.05415642532936
   711 2.80998368114637 3.74409052097497 0.47550683496130
   717 1.91993991768408 1.40334532138175 1.49038244266073
   718 2.10304782295310 1.19020425749480 1.32372535494689
   723 2.18943811352142 2.59817193334434 1.69429874834337
   724 1.61768405239079 2.60363210821170 2.10105861138200
   725 3.09468287958524 2.95276352668730 0.29555280142875
   726 3.59920847759821 2.86334416333019 0.21588314865692
   735 3.84132775585019 3.28812441478382 3.41003943444162
   736 3.60324557978296 3.21033898344993 3.03347714768767
   737 3.96721406622344 1.85815667732849 2.22390645909586
   738 0.26171657465876 1.69490407900393 1.84584110528597
   739 2.04781430222728 0.97100629504946 2.59254924841549
   740 2.21094063466973 1.18290394669328 2.46006256506100
   758 2.34606221087565 0.33699659947636 1.71231067738868
   760 3.48248384843434 2.68629891705788 3.20054115233325
   761 3.87552083305600 2.76491255222247 3.64496458792726
   762 0.36771894552683 2.09271070673131 3.93352669241993
   764 0.30579224890894 2.37311433092714 3.55199164132994
   777 3.45442286631342 0.47933549170987 3.74433147410383
   780 1.96728760664404 1.08437911061221 1.25262395307993
   783 1.87777566542286 0.09874735529995 1.82620755249008
   784 2.04306411897635 0.13492350571687 1.63798547299817
   791 2.06893265868549 3.34646353812783 2.17719767030305
   792 1.65459104274392 2.99061155318937 2.35040228825770
   795 3.80027331521595 3.15633492522580 0.05354819909011
   796 3.96635311814310 3.00400927639647 3.66718693634147
   797 2.03343568396221 1.91709587295017 2.33946097267498
   798 1.63662692256428 2.17648000665420 2.41681821678909
   799 3.67661375672368 3.87206674089022 0.01932895759093
   800 3.40487131562013 3.96413614127806 0.02107986541219
   806 1.06761982141489 3.52136704675882 3.98477983307338
   816 0.71045283764304 2.15608397070517 3.98621414138068
   817 0.65477320666470 2.48340701353914 3.52738079585259
   819 0.31428487558158 2.77846494634655 2.39663899235942
   821 1.46308260444035 3.03889405146808 1.06932074652102
   822 0.74000230991705 3.25790166085716 2.77528561724463
   826 3.27065976791556 0.94695467059775 0.65944849791363
   837 3.06883481673633 0.74651456909902 0.30185423662062
   838 2.65025053783108 1.58872953141223 0.56666696749509
   839 3.16085086703586 1.23179135718844 0.79914658310399
   842 1.26154034152375 0.15421601777730 3.49248292443069
   844 1.10927794541163 0.10381331322789 3.07777383504759
   847 3.96001855773496 2.44040280989362 0.71549777430578
   854 0.56642806971734 3.39676078086147 3.17871951410880
   862 1.91655457005105 3.50478308828203 3.37986574169843
   866 1.74752934926051 1.67859903172797 0.12724383431082
   869 3.88400775560784 0.46492278074313 3.69235782171999
   870 0.03744249388455 0.76912075306580 3.91396700963463
   871 3.98220953337143 3.82526213864933 0.47691499442060
   874 0.83412516749277 3.10144452998785 2.76189443639514
   877 0.01553183750629 0.19405549636861 3.79329721899857
   881 2.48954402114674 1.49726245554133 0.30522692286269
   882 2.92208975610305 0.02087523739939 1.67101496187765
   883 3.07642361590668 0.06637330716241 1.88917630514462
   884 2.08614054569669 1.48188134007602 0.47134858132152
   885 1.91906421656948 1.17767379071618 0.51250071891201
   890 3.34537700770308 1.37963902315493 1.55920067200849
   899 3.39122214991849 1.15728277454512 2.77204765270405
   900 3.17295468332704 1.31819170656958 3.34226445078133
   903 3.06693066564088 0.93035706448666 3.52735391206214
   904 3.35103779022151 0.75636371576679 3.89803516029901
   905 2.59478818175572 2.19860873372002 2.74350727696945
   907 1.02114872496948 1.95184630315135 0.24602809333891
   908 0.87059242597585 1.99511686535536 3.98081021279701
   909 1.90135386920145 3.63993736800738 1.83610299591034
   910 2.13292396919034 3.67227194244929 1.56839292530788
   911 2.75305792253790 1.31098090938729 3.48828575862515
   912 2.54373577897195 1.70546207683566 3.99681040251577
   913 2.36985149672917 1.46896000912782 2.83621206684806
   914 2.23645434080203 1.91058787667594 2.74306098352834
   915 3.46938304102665 1.32002900012482 1.68900035069742
   916 0.09592026976044 1.45994447570852 1.60017168621624
   917 0.13303495876752 3.63964343876490 2.09448688591675
   918 3.97385122802181 3.77327832331007 2.16470048578419
   920 1.29810605001099 0.82671636361099 1.61404057225894
   922 2.79050591932551 0.98928448967890 3.59086563492267
   923 2.68735660524362 0.92846736048458 0.08725535932268
   926 0.26350702690521 3.97549568418132 3.29730629550322
   927 0.09819155665633 0.38488435087386 3.04453798276256
   928 1.55254690198350 1.21356314397375 1.44284892162137
   933 2.41984708145913 0.57825728538298 2.25746817307891
   938 1.96156248324557 2.69809420289436 0.62792883034670
   941 0.92149149900896 3.93502412564304 3.65828270584684
   942 0.72918937616494 3.85817531031186 3.31276446049175
   946 2.43941465361248 1.22304617494973 1.83823690796688
   948 3.13994221965864 1.50036885929765 1.79550548536662
   949 3.39155964559168 3.12650346070916 1.67317338541293
   952 3.52436528491582 1.72448999490903 1.08224606105850
   954 0.04300249678700 3.32783153621313 1.81342905454510
   955 0.25003797836051 2.74869575621030 2.02646801777834
   957 1.01262774639531 0.28302460026599 2.26269636270516
   958 1.19279341218895 0.28734398603274 2.66080164440404
   959 1.42280911116285 3.58242909924800 3.98613582674662
   960 1.67531102815203 3.27968009078418 3.81123235497932
   966 2.46876886112020 1.03174577909095 2.24082429008039
   970 2.78982028762914 0.41216067648732 2.35324157562386
   971 2.75388025016880 0.24202883964733 2.57075318497269
   972 0.14617696808423 0.31692777571309 1.24885920982515
   977 1.59415617539418 0.67170829274224 3.73023658443234
   978 1.31288281085564 0.60176551309052 3.60497904290052
   980 2.22047418232889 0.51646486985647 2.45309636594241
   982 1.34458620839858 0.48411327684318 2.06365103976157
   983 1.55883317012104 0.52048694173032 2.38257687024254
   984 1.99195428481068 0.32978807734230 2.36451383112849
   989 3.96807129940760 0.29383635272424 1.04833474676291
   992 0.59433050078785 3.11948448486762 1.35541371835114
   995 3.26372803799426 3.98999259184005 0.95180568636992
   997 0.37681076572253 0.13147304300517 0.39214495756782
   998 0.39732427217552 0.33211862968006 0.52650243664118
  1000 0.42922916812443 2.51071988073158 0.87566570204054
  1001 0.51221126626117 2.94194997605419 0.90391600473332
  1002 0.39511790374565 0.27086203835116 0.15107274996738
  1003 0.40772860351057 0.42781973211614 0.21193026429105
  1007 2.95150570538451 2.02913442438101 2.80934204645778
  1010 0.39709192523277 3.82527072297206 1.59032379547553
  1011 0.22173617358483 3.45629201243243 1.50486581843074
  1012 3.35511287086145 2.47261637537993 1.33284674149510
  1015 3.88161249722080 3.46123443182693 1.10558221516327
  1016 3.80080162946069 3.91206591966958 0.89523740511389
  1018 3.22615002380794 0.86775715748844 2.38888409938466
  1019 3.19445988278287 2.21170368701419 3.15658740738064
  1020 3.19633575308709 1.64141105085649 3.46799255650418
  1021 3.05445125835065 1.42254042174516 3.34044606322556
  1022 2.88295603690512 1.54028331034402 2.87684784044873
  1023 2.34528776774164 0.31423511677220 2.65353778418643
  1026 0.80177367756191 3.00863813642985 0.71729317782821
  1028 3.88804342618894 2.35039847566373 2.24362855989591
  1030 3.17862378996626 1.31587683084235 2.54525695759836
  1032 3.36900607365711 1.66192639211590 2.22983915395554
  1036 3.99885833485997 2.49377167744016 1.97243628230724
  1037 3.44461650454584 2.69550752782599 1.79018383357498
  1038 3.09378487257245 1.16078444972116 2.35328525489474
  1039 3.26138043249677 1.44520084855068 1.94662079524643
  1040 3.82234476933195 2.18518186839580 1.10168956914221
  1043 1.14158368343674 3.86606855650549 1.82584546929519
  1047 2.85185737940236 3.25738425593535 1.09481514517171
  1048 0.87736437157514 3.79041361959226 1.47240481749206
  1049 0.96401581045136 3.29857415221652 1.32212186433938
  1050 3.31759010381676 3.17901435807964 1.32712647135499
  1051 3.03896550026694 3.36878364343978 1.28961705505342
  1057 1.78067166347546 3.78893889492384 3.04076585745303
  1059 2.11400795525018 0.07824630377922 2.59909461429580
  1060 3.28075432003130 2.85335760096202 1.09016647200594
  1061 2.99639612184709 2.89671310868014 0.93786881376296
  1071 1.40517614368509 2.75544211156047 3.64356708234933
  1073 1.32477291171959 1.90835262370069 3.28029833202674
  1091 0.80041190318677 0.87300223144988 1.10379436204019
  1096 0.83276087614052 0.52674676550940 0.87771661117671
  1097 1.06274248093383 0.85370747797571 0.34719462536985
  1098 1.85661233813340 3.37812670166189 3.11586484448998
  1100 1.43014854504305 2.76292297939854 3.24826459833215
  1101 0.95702856940515 2.72127512332636 3.22274083620971
  1105 1.80488822445581 1.65644164829170 3.41636258067928
  1106 1.74041141401753 1.12990128946082 3.23841915830285
  1109 1.85076247216868 3.83026471691139 3.31618868994299
  1113 0.85340008516812 3.08462144896683 3.88927766320724
  1115 0.94685741766766 2.83731846781135 3.81468040534739
  1120 1.53603667651638 0.04329714877421 3.60481217612266
  1121 1.73966856156293 0.48562535385910 3.78286023741855
  1122 0.63707089093553 3.00374395410661 3.59253313811822
  1123 0.76790346175606 2.79460921676366 3.55009909172066
  1124 0.83904968752137 1.21635466120753 3.23028540879239
  1125 1.19943998907497 0.85969384084863 3.16062934457506
  1127 1.40731747614088 1.07281077739892 3.02248812706742
  1128 1.11071957410644 1.44195833731986 3.04973544179307
  1131 1.58122280025740 2.18490154173387 0.34731791873568
  1133 2.45109331473845 2.55516807985609 3.96806177760161
  1134 2.02906390403546 2.69885838971772 0.14538705900104
  1135 2.18912772646295 1.83730234768054 3.84308482486929
  1136 1.83412817873572 1.66499572411265 0.24230612925469
  1137 2.08281797341106 2.22426453657013 3.77533303336674
  1138 1.78954439575785 2.40956167937542 3.97033423298382
  1140 2.49957341554945 2.95685020756962 2.94364084969685
  1141 2.65852138485640 3.09933333947074 2.52863019334948
  1142 0.76265545289927 1.44045721288627 0.85261371052010
  1143 0.84937287842045 1.51033705999724 0.41075303650350
  1145 2.05439670657527 3.15563552464291 2.89612364600988
  1146 2.22142720443280 3.40100121086666 2.48045013788943
  1147 1.08414956948076 1.20740069379746 0.51982230673221
  1148 0.95396335692262 1.23221778398326 0.89472869452160
  1164 3.21379982221681 2.16829127977964 2.35161744057597
  1166 3.02246727577874 2.36456814055612 2.11623651833584
  1167 3.50753624526661 2.46900796509488 2.36011709424523
  1168 3.25843857352897 2.64463944174454 2.10744488339556
  1169 2.16433069213196 0.35125179603233 0.70989523736039
  1170 2.48236747455989 0.26156402151665 0.48599939751378
  1172 2.32349351472431 0.56017668950346 0.17614307498608
  1173 2.05260676792082 0.63600658852810 0.34710229256275
  1174 0.14590988724573 1.61129574338320 1.30976182652080
  1176 0.36121625882950 1.33225137716611 0.99936765598035
  1177 3.70100990770182 1.76344004103052 1.03336875677705
  1205 3.03142942094829 0.45622633119846 1.02960711719693
  1206 3.19701882758524 0.68435954700040 1.02753915550108
  1212 3.18717254800315 0.29437869061606 1.14891699081962
  1213 3.39642159856191 0.45985447856227 1.18345075188779
  1229 1.01991689568091 2.02094032123947 1.77915264715356
  1238 0.88952923301773 1.88989846437099 1.08621854351929
  1239 1.21657115698558 1.91058460494120 1.37612995487953
  1332 1.66247640819578 2.34964040520207 0.67481285198625
  1333 1.91325532484589 2.21199836794016 1.03745407710427
  1335 1.55031633803710 2.30514735944828 1.20920072435327
  1336 1.51888654292717 2.54344331652146 0.90199705107572
  1337 1.40802268224083 3.43332686417492 1.85451926155578
  1339 1.25730522865055 3.14930204095713 1.53888722813374
  1345 1.29928851016681 3.15736631609785 2.31102219260547
  1346 1.15260531522124 2.78173208444841 2.00481587269393
  1352 2.05580815236980 3.69569695895601 0.77503907620457
  1354 2.12108999992096 3.44067529345109 1.11623650185304
  1355 1.79588264731409 3.47680274114378 0.61451038007132
  1356 1.79444591572153 3.16757310770792 0.90864905084926
  1377 2.26371495236158 0.16309465684489 3.44752724883827
  1378 2.18032173578140 0.43283824222188 3.62584629083525
  1385 2.37409578911595 0.62957645575554 3.35608339777906
  1386 2.44757966126554 0.38590076000925 3.20673668260173
  1395 3.65705065626824 1.81198835596621 0.36512906432464
  1396 3.87795668629871 1.54877173753011 0.21680571771306
  1400 3.62208565911581 1.62901089401318 0.69275963106437
  1401 3.83511930047412 1.38738752227712 0.54200633456636
  1437 0.40007583529087 2.02875971284976 1.42767633111608
  1439 0.42623672121913 2.04369602875221 1.54815834353524
  1440 0.33212368582298 2.15519355514134 1.40030853908485
  1441 0.35900873945976 2.19630135113774 1.56209880103136
  1450 2.44686717175110 3.30817050531471 3.81534008998904
  1451 2.60747102923026 3.55677619169778 3.92960636133321
  1455 2.44720029557800 3.41155694022220 3.57943913558081
  1456 2.57898693673278 3.63036794878762 3.65556472417759
  1458 0.95328420580880 2.06289333347105 0.87304505041581
  1459 1.17367282417153 2.40406002081876 0.63244946964542
  1460 0.80233446012195 2.39466750988541 0.61159767428095
  1461 0.94318020491401 2.55962532434340 0.55597339337951
edges 766
16      2      0
17      0      8
32     16     41
33     41     37
34     37     18
84     58     59
85     59     52
93     59     47
101     76     72
102     72     14
111     72     69
177    115     47
181     59      0
189    115      8
218    143    139
224    134    136
225    136    147
229    140    136
231    143    140
232    149    156
246    152    163
247    163    157
272    171    191
273    191    169
284    185      2
292    177    180
293    180    185
295    171     18
303    174    177
313    199    198
363    220    215
382    230    243
389    241    236
390    236    243
391    231    240
395    231    241
398    235    240
419    254    174
433    260    261
438    264    261
486     16    295
487    295    290
496    295    288
501    292    288
524    260    199
526     58    185
537    310    191
544    195    311
553    311    315
554    315    310
584    264    332
588    163    336
596    339    284
597    311    339
612    354    346
623    347    346
624    354    315
625    343    347
629    243    356
632    147    356
636    343    143
641    365    358
642    358    364
669    139    347
690    376    241
700    214    380
736     41    396
737    396    394
760     11    364
766    403    336
767    399    403
774    157    405
775    405    403
776    119    410
782    406    410
785    408    288
786    406    408
825    410    220
835    365    422
839    425    215
843    425    422
844    396    295
849    406    425
850    394    408
886    169    436
890    439    440
892    230    439
895    241    439
921    413    447
947    171    457
998     36    473
1021    156    481
1042    488    489
1045     36    488
1048     16    488
1049     14    489
1079    500    502
1081    231    500
1083    236    502
1086    198    502
1109    199    510
1112    149    510
1153    191    524
1172     69    529
1194    413    538
1214    544    545
1218     36    545
1220     37    544
1221     41    545
1242    149    553
1243    261    553
1256    557    559
1260    394    559
1261    354    557
1263    399    559
1289    568    569
1290    553    568
1292    332    568
1293    152    569
1294    134    569
1301    300    571
1307     52    573
1308    277    573
1333    581    582
1336    339    581
1337    403    582
1339    354    582
1355    230    587
1410    115    605
1431    545    611
1432    473    611
1476    115    625
1486    629    630
1487    396    629
1490    290    630
1491     98    630
1492    429    630
1507    635    636
1510    569    635
1512    429    636
1513    332    636
1525    343    640
1528    432    640
1540      2    645
1546    647    648
1547     98    647
1549    429    647
1550    413    648
1552    635    648
1553    649    650
1554    136    649
1557    356    650
1558    587    650
1559    380    650
1584      8    658
1586     11    658
1591    660    662
1595    513    662
1602    394    663
1605    399    663
1612    346    667
1614    582    667
1615    668    669
1617    519    668
1618    291    668
1619    636    669
1621    290    669
1631    673    674
1634    422    673
1635    405    674
1636    663    674
1637    425    674
1648    513    678
1649    605    678
1658    544    681
1660     11    681
1691    691    692
1692    481    691
1693    436    691
1694    231    691
1697    376    692
1705    695    696
1706    310    695
1707    557    695
1708    171    695
1710    559    696
1711     37    696
1716    139    698
1718    529    698
1729    432    701
1760    571    711
1761    538    711
1762    460    711
1779    717    718
1780    524    717
1781    436    717
1782    240    717
1784    174    718
1785    235    718
1800    723    724
1801    481    723
1802    510    723
1803    500    723
1806    195    724
1807    725    726
1808    356    725
1809    538    725
1811    380    726
1813    660    726
1839    735    736
1841    447    735
1842    291    735
1843    152    736
1844    635    736
1845    668    736
1846    737    738
1847    399    737
1850    696    738
1853    739    740
1855    701    739
1856    457    739
1859    169    740
1920    177    758
1922    760    761
1923    152    760
1924    649    760
1925    157    760
1927    380    761
1930    762    764
1932    214    762
1934    761    764
1935    215    762
1937    405    764
1980     98    777
1988    180    780
1989    718    780
1998    783    784
2001    645    783
2002    758    784
2004    185    784
2023    791    792
2024    510    791
2027    724    792
2028    698    792
2037    795    796
2038    726    795
2039    513    795
2040    447    795
2041    761    796
2043    735    796
2044    797    798
2045    169    797
2046    481    797
2048    315    798
2049    724    798
2050    347    798
2051    799    800
2054    447    799
2055    571    800
2056    777    800
2057    413    800
2077    605    806
2106    816    817
2108    762    816
2110    667    817
2111    764    817
2117    581    819
2118    519    819
2119    336    819
2126    625    821
2130    519    822
2133     72    822
2142    358    826
2173    826    837
2176    300    837
2177    838    839
2178    439    838
2180    235    838
2181    440    839
2182    826    839
2183    254    839
2192    842    844
2196     76    844
2199    292    844
2208    660    847
2210    214    847
2232    822    854
2233    291    854
2270    277    866
2278    869    870
2281    406    870
2283    777    869
2284    365    870
2286    513    871
2287    799    871
2296    581    874
2297    822    874
2298     69    874
2307    799    877
2308    869    877
2318    838    881
2322    882    883
2324    758    882
2325    260    882
2326    473    883
2328    264    883
2329    884    885
2331    881    884
2332    235    884
2333    277    885
2335    780    885
2352    254    890
2377    899    900
2378    663    899
2380    629    899
2381    673    900
2391    903    904
2392     98    903
2394    900    903
2395    777    904
2396    837    904
2397    365    904
2399    140    905
2401    156    905
2405    907    908
2407    866    907
2409    220    908
2411    816    908
2412    909    910
2413    791    909
2414    783    909
2416    199    910
2417    784    910
2419    911    912
2420    432    911
2424    881    912
2425    230    912
2426    913    914
2427    432    913
2429    740    913
2430    343    914
2431    905    914
2432    797    914
2433    915    916
2434    611    915
2435    890    915
2437    544    916
2439    738    916
2440    917    918
2442    519    917
2443    489    917
2444    264    918
2445    669    918
2446    488    918
2451     18    920
2454      2    920
2456    922    923
2458    911    922
2459    903    922
2461    881    923
2462    837    923
2470    926    927
2472    877    926
2473    291    926
2474    288    927
2475    869    927
2476    290    927
2478    780    928
2479    920    928
2480    524    928
2495    758    933
2513    502    938
2521    941    942
2523    842    941
2524    806    941
2525    926    942
2526    844    942
2527    854    942
2538    946    948
2540    174    946
2542    890    948
2543    436    946
2545    692    948
2549    261    949
2556    890    952
2557    440    952
2558    376    952
2562    954    955
2564    949    954
2565    917    954
2566    284    955
2568    819    955
2571    957    958
2573     14    957
2574     76    958
2576     16    957
2577    292    958
2578    959    960
2579    806    959
2580     47    959
2583     61    960
2584    862    960
2602    740    966
2603    946    966
2604    933    966
2615    970    971
2617    933    970
2618    883    970
2619    429    971
2621    332    971
2625     36    972
2628     11    972
2638    977    978
2641    573    977
2642    842    978
2644    119    978
2649    739    980
2652    933    980
2654    982    983
2655     18    982
2656    957    982
2657    645    982
2658    457    983
2659    958    983
2662    783    984
2663    980    984
2664    983    984
2679    364    989
2680    972    989
2690    284    992
2696    571    995
2702    997    998
2704    605    997
2705    658    998
2707    871    997
2708    364    998
2711   1000   1001
2714    992   1001
2716    847   1000
2717    662   1001
2718   1002   1003
2719    877   1002
2720    997   1002
2721    941   1002
2722    870   1003
2723    998   1003
2724    119   1003
2740    905   1007
2743   1010   1011
2744    489   1010
2746    972   1010
2747    954   1011
2748    992   1011
2756    376   1012
2759   1015   1016
2760   1011   1015
2762    662   1015
2763    989   1016
2764    995   1016
2765    871   1016
2770    629   1018
2771    970   1018
2772    611   1018
2773   1019   1020
2774    649   1019
2775   1007   1019
2776    157   1019
2777    587   1020
2779    673   1020
2780   1021   1022
2781    911   1021
2782   1020   1021
2783    900   1021
2784    913   1022
2785   1007   1022
2788    980   1023
2790    971   1023
2798    678   1026
2799   1001   1026
2800    625   1026
2805    737   1028
2808    336   1028
2811   1030   1032
2813    899   1030
2815    737   1032
2816   1022   1030
2828   1036   1037
2829    955   1036
2830   1028   1036
2832    949   1037
2834   1012   1037
2835   1038   1039
2836    966   1038
2837   1030   1038
2838   1018   1038
2839    948   1039
2840   1032   1039
2841    915   1039
2843    847   1040
2845   1012   1040
2853    645   1043
2856     14   1043
2863    198   1047
2866    711   1047
2867   1048   1049
2868   1010   1048
2869   1043   1048
2870      8   1048
2871    992   1049
2873    625   1049
2874   1050   1051
2875   1015   1050
2877    949   1050
2878    995   1051
2879   1047   1051
2880    260   1051
2898   1057   1059
2900     76   1057
2902    984   1059
2905   1023   1059
2906   1060   1061
2907    660   1060
2908   1050   1060
2909   1012   1060
2910    725   1061
2911   1047   1061
2912    236   1061
2942    960   1071
2950    346   1073
2953    908   1073
3006    681   1091
3007    920   1091
3020   1096   1097
3021      0   1096
3022   1091   1096
3023    658   1096
3024    573   1097
3026    119   1097
3028    862   1098
3029   1057   1098
3030    529   1098
3034   1100   1101
3035    139   1100
3036   1071   1100
3037    529   1100
3038    667   1101
3040    874   1101
3050   1105   1106
3051    866   1105
3052   1073   1105
3053    640   1105
3054    977   1106
3056    701   1106
3067    862   1109
3070   1057   1109
3077    678   1113
3080    806   1113
3083   1071   1115
3084   1113   1115
3098   1120   1121
3099    842   1120
3100   1109   1120
3101    959   1120
3102    977   1121
3104     52   1121
3105   1122   1123
3106    854   1122
3107    796   1122
3108   1113   1122
3109   1101   1123
3110    817   1123
3111   1115   1123
3112   1124   1125
3115    410   1124
3116    978   1125
3118    408   1124
3119    292   1125
3121   1127   1128
3122    457   1127
3123   1125   1127
3124   1106   1127
3125    557   1128
3126   1124   1128
3127   1073   1128
3139   1133   1134
3141    147   1133
3142     61   1134
3144    243   1133
3145    938   1134
3146   1135   1136
3147    912   1135
3149    640   1135
3150    884   1136
3151   1131   1136
3152    866   1136
3153   1137   1138
3154   1135   1137
3155   1133   1137
3156    143   1137
3157   1131   1138
3158   1134   1138
3159   1071   1138
3162   1140   1141
3164    140   1140
3165    149   1141
3167    134   1140
3168    568   1141
3169   1142   1143
3173    907   1143
3176    220   1143
3178   1145   1146
3179   1098   1145
3180   1140   1145
3181    698   1145
3182   1059   1146
3183   1141   1146
3184    791   1146
3185   1147   1148
3186   1097   1147
3187   1143   1147
3188    277   1147
3189   1091   1148
3190   1142   1148
3191    928   1148
3241   1164   1166
3243   1007   1164
3245    156   1166
3246   1032   1164
3248    692   1166
3249   1167   1168
3250   1028   1167
3251   1164   1167
3252    163   1167
3253   1037   1168
3254   1166   1168
3255    553   1168
3256   1169   1170
3259     58   1169
3260    460   1170
3262    180   1169
3263    300   1170
3265   1172   1173
3266    923   1172
3267   1170   1172
3269    885   1173
3270   1169   1173
3271     52   1173
3273   1174   1176
3275    916   1174
3277    681   1176
3280   1142   1176
3282   1040   1177
3283   1174   1177
3284    952   1177
3370   1205   1206
3372    177   1205
3373    254   1206
3375    300   1205
3376    826   1206
3393   1212   1213
3394    882   1212
3395    995   1212
3396   1205   1212
3397    473   1213
3398    989   1213
3399   1206   1213
3446    311   1229
3449    310   1229
3475   1238   1239
3476   1142   1238
3479    524   1239
3480   1229   1239
3777   1332   1333
3780    938   1332
3781    500   1333
3783   1131   1332
3784    240   1333
3786   1335   1336
3787   1239   1335
3788   1333   1335
3789    195   1335
3791   1332   1336
3792    821   1336
3794   1337   1339
3796    909   1337
3798    821   1339
3799   1043   1337
3801   1049   1339
3818   1345   1346
3819   1337   1345
3820     69   1345
3821    792   1345
3822   1339   1346
3823    339   1346
3824    195   1346
3842   1352   1354
3844    460   1352
3846    198   1354
3847     58   1352
3849    910   1354
3850   1355   1356
3851     47   1355
3852   1352   1355
3853     61   1355
3854    821   1356
3855   1354   1356
3856    938   1356
3921   1377   1378
3925   1172   1378
3927   1109   1377
3928   1121   1378
3946   1385   1386
3947    922   1385
3948   1378   1385
3949    701   1385
3950    647   1386
3951   1377   1386
3952   1023   1386
3978   1395   1396
3980    587   1395
3981    214   1395
3983    422   1396
3984    215   1396
3994   1400   1401
3995   1395   1400
3996    440   1400
3997   1177   1400
3998   1396   1401
3999    358   1401
4000   1176   1401
4114   1437   1439
4116   1238   1437
4118   1229   1439
4119   1174   1437
4121    738   1439
4122   1440   1441
4123   1040   1440
4124   1437   1440
4125   1000   1440
4126   1036   1441
4127   1439   1441
4128    284   1441
4154   1450   1451
4155    147   1450
4157     61   1450
4158    538   1451
4160    460   1451
4170   1455   1456
4171    862   1455
4172    134   1455
4173   1450   1455
4174   1377   1456
4175    648   1456
4176   1451   1456
4179   1458   1459
4181    907   1458
4182   1131   1459
4184   1238   1458
4185   1336   1459
4186   1460   1461
4187   1000   1460
4188   1458   1460
4189    816   1460
4190   1026   1461
4191   1459   1461
4192   1115   1461
polygons 447
0   1540   2451   2454   2655   2657
3     16     17   1540   2853   2869   2870
4     16   2454   3007   3021   3022
5   2573   2656   2657   2853   2856
7     32     33     34   2576   2655   2656
10   1584   1586   2628   2746   2868   2870
11     17   1584   3021   3023
13   1586   1660   3006   3022   3023
15   1214   1218   1658   1660   2625   2628
16   1049   2744   2856   2868   2869
17   1042   1048   1049   2573   2576
18     32   1045   1048   1218   1221
19     34   1220   1658   2451   3006   3007
21   1042   1045   2625   2744   2746
22     33   1214   1220   1221
23   3844   3852   3853   4154   4157   4160
27   3260   3267   3921   3925   4160   4174   4176
28     84     85   3259   3270   3271
29   3256   3259   3260   3844   3847
30   3104   3265   3271   3925   3928
31   2578   2584   3067   3100   3101
32     85     93   2580   3098   3101   3104
33     93     84   3847   3851   3852
34   2578   2580   2583   3851   3853
36   2583   2584   4157   4171   4173
37   2574   2659   2664   2898   2900   2902
38    101    102   2571   2573   2574
39   2001   2414   2853   3796   3799
40   2023   2413   3796   3819   3821
42    102    111   2856   3799   3819   3820
43   2413   2414   2662   2902   3182   3184
44   1172   1718   2028   3820   3821
45    111    101   1172   2900   3029   3030
47   1486   1492   2615   2619   2770   2771
48   2380   2770   2813   2837   2838
49   1491   1492   1547   1549
51   2394   2458   2459   2781   2783
54   1547   2392   2459   3946   3947   3950
56   1729   2420   2458   3947   3949
57   1549   2619   2790   3950   3952
58   1853   2602   2604   2649   2652
60   2420   2427   2780   2781   2784
61   1729   1853   1855   2427   2429
62   2429   2602   2784   2816   2836   2837
63   1486   1491   2377   2380   2392   2394
67    177   1410   2077   2579   2580
68   1307   2641   3102   3104
69     85    181   1307   3020   3021   3024
70   2638   2641   2644   3024   3026
71    177    189     17    181     93
73    189   1410   1584   2702   2704   2705
75   2638   2642   3098   3099   3102
76   2523   2524   2579   3099   3101
77   2523   2642   2644   2718   2721   2724
78   2705   2723   2724   3020   3023   3026
81   2077   2524   2704   2720   2721
82   2583   2942   3142   3158   3159
83   1716   1718   3035   3037
84    218   3035   3036   3153   3156   3159
85   3139   3141   3142   4155   4157
86   2584   2942   3028   3030   3036   3037
87    224    225   4155   4172   4173
88    229    224   3164   3167
89   3028   3167   3179   3180   4171   4172
90    218    231   1716   3164   3180   3181
91    229    231    225   3141   3155   3156
92    232   1242   3245   3254   3255
93    232   2399   2401   3162   3164   3165
94   1242   1290   3165   3168
95    246    247   1923   1925
96    224   1293   1294   1554   1923   1924
97   1924   1925   2774   2776
100   1289   1294   3162   3167   3168
101    246   1289   1290   1293   3249   3252   3255
102   2401   2740   3241   3243   3245
103    247   2775   2776   3243   3251   3252
104    229   1554   2399   2740   2774   2775
107   1856   2649   2658   2663   2664
108    272    273    947   1853   1856   1859
109    273    886   1153   1780   1781
110    886   1859   2543   2602   2603
111    284   1540   1998   2001   2004
112    292    293   1920   2002   2004
114    295    272   1153   2451   2479   2480
115    295    947   2654   2655   2658
119    303   1920   2495   2540   2603   2604
121   1779   1780   1989   2478   2480
122    292    303   1784   1988   1989
123   1779   1781   1784   2540   2543
124    284    293   1988   2454   2478   2479
125   1998   2002   2495   2652   2662   2663
126    313   1079   1086   1109   1802   1803
127   1800   1803   1806   3781   3788   3789
128   1086   2513   3846   3855   3856
129   1109   2024   2412   2413   2416
130   1806   2027   3818   3821   3824
131   2412   3794   3796   3798   3849   3854   3855
133   3786   3789   3792   3798   3822   3824
134    313   2416   3846   3849
135   1932   2108   2210   2716   4187   4189
136   2210   2843   3282   3981   3995   3997
139   3273   3280   3476   4116   4119
141   2405   2411   4181   4188   4189
143   3169   3173   3476   4181   4184
145    363   3169   3176   3280   3984   3998   4000
146   2405   2409   3173   3176
148   1932   1935   3978   3981   3984
149    363   1935   2108   2409   2411
150   4116   4124   4125   4184   4187   4188
151   2578   2579   2942   3080   3083   3084
152   1172   2298   3034   3037   3040
154   3028   3029   3067   3070
155   2192   2196   2900   3070   3099   3100
156    101   2133   2196   2232   2526   2527
159    111   2133   2297   2298
160    892   2178   2318   2424   2425
161    382   2425   3144   3147   3154   3155
162    389    390    382    892    895
163    391   1081   3781   3784
164    395    398    391    895   2178   2180
165    389    395   1079   1081   1083
166    390   1083   2513   3139   3144   3145
167   2331   2424   3146   3147   3150
169    398   2332   3150   3151   3777   3783   3784
171   2180   2318   2331   2332
173   1432   2352   2434   2435   3373   3397   3399
174   1920   2324   3372   3394   3396
176    419    303   3370   3372   3373
178    419   2352   2538   2540   2542
179   2435   2542   2839   2841
180   1432   2326   2618   2771   2772
181   2434   2772   2835   2838   2841
182   2325   2878   2880   3394   3395
183    433   2549   2874   2877   2880
184    438    433   2322   2325   2328
185    438   2440   2444   2549   2564   2565
186   2443   2565   2743   2744   2747
187   2564   2747   2760   2875   2877
188    998   2625   2680   3397   3398
191    998   1045   2326   2328   2444   2446
192   1528   1729   3050   3053   3056
193   2270   2329   2333   3150   3152
194   2456   3266   3925   3947   3948
195   1307   1308   2333   3269   3271
199   1308   2270   2641   3050   3051   3054
200   3054   3056   3102   3928   3948   3949
201   2714   2717   2748   2760   2762
202   2690   2711   2714   4122   4125   4128
203   2832   2834   2877   2908   2909
204   2208   2843   2845   2907   2909
205   2566   2829   4126   4128
207   2562   2566   2690   2747   2748
210   2196   2199   2574   2577
211    486    487   1048   1621   2445   2446
212    102   1049   2130   2133   2442   2443
213   1617   1618   2130   2232   2233
214   1615   1618   1621   2470   2473   2476
215    487    496   2474   2476
216   2233   2473   2525   2527
217    501    496    486   2571   2576   2577
219    501   2199   2470   2474   2525   2526
223   1301   2696   3375   3395   3396
224   1760   2696   2866   2878   2879
226   1301   1760   1762   3260   3263
227    292   3256   3262   3263   3372   3375
228   1762   2863   2866   3842   3844   3846
230    524   2002   2324   2325   2416   2417
231    313    524   2863   2879   2880
234    526   2004   2417   3842   3847   3849
235    293    526   3259   3262
240    537   1153   3449   3479   3480
241   1780   1782   3479   3784   3787   3788
243    544   3446   3480   3787   3789
244   1081   1692   1694   1801   1803
246    391   1693   1694   1781   1782
248    553    554   3446   3449
249    554    273    537   2044   2045   2048
250    544    553   1806   2048   2049
251    886   1692   1693   2045   2046
253   2039   2040   2054   2286   2287
254   1841   1842   2054   2307   2472   2473
255   1842   2043   2233   3106   3107
257   2472   2521   2525   2719   2721
258   1648   1649   2286   2704   2707
261   1293   1510   1843   1844
262   1289   1292   1507   1510   1513
263    438    584   1243   1290   1292
264    584   1513   1619   2444   2445
265    588   2808   3250   3252
266   1243   2549   2832   3253   3255
267   2119   2568   2808   2829   2830
268    588    246   1617   1843   1845   2118   2119
269   1507   1615   1619   1844   1845
270   2126   2873   3798   3801
271   2714   2799   2800   2871   2873
272    596   2690   2871   3801   3822   3823
273    544    597   3823   3824
274    596    597   3446   4118   4127   4128
275   1525   1528   2426   2427   2430
276    537    272   1706   1708
277   1859   2045   2426   2429   2432
279    612   1261   2950   3125   3127
280    947   1707   1708   3121   3122   3125
281   1855   1856   3056   3122   3124
284    623    612    624   2048   2050
285    625   2044   2050   2430   2432
286    623    625   1525   2950   3052   3053
287    624    554   1261   1706   1707
289   1355   2419   2425   2777   2781   2782
290    382    629   1355   1557   1558
291    632    629   3141   3144
294    636   1525   3149   3154   3156
295    231    636   2399   2430   2431
296    632    225   1553   1554   1557
297    641   2142   2173   2396   2397
298    642   2142   2679   3376   3398   3399
299    641    642   2284   2708   2722   2723
300   2679   2702   2707   2708   2763   2765
301   1301   2055   2056   2176   2395   2396
302   2051   2055   2287   2696   2764   2765
303   2173   2176   3370   3375   3376
304   2278   2283   2284   2395   2397
305   2270   2407   3173   3187   3188
306   2333   2335   2478   3185   3188   3191
307   3783   3791   4182   4185
309   1785   1989   2329   2332   2335
310   2480   3190   3191   3475   3476   3479
311   2407   3151   3152   4179   4181   4182
313    398   1779   1782   1785
314   1021   2046   2401   2431   2432
315    669   1716   2027   2028   2049   2050
316   1112   2024   3165   3183   3184
319    232   1021   1112   1801   1802
320    669    218    636    625
322   3142   3145   3850   3853   3856
323   1083   1086   2863   2911   2912
326   1761   1762   4158   4160
327   1761   1809   2866   2910   2911
328    629    390   1808   2910   2912
329    632   1808   1809   4154   4155   4158
331   1292   2621   2790   2905   3168   3182   3183
332   1512   1513   2619   2621
333   1294   1510   1552   4170   4172   4175
334    690    389   2756   2906   2909   2912
335   1557   1559   1807   1808   1811
336   1807   1813   2906   2907   2910
338    890    892   1355   3980   3995   3996
339    700   1558   1559   3980   3981
341   2558   2756   2845   3282   3284
342    690    890    895   2557   2558
343    700   1811   1813   2208   2210
345   2557   3284   3996   3997
348   1846   2433   2439   2815   2840   2841
349   2545   2839   2840   3241   3246   3248
350   2805   2815   3246   3250   3251
351   1697   2756   2834   3248   3253   3254
352   2439   3275   4114   4119   4121
353   1697   2542   2545   2556   2558
354   1846   2805   2830   4121   4126   4127
355    433    524   1109   1112   1242   1243
358    584   2328   2615   2618   2621
360   1263   1710   1846   1847   1850
361   1220   1711   1850   2437   2439
362   1260   1263   1602   1605
363     33    736    737   1260   1710   1711
364    736   1221   1431   1487   2770   2772
365    737   1487   1602   2378   2380
369   1605   1847   2378   2811   2813   2815
372   1410   1476   1649   2798   2800
373   3083   3157   3159   4182   4191   4192
376    177   1476   2126   3850   3851   3854
378    189   1476   2867   2870   2873
380   1595   2286   2759   2762   2765
382    760   1586   2705   2708
384   1595   1648   2717   2798   2799
386    760   2628   2679   2680
387    597    553    624   1333   1336   1339
388    596   1336   2117   2566   2568
389    766   1333   1337   2117   2119
390    767   1256   1261   1263   1337   1339
391    766    767   1847   2805   2808
393   1705   1706   1850   3449   4118   4121
395   2785   2811   2816   3243   3246
397   2381   2779   2782   2783
398    774   1631   1635   2773   2776   2779
399    775    767   1605   1635   1636
400    774    247    588    766    775
401    776   2644   3112   3115   3116
402    782    776   2281   2722   2724
403   2192   2199   2642   3116   3119
404    785    501   3112   3118   3119
405    782    786   3115   3118
406    786    785   2278   2281   2474   2475
407   2308   2470   2472   2475
408   1194   1760   1761   2055   2057
409   1194   1550   4158   4175   4176
411   1546   1547   1550   1980   2056   2057
412   2176   2462   3263   3266   3267
414   1980   2391   2392   2395
417   1612   2106   2110   2411   2950   2953
418    623    669   1612   3034   3035   3038
420   1591   1595   1813   2038   2039
422    921   2051   2054   2057
423    921   1194   1807   1809   2038   2040
424   1934   2041   2111   3105   3107   3110
425    774   1922   1925   1934   1937
426   1839   1843   1922   1923   2041   2043
427   1333   1614   2296   3038   3040
428   2117   2118   2130   2296   2297
429   1618   1839   1842   1845
430    775   1337   1614   1937   2110   2111
432   2638   3054   3116   3123   3124
434   2577   2658   2659   3119   3122   3123
436   1553   1559   1922   1924   1927
437   1811   1927   2037   2038   2041
439    921   1550   1552   1839   1841   1844
440   1490   1492   1512   1619   1621
441   1490   1491   1980   2283   2475   2476
444   1336   2296   2298   3818   3820   3823
445   1988   2335   3262   3269   3270
446   1308   3024   3186   3188
447    284    526     84    181     16
449    776    825   3026   3176   3186   3187
450    825   2409   2953   3115   3126   3127
454   2173   2177   2182   2318   2461   2462
456   1634   2777   2779   3978   3980   3983
458    835   1634   2381   2391   2394   2397
460   2142   2181   2182   3994   3996   3999
461    641    835   3983   3998   3999
462    839   1635   1637   1930   1935   1937
463    700   1927   1930   1932   1934
466    839    843   3983   3984
467    843   1631   1634   1637
468    844    487   1486   1487   1490
469     32    486    844    736
470    998   1218   1431   1432
473   2181   2183   2352   2556   2557
474    419   1784   1785   2177   2180   2183
475    395    690   1691   1694   1697
477   1021   1691   1692   3245   3248
478   2182   2183   3373   3376
479    786    849    850   1602   1636   1637
480    850    737    844    496    785
481    835    843    849   2281   2284
482    760    642   1660   3277   3999   4000
483   3006   3189   3190   3277   3280
484    363    839    849    782    825
485    850   1256   1260   3118   3125   3126
486     34    295   1705   1708   1711
488   1658   2437   3273   3275   3277
489    612   1339   1612   1614
491   1507   1512   1546   1549   1552
492   1528   2419   2420   3147   3149
493   1691   1693   2538   2543   2545
494    890   2177   2178   2181
495   2118   2442   2562   2565   2568
496   1591   2762   2875   2907   2908
497   1841   2037   2040   2043
501   1546   3950   3951   4174   4175
503   2322   2326   3393   3394   3397
506   1800   1801   2044   2046   2049
508   1042   2440   2443   2446
510   2798   3077   3084   4190   4192
511   2110   3038   3109   3110
512   1079   2513   3777   3780   3781
515   1800   1802   2023   2024   2027
516   1648   2037   2039   3077   3107   3108
518   1615   1617   2440   2442   2445
521   1718   3030   3179   3181
523   2001   2654   2657   2662   2664
524   1214   1431   2433   2434   2437
525   2287   2307   2707   2719   2720
527   1256   1705   1707   1710
531   1553   1558   2773   2774   2777
533   1855   2649   2788   3946   3949   3952
536   1649   2077   3077   3080
539   2126   2800   3792   4185   4190   4191
541   3051   3053   3146   3149   3152
542   2023   2028   3178   3181   3184
544   1591   2208   2711   2716   2717
545   1631   1636   2377   2378   2381
547   2051   2056   2283   2307   2308
548   2716   2843   4123   4125
552   2106   3110   3111   4186   4189   4192
553   3780   3791   3792   3854   3856
554   2329   2331   2461   3265   3266   3269
555   2322   2324   2495   2617   2618
556   1930   2106   2108   2111
558   1998   2412   2414   2417
559   3067   3927   4170   4171   4174
562   2521   2524   2527   3080   3106   3108
564   2232   2297   3040   3105   3106   3109
565   2405   2407   2953   3051   3052
566   3145   3157   3158   3780   3783
567   2391   2396   2456   2459   2462
568   2192   2521   2523   2526
571   2426   2431   2740   2784   2785
572   2278   2308   2718   2719   2722
573   2419   2424   2456   2458   2461
574   2377   2780   2783   2813   2816
575   2433   2435   2556   3275   3283   3284
576   2604   2617   2771   2836   2838
577   2479   3007   3189   3191
578   2615   2617   2652   2788   2790
580   2538   2603   2835   2836   2839
581   2562   2564   2828   2829   2832
582   2571   2654   2656   2659
583   2763   2764   3393   3395   3398
584   2680   2743   2746   2759   2760   2763
585   2663   2788   2902   2905
586   2743   2748   2867   2868   2871
587   2759   2764   2874   2875   2878
588   2702   2718   2720   2723
589   2711   2799   4186   4187   4190
590   2898   2905   3070   3927   3951   3952
591   2773   2775   2780   2782   2785
592   2828   2834   2845   4122   4123   4126
593   2828   2830   3249   3250   3253
594   2811   2835   2837   2840
595   3282   3283   4119   4123   4124
596   2867   2869   3794   3799   3801
597   2874   2879   2906   2908   2911
599   2898   3029   3178   3179   3182
600   3020   3022   3185   3186   3189
602   3034   3036   3083   3109   3111
603   3050   3052   3121   3124   3127
609   3098   3100   3921   3927   3928
610   3084   3105   3108   3111
612   3112   3121   3123   3126
613   3146   3151   3153   3154   3157
614   3139   3153   3155   3158
615   3162   3178   3180   3183
616   3169   3185   3187   3190
620   3241   3249   3251   3254
621   3256   3265   3267   3270
622   3273   3283   3994   3997   4000
628   3370   3393   3396   3399
630   3475   3786   3787   4179   4184   4185
631   3475   3480   4114   4116   4118
652   3777   3786   3788   3791
653   3794   3818   3819   3822
656   3842   3850   3852   3855
661   3921   3946   3948   3951
663   3978   3994   3995   3998
671   4114   4122   4124   4127
673   4154   4170   4173   4176
674   4179   4186   4188   4191
cells 64
0      0      3      4      5      7     10     11     13     15     16     17     18     19     21     22
1     23     27     28     29     30     31     32     33     34     36    559    609    621    673
2     37      5     38     39     40     42     43     44     45    521    523    542    582    599
3     47     48     49     51     54     56     57     58     60     61     62     63    533    574    576    578
4     32     67     68     69     70     11     71     73     75     76     77     78     81    588
5     82     83     84     85     86     36     87     88     89     90     91    521    614
6     92     93     94     95     96     97     88    100    101    102    103    104    620
7    107    108     58    109    110    111    112    114    115    119    121    122    123    124      0    125    523
8    126    127    128    129    130    131     40    133    134    512    515    553    652    653
9    135    136    139    141    143    145    146    148    149    150    548    595    622    663
10    151    152     86     45    154     76    155    156     31    159    562    564    568    602    610
11    160    161    162    163    164    165    166    167    169    171    512    566    613    614
12    173    174    176    178    179    119    180    181    503    555    576    580    628
13    182    183    184    185     21    186    187    188    191    503    508    583    584    587
14    167    192    193    194     56    195     30    199    200     68    492    541    554    573
15    201    202    203    204    205    187    207    496    544    548    581    592
16     17    210     38    211    212    213    214    215    156    216    217    219    508    518
17    182    223    174    224    226    227     29    228    230    231    112    134    234    235
18    240    241    163    243    127    244    246    109    248    249    250    251    506
19    253    254    255    216    257    258     81    497    516    525    536    562
20    261    262    263    264    185    265    266    267    268    269    101    495    518    581    593
21    270    271    243    272    202    133    273    150    274    539    589    630    631    671    674
22    275     61    276    249    108    277    279    280    281    284    285    286    192    287    603
23    289    104    290    291    275    294     91    295    296    161     60    492    531    571    591
24    297    298    299    223    300    301    302    303    304    525    547    572    583    588    628
25    121    241    305    169    193    306    307    143    309    310    311    313    616    630    652
26    314    285    315    316     93    319    320    295     90    506    515    542    615
27     85    322     23    228    128    323    326    327    328    329    166    291    656
28    331    154     57    332    333    100     89    262    491    501    559    590    599    615
29    162    334    328    290    335    336    338    339    341    342    343    204    136    345
30    348    349    350    351    179    352    353    341    354    575    592    593    595    620    671
31    129    355    125    331    230    184     43    316     94    358    263    555    558    578    585
32    360    361    362    363    364    365    348     48     22    369    181    524    594
33    322     82    372    307    373    376     34     67    151    510    536    539    553    566
34    372     73    378    380    271     10    258    382    384    201    386    300    584    586
35    387    388    389    390    391    360    267    393    274    205    354    287    248    527
36    395    103    391    369    265    350    397    398    399    400    545    574    591
37     77    401    402    403    404    405    406    257    219    407    568    572
38    408    326    409    411    412    226    414    194     27     54    301    501    567    661
39    311    417    286    373    418    141    294     84    320    511    541    552    565    602    613    674
40    224    336    380    253    302    408    420    422    423    327    496    587    597
41    424    425    426     95    427    428    213    255    429    430    389    400    268    511    564
42    155     37    432    210     75    403    107    200    281    434    533    585    590    609    661
43    436    437    335    439    261    426    423    333    409    296     87     96    329    497    673
44    429    439    269    440    422    254    411    441    214     49    407    491    547
45    428    212    388    272    444    159     42    207     16    186    495    586    596    653
46    445    195     28     69    446      4    235    124    447    306    577    600
47    401    432    199    305    446     70    449    450    146    565    603    612
48    454     51    297    289    160    456    397    458    338    460    461    494    567    573    663
49    456    398    462    148    463    339    425     97    436    466    467    531
50    468    440    211    191    358    364     47     18    469    264    470    332    180
51    353    178    473    474    246    475    123    164    342    313    493    494
52    351    334    266    355    475    231    323    126     92    244    203    183    319    477    165    597
53    445    227    122    474    309    412    171    454    478    303    176    554    621
54    270      3    378    447     71    376     33    111     39    131    234    558    596    656
55    424    384    135    437    420    343    463    510    516    544    552    556    589    610
56    441    406    479    480    468    215    365    414    304    458     63    481    467    545
57    482    483    466    299    382    449     13    402     78    461    145    484    481    600    616
58      7    280    434    363    480    485    404    469    217    486    115    527    582    612
59    477    314    102    277     62    251    349    395    110    493    571    580    594
60    139    483    393    488    352    361    276    240    114    486     19    310    577    631
61     15    482    478    473    460    488    345    470    173    298    188    386    524    575    622
62    387    489    427    130     44    418    315     83    444    273    284    152    250
63    149    484    450    390    489    279    362    485    417    479    405    462    430    399    556
