Energy 51.4301762444319
Volume 0.165504417562841
Interface 51.264671826869
cell 10
284     -1.38839810594552e-08 6.5246856632839e-08 -1.00636120048403e-07
285     1.48318051720539e-08 5.0990272500856e-08 -6.61206142563847e-08
289     2.15361301448419e-08 3.96512976293985e-08 -8.07525125622044e-08
2704    3.17668961882095e-09 3.17080916870105e-08 -4.82801590347484e-08
2821    -1.98401872300927e-08 4.33292314328329e-08 -8.20900235808109e-08
3543    7.95318242444165e-08 -6.41740775103594e-10 -4.07070241456435e-08
3606    -5.26166051874333e-09 5.5357534126544e-08 -9.5944139296561e-08
4106    1.14216196679326e-07 4.55731362968351e-08 -3.75290744277553e-08
4197    3.42721712467964e-09 2.01898485494142e-08 -7.54953997357619e-08
4354    -3.53719560386781e-08 3.34022850252561e-08 -1.31974076441471e-07
4355    -6.91070218550305e-08 7.75829486765467e-08 -1.38588577520277e-07
4546    -1.32704932489895e-08 2.22929922577553e-08 -7.12317188601708e-08
4767    1.7631040064546e-08 1.1772145289829e-08 -6.07247361145147e-08
4791    -3.26308616238613e-09 1.67921829561171e-07 -7.42706033497048e-08
4792    1.72608368677806e-08 4.67224096905184e-08 -9.68024340252532e-08
4933    1.50564679578247e-08 4.73863640136803e-08 -5.42419634152157e-08
4943    3.29858091292767e-08 8.01426867404198e-09 -8.05588698778517e-08
5084    -2.56137659936095e-08 6.60692196104672e-08 -1.26490190599515e-07
5085    -1.25868955154484e-08 4.28824082389367e-08 -1.30034678545721e-07
5148    4.15261539269546e-08 3.58293658006548e-08 -7.74450449178218e-08
5149    5.82853093840201e-08 2.63182042978477e-08 -6.5219963797658e-08
5155    6.98440419033206e-08 7.74265861980261e-08 -3.52021619865958e-08
5182    5.00718514775955e-08 1.19985768716468e-08 -4.3676284297578e-08
5183    6.4177798316141e-08 2.06454599683409e-08 -5.21262032227368e-08

cell 325
796     1.00405824295449e-07 -6.58384947602175e-09 -7.32190309476327e-08
803     9.53887279099737e-08 -2.01355495471622e-08 -8.85661222208012e-08
863     6.00105299827791e-08 -6.05486102046512e-08 -1.17128033169027e-07
870     9.68052814263876e-08 -5.77551906872503e-08 -1.42197784247164e-07
871     1.00117998893482e-07 -2.59233581753615e-08 -1.36833685829979e-07
1287    8.02689140311924e-08 4.51139743184309e-10 -8.05934311735174e-08
1289    9.44982735901563e-08 2.19425924570006e-08 -9.86861151261106e-08
1293    7.17047471138904e-08 5.1000884246713e-08 -1.10496109134023e-07
1544    1.10887084485889e-07 2.11218643825228e-08 -4.56812927519812e-08
1926    1.08820508707818e-07 -7.1586141426553e-09 -1.36185929739893e-07
1927    1.29201137431117e-07 2.45534804016456e-08 -9.83892650425339e-08
2262    1.09878866935698e-07 -3.07132289288636e-08 -1.31416773347173e-07
2265    1.33371081780138e-07 -1.18903738001441e-08 -8.85576817589301e-08
2266    1.01003678417561e-07 -6.8763359506235e-09 -1.0318735334594e-07
2312    1.34891681304039e-07 -1.04428406894064e-10 -8.56715171538777e-08
3334    6.55731539284457e-08 -8.13092179349773e-09 -1.0547404966435e-07
3335    7.44161057788205e-08 5.32522502136312e-09 -1.00907537948711e-07
3527    8.34732259615695e-08 2.6943066937235e-08 1.02175575322598e-08
3528    1.09738181871405e-07 5.36641311249531e-10 -2.92523455614618e-08
3629    1.12731535341012e-07 3.13500421512437e-08 -2.25005309714005e-08
3924    8.03697804245551e-08 3.24801878535258e-09 -7.91403962936005e-08
4056    9.20961354773306e-08 4.17164024288028e-08 -8.38711467811282e-09
4319    9.35189079682985e-08 -2.69741448704307e-08 -3.76694845428223e-09
4320    1.07063761615837e-07 -1.13517990018869e-08 -1.02987066563989e-07
4863    8.90186004107543e-08 -8.08936869182639e-09 -8.25022912721504e-08
4916    7.34197980560829e-08 5.49235308240636e-08 -9.68014177344691e-08

Energy 51.4301762444318
Volume 0.165504417562836
Interface 51.264671826869
cell 10
284      0.0576008017301225  0.0375971643626348  0.0248611539396906
285      0.0326393890220495  0.0181754011808817  0.0499609720491832
289      0.0220302131862367 -0.0765768441766942 0.00946034203424094
2704    -0.00708181045661674 -0.0303099420273689 -0.0611370699351911
2821     0.0139292000001245  0.0588658519104095 -0.0149743570826625
3543    -0.0334929030866058  0.0161966342005515  0.0518449941425901
3606     0.0476053968193643 -0.0534165970910188 -0.0316344533008309
4106    -0.0590314640882717  -0.054057318063252  0.0327923713894822
4197    -0.0679402472133631  0.0259750037622948 -0.00188454478312468
4354     0.0157164744549316   0.047026734379772 -0.0342663310661452
4355     0.0422896276737854  0.0335267777524217 -0.0453430239466439
4546    -0.0569105310447341  0.0563271378162789 0.00933719520083255
4767    -0.0494210924740997  0.0196641731456688  0.0572620988180313
4791    0.00179035291522887   0.002853204618724 -0.0745436200908544
4792    -0.0239043180542903  0.0199901523092508  -0.065157782050129
4933     0.0957712926634241 0.00578759903494637 -0.0110010590487062
4943    -0.0860904111293302 0.00535382860046821 -0.00969975591665416
5084     0.0815146607900047  0.0182131049537406  0.0485933049880068
5085      0.110855137925263  0.0290598396745221  0.0467963045275172
5148    -0.0579062173353267 -0.0381233976249709 -0.0432896411973767
5149    -0.0362858301177549 -0.0590346039009087  0.0132969516087148
5155    0.00452889243130317  -0.103773222498587 0.00321647268136283
5182    -0.0575098273462432 0.00341113435212249  0.0382011334791449
5183    -0.0413512231612596 -0.0478196925439509  0.0366691840530808

cell 325
796     0.00470548293436416 0.000109801909021771 0.00345230265377734
803     0.00446058869496132 -0.00373805216139819 0.00311576007147298
863     0.00206879559194769 -0.00221891901005155 0.00423125679501242
870     -0.000557956174227303 -0.000943032037492355 0.00551863317444358
871     0.00413989265769429 -0.00721909984267559  0.0133837705847471
1287     0.0106667265194449  0.0154689740622725 -0.00735476701562071
1289    -0.00129734730530634 0.00492848767316976 -0.0039608148414656
1293    -0.00111044631608721 0.00456579652535738 -0.00685374183551662
1544    0.000639663047951767 0.00430522633645699 -0.00630979182016538
1926    -0.0019308744326865 0.00493846060598471 0.000525197867208916
1927    -0.000631614882691797 0.00367114230538984 -0.00182116744995731
2262    0.00327174926483775 -0.0055824278944567   0.011594753868785
2265    0.00239326840316745 -0.00966430554661815 0.00546329359350053
2266    0.000611435553362858 -0.00623661061295269 0.00301729204403296
2312    0.00339763415135175 0.000947357890190716 0.00450679123291884
3334    0.00102344679340518 -0.00438054572113801  0.0021135571987324
3335    0.00562480625658498 -0.00724878741579225 0.00404918494754174
3527    0.00251153326127475 0.00647453080707608 -0.00663295932684073
3528    0.00685337675293344 0.00809686424148998 -0.00690275961552661
3629    0.00482688082380832 0.00102205998758038 -0.0182732663043947
3924     0.0064175140868852 0.00978512448742161 -0.00366749792726668
4056    -0.0112162500620678 0.00939861520942949 -0.0156558159278532
4319    0.00581218086765068 0.00737267533405379 -0.00842570816651821
4320    0.00193898919038547 -0.00118772566810572 0.00567851670031391
4863    -0.00402433351742448   0.024238641069146 -0.00607611949735297
4916    5.06957652233163e-05 0.00798860656491106 -0.00426768625345458

Energy 50.8290955231596
Volume 0.162471758661161
Interface 50.6666237644984
cell 10
284       0.106883477501748  0.0843405409873355  0.0404455370534517
285      0.0782297459924877  0.0441866500101628   0.102155550690189
289      0.0404221768740648  -0.155945363852793  0.0143040921983453
2704    -0.0152525832939735 -0.0688766269090295  -0.122483408100678
2821     0.0286281051980427   0.121835871382905 -0.00763066338510379
3543    -0.0239195351095711  0.0411316860227829   0.116863667946164
3606     0.0895361731848273  -0.111817926542815  -0.068571912129732
4106    -0.0615253496822723 -0.0745050197950075  0.0940276729681055
4197     -0.124250228936697  0.0627472848704469 -0.0213206387443346
4354     0.0222276920407248  0.0973717786669961 -0.0693875883620395
4355     0.0797833310562873  0.0602180170683498  -0.101088071087593
4546    -0.0861392528255632   0.124330790078525  0.0279742124349538
4767    -0.0814349245005098  0.0631750897515058   0.102986688413201
4791    0.00111205321763846 0.00929003560643252  -0.152645110298577
4792    -0.0535207917973205  0.0519823561688171  -0.123127709828683
4933      0.152763808416063 -0.0154737957115268   0.021457082405218
4943     -0.171006397039692 0.00380555039580101  -0.027683875736154
5084      0.138181716478518  0.0339886716232753  0.0303851357759269
5085      0.182392078803451 0.000731989591014643  0.0338011180631856
5148     -0.113768836351103 -0.0819094306574639 -0.0886351958456135
5149    -0.0718567956409166  -0.120495333833551  0.0234214862187847
5155      0.035204775873952  -0.159228962022249  0.0548540151418431
5182     -0.117796039144047  0.0110649738383766  0.0686513052260269
5183    -0.0861398778920573 -0.0878830791994741  0.0798532236185316

cell 325
796     0.00468200585306499 -2.78633635298203e-05 0.00322475558821143
803     0.00437925312822603 -0.00370538906888917 0.00290170118592288
863     0.00201704339938737 -0.00196737304191659 0.00412915815908508
870     -0.000474847551289459 -0.000754076816383683 0.00535959983680246
871     0.00435863942838491 -0.00695531954200615  0.0132990671494556
1287     0.0107717043969794  0.0155120955837331 -0.00706859578614531
1289    -0.00110675302055527 0.00500417151686012 -0.00367727509615673
1293    -0.00100794727959293 0.00459760291544588 -0.00656754488833756
1544    0.000719165606464763 0.00408584813809847 -0.00629961129067759
1926    -0.00168629155306197 0.00501548825860015 0.000655374751863532
1927    -0.000440785117398649 0.00349030479780409 -0.00180964841532423
2262    0.00344827006528606 -0.00538409154966902  0.0115678151200649
2265    0.00250816941421258 -0.00952906726899521 0.00527502484234308
2266    0.000694290889880073 -0.00612335454706565  0.0028177372880851
2312     0.0034883821370978 0.000858217641162281 0.00435385398947511
3334    0.000993518511998675 -0.00410339897545686 0.00214802929375126
3335    0.00574513264577087 -0.00700560149750063 0.00413562685234723
3527    0.00230109395478331 0.00638280899320634 -0.00659487227032729
3528    0.00677155322273302 0.00791359670463015 -0.00698299084914154
3629    0.00483498426341827 0.000872573667314394 -0.0181172606922668
3924    0.00623453332394378 0.00991391630153763 -0.00353035630246253
4056    -0.0113241228554953 0.00928810090565772 -0.0154913798336042
4319    0.00551551360237358 0.00741351050243762 -0.00838721428773536
4320    0.00177335083724219 -0.00107933651351979 0.00553188387341565
4863    -0.00400425115784426  0.0242752922720154 -0.00580854630168165
4916    6.7699478455458e-05 0.00800229309311637 -0.00400270820723671

Energy 50.8381316608781
Volume 0.162450934103188
Interface 50.6756807267749
cell 10
284       0.155495217346237   0.129217973870334  0.0552120631893689
285       0.123152097291179   0.069232344551334   0.152731251581357
289      0.0584068460082957  -0.233558066657392   0.019322255428884
2704     -0.022971614448777  -0.107190192103065  -0.182247607923881
2821     0.0433409388432537   0.183069169676879 -0.000118382907261669
3543    -0.0136494563843955  0.0657592273749773   0.180368346400423
3606      0.130512977613078  -0.169235364175902  -0.104333073827858
4106    -0.0637903101613758 -0.0942405869613809   0.154126266913395
4197      -0.17949955607744  0.0986115595821511 -0.0396921617211874
4354     0.0281531986875071   0.145929813373792  -0.104571477076987
4355      0.116043299714451  0.0844113504648715  -0.156829140104247
4546     -0.113525077698558    0.19129029512407  0.0462807638095902
4767     -0.111404313217222   0.105727595322025   0.148775847695511
4791    0.000770863384624601  0.0158323723785793  -0.229056986489064
4792    -0.0822293313991541  0.0832221361729765  -0.179884880614333
4933      0.207622243098597 -0.0384683587802069  0.0527739986065048
4943     -0.254029756869404 0.00293640167306814  -0.044687830305697
5084      0.193362711603158  0.0472156292701205  0.0103512095251275
5085      0.251324027591714 -0.0292100455565347   0.019488898180172
5148     -0.167922725103212   -0.12526061552459  -0.132800953000884
5149     -0.105803788392491  -0.180944689710728  0.0337500762949145
5155     0.0652893817002383  -0.213911728378639   0.104828770168745
5182      -0.17605632296885  0.0193881383916437   0.100034322990347
5183     -0.128918994661349  -0.126310903783217   0.123647598930905

cell 325
796     0.00298557236982035 0.000959707844307368 0.00288542161783857
803     0.00352963313169612 -0.00405888918081454 0.00329443217609847
863     0.00426719208609787 -0.000620651726945861 0.00310904228513118
870     0.000269426291875742 -9.7936996357015e-05 0.00545509579150282
871      0.0039345045607422 -0.00606538399532714   0.012445811958437
1287    0.00963247477497675  0.0157405041692214 -0.00599982459799805
1289    -0.00117625023672508 0.00656481333040136 -0.00336188007577299
1293    -0.000118624783796755  0.0043553484266465 -0.00665498779019034
1544    -0.000496349348421306  0.0038648883985177 -0.00502136021184026
1926    -0.00210576004916602 0.00701297794581985 0.00253246152134122
1927    -0.00124557594597823 0.00314905688108273 -0.000574125426564043
2262    0.00242693221440516 -0.00268266241862294  0.0122195024150924
2265    0.00138113948463893 -0.00726567085812505 0.00462654247305946
2266    0.00144996612192593 -0.0049627955989037  0.0028596218779699
2312    0.00222487147303241 0.00143740257090867 0.00353459916304414
3334    0.00329319880508341 -0.00280882384555841 0.00111992329352029
3335     0.0060232818029216 -0.00615553241475169 0.00278014533198416
3527    0.00242191876116079 0.00555644191469185 -0.00704972984023642
3528    0.00481954969822596 0.00751372373366483 -0.00574685427509928
3629     0.0036067638798186 0.000835805757880913 -0.0176014122237835
3924    0.00639434857869546 0.00957291645666056 -0.00296258431438141
4056    -0.0111051836505597 0.00872416836247279  -0.015603039340812
4319    0.00538836187746957 0.00626075097741093 -0.00917187038260047
4320    0.00173917857796229 -0.0021576581941915 0.00466136843000789
4863    -0.00380554608566597  0.0239827376071104 -0.00560573676677097
4916    0.000307275164178085 0.00769749552653193 -0.00376038793302529

Energy 50.8249316964008
Volume 0.162729039168117
Interface 50.6622026572327
cell 10
284       0.202724542286053   0.173999390114162  0.0701069303405873
285         0.1668480042682  0.0941174871683056   0.202732601969928
289      0.0760262480120019  -0.309606476236399  0.0239500755983709
2704    -0.0307799876655874  -0.144195474451524  -0.240996380547735
2821     0.0574359558170575   0.243402120196883 0.00687764810089764
3543    -0.00449221315281966  0.0896146987929124   0.242678570515225
3606      0.170663482789503  -0.225209556908908  -0.139725309031991
4106    -0.0661841225679412  -0.113823394460992    0.21281038615699
4197     -0.233423905721976   0.133873109239953 -0.0583070608940887
4354     0.0344123418282544    0.19417863903384  -0.138248641757556
4355      0.151975241214707   0.110002973511042  -0.210252657363796
4546     -0.141544350998033   0.256457294513498  0.0640885337381089
4767     -0.142101771143704   0.147373159727552   0.192607457212189
4791    0.000150301388886596  0.0220597700733824  -0.303901871740702
4792     -0.110553260106211   0.113920963544808  -0.235441008158544
4933      0.262238685824123 -0.0588170280250522  0.0838694927726759
4943     -0.335379194703282 0.00144566497766431 -0.0618942795757191
5084      0.247658212852058  0.0623474372734031 -0.00709735706402782
5085      0.319873147936287 -0.0563294790023034 0.00704015336185161
5148     -0.221418613300308  -0.167242599351756  -0.176227867946561
5149     -0.139881377149745  -0.239850181244893  0.0434489125851615
5155     0.0946832463878062  -0.267041907503679   0.154306757650113
5182     -0.233801479759368  0.0267011826311263   0.129246466191522
5183     -0.171849577244235  -0.164690034538622    0.16504049098948

cell 325
796     0.00297339748714347 0.000822608385315379 0.00266089212356998
803     0.00345750400252391 -0.00402965367016949 0.00308201320932195
863     0.00422825790478192 -0.000369399443897364 0.00300580950000999
870     0.000360784467118781 8.61948547284902e-05 0.00529761888413432
871     0.00415970063526339 -0.00581365018738005  0.0123650271075153
1287    0.00974503810369621    0.01578372822417 -0.00572563280750036
1289    -0.00098252373418723 0.00663966060245636 -0.00309057332354106
1293    -4.44146763128178e-06 0.00438314659966007 -0.0063790297840418
1544    -0.000406289171583219 0.00365149049665618 -0.00501032993311229
1926    -0.0018637085140873 0.00708969327946134 0.00265965831654128
1927    -0.0010508277110681 0.00297508272705627 -0.000560545822999782
2262    0.00260396559679194 -0.00249068872912799  0.0121977613599762
2265    0.00150013291425785 -0.00713389552166262 0.00444503458940636
2266    0.00154185328561554 -0.00485210536093731  0.0026642024306677
2312    0.00232173594918634 0.00135166980821176 0.00338713247474698
3334    0.00327777295320684 -0.0025331271194163 0.00115279547678189
3335    0.00615465216739915 -0.00592043561896895 0.00286326329816129
3527    0.00221982759665266 0.00546079361292913 -0.00701443066195427
3528    0.00474938291427133 0.00733237052436782 -0.00582762860141904
3629    0.00362570439397743 0.000689863967191359 -0.0174495724573058
3924      0.006221115139841 0.00970150615713909 -0.00282363759896141
4056    -0.0112024509126969 0.00861010611103848 -0.0154392574456343
4319    0.00510025913328659 0.00630024917744978 -0.00913866229603572
4320    0.00157868509658586 -0.00205293266096236 0.00451542041748628
4863    -0.00377615719679059  0.0240174961752778 -0.00534008529407612
4916    0.000333035448708802 0.00770757108198262 -0.00349737291845251

Energy 50.845802293659
Volume 0.163578757274217
Interface 50.6822235363848
cell 10
284       0.248940577419315   0.217824924454524  0.0846912242290537
285       0.209605361277599   0.118454239017744    0.25168273693885
289      0.0932448526822543   -0.38404029942263  0.0284908581931999
2704     -0.038431728375209  -0.180443687873629  -0.298478332972846
2821      0.071209271339535   0.302452796062699   0.013724673820893
3543    0.00444266459538941   0.112941947058303   0.303673789330022
3606      0.209932568003593  -0.280016113852414  -0.174357625016011
4106    -0.0685518413778858  -0.132981075103772   0.270254290370808
4197     -0.286201799116567   0.168393977278821 -0.0764957861675689
4354      0.040521403293675   0.241416374689777  -0.171207107975692
4355      0.187132720425247   0.135068446199515   -0.26254352082014
4546     -0.169000194723617   0.320228840164201  0.0815061793330837
4767     -0.172174065919188   0.188099584346598   0.235525038499084
4791    -0.000470141573936897  0.0281757201676924   -0.37715483633986
4792     -0.138273603567917   0.143987910032021  -0.289801413635519
4933       0.31568198960158 -0.0787259891194944   0.114320305447885
4943     -0.415001249052542 -2.08932087258709e-05 -0.0786956900546356
5084      0.300795750451048  0.0771684792688722 -0.0241603398541964
5085       0.38695930819176 -0.0828715872746183 -0.00512231670121353
5148     -0.273779480691942  -0.208342863964319  -0.218701625160359
5149     -0.173252176083521  -0.297501726615595  0.0529541426766899
5155        0.1234247672392  -0.319040677370786   0.202749904410029
5182     -0.290310976226837  0.0338428461236652   0.157867623142511
5183     -0.213891508839291  -0.202238160002638   0.205561834626341

cell 325
796     0.00294010648153458 0.000683361374616987 0.00245164315636956
803     0.00336777201799909 -0.00400235740749099 0.00288310075942293
863     0.00416564813132644 -0.00012918103381951 0.00291717118091156
870      0.0004307340262563 0.000274328959482879 0.00515047726587758
871     0.00437136334980109 -0.00555624778111915  0.0122981992844175
1287    0.00983092343476658  0.0158250536188731 -0.00543260451841642
1289    -0.000807602819766559 0.00670707056638642 -0.00279987242022841
1293    8.49777250181098e-05 0.00440621247318991 -0.00608812408448852
1544    -0.00033108120084176 0.00343614204253802 -0.00498204643573343
1926    -0.0016321695884637 0.00715991855659888 0.00280155591601339
1927    -0.000869772529718142 0.00279278292013375 -0.000527725281942771
2262     0.0027749091811243 -0.00229527341087219  0.0121830881673204
2265     0.0016097818421813 -0.00700711200941016 0.00426436088530579
2266    0.00161145591512037 -0.00474282867461384 0.00247212450643995
2312    0.00240628104143795 0.00125861507886744 0.00324435785241883
3334    0.00324063408615078 -0.00227048963696878 0.00120298639694329
3335    0.00626678783747458 -0.00568864634810725  0.0029613542790264
3527     0.0020108195624128 0.00537482985291721 -0.0069563333433251
3528    0.00466084456145618 0.00714601567113927 -0.00589186738520995
3629    0.00362331034961996 0.000546325789084818 -0.0172798882845797
3924    0.00604586323196073 0.00981801754221779 -0.00267779265253279
4056    -0.0113068802690831 0.00850765430026905 -0.0152670520742673
4319    0.00480792140990791 0.00633431744555553 -0.00907683932795805
4320    0.00141364000289945 -0.00195053162776774 0.00438667290541459
4863    -0.00375579944867839  0.0240465931754589 -0.00507702113131412
4916    0.000350238903977803 0.00771971542132042 -0.00323723402481288

Energy 50.8723177781951
Volume 0.164834821907622
Interface 50.7074829562875
cell 10
284       0.294189575828605   0.260709568725149  0.0989138595234325
285       0.251474237014222   0.142246262212991   0.299567524491802
289       0.110097026528801  -0.456889504825974  0.0329034668000721
2704     -0.045905835988531  -0.215951480005193  -0.354721041613442
2821     0.0847001030984532   0.360242050451652  0.0203743424810526
3543     0.0131862350040146   0.135749911678065   0.363367676643002
3606      0.248345022732823  -0.333662821438406  -0.208265108582645
4106    -0.0708694047291726  -0.151740368220057   0.326468840233016
4197     -0.337831193335508   0.202184492147225 -0.0943193259738234
4354     0.0465109549320793   0.287634865396563  -0.203503564014257
4355      0.221537460094643    0.15958521343683  -0.313745684719066
4546     -0.195871888819127   0.382648474135203  0.0985084332366497
4767     -0.201616259772643   0.227939312496949   0.277521553842263
4791    -0.00105710147247009  0.0341955757371884  -0.448856769798298
4792     -0.165364775684206   0.173423579324367  -0.343026347725826
4933      0.367993248649808 -0.0982181874003845   0.144095433990748
4943     -0.492912443255252 -0.00146923522545857 -0.0951544234563319
5084      0.352797605830572  0.0916608760182654 -0.0408960559034578
5085      0.452610476993978  -0.108847346259171  -0.017059043590348
5148     -0.324996948833644   -0.24858420418686   -0.26027672072187
5149     -0.205898823297481  -0.353937892382295  0.0622355851615886
5155      0.151560249056669  -0.369943404753217   0.250138011979889
5182     -0.345614191562477  0.0408131354866973   0.185874399648509
5183     -0.255045918264457  -0.238998834666454   0.245208268913687

cell 325
796     0.00292257675533178 0.000547429804852301 0.00222995356019584
803     0.00329522186447301 -0.00398441334115756 0.00267736947013609
863     0.00411587630682511 0.000103825514660487 0.00280521809136029
870     0.000513839773803832 0.000439139535827898 0.00498226578237122
871     0.00459243098185912 -0.00531723323893092  0.0122069564709968
1287    0.00993713291032011  0.0158528647060763 -0.00516966718920037
1289    -0.000622234708012571 0.00676274395826155 -0.00253287689025019
1293    0.000191414850241905 0.00442672083097684 -0.0058130145217295
1544    -0.000254874664980117 0.00322451975578196 -0.00498516727747123
1926    -0.00139654176416449 0.00721463372520783 0.00291566381356582
1927    -0.00069249238191103 0.00261369509403638 -0.000526769906816431
2262    0.00294769470057956 -0.00212008574949769  0.0121467630829774
2265    0.00171701918553061 -0.0068930195608075 0.00408018421335996
2266    0.00169160277247522 -0.00465137169785464 0.00227612691078098
2312    0.00248780193380338 0.00116649694728423 0.00309610983613202
3334    0.00321205051622094 -0.00200615803374872 0.00123029749052596
3335    0.00638737982615878 -0.00545882910794977 0.00304128152480518
3527    0.00181425143689548 0.00527290171429132 -0.00693432530668013
3528    0.00458750015004108  0.0069672082219443  -0.005972079075048
3629     0.0036372456559458 0.000399628682939564  -0.017142865100065
3924    0.00586405709367717 0.00992501955961298 -0.00254914176265843
4056    -0.0114070340414954 0.00838928812523095 -0.0151191328526626
4319    0.00452411093581212 0.00635308339819579 -0.00905380294140763
4320    0.00125614113340536 -0.00186321775690981 0.00423408431596559
4863    -0.00373866910288448  0.0240709829725477 -0.00482227135876961
4916    0.000366454644453332 0.00771433682462861 -0.00298461742418978

Energy 50.9042998949382
Volume 0.166478285005141
Interface 50.737821609933
cell 10
284       0.338462391298732   0.302679063133438   0.112829943544252
285        0.29244189728202    0.16551792862952   0.346431794358379
289       0.126577706654595  -0.528176650940577  0.0372303877664539
2704    -0.0532173657047757  -0.250714239318633  -0.409744965502624
2821     0.0978942377475129   0.416793916955831  0.0268790610392077
3543     0.0217274467420141   0.158058678945949   0.421787981973557
3606      0.285922921335933  -0.386166117123682   -0.24144140888579
4106    -0.0731489801440106  -0.170079031704269   0.381491003916505
4197     -0.388346059396776   0.235272495821409  -0.111736831376543
4354     0.0523701063614709   0.332878157067056  -0.235104577895926
4355      0.255202996162058   0.183600481355392  -0.363847373181555
4546     -0.222181833991246   0.443730680068958   0.115131211972565
4767     -0.230441832440183   0.266901400423458   0.318633155654516
4791    -0.00162655332490499  0.0401189438949817  -0.519026616509806
4792     -0.191858064348644    0.20226187632695  -0.395102427430799
4933      0.419181267824333  -0.117269907228154   0.173245636479716
4943     -0.569152681498121 -0.00287982100388193  -0.111229128015605
5084      0.403682127922921   0.105863522167088 -0.0572588252619903
5085       0.51685638080007  -0.134248029763443 -0.0287248309477347
5148     -0.375115134412474  -0.287968533576869  -0.300940432983289
5149     -0.237855912602736  -0.409164737450782  0.0713284888760211
5155      0.179082999782286  -0.419742770263182   0.296528144345445
5182     -0.399719991172417  0.0476345603403126   0.213314337607875
5183     -0.295332706064957  -0.274949565222311   0.284024541650991

cell 325
796     0.00289687397678001 0.000413734445778413 0.00201714897687412
803     0.00321451864548451 -0.00395788101431874 0.00247725372675008
863      0.0040625385534794 0.000340501577411172 0.00270967863973251
870     0.000589182907191232 0.000618331783225024 0.00483154138702239
871     0.00480287593885118 -0.00506820469858951  0.0121317293665363
1287     0.0100322557216204  0.0158908848128526 -0.00489451651254094
1289    -0.000443734672873583 0.00682997417704869 -0.00225889519621295
1293    0.000288059977884502   0.004451183091436 -0.00553599980990886
1544    -0.000180034169607986 0.00301472581130752 -0.00497127260294094
1926    -0.0011658775922837 0.00728372883984648  0.0030436906965619
1927    -0.000513789536707495 0.00243805024501236 -0.00050997302974698
2262    0.00311614469563147 -0.00193262459506458  0.0121248203472438
2265      0.001824636587593 -0.00676923025091748 0.00390113857365774
2266    0.00176615978309021 -0.00454733256171566 0.00208610353464405
2312    0.00257147628082404 0.00107805650471144 0.00295225147574067
3334    0.00318119059388326 -0.00174505059626435 0.00126781880558106
3335    0.00650267982826065 -0.00523011575823571 0.00312805093775321
3527    0.00161334702007088 0.00518390347510122 -0.00689312500838578
3528    0.00450708888646793  0.0067892043156426 -0.0060439855086567
3629     0.0036425062319621 0.000257379821070817  -0.016990438980181
3924    0.00568972696704579  0.0100408310680653 -0.00241459744335899
4056    -0.0115087594814688 0.00828335012100367  -0.014960031986181
4319    0.00424035810208674 0.00638588910055355 -0.00901081509152881
4320     0.0010970472711648 -0.0017647752383483 0.00409792550571824
4863    -0.00371929409519994  0.0241012783390203 -0.00456684606958067
4916    0.000383525158741488 0.00772236285254105 -0.00273179615543247

Energy 50.9415740310513
Volume 0.168491983642135
Interface 50.7730820474091
cell 10
284       0.381783806823198   0.343739291221932   0.126446125410669
285       0.332530869193369   0.188266339471203   0.392294866534779
289       0.142700768621325   -0.59793055522536  0.0414737830835747
2704    -0.0603629229988494  -0.284759546559769  -0.463568313748615
2821      0.110804761936128   0.472127068722428  0.0332430786142359
3543     0.0300776195642104   0.179867606928557   0.478960280335771
3606      0.322682102615533  -0.437554096692664  -0.273892748964165
4106     -0.075384799416581    -0.1880147165488   0.435338467154469
4197     -0.437766391863277   0.267663627130024  -0.128758658405133
4354     0.0581083385673932   0.377159917182486  -0.266023888238994
4355      0.288150443852854   0.207110902933308   -0.41286824877887
4546     -0.247933852944375    0.50349654993925   0.131386344392276
4767     -0.258655004854619   0.304997695519978   0.358880695389623
4791    -0.0021723610573955  0.0459382556093737   -0.58768891806661
4792     -0.217764518558853   0.230505468403424  -0.446052505359465
4933      0.469265834032055  -0.135901383369865   0.201777565618834
4943     -0.643751047247885 -0.00426367880152554  -0.126926497621491
5084      0.453472285906654   0.119769453925796 -0.0732553277293524
5085       0.57972084974922  -0.159095617640636 -0.0401200963098901
5148     -0.424144855927153  -0.326524896248086  -0.340706594595351
5149     -0.269123888582577  -0.463210550766057  0.0802379809187737
5155      0.206007519984461  -0.468466414695922   0.341930404351552
5182     -0.452648747938429  0.0542989693832558   0.240199040268181
5183     -0.334757494196775  -0.310116340916606   0.322024112586864

cell 325
796      0.0028713121796561 0.000275035051681267   0.001816027906632
803     0.00313124791945328 -0.00393435666714902 0.00228421770514898
863     0.00400706575016859 0.000576399664406516 0.00262462369856435
870     0.000662156250524447 0.000801273837811254 0.00468937498716428
871     0.00501723708765773 -0.00482382281189458   0.012073227495093
1287     0.0101192322336594  0.0159320507336605 -0.0046110250527496
1289    -0.000271049278340933 0.00689496557489376 -0.00197767384048579
1293    0.000382370569121567 0.00446937605345316 -0.00525379094233562
1544    -9.79397805214903e-05 0.00280641408157729 -0.00493890324255524
1926    -0.00094007773879607 0.00735244719657416 0.00318466271899102
1927    -0.00033232357213521 0.00226247342954868 -0.000471500958993967
2262    0.00328613099074056 -0.00174457506404937  0.0121174705612804
2265    0.00193670788912322 -0.00664833541301295 0.00372898095414482
2266    0.00183952088180108 -0.00444176067384814 0.00190015759984769
2312    0.00265995340032257 0.000987365335136457 0.00281747885243787
3334    0.00315299643491521 -0.00148886925718317  0.0013203878240701
3335    0.00662114066144529 -0.00500928057169459 0.00322644084496628
3527     0.0014123143110377 0.00509758023200615 -0.0068323677584559
3528    0.00442749686793101 0.00660495745519243 -0.00610499796051447
3629    0.00364618907457901 0.00011890839176066  -0.016822038278029
3924    0.00552481444492537  0.0101541342754181 -0.0022668023312449
4056    -0.0116041925360054 0.00818153212271655 -0.0147877570533832
4319    0.00395766401765963 0.00641838868694691 -0.00894750920200905
4320    0.000937269616435915 -0.00166624445444028  0.0039753783401347
4863    -0.00369234990977351  0.0241277716272793 -0.00430829677312041
4916    0.000406996703844757 0.00773185501835849 -0.00247619772967996

Energy 50.9839702571677
Volume 0.170858687519787
Interface 50.8131115696479
cell 10
284       0.424184135148798   0.383912697900874    0.13971594044753
285       0.371773280602572   0.210503933461762   0.437146872790921
289       0.158464586402364  -0.666183490086639  0.0455911895260367
2704    -0.0673501779410881  -0.318098108762834  -0.516218899570181
2821      0.123436560868813   0.526267108765577  0.0394132636634758
3543     0.0382362862459217   0.201187149618823   0.534897613540726
3606      0.358620287505154  -0.487843600034516  -0.305663981517641
4106    -0.0775829624517071  -0.205572471182213   0.488018865033003
4197     -0.486100525481348   0.299360580288462  -0.145435643460111
4354     0.0637215923334191   0.420473864041948  -0.296320145061497
4355      0.320372741709778   0.230103844058253  -0.460863553360456
4546     -0.273144504136612   0.561980112470128    0.14724144609742
4767     -0.286282555954378   0.342254165968798   0.398248767687147
4791    -0.00269896722719485  0.0516693996175357   -0.65488205561598
4792     -0.243079063337249   0.258148099998664  -0.495925660829982
4933      0.518274761041254  -0.154138490912539   0.229669317685258
4943     -0.716729297886613 -0.0056299778690058  -0.142302914971588
5084      0.502182920432103   0.133365423342728 -0.0889487001806551
5085      0.641222456902058  -0.183406791530293  -0.051309093887399
5148     -0.472098034883721  -0.364258503705662  -0.379623221140858
5149     -0.299716266415829   -0.51609882490429  0.0889304278392429
5155      0.232348908274034  -0.516152716293296   0.386333758623019
5182     -0.504438722371863  0.0608006300543068   0.266492623340881
5183      -0.37335302426145  -0.344534374446211   0.359185609404396

cell 325
796     0.00285066060796488 0.000144186324976529 0.00160046056470294
803     0.00305851146162553 -0.00391658073668692 0.00208522191086609
863     0.00395560293090645 0.000801170447707458 0.00251628399255133
870     0.000739474959988452 0.000961521614729213 0.00452647263893361
871     0.00522883277414537 -0.00458966873780031   0.011984093151785
1287     0.0102201543157695  0.0159578148990854 -0.00435558553464821
1289    -9.24220998032086e-05 0.00694922425861585 -0.00171787968903381
1293    0.000482988266143267 0.00448952917423762 -0.00498611675511696
1544    -2.85660036856906e-05 0.00260049062812604 -0.00494446894675791
1926    -0.000711748289242795 0.00740590053350039 0.00329451183449679
1927    -0.000163348536532586 0.00208756224092824 -0.000473806015644814
2262    0.00345260518221052 -0.00157385985867446    0.01208079449854
2265    0.00203792790211482 -0.0065380107453251 0.00354869415329812
2266    0.00191356076361842 -0.00435385884410415  0.0017095853416042
2312    0.00273576462020924 0.000897488230281782 0.00267199197928631
3334    0.00312107730179902 -0.00123334542056165 0.00134539108971974
3335    0.00673545826068447 -0.00478528807671883 0.00330339166351056
3527    0.00122048940563134 0.00499978493641124 -0.00681243730225718
3528    0.00435317169174838 0.00643255892019353 -0.00618320043014053
3629    0.00365668818746004 -2.39824551964878e-05 -0.0166908922625554
3924    0.00534556606375077  0.0102564901132777 -0.00214483051176754
4056    -0.0117044298851665 0.00806771522310722 -0.0146466738915561
4319    0.00368140156165639 0.00643624913756919 -0.00892577692500687
4320    0.000783787180748356 -0.00158193723211158 0.00382733892738949
4863    -0.00367927948722705  0.0241517471718815 -0.00406265162524835
4916    0.000419883272632449 0.00772596159857451 -0.00223260440695906

Energy 51.0313231033824
Volume 0.173561015465572
Interface 50.8577620879169
cell 10
284       0.465660314214828   0.423214036223971   0.152710061393002
285       0.410162645395065   0.232244631182125   0.481038398019271
289       0.173893124901612  -0.732952328334126  0.0496422591703204
2704    -0.0741708835897955  -0.350731755386372  -0.567712153922981
2821      0.135800459244248   0.579230782869879  0.0454659534286707
3543      0.046216923152588    0.22203316103922   0.589630163870395
3606      0.393783706611628  -0.537045582532063  -0.336727773346847
4106    -0.0797312656424699  -0.222725857876388    0.53957381194839
4197     -0.533377441280254   0.330397612748655  -0.161717759111436
4354     0.0692266534261625   0.462869137554389  -0.325940557349781
4355      0.351911194251667   0.252624436409746  -0.507798591058375
4546     -0.297805697606987   0.619196108009971   0.162752115717778
4767     -0.313307716933317   0.378678427859004   0.436790403695779
4791    -0.00319312780368765  0.0573045136245668  -0.720619382711383
4792     -0.267823375639185   0.285232208254065  -0.544704076426511
4933      0.566221245904021  -0.171950224311113   0.256975521424791
4943     -0.788123673238451 -0.0069556607831468  -0.157302187429065
5084      0.549838065856507   0.146691182623045  -0.104268332649966
5085      0.701397143709259  -0.207167540839809 -0.0622208122480392
5148     -0.519004002433798  -0.401188320038923  -0.417668397712235
5149     -0.329642284294426  -0.567844654272858  0.0974571830460084
5155      0.258120342165297  -0.562784938987777   0.429796426671434
5182      -0.55508403570154  0.0671669111960605   0.292267579250742
5183     -0.411107441447116  -0.378180055161838   0.395578064663589

cell 325
796     0.00283331705027226 8.88086498565879e-06 0.00140082577334983
803     0.00298238623005076 -0.00389089195804785   0.001892653203158
863     0.00391114580909735 0.00103877366797211 0.00243300001082134
870     0.000818311851032781 0.00114418008768117 0.00438928082082107
871     0.00544357519875214 -0.00435083684244471  0.0119289052419157
1287     0.0103135374447534  0.0160025355815292 -0.00408189077795227
1289    8.30192948526921e-05 0.00701983140669297 -0.00144830596181475
1293    0.000584658620552326 0.00450901635937294 -0.00471514665811073
1544    5.99371582674644e-05  0.0023980350468998 -0.00491285944090101
1926    -0.000487580445437362 0.00748116264864592 0.00343229073972671
1927    2.20169794626912e-05 0.00192047879283927 -0.000436959445554533
2262     0.0036214548250969 -0.00138736870461017    0.01207797917742
2265    0.00215319513732459 -0.00641519780016975 0.00338234977174219
2266    0.00199406856926583 -0.00424600656076916 0.00152821841147903
2312    0.00282994354487404 0.000812688717003438 0.00254061617951879
3334    0.00310372463825167 -0.000977882721895609 0.00139430093753884
3335    0.00686084382073841 -0.00456941543081279 0.00339698202140816
3527    0.00102542901923939 0.00491478698607872 -0.00675449042273501
3528    0.00428211854084095 0.00625342310163761 -0.00624656441378627
3629    0.00366779808404273 -0.000158886149656812  -0.016527136112637
3924     0.0051887655295611  0.0103751600900157 -0.0019992058031357
4056    -0.0117939036780069 0.00796674659629904 -0.0144762405479718
4319    0.00340649940788015 0.00647480088875516 -0.00886768809730839
4320    0.000628637621099835 -0.00148112856067325 0.00370676271429248
4863    -0.00364641123506414  0.0241814794917802 -0.00380724222806616
4916    0.000448716995281169 0.00773783370071721 -0.00198016124174119

Energy 51.0834704674264
Volume 0.176584129213892
Interface 50.9068863382125
