2.88e-03
1.43e-03
6.84e-04
3.25e-04
1.54e-04
7.17e-05
3.36e-05
1.60e-05
7.86e-06
4.30e-06
2.80e-06
2.21e-06
2.04e-06
2.04e-06
2.08e-06
2.14e-06
2.18e-06
2.22e-06
2.23e-06
2.25e-06
2.26e-06
2.26e-06
2.24e-06
2.25e-06
2.23e-06
2.22e-06
2.19e-06
2.20e-06
2.18e-06
2.18e-06
2.17e-06
2.16e-06
2.15e-06
2.15e-06
2.14e-06
2.13e-06
2.12e-06
2.12e-06
2.11e-06
2.09e-06
2.09e-06
2.07e-06
2.05e-06
2.04e-06
2.02e-06
2.00e-06
1.99e-06
1.97e-06
1.95e-06
1.94e-06
1.94e-06
1.92e-06
1.92e-06
1.92e-06
1.90e-06
1.91e-06
1.89e-06
1.88e-06
1.87e-06
1.87e-06
1.86e-06
1.84e-06
1.83e-06
1.81e-06
1.79e-06
1.78e-06
1.77e-06
1.75e-06
1.73e-06
1.72e-06
1.69e-06
1.69e-06
1.67e-06
1.67e-06
1.66e-06
1.66e-06
1.64e-06
1.64e-06
1.63e-06
1.61e-06
1.61e-06
1.59e-06
1.58e-06
1.56e-06
1.54e-06
1.53e-06
1.51e-06
1.49e-06
1.46e-06
1.45e-06
1.44e-06
1.44e-06
1.43e-06
1.42e-06
1.41e-06
1.40e-06
1.38e-06
1.36e-06
1.35e-06
1.32e-06
1.31e-06
1.29e-06
1.27e-06
1.26e-06
1.25e-06
1.23e-06
1.22e-06
1.22e-06
1.19e-06
1.19e-06
1.17e-06
1.15e-06
1.13e-06
1.12e-06
1.10e-06
1.08e-06
1.07e-06
1.05e-06
1.03e-06
1.03e-06
1.02e-06
1.01e-06
9.83e-07
