vertices 381         
0        0.612882055031754    3.24683587236979   0.145784410824839
1        0.828881720782997    3.12148496948222  0.0131719659205214
3         1.40965482593871    3.43795152998671  0.0366760094561058
4        0.746100579091766    3.74522958493277   0.934788886051799
6        0.650182324080266     2.7027637865709   0.602814087439181
7         1.35089242954925    3.66877442026622    1.22159478693362
8        0.867238023093858    2.72975352232519    1.03031584346354
10        1.34465298668826    3.37921137997267     1.3425886560939
11       0.754347943784723     3.0797985519917    1.25925923741139
12       0.440513386437721    2.97441021264248    0.55696555142314
13       0.521312859283735    3.29289398663846    1.06760846271276
15        1.73025312917242    3.28329745410856   0.193879224790363
18        1.24259666405548    3.84829415981773   0.353870851825827
19       0.801406881094903    3.80381643805265   0.492324986839109
22       0.968987213575243    2.74068150810167    0.22861050863378
24        3.61866688569468    2.93500584414261    1.25232201887455
25        3.81786722450268    2.81096524323027     1.5405387856357
28        0.39214024279049    3.14800654792653    1.50013850221219
29        3.89708621921957    2.28798559221838    1.61188747266372
31       0.477003652422159    2.25328948717148   0.592942966421645
32       0.642854482156211    3.00940179678131    1.49468956370983
36        3.97016448149058    2.86777820319447   0.450574581310747
40        3.70187279570382    3.02271464657998   0.702794356645783
41        2.19995818535813    1.59143962157415    3.07539693362232
49        2.77489804225203    1.50028676002961    2.75517891256872
50        2.25084172134927     1.1478499560156    1.78054500223292
51        2.44650291533067   0.900613927478085     1.8681632283735
52        2.30497080220099   0.527823506807206     2.2188295404363
55        2.46727724607121    1.78602495533401    2.86336374881071
60        2.60064114234934     0.5582425379371    2.44808434158227
65        2.31936068002919    2.07127129830867    2.38442554174316
66        2.38501108001765    1.83069311004867    1.90855843277919
68        0.34656837422719   0.529044875762481    2.23946482694899
69       0.520697066346939   0.488066229569134    2.35544046464917
70       0.358023546589382    3.40096278595471    1.88542017424477
73       0.698693775903919    3.54972953318155    2.84205611578157
83       0.274483071705789  0.0510897262325698    1.77898699398543
94        3.38203956402646    3.26687691640579    2.80576430623118
96        2.86431624119648    3.57810965725801    2.64691585789204
101       3.57564146153077   0.206436459695961     3.5043301093452
102       2.98609840997973    3.78065002839423    3.34137880180253
105       2.73583396256887    3.80391545611248     2.9754094289739
106       3.78392823661701    3.88394036211326    3.44373077700669
111       3.14288336992726   0.180772179523584    3.45175798013597
118       3.38164276671201    3.03694292128751    1.54354969976302
124       1.25593866603321    1.34502865031325    3.39032522097019
129      0.793336451724772    1.53511793454847     3.2229673083944
130        1.0557634789104   0.760427882600042    3.04298654171455
132       1.35166302435414    1.06017099256115    3.28696163279785
138       1.01414384210849   0.360905809415414    3.36228030409787
139       1.13928883960081   0.377982513420816   0.163083796934423
152       1.27528405494504   0.380560722764214    3.73543166762833
161        3.9621030536275   0.279087234014474   0.444918322402611
163        3.7454987651264    1.11405224704665    1.22580118667797
164       0.59103490069554    3.98612329880428   0.997168871559989
174       2.78184265952618     1.5968684339842   0.348540900276888
176        2.3683868502022    1.53986359938785   0.162688388511289
177       2.33927580478395    1.80979892088578    3.98157772763356
179       2.86462501013225    1.89936953805588   0.179767538338548
184       2.58440857376429    2.05335464900636    3.13552391047622
185       2.24174143183355    1.87604459735681     3.4584721735433
186       1.98223181640393   0.583766782205392     1.0264331515805
187       1.79055083922394   0.788911415546082    1.02800115039928
188       1.93500185297932   0.169426664593457    1.24337671648068
193       2.84648672008344   0.267664659571719  0.0640716743846627
197       2.50494414932332   0.712433382687068    1.36475102897507
198       2.45518984338612   0.778330383675849    1.27193373538682
199        2.3942327668996    3.74079730070831  0.0629284755378281
200       2.77982223977694   0.693063571726434    1.24123085434051
203       2.75451101130007    3.52052068465837   0.479658570596526
204       3.01650065574485  0.0393394925449547     1.1358830023522
205       2.25495539656743   0.159287608433035    1.46236263759888
206       2.60331565438666    3.78905600535512    1.31373182292084
207       2.53231261993759    3.71454630756359  0.0601488345592654
210       2.41581825339723     3.4647429943639     0.9042691766323
211        3.0713869814758   0.315774339156019   0.328082955926791
212       3.12569516152052    3.92716423795989   0.655406464510456
216       2.78056790214473    2.94540675460755    3.89596400059414
217       2.94844196374972    3.18846491670289   0.379091918305164
220       3.50573732537145    3.29045010570398   0.442494318321427
221       2.84730582817197    2.72194604351949   0.789742886723197
223       2.86126547420451    3.12299885966954      3.938285750651
224       3.94805109774352    3.07944028536533     3.9763016166885
227        3.7768058287258    3.25803743823782    3.95796633337104
231       1.56608109894623    3.68916476391691    2.67941636814572
235      0.865217174928447    3.54122038277378    3.07686751121767
236       1.33294615719167    3.86442072635674    3.17425480829209
237       1.20406132204212    3.59202048235311    3.07262195067062
238       1.63045532080302    3.86324011255581    2.76874646412992
242       2.81849456502885    1.57566146614195   0.858730720054749
252       3.69914475250754   0.961751375498433    0.33010098264664
255       3.79960099943385     1.2153953910757  0.0511196944494742
256       3.97846276572217    3.77109383745495    3.84800578959198
257       0.24971302324948    3.78212386560325    3.83828158070647
258       3.77275055527045    0.14612025100556    0.30283510068993
259       3.57989726244254   0.360216480267911    0.16756536472774
261       2.59008439024524    2.74040433626221    1.14409094549754
262       2.70636698464197    3.54423572661192    1.64445739403292
263       3.50256974297729    3.80675737647037   0.642935811693192
265       2.82205302565225     2.8662198004827    1.58037975623223
267       2.40030070635133    2.95894361951285    1.21984567430337
268       2.58575914988832    3.13365028971779    1.62576775612074
270      0.718624541194848    2.05876996498832   0.238979383523383
272      0.991123176563543    2.41539527138152  0.0344792619278038
274       1.52867739388459    1.69679833403826    3.21718125245134
275       1.79815038241466    2.28213142180316   0.160385323339754
276         1.233255298531    1.93997587548905    3.06224085884775
277       1.88437251871589    2.27583355678255  0.0734145539040284
281       1.98276291886935    1.97984602514903    3.98887434109322
284       3.78437633896652    1.20812144768218    2.25652188647881
288       3.51077338006976    1.27594856713775    1.20633525851315
303      0.176029307407537    1.17373150691048    2.02223407478614
304      0.328250022519689    1.34456154770071    2.05237241454161
305      0.264882889803914    2.04934493859703    2.25013577739397
308       3.57378226844478     2.3022659084195    2.16327402495346
312       3.63747939628896    2.33600171274046    2.13990390324838
313       3.68743244096267    1.88800450153096    2.68560201411774
314       3.62779744432035    1.71597068640911    2.66407738121527
323       1.34595735859725    2.10917326028944     1.5963286458893
327       1.42590326262371    1.02206790687843    1.41705612274754
340       1.79696963288198    3.04750057609516    1.95949988865919
348       2.02225322544401    2.49863521522699   0.194312740074372
354       1.51197260694988    3.47164165175667    3.80949334731961
357       1.85692709146245    3.30451064429801    3.98387280434668
359       2.53136080567596     2.6081593285035    1.10157182650547
361       2.60234434224008    2.09024537615837    1.38236875835926
367       2.29524574491251    3.63115512648945    3.88560492350275
368       2.58864951167187    3.51583890809194    3.79134213210598
369       2.49925225144188    3.49446486608474    3.74593461520635
371       2.48966962789082    2.62315282562187    2.61646275429146
372       2.61011016866536    2.47269466921428    3.04702455190396
396      0.868546889543737    2.47184639518928    1.84147049456652
397      0.448188521758032    3.27562912792247     3.9392559195431
398       1.54237831820845    3.90812536182154    3.55956580553886
401       2.46169608688301    3.69564317793801    3.07635665210686
405       2.16797484580271    3.96869956711686    3.05955676433526
406        1.9991135497018  0.0165923643252062    3.52846222207882
407       0.37515919200452    3.33113195375558    1.16159748694954
408       3.79877407010276      3.186894827339   0.973003869709695
414      0.127275351172069    1.11351947121219    1.43100258106499
416      0.140054037752139    2.19498324968959    1.62402361382278
418      0.648392944586856     2.5436502181411    1.53366669480586
457       3.27075557550828    1.62972218254351    3.01445211521451
462       1.01018502362992    2.82230159609212    2.06361942826559
463      0.678526005084723    1.14105607879127    1.04915035359355
464      0.239828495782736    1.26247169575556     1.2936606389741
485       3.39960542594021    1.73391755598231    1.27936149044715
486       2.95555329650613    1.85778913548867    1.01016711286784
494       1.98565106841272    2.69977781101481    3.47961970492528
495       2.30223275090085    2.77595772852525    3.26594003417963
510       2.43881088124104    2.00600125442128    1.40283761942593
512       2.08654036318618    2.29910540609282    1.29256854612242
516        1.2514439942553    1.98123598157121    2.89391977712558
518      0.861194485248592    1.79976688608733    2.43506001819792
523       3.32097179658997    2.05173788742824    3.93832060191085
524       3.70746438620223    2.09985475271679  0.0702181344733822
527       1.00219121049543    1.70564872081889   0.404227803075276
528       1.68067952074961    1.83031605865384   0.369221284624189
529       3.59994717754198   0.680401019886645    3.00244927602952
530       3.78006744014048   0.549270225236674    3.17821016752177
553       2.74315982033694   0.970220400717253    2.06983621756538
561      0.512511659486892    3.14400137603957      2.660378968343
564       1.86827272940413    2.29160189755206    1.68757739396649
572       3.72321461798258    1.20421105261477     1.1104014250888
575       3.75117658616288    3.36280158728881    2.86359304399577
576      0.144095085333545    3.06516933250414    2.69684937043377
581       2.66322526644195   0.539898956480213   0.133445909869049
586       3.49199606233635     2.7517110742962   0.892641347105514
589       0.80582843817526    2.41876820169185    1.23490590922603
592       2.44154174399923   0.935737508866913    3.84744355120091
598      0.704301905669081    3.33117786469201    2.15238324531147
607       1.48876061519326   0.022714584593849    1.53411675044289
611      0.803771116448841   0.835998874918475    2.97206287773075
614      0.372135805761609   0.950896153295882    0.20820964308335
623       3.37742610057083    1.47195754533766    3.89995259738408
624          3.35993927667     1.2953091593591     3.2528136482519
628       3.89851682187909     1.3417404030833    1.04691923028848
630      0.825589211333349    2.39823422977239    3.53165007127241
635       1.81802414161175    2.28765697833477    3.65087993218516
636       1.91876258318337    2.01697475903338     3.6265169694406
640       1.80973234303316    1.16232380880887    2.93822194659134
643       3.66728940446958   0.607108182750723    2.57036163396041
646      0.437497301822642   0.235256422023296    1.86705431781961
649       1.15341220177823    1.35264380998107    1.39906197572276
651       3.17181120639065    1.99296817886231    3.28491746498722
652       3.24015017475066    1.90484826191834    3.88728413795084
653       1.23381183680511    2.53532195820011    2.86609176497525
657       1.21921238796044    2.32172638055137    3.25943452181083
666       1.41231316744057    3.33949581952963    1.83735642274498
667      0.931609931430769    3.11307978097472    1.93978587964914
681      0.338458105953258    1.41116051676235    1.38044765225488
683       2.99557032379429    1.27905145258793   0.218982043998865
684       2.63886588715853   0.875944731551763    3.88602246575353
685       2.52955460655582    1.87681874395695    2.01898878981345
686       2.83188407548613    1.48788221260991    2.21599314540329
691       1.23776045400306    1.71867950793776    1.15190566862697
692       1.31292448469896    2.10000443804829    1.33908083508034
693       3.62049308834924    3.33579438424367    2.67510033637288
695      0.822771560130418    2.65133224343525    2.53104905279912
696      0.651505412587759     2.2226700149397    2.27863522124868
701       1.21516566776169    3.31762760225322    3.24609028808371
702       3.80917445747404   0.964886665158205   0.429824355517115
704       2.14470409055037    1.92743064694741    2.03574675582506
705       2.19428137062832    2.06804316825545    2.35157777203263
709       3.25831680388763    1.58147331127169    2.08070661366239
712       3.71214131905917    1.97126881732657    1.16038218154773
714      0.651122244002201    1.42045422372448    3.09171449792149
715       0.61540075415323    1.57015570041024    2.48000431437561
716       1.83758025531348    1.54390357050333     2.9374225298992
717       1.77636043095774     1.7081922176522    2.65145054154693
720      0.583306118514663    2.87898250836352    2.76903555451625
721      0.312977590763338    2.78667817805349    2.81011372505139
722      0.421721566049233   0.321793527632366    1.51647885190373
724      0.184405481442981    1.89303835104209     1.2632462022071
725      0.585622671744196    2.08642650679688     1.0155489903575
731       3.89382624704973    1.85311531097459    1.07295335273807
732       3.95356489897998    2.11385831153586   0.508115527888445
735       3.93439900087465    1.08280532927076   0.388798423125939
737       2.19291697373292  0.0572204574742525    1.86574494149249
738       2.54194837346133      3.628377225165    1.94194629110175
747      0.633886583035344   0.115043300179347   0.461990285676773
749      0.418016211819424   0.191807251013341   0.259941318788837
752      0.797521648930047   0.422932295604114   0.291083302468342
753      0.579532899041728   0.439889607887304   0.143101336442382
754      0.195811553382525    1.07183944555077    3.45810325919348
755       0.43595501013502    1.47373742860118    3.22663859908265
756       2.09399295456959    2.90184609833756    3.82627301633762
757       2.42634312631769    3.02899808180821    3.71532910590041
758       3.88116743055837   0.394166880807729    2.54148366348952
765     0.0467771772365013    2.17144028226357    2.42397433840362
766       3.89400095049431    1.89854881417424     2.7088496388499
773       2.90191898052762    0.61628859190582    0.44229374292459
775       3.13491733843531     1.0642996066633   0.476190949421738
776       3.92135221607966    1.00723279181724    3.41612544745512
777       3.66787043216372    1.14047052916038    3.13734052560371
778       1.71577597604866    1.51177651197105    2.19643022412409
785       3.53533331743543    2.29930862903917   0.776681541572922
786       3.81092489201175    2.25426059612028   0.466343385289019
787       3.61131660203857    3.80276220642246   0.903441670528572
789       1.22435183527523    2.60094302775342    3.01952455344567
790       1.53850954554828    2.87175018894858    3.07819934451152
794      0.906196669929515   0.779684862152569    1.05093770328002
795      0.737457707455168   0.323504981189534    1.30924591371594
797       2.73999054387846   0.773846371429401    1.12257999495623
798       3.04975834201389    1.20784665219072   0.897738113556257
799      0.765531044129656    1.35511371720267    1.17572895248728
800      0.916882788374708    1.68927578145115   0.976261731775695
802       1.73845904488312    3.72641254917229   0.770252795348208
803       1.86968888707183    3.84131349541761   0.790821477617748
804       1.75730467863335    1.78612217660248   0.821900280052035
805       1.84865841740572    2.22647910929385    1.07188557531714
807      0.288230261059784   0.176444862086276    1.46189722654185
808       3.87464816792899   0.309045453800837    1.23535182959081
813       3.88467131520179    1.25945458911926  0.0936709444772603
814       3.91414052547026    1.90223318596611   0.141503558132973
816      0.917221581771442    1.38119700655144   0.178457892208158
817      0.345624870170456    3.93780432853371    1.13465922318755
818       3.93943749568386   0.088070148065179   0.949893845247997
819       1.85256345401185    2.74834289611232    2.46109533824254
820       1.72152045616625    2.84465995129458    2.05335530912957
825       2.21313757939936    2.60918000649818    1.11864351629837
834      0.920600891792876   0.719487990193857   0.456271518020273
835       0.72685117058722    1.02831397325127   0.419939732217947
841       1.82911824763736    3.08751685795028   0.969759969855542
842       2.18187245042534    2.87338298091951    1.22340464755833
847      0.670962778343323   0.348991107031689    3.40868958984426
848      0.516647302532496   0.575269471502856    3.20662629032138
850       3.24694360682509    1.87201923417379    1.85760678466039
851       2.79215365615319    2.07692892518173    1.82041165433638
852      0.781908602974763   0.802640101075245    2.44390133451806
853      0.664800560557748    1.28907254746419    2.23868919362883
854        1.1885088992931    1.34947088038639    1.89567988941156
855       1.28123418182265    1.57956650594389    2.00103409966065
861      0.226052956045089    1.21004599580541     3.8799229675603
863       1.21119719063271   0.318682485763324    1.58762464751586
864       1.36506786391928   0.799580144348343     1.3028809618179
866      0.487814826922935    3.95881952873026    3.29283331824851
868       3.78055770286259    1.58727908831769    2.67373427846377
869       1.89565474835987    3.53131331348769   0.687896358868819
870       2.02210420947446    3.60855011616701   0.692551873714448
871       1.73795550087341    1.15640536672198    2.09070070700782
874      0.296586676562774    1.67756497708031    2.36826200361097
875       3.96763634591448     1.7187924182625    2.69837631864682
876       2.89941061939771   0.858743959499268    3.23164651213559
879       1.24623292645785    0.67746423227937    2.21180601773498
880       1.40503741082547    1.08051566662001    1.91110461370528
891      0.352812482361808    3.97939945298943    3.11031046460745
892       0.30520025690761     0.3010494127653    2.98107915594197
895      0.882915770013444     3.6692309648533    2.29698537512745
897     0.0374984646381617   0.290040134548702    2.97505443435714
898     0.0352969165672959    3.95541592144206    3.10979304241648
899      0.648619832895762    2.73541126161611     3.3955792803968
901      0.694546543274193    3.12175539622394    3.72918736359185
902       2.77530683755303    0.35341208688953    2.75579420922236
903       3.07440159707776   0.527398593227781    3.11154028625927
904       2.83232801870465   0.335598521032005    2.52028525461042
906       2.90207816017953    3.82017112794019    2.34356219229834
910      0.718475017785658   0.196987769673972    2.09182412978222
911       1.16746153863041   0.293174671831396    1.96882104015036
912      0.823004062801315    2.87190409542418    3.11403856274891
913      0.938750195823812    3.25855997408799    3.24942385323673
929       3.27679268316254   0.443459218305044    2.30479348981313
936       2.08868455169227    0.54565962886961     2.3892869756335
938        1.6465378349275   0.228640647209679    2.37785430108412
944       1.75142352285793   0.879117134074596    2.39110288344192
945       1.42529811773376   0.635691322755396    2.39580852101208
985       2.34762811389072    1.00029012975168    3.16677581760322
989       3.52980023778015    3.29646764880339    3.09458338822311
991       3.51307519958462    3.02846824107388    3.48541214334825
992       3.46498188706415    3.46240250695967    3.32661687309874
993        3.4714379449177    3.17019705645066    3.58949165645543
994         2.617380757243   0.941726940479104    3.00365307956842
995       2.55615752682685   0.563807653646756    2.71540877944932
1022       1.9555043379644    3.22091006820022    2.14358386545817
1024      2.37815567037598    3.27530617896594    2.04178758800502
1025      2.47873121703498    3.12888073052987    2.44818216353537
1026      2.23215131677461   0.908412988813261    3.12762749929614
1027      2.35768473917987   0.536535662408853    2.77145721810496
1029     0.528131773399307     1.5954003503559    3.38920470807731
1030     0.424296851440281    1.97373781805042    3.54184205162086
1031      3.83768672071009    2.80252742256127    3.62023767530667
1032     0.251942562028139    2.63899498873584    3.28928201858064
1036      3.72530050894146    2.35039207251753    3.66340810754787
1037     0.102200859239125    2.23374674675675    3.35527321940815
1038     0.465746292551751    1.53124875374926    3.79394642739856
1039     0.381240275069211    1.83955184343209    3.86200317974594
1040      2.68120322739678    2.74887504669923    2.47812974957008
1041      3.11587094756374    2.73678572157389    2.68350753784437
1071      3.47588307535426    2.46976955074612    2.18350214492569
1072      2.91059611186721    2.52530898386515    1.98689279035877
1090      1.54476657212406    3.68291395949255    2.06497596509248
1092      1.58748685762058    3.88930271757922    1.98646074653574
1098       1.4543917350577    3.76617360990597    2.18390841672314
1099      1.50366519659731    3.95221713740109    2.10207450827112
1101      1.98105458114423    2.94565313581949    2.60468608922319
1102      2.20913492114305    2.93465073989961    2.68403439118556
1103      2.02070429726391    3.11505637519916    2.53270097705641
1104      2.24000969059476    3.09595888528895    2.61506335712871
1105      1.95080062249147   0.483513198362482   0.651244090255861
1107      3.20784209214234    2.66881199945048    3.50012006709418
1109      3.05022995669084    2.50112337305232    3.13139997429802
1110      2.34793265811422   0.473987458554288   0.150700923919197
1112       3.4081452412638    2.29845868972159    3.59199896785786
1113      3.27159523252775    2.13703314987858    3.24905845796023
1115      3.52739021492039    1.17939876630382    1.32807855319187
1116      3.17163845458735   0.774527536234181    1.49105619703169
1117       3.4025209471789    1.26812106264314    1.93193105203134
1118      3.11779406977958   0.894902975042212    1.92278966914538
1125      3.05878225668901    2.20345008787262   0.687954560255027
1126      2.96504929604041    2.12529121078175   0.284013085797355
1132      2.78373233025308    2.58930076866889   0.748913215419785
1133      2.67424528497664    2.53105235861062   0.340031837567297
1135      1.67208294909663    2.83494420284177   0.407663487642661
1136      1.91797679629416    2.50567522756704   0.301061560517967
1137        1.720919946106    2.82087732443716   0.800149355530766
1138       1.9475937306179    2.55521722200977   0.852233543402876
1139      1.30525341940974    1.28465536333353    3.99294475607866
1142      1.98515921367272    1.48694965711598   0.393474586238513
1143      1.76682586095921    1.71337213006465   0.255958129274438
1144      2.38858611494242    1.55131916762776    1.08244027005584
1146      1.98296088375232    1.52475236146531   0.822048331394799
1147      2.24994571426789    1.08692550405925    1.34351709480179
1148      1.85425213801199    1.03626891977788    1.15095698915347
1149      1.50081539100002   0.710227392088328    3.75223388624744
1152      2.19348373955971   0.698103017078059    3.96912299684817
1153      2.00595765790918   0.591112300317685    3.67102095108409
1155      1.28250896181003    0.65345671514686   0.294161410639458
1156      1.75014560864027   0.690970521101947   0.574130089666963
1157      1.46226171171193   0.862271417082891   0.078892250785538
1158      1.81177134704362   0.892506768372249   0.272674462351983
1159      3.15812620517606    3.61209130729229    1.64360306211968
1162      3.26836257530684    3.96559650199793    1.27596565850898
1163      3.44089942571019    0.22742641627072    1.46198704877617
1165      3.64700156040764      2.895183143053    1.76050970274063
1166      3.56696339937984    2.51688240365689    2.15093130661422
1167      3.84077597639328     3.2442923363694    2.10733018559303
1168      3.81848960891772    3.08914567939328    2.42283738323977
1189       3.5596594899254    3.72652650339489     2.2166969535709
1190      3.63590593283426    3.97596227992552    2.16342343962705
1192      3.46441620264824  0.0188997416951308    2.08933010972558
1193      3.36538494559197    3.83160913365767    2.11539261501794
edges 762         
0                 1            3
1                 3           18
2                18           19
3                19            0
4                 0            1
5                 1           22
10               15            3
11                0           12
12               12            6
13                6           22
22                4           13
23               13           12
24               19            4
25                4            7
26                7           10
27               10           11
28               11           13
33                6            8
35               11            8
39               32           11
40               32           28
44               25           29
48               24           25
49               25           28
59               31            6
60               12           36
63               40           36
67               60           52
89               50           66
90               65           55
91               55           41
93               52           51
94               51           50
98               55           49
110              68           69
126              70           83
156             102          111
157             111          101
158             101          106
159              94           96
160              96          105
161             105          102
180              28           70
191              24          118
198             129          124
199             124          132
205             130          132
215             138          130
219             139          152
220             152          138
270             184           55
274             179          177
275             177          185
276             185          184
283             174          179
286              41          185
287             177          176
293             174          176
294             186          187
298             186          188
304               4          164
308              18          139
315             199          207
316             207          193
317             193          211
321             207          203
322             203          212
323             212          211
327             200          197
328             197          198
330             198          186
333             197          205
334             205          188
335             200          204
336             204          206
337             206          205
341             210          203
342             212          204
343             210          206
355              36          224
362             224          227
365             223          216
366             223          217
367             217          221
369             227          220
370             220          217
371             220           40
375             231          238
377             238          236
378             236          138
386             236          237
387             237          235
392             231          237
395              73          235
404             174          242
428             255          252
429             252          259
430             259          101
431             106          256
432             256          257
437             161          258
438             258          259
440             256          258
441             261          267
442             267          268
443             268          265
444             265          261
445             261          221
446             217          203
447             210          267
448             265          118
452             263          220
456             212          263
457             206          262
458             262          268
463             281          277
468             276          274
470             277          275
471             275          272
475             272          270
480             129          276
482             274          124
487             284          303
514             304          303
517             308          313
518             313          314
522              29          312
523             312          308
604             348          277
613              15          357
620             357          354
624             272           22
627             354            3
631             359          361
641             359          261
650             223          368
651             368          369
653             207          368
654             199          367
655             367          369
656             367          357
665              65          371
666             371          372
667             372          184
681              51          197
696              68          303
733             211          259
735             258          263
744             177          281
750              31          270
758             323          396
761             256          227
762             368          102
763             111          193
764             236          398
765             398          152
766             398          354
767             257          397
770             397            0
781             105          401
783             401          369
784             397          224
801             238          405
804             398          406
805             406          405
810             401          405
811             406          367
814             407          408
817              28          407
818              24          408
820              13          407
821              40          408
836             303          414
839             163          414
842             416          418
844             305          416
846             396          418
847              29          416
849              32          418
968             314          457
971              49          457
979             396          462
983             463          464
990             414          464
1051            485          486
1052            288          485
1055            242          486
1056            361          486
1078            494          495
1084            372          495
1129            510          512
1131            361          510
1134             66          510
1147            516          518
1152            276          516
1166            523          524
1180            527          528
1181            270          527
1184            275          528
1187            529          530
1191            101          530
1266             51          553
1268             60          553
1292             73          561
1305            512          564
1308            323          564
1329            163          572
1332            288          572
1336            575          576
1342            561          576
1360            193          581
1374            221          586
1375             40          586
1376             24          586
1384              8          589
1386            418          589
1395            176          592
1418            561          598
1421             70          598
1443              7          607
1446            188          607
1458            130          611
1495            623          624
1498            255          623
1500            457          624
1513            464          628
1516            572          628
1521            272          630
1534            635          636
1536            494          635
1537            277          635
1538            274          636
1539            185          636
1540            281          636
1551            132          640
1561            529          643
1564            284          643
1570             68          646
1573             83          646
1582            327          649
1584            651          652
1585            184          651
1587            457          651
1588            179          652
1589            523          652
1590            623          652
1592            516          653
1606            276          657
1607            630          657
1608            635          657
1635            666          667
1636             10          666
1638            340          666
1639             32          667
1640            598          667
1641            462          667
1685            304          681
1688            464          681
1690            683          684
1691            623          683
1692            174          683
1695            592          684
1696            581          684
1697            685          686
1700             65          685
1701             49          686
1703             66          685
1704            553          686
1715            691          692
1717            649          691
1718            323          692
1721            589          692
1724            575          693
1725             94          693
1729            695          696
1731            653          695
1732            462          695
1733            305          696
1734            518          696
1735            396          696
1748            237          701
1751            354          701
1753            252          702
1754            572          702
1755            161          702
1759            704          705
1761            564          704
1762             66          704
1765             65          705
1777            686          709
1778            314          709
1786             29          712
1789            485          712
1791            714          715
1793            611          714
1794            129          714
1797            518          715
1798            716          717
1799             41          716
1800            274          716
1801            640          716
1802            705          717
1803            516          717
1812            720          721
1813            561          720
1815            695          720
1816            576          721
1821            646          722
1822            414          722
1826            724          725
1828            681          724
1829            416          724
1830             31          725
1832            589          725
1849            731          732
1850            628          731
1851            712          731
1852            724          731
1855             31          732
1864            614          735
1865            702          735
1866            628          735
1870            737          738
1871             52          737
1873            205          737
1876            262          738
1903            747          749
1905            164          747
1907            161          749
1908             19          747
1910            257          749
1918            752          753
1919            139          752
1920            747          752
1923            749          753
1924            614          753
1925            754          755
1931            714          755
1932            756          757
1933            348          756
1934            494          756
1935            357          756
1936            216          757
1937            495          757
1938            369          757
1940             68          758
1941            643          758
1962            765          766
1963            721          765
1964            312          765
1965            305          765
1967            313          766
1991            773          775
1993            211          773
1995            252          775
1996            581          773
1998            683          775
1999            776          777
2000            255          776
2001            754          776
2002            530          776
2003            624          777
2005            529          777
2009            704          778
2012            717          778
2029            785          786
2031            712          785
2032            586          785
2033            524          786
2034            732          786
2035             36          786
2037            263          787
2038            408          787
2043            789          790
2044            657          789
2046            653          789
2047            494          790
2048            701          790
2059            794          795
2063            164          795
2065            463          794
2066            722          795
2068            797          798
2069            198          797
2070            773          797
2071            200          797
2072            242          798
2073            775          798
2074            288          798
2075            799          800
2076            463          799
2077            681          799
2078            649          799
2079            527          800
2080            725          800
2081            691          800
2084            802          803
2086             18          802
2089              7          802
2090            188          803
2091            804          805
2092            528          804
2093            691          804
2096            692          805
2097            512          805
2100            807          808
2102             83          807
2105            722          807
2106            163          808
2118            813          814
2120            255          813
2121            524          814
2123            735          813
2124            732          814
2129            527          816
2132            817          818
2133            164          817
2134            807          817
2135            407          817
2136            161          818
2137            808          818
2138            787          818
2139            819          820
2140            653          819
2141            705          819
2143            462          820
2144            564          820
2145            340          820
2159            359          825
2161            512          825
2187            834          835
2188            794          834
2190            752          834
2191            463          835
2192            816          835
2193            614          835
2210            841          842
2212             10          841
2214            267          842
2215            340          842
2216            825          842
2231            847          848
2234            753          847
2235            754          848
2237            138          847
2238            611          848
2240            850          851
2241            308          850
2242            709          850
2243            485          850
2245            685          851
2246            361          851
2247            852          853
2248             69          852
2250            611          852
2251            304          853
2253            715          853
2254            854          855
2255            649          854
2257            853          854
2258            323          855
2259            778          855
2260            518          855
2278            614          861
2279            813          861
2280            754          861
2284            863          864
2286            795          863
2287            607          863
2288            327          864
2289            794          864
2290            187          864
2295            235          866
2296            847          866
2297            257          866
2302            777          868
2303            314          868
2304            284          868
2305            869          870
2306            841          869
2307            802          869
2308             15          869
2309            210          870
2310            803          870
2311            199          870
2315             50          871
2318            778          871
2321            874          875
2322            305          874
2323            304          874
2324            715          874
2325            766          875
2326            868          875
2327            755          875
2331            624          876
2334            684          876
2337            879          880
2338            852          879
2341            854          880
2342            871          880
2343            327          880
2376            891          892
2379             73          891
2380             69          892
2382            866          891
2383            848          892
2389             73          895
2392            598          895
2394            897          898
2395            530          897
2396            892          897
2397            758          897
2398            106          898
2399            891          898
2400            575          898
2402            899          901
2404            630          899
2406              1          901
2409            397          901
2410            902          903
2411            105          902
2414            111          903
2415            876          903
2416            529          903
2418            904          906
2420             60          904
2422            738          906
2423            902          904
2425             96          906
2435            910          911
2436            646          910
2437            895          910
2438             69          910
2439            863          911
2441            879          911
2442            912          913
2443            720          912
2444            899          912
2445            789          912
2446            235          913
2447            901          913
2448            701          913
2498            643          929
2499            904          929
2521            936          938
2523             52          936
2528            238          938
2545            944          945
2546            640          944
2547            936          944
2548            871          944
2549            130          945
2550            938          945
2551            879          945
2677            592          985
2680             41          985
2690            989          991
2692             94          989
2695            575          989
2698            992          993
2699            106          992
2700            989          992
2701            102          992
2702            227          993
2703            991          993
2704            223          993
2705            994          995
2706             49          994
2707            985          994
2708            876          994
2709             60          995
2711            902          995
2796            340         1022
2801           1024         1025
2802            738         1024
2803           1022         1024
2804            268         1024
2805             96         1025
2808           1026         1027
2809            640         1026
2810            985         1026
2812            936         1027
2813            995         1027
2814            405         1027
2817           1029         1030
2819            755         1029
2822            129         1029
2823            630         1030
2824           1031         1032
2825            991         1031
2827            224         1031
2828            721         1032
2830            899         1032
2840           1036         1037
2842            524         1036
2843           1031         1036
2844            766         1037
2845           1030         1037
2846           1032         1037
2847           1038         1039
2848            816         1038
2849           1029         1038
2850            861         1038
2851            270         1039
2852           1030         1039
2853            814         1039
2854           1040         1041
2857           1025         1040
2858             94         1041
2860            371         1040
2952           1071         1072
2953            308         1071
2954           1041         1071
2956            851         1072
2957           1040         1072
2958            265         1072
3015           1090         1092
3017            666         1090
3019            607         1092
3020           1022         1090
3022            737         1092
3039           1098         1099
3040            895         1098
3041           1090         1098
3042            231         1098
3043            911         1099
3044           1092         1099
3045            938         1099
3048           1101         1102
3050            819         1101
3051            371         1102
3053            790         1101
3054            495         1102
3055           1103         1104
3056            231         1103
3057           1101         1103
3058           1022         1103
3059            401         1104
3060           1102         1104
3061           1025         1104
3063            186         1105
3065            803         1105
3070           1107         1109
3072            991         1107
3074           1041         1109
3075            216         1107
3077            372         1109
3079            199         1110
3080           1105         1110
3081            581         1110
3085           1112         1113
3086            523         1112
3087           1107         1112
3088           1036         1112
3089            651         1113
3090           1109         1113
3091            313         1113
3094           1115         1116
3096            288         1115
3097            200         1116
3099            163         1115
3101           1117         1118
3102            284         1117
3103           1115         1117
3104            709         1117
3105            929         1118
3106           1116         1118
3107            553         1118
3126           1125         1126
3128            486         1125
3129            179         1126
3131            785         1125
3132            523         1126
3149           1132         1133
3150            221         1132
3151            359         1132
3152           1125         1132
3153            216         1133
3154            348         1133
3155           1126         1133
3158           1135         1136
3160             15         1135
3161            348         1136
3163             22         1135
3164            275         1136
3165           1137         1138
3166              8         1137
3167           1135         1137
3168            841         1137
3169            805         1138
3170           1136         1138
3171            825         1138
3175            124         1139
3178            816         1139
3181           1142         1143
3184            176         1142
3185            528         1143
3186           1139         1143
3187            281         1143
3189           1144         1146
3191            242         1144
3193           1142         1146
3194            510         1144
3196            804         1146
3197           1147         1148
3198             50         1147
3199           1144         1147
3200            198         1147
3201            327         1148
3202           1146         1148
3203            187         1148
3207            152         1149
3210            132         1149
3213           1152         1153
3214            592         1152
3216           1110         1152
3217           1026         1153
3218           1149         1153
3219            406         1153
3222           1155         1156
3224            139         1155
3225           1105         1156
3227            834         1155
3228            187         1156
3229           1157         1158
3230           1139         1157
3231           1155         1157
3232           1149         1157
3233           1142         1158
3234           1156         1158
3235           1152         1158
3239            118         1159
3242            262         1159
3245           1162         1163
3246            204         1162
3247           1159         1162
3248            787         1162
3249           1116         1163
3251            808         1163
3254           1165         1166
3256            118         1165
3257           1071         1166
3259             25         1165
3260            312         1166
3261           1167         1168
3262             70         1167
3263           1165         1167
3265            576         1168
3266           1166         1168
3267            693         1168
3332           1189         1190
3335           1167         1189
3336             83         1190
3338            693         1189
3339            758         1190
3341           1192         1193
3342            929         1192
3343           1190         1192
3344           1163         1192
3345            906         1193
3346           1189         1193
3347           1159         1193
polygons 445         
0                 0            1            2            3            4
1                 5           10            0         3160         3163
2                 4           11           12           13            5
4              2306         2308         3160         3167         3168
5                10            1         2086         2307         2308
6                22           23           11            3           24
7                25           26           27           28           22
8                24            2           25         2086         2089
10               26         2089         2212         2306         2307
11               33           13         3163         3166         3167
12               12           23           28           35           33
13               35           27         2212         3166         3168
14               35           39          849         1384         1386
15               39           40           28          817          820
16               44           48         1376         1786         2031         2032
17               49           40           44          842          847          849
18               48           49          814          817          818
19              847         1786         1829         1851         1852
20              818          821         1375         1376
21               59           12           60         1855         2034         2035
22             1826         1830         1849         1852         1855
23               33           59         1384         1830         1832
24               63           60           23          814          820          821
25               63         1375         2029         2032         2035
26               67         2523         2709         2812         2813
27             1799         1801         2680         2809         2810
28             1798         1801         2012         2318         2546         2548
29             1700         1703         1759         1762         1765
30               89         1762         2009         2315         2318
31               90           91         1765         1798         1799         1802
32               93           94         2315         2523         2547         2548
34             1759         1802         2009         2012
35               91           98         2680         2706         2707
36               98           90         1697         1700         1701
37             1268         1701         1704         2705         2706         2709
38               94           89         1266         1697         1703         1704
39               93           67         1266         1268
40             2546         2547         2808         2809         2812
41             1570         1573         1940         3336         3339
42              110         1940         2380         2396         2397
43              110         1570         2436         2438
44             2376         2379         2380         2389         2437         2438
45             1342         1418         1421         3261         3262         3265
46              126         3262         3332         3335         3336
47              126         1421         1573         2392         2436         2437
48             3261         3267         3335         3338
51             1292         1336         1342         2379         2399         2400
52             1292         1418         2389         2392
54             1724         2394         2397         2400         3332         3338         3339
55             2398         2400         2695         2699         2700
56             1724         1725         2692         2695
59              156          157          158         2699         2701
60              159          160          161         2692         2700         2701
61              159         1725         2425         3338         3345         3346
62              158         1191         2394         2395         2398
64              160         2411         2418         2423         2425
65             1187         1561         1941         2395         2397
66             1561         2410         2416         2423         2498         2499
68              157         1187         1191         2414         2416
69              161          156         2410         2411         2414
70              180          126          817         2102         2134         2135
71             2100         2102         3251         3336         3343         3344
73             3239         3256         3263         3335         3346         3347
74               48          191         3256         3259
75              180           49         3259         3262         3263
76             2137         2138         3245         3248         3251
77              191          818         2038         3239         3247         3248
78              198         2822         2848         2849         3175         3178
79              199         3175         3210         3230         3232
80              198          205          199         1458         1793         1794
82             1793         1925         1931         2235         2238
83              215         1458         2231         2237         2238
84              219          220         1918         1919         2234         2237
86             1924         2231         2234         2235         2278         2280
87             1918         1924         2187         2190         2193
88             1794         1931         2819         2822
89              215          220          205         3207         3210
92             2192         2193         2278         2848         2850
94             1919         2190         3224         3227
95              219         3207         3224         3231         3232
96             1925         2280         2819         2849         2850
97             1905         1920         2059         2063         2188         2190
98             2065         2187         2188         2191
100            1755         1864         1865         1907         1923         1924
101             839          990         1329         1513         1516
102             983         1513         1864         1866         2191         2193
103            1329         1754         1755         2106         2136         2137
105             839         1822         2100         2105         2106
106            1903         1905         1907         2132         2133         2136
107            2063         2066         2105         2133         2134
108             270           98          971         1585         1587
109             274          275          276         1584         1585         1588
110             283         1588         1590         1691         1692
111             286          275          287         1395         2677         2680
112            1695         2334         2677         2707         2708
113             971         1500         2331         2706         2708
115             293          287          274          283
116             293         1395         1690         1692         1695
117            1495         1690         1691         2331         2334
118              91          270          276          286
119             294         3063         3225         3228
120             298          294         1446         2284         2287         2290
121             298         2090         3063         3065
122              25          304         1443         2063         2286         2287
123            1443         1446         2084         2089         2090
124            2188         2289         2290         3222         3227         3228
125               2          308         1908         1919         1920
127              24          304         1905         1908
128             308         2084         2086         3065         3222         3224         3225
129             315          316         1360         3079         3081
130             317         1360         1993         1996
131             316          321          322          323          317
133             327          328         2069         2071
134             330         1996         2069         2070         3063         3080         3081
135             333          334          298          330          328
136             327          335          336          337          333
137            2310         2311         3065         3079         3080
138             341          321          315         2309         2311
139             323          342          335         1993         2070         2071
141             341          343          336          342          322
142             337          343          334         2090         2309         2310
143            3075         3086         3087         3132         3153         3155
145             355         2033         2035         2827         2842         2843
146            2825         2843         3072         3087         3088
147             362         2702         2703         2825         2827
148             365         2703         2704         3072         3075
149             365          366          367         3149         3150         3153
150             366          369          370         2702         2704
151             370          371          367         1374         1375
152            1166         2842         3086         3088
153             369          362          355           63          371
154            1374         2032         3131         3150         3152
155             375         2528         3039         3042         3045
156             377          378          215         2528         2549         2550
159             378          386          387         2237         2295         2296
160            1458         2250         2338         2549         2551
162             392          386          377          375
163             395          387          392         2389         3040         3042
164             395         2295         2379         2382
165            2238         2248         2250         2380         2383
166            2248         2338         2435         2438         2441
167            2441         2550         2551         3043         3045
169             293          404         3184         3189         3191         3193
170            2068         2069         2072         3191         3199         3200
171             404         1692         1998         2072         2073
172            1395         3184         3214         3233         3235
173            1695         1696         3081         3214         3216
174            3193         3202         3203         3228         3233         3234
176            3080         3216         3225         3234         3235
177             330          294         3197         3200         3203
180            2000         2001         2120         2279         2280
182             428          429          430         1191         2000         2002
183             431          432         2297         2382         2398         2399
184            1910         1923         2234         2296         2297
185             437          438          429         1753         1755
186             428         1753         1865         2120         2123
188            2001         2002         2235         2383         2395         2396
190             432          440          437         1907         1910
191             431          158          430          438          440
192             441          442          443          444
193             445          367          446          341          447          441
194             444          448          191          445         1374         1376
195             452          371          821         2037         2038
197             342          456         2037         3246         3248
199             457          458          442          447          343
200             336          457         3242         3246         3247
202             446          370          452          456          322
203             448          443          458         3239         3242
204             463         1534         1537         1540
205             468         1534         1538         1606         1608
206             470          471         1521         1537         1607         1608
207             475         1521         2823         2851         2852
208            1181         2129         2847         2848         2851
209             475          471         1180         1181         1184
210             480         1606         1607         2817         2822         2823
211            1180         2129         3178         3185         3186
212             482         1538         1540         3175         3186         3187
213             468          480          198          482
214             470          463         1184         3185         3187
215             487          836          839         3099         3102         3103
216            1329         1332         3096         3099
220            1513         1688         1828         1850         1852
222            1778         2303         2304         3102         3104
223             514          487         2304         2321         2323         2326
224             517          518         1778         2241         2242
226             522          523         1786         1789         2241         2243
227            1052         2242         2243         3096         3103         3104
229             522          844          847         1964         1965
230            1052         1332         1516         1789         1850         1851
232             844         1685         1828         1829         2322         2323
233             514          836          990         1685         1688
234            1962         1965         2321         2322         2325
235             523          517         1962         1964         1967
236             518         1967         2303         2325         2326
237            2404         2823         2830         2845         2846
238            1731         1815         2046         2443         2445
239            1962         1963         2828         2844         2846
240            1729         1733         1812         1815         1963         1965
241            2325         2327         2817         2819         2844         2845
242            1733         1734         1797         2322         2324
243            1791         1931         2321         2324         2327
244            1152         1592         1606         2044         2046
246             480         1147         1152         1791         1794         1797
247            1305         1308         1718         2096         2097
248            1715         1717         1718         2254         2255         2258
249            1308         1761         2009         2258         2259
251            1582         2255         2341         2343
252              89         1134         3194         3198         3199
253            1582         1717         2093         3196         3201         3202
254            2315         2342         2343         3197         3198         3201
255            1129         1134         1305         1761         1762
257            1638         2796         3017         3020
258             387         1748         2446         2448
259             392         1748         2048         3053         3056         3057
261             395         1292         1813         2442         2443         2446
262            1418         1640         1641         1732         1813         1815
263            1635         1638         1641         2143         2145
264            2043         2046         2140         3050         3053
268            2139         2145         2796         3050         3057         3058
269            3020         3041         3042         3056         3058
271             604          470         3161         3164
272             604         1536         1537         1933         1934
273             613         1933         1935         3158         3160         3161
277             620         1751         1934         1935         2047         2048
278             471          624         3158         3163         3164
279               5          624         1521         2402         2404         2406
280            1536         1608         2043         2044         2047
281             627            0         1751         2406         2447         2448
282             620          613           10          627
283             631         1056         3128         3151         3152
284            1051         1789         2031         3128         3131
286             523         2953         3257         3260
287            2240         2241         2952         2953         2956
288             641          444          631         2246         2956         2958
289             445          641         3150         3151
290              44          522         3254         3259         3260
291             448         2952         2958         3254         3256         3257
293            1051         1056         2240         2243         2246
294            1932         1933         1936         3153         3154
295            2159         3149         3151         3154         3161         3170         3171
296             447         2210         2214         2305         2306         2309
297             650          651          365         1936         1938
298             366          446          321          653          650
299             315          654          655          651          653
300             656          655         1932         1935         1938
301             654          613          656         2305         2308         2311
302             641          441         2159         2214         2216
305             518          968         1587         3089         3091
306              90          665          666          667          270
307             667         1585         3077         3089         3090
308             968          971         1701         1777         1778
309             666         2854         2860         3074         3077
310             665         1700         2245         2860         2956         2957
311             517         2953         2954         3074         3090         3091
313              22          304          820         2133         2135
314              26         1443         1636         3015         3017         3019
315              40          180         1421         1639         1640
316              27           39         1635         1636         1639
317            1573         1821         2102         2105
318             328           94          681         3198         3200
319             681          327         1266         3097         3106         3107
321            1055         1056         1131         3191         3194
322            1051         1052         1055         2072         2074
323            2068         2071         2074         3094         3096         3097
325            1131         1134         1703         2245         2246
328            1685         2077         2078         2251         2255         2257
329             110          696          514         2247         2248         2251
330             696          836         1570         1821         1822
331            1582         2065         2076         2078         2288         2289
332            2284         2288         2337         2343         2439         2441
336            3105         3106         3249         3342         3344
338            2106         3094         3099         3249         3251
339             696          487         1564         1940         1941
340            1564         2498         3101         3102         3105
341             334         1446         1873         3019         3022
342            2288         2290         3201         3203
343            1871         2521         2523         3022         3044         3045
344              93          681          333         1871         1873
347             468         1152         1798         1800         1803
348             286         1538         1539         1799         1800
349             667          276         1078         1084         1534         1536         1539
352            1078         2047         3048         3053         3054
353             666         1084         3051         3054
355            1592         1802         1803         2140         2141
356             665         1765         2141         3048         3050         3051
359             733          429         1991         1993         1995
360            1332         1753         1754         1995         2073         2074
361             335         3097         3245         3246         3249
362             437          735         2037         2136         2138
363             733          323          456          735          438
365            1561         1564         2005         2302         2304
366            2251         2253         2323         2324
371             482          199         1551         1800         1801
372            1551         2809         3210         3217         3218
373             275          744         1539         1540
374            2677         2810         3213         3214         3217
375             744          287         3181         3184         3187
377            1180         2079         2081         2092         2093
378            1384         1721         2096         3165         3166         3169
379             750          475          624           13           59
380             750         1181         1830         2079         2080
381            1184         2091         2092         3164         3169         3170
384            1636         1638         2210         2212         2215
385             442         2214         2215         2796         2803         2804
386             458         1876         2802         2804
387             337          457         1870         1873         1876
389             758         1734         1735         2258         2260
390            1147         1803         2012         2259         2260
391             758          979         1308         2143         2144
392             979         1729         1732         1735
393             452          735          440          761          369
394             761          431         2698         2699         2702
395             762          156          763          316          653
396             650          762         2698         2701         2704
397             157          430          733          317          763
398             220          378          764          765
399             765          766          627            1          308          219
400             767         2295         2297         2409         2446         2447
401             766          764          386         1748         1751
402             770            4         2406         2409
403             770          767            3         1903         1908         1910
404            1268         2420         2499         3105         3107
405            1876         2422         3242         3345         3347
407              67         1870         1871         2418         2420         2422
409            2690         2692         2858         3070         3072         3074
410            2857         2860         3051         3060         3061
411             159         2805         2854         2857         2858
412             160          781         2805         3059         3061
413             783         1937         1938         3054         3059         3060
414             651          783          781          161          762
415            1084         1936         1937         3070         3075         3077
416             767          784          362          761          432
417            1336         1816         2690         2695         2824         2825         2828
418             784         2402         2409         2824         2827         2830
420             404          283         1055         3126         3128         3129
421            1166         1498         1589         1590         2118         2120         2121
423            1588         1589         3129         3132
424             428         1498         1691         1995         1998
425            2033         2034         2121         2124
427            2075         2076         2079         2129         2191         2192
429            2092         3181         3185         3193         3196
430            1797         2253         2254         2257         2260
431             758          846         1386         1718         1721
432             842          844          846         1733         1735
433            1305         2144         2145         2161         2215         2216
434             846          849          979         1639         1641
435            2097         2161         3169         3171
436             968         1500         2003         2302         2303
437            2003         2005         2331         2415         2416
439            2420         2423         2709         2711
441             750         1855         2124         2851         2853
442             274          744          463          604         3129         3154         3155
444             801         2521         2528         2812         2814
445             764          804          805          801          377
446             805         2808         2814         3217         3219
447             205         1551         2545         2546         2549
448             765          804         3207         3218         3219
449            1816         1963         1964         3260         3265         3266
452            1725         2858         2954         3257         3266         3267
453            2422         2425         2801         2802         2805
454             443         2801         2804         2857         2957         2958
456             810          801          375         3055         3056         3059
457             766          804          811          656          620
458             811          805          810          783          655
459             811          654         3079         3213         3216         3219
461            1967         2840         2844         3085         3088         3091
464             631         1129         1131         2159         2161
466             781          810         2411         2711         2813         2814
467             763         1360         1696         2334         2414         2415
468            2121         2840         2842         2845         2852         2853
469            1495         1498         1999         2000         2003
470             355          784          770           11           60
471             814         2038         2132         2135         2138
472            1342         1812         1813         1816
473             983          990         1822         2059         2065         2066
474             842         1386         1826         1829         1832
476            1812         2443         2444         2828         2830
487            1495         1500         1584         1587         1590
488            1731         1732         2139         2140         2143
489             983         1688         2076         2077
491            1584         1589         3085         3086         3089
496            1704         1777         3101         3104         3107
497            1078         1932         1934         1937
502            1129         2091         2097         3189         3194         3196
503            1715         1721         1832         2080         2081
504            1147         1592         1729         1731         1734
506            1166         2029         2033         3126         3131         3132
507            1187         1999         2002         2005
512            1759         1761         2139         2141         2144
513            1516         1754         1865         1866
514            1336         1724         3265         3267
515            1690         1696         1991         1996         1998
516            1635         1640         2392         3017         3040         3041
517            2287         2439         3019         3043         3044
518            1791         1793         2247         2250         2253
519            1864         2123         2278         2279
521            1849         1850         1866         2118         2123         2124
522            1607         2044         2404         2444         2445
524            1941         2498         3339         3342         3343
525            1821         2066         2286         2435         2436         2439
526            1717         2075         2078         2081
527            1870         2802         2803         3015         3020         3022
528            1925         1999         2001         2302         2326         2327
530            1826         1828         2075         2077         2080
531            1697         1777         2240         2242         2245
532            1715         2091         2093         2096
533            2043         2048         2442         2445         2448
535            1849         1851         2029         2031         2034
537            2247         2257         2337         2338         2341
539            1903         1918         1920         1923
541            1991         2068         2070         2073
542            2254         2259         2318         2341         2342
543            2187         2192         3178         3227         3230         3231
544            2059         2284         2286         2289
545            2084         2305         2307         2310
546            2100         2132         2134         2137
547            2210         2216         3165         3168         3171
548            2118         2279         2847         2850         2853
553            2231         2296         2376         2382         2383
555            2337         2342         2545         2548         2551
556            2410         2415         2705         2708         2711
559            2376         2394         2396         2399
560            2435         2437         3039         3040         3043
561            2402         2442         2444         2447
562            2418         2499         3341         3342         3345
568            2521         2545         2547         2550
573            2824         2840         2843         2846
578            2705         2707         2808         2810         2813
579            2690         2698         2700         2703
585            2801         2803         3055         3058         3061
586            2817         2847         2849         2852
588            2854         2952         2954         2957
598            3015         3039         3041         3044
600            3048         3055         3057         3060
601            3070         3085         3087         3090
602            3094         3101         3103         3106
604            3126         3149         3152         3155
606            3158         3165         3167         3170
607            3181         3186         3229         3230         3233
608            3189         3197         3199         3202
609            3213         3218         3229         3232         3235
610            3222         3229         3231         3234
611            3245         3247         3341         3344         3347
612            3254         3261         3263         3266
617            3332         3341         3343         3346
cells 64          
0                 0            1            2            4            5            6            7            8           10           11           12           13
1                14           12           15           16           17           18           19           20           21           22           23           24           25          474          535
2                26           27           28           29           30           31           32           34           35           36           37           38           39           40          578
3                41           42           43           44           45           46           47           48           51           52           54          514          559
4                55           56           59           60           61           62           64           65           66           68           69           54          524          562          617
5                46           70           71           73           74           75           76           77           18          471          546          611          617
6                78           79           80           82           83           84           86           87           88           89           92           94           95           96          543
7                97           87           98          100          101          102          103          105          106          107          473          513          539          546
8               108          109          110          111          112           35          113          115          116          117          118          487
9               119          120          121           97          122          123          124           94          125          127            8          128          544
10              129          130          131          133          134          135          136          137          138          121          139          141          142
11              143          145          146          147          148          149          150          151          152          153          154           25          506          604
12              155          156          159           83          160          162          163          164          165           44          166          167          553          560
13              169          170          171          172          173          134          119          174          116          176          177          515          541          608
14              180          182          183           86          184          100          185          186           62          188          190          191          519          553          559
15              192          193          194          151          195           20           77          197          199          200          141          202          203
16              204          205          206          207          208          209          210          211          212          213           78          214          586
17              101          215          216           19          220          222          223          224          226          227          229          230          232          233          234          235          236
18              237          238          239          240          241          234          242          243          244           88          210          246          476          504          522
19              247          248          249          251          252          253          254          255           30          502          532          542          608
20              257          163          258          259          261           52          262          263          264          268          269          238          488          516          533
21              271          272          273            1          277          278          206          279          280          281          282          522          533          561
22              283          284          226          286          287          154          194          288          289          290          291          293           74           16
23              294          289          295          138          296          193          273          297          298          149          299          300          301          302            4          547          606
24              305           36          108          306          307          308          309          310          224          311          287          531          588
25               70          313            7           15          314          122          315          316          107           47          317          516          517          525          560          598
26              318          133          319          321          170          322          227          323          252           38          325          293          496          531          602
27              328          251          329           43          166          330          331          332          233          473          489          525          537          544
28               41          336           71          105          317          215          338          330          339          340          524          602
29              341          342          120          177          135          343          344           32          318          167          332          254          517          555          568
30              347           31          348          349          118          244          264          352          306          353          355          356          205          280
31              103          216          338          185          359          360          197          361          139          323          362          363           76          541
32              188           82          243          339          365          223          366          165          329           65           42          507          518          528
33              371           27          372          348          212          111          373          374          172           79          375          607          609
34              377          378          379          380           23          278          209           11          381          503          532          606
35              341          123          142           10          257          314          384          385          296          386          199          387          527          545
36              355          389          390           34          391          249          392          488          504          512
37              393          202          150          394           59          191          363          131          395          396          298          397
38              398           84          399          159          258          400          281            0          125          401          402          403          184          539
39              404          405          319           39          200          136          361          344          387          407          336          562          611
40              409          148          309          410          353          411           60          412          413          396          414          297          415          579
41              164          400          261          416          183           55          417          147           51          418          394          472          476          561          579
42              171          420          322          284          230          110          421          423          424          360          425          186          506          513          521          535
43              174          124          427          377          211           98          253          429          331          342          526          543          607          610
44              366          328          430          389          248          431          232          242          432          474          503          526          530
45              247          433          263          384          434           13          316           14          378          435          431          391          547
46              340          222          365          436          308          437           66           37          404          439          113          496          556
47               92          427          102          220          380           22          208          441          489          519          521          530          548
48              442          423          294          143          415          109          307          349          373          272          204          491          497          601
49              444          156           40          445          398          446          372          447           89          448          568
50              262          315          449          290          240          434           75           17           45          229          392          432          472          612
51              452          291          453          411           61          405           48          454           73          203          386          588          612
52              401          259          456          162          413          352          277          457          445          300          458          497          600
53              459          457          448          301          137            5          282          399           95          176          128          545          609          610
54              461          239          235          286          449          409          311          146          417           56          452          514          573          601
55              213          246           80          447          371          160          347           28          430          390          518          537          542          555
56              375          169          214          115          420          442          435          464          271          381          283          321          429          295          502          604
57               26          439          343          412          269          453           64          466          456          444          407          155          527          585          598
58              129          446          459          466          112          395          299          414          173          467          458          374           69          556          578
59              468          305          421          180          469          436           96          241          152          236          461          487          491          528          548          586
60              454          288          192          410          325          464          302          356          268          433           29          310          385          255          512          585          600
61              468          145           21          470          237          207          441          379            2          402          279          418          425          573
62              403          190          127          106          416          153          195          393           24          313            6          470          362          471
63               68          437          117          424          359          130          182          467          469          397          507          515

