vertices 379         
2          1.5760636805695    1.86443027210985  0.0532894117491916
3         1.87471446027289    1.96569211120697    0.78515097279907
5         1.38411037264091     1.9500358996345   0.833446857658445
9         1.32942775071275    0.64450169843624   0.669932792874791
10        1.51716228335508     2.0788223395029   0.287762211142827
11        1.92216457849177    2.05076206034409   0.445492104866992
12        1.22775343921476    1.35684207673235    1.05096367254802
15        2.01189483647202    1.90317225914121    0.31343535517618
39        2.31887250343277    3.42924646288618    2.60472802895772
40        2.59609871063051    2.70901103878754    3.46434430172995
42        2.29907302562779    2.42497848758574    3.17325308365604
45         2.1833263438836    3.11652732111169    2.26249692012289
47        2.66502181678016    2.94236660431118    1.98677871514243
53        3.96559605313131    2.83907876802374    3.42263472142172
54        3.85722468725873    2.65287350163686    3.48502669395975
64        3.72280594027542    2.98633554837342    2.79202330386266
74       0.610435996860659   0.577037427101114   0.968590880080105
76       0.419377823574105   0.240887295765931   0.573647726646344
79        1.43350714048786   0.458377510118969   0.199641451368702
80       0.344372701234782   0.509379118932125   0.780736802402553
87       0.376230733583362    1.37530408821332     3.9912492137295
93       0.376559539460745    0.65695995850939    3.73634983476958
96       0.807009833219784   0.220741273977669     3.8570948834881
98        0.17903921822681     1.0941464475769  0.0248073028640201
99       0.151242384562417      1.053195693575   0.494869618352076
104       1.02846223459691    3.31666841524539    3.11661627305173
106       1.22841589569493    2.47146798923957    3.71213048206137
110       1.55485116283263    2.91786290745874    3.33736863560064
111      0.716699398840356    2.57530033320663    3.73971940523497
112       1.22107358808235    2.25094613871478    2.49961462033808
125       3.40144322784765    1.00804789728942   0.146488838857118
138       3.19358966239905    1.56124870539097    3.84937798307953
139       3.76436502369058    1.10336645109064    3.83517209281614
155       3.28247561046353    2.73720145945018    1.01481812683104
157       3.58696784307498    2.77151304477243    0.61420017486183
162       3.48369110892142    3.10974733350716   0.361649471176715
163     0.0582249703586191    2.84592833180917   0.773303292114841
165      0.272693867738026    3.51041353802667   0.834198918569685
168       1.92329850626967    3.85443201553516     2.9156599507012
171       1.32596874679999    3.89242288026919    2.90051373914327
172       1.01640684641186    3.51594969756991    3.14513874579722
173       1.42994685991687    3.65920776883419    2.20200269508718
176       1.86689356934396    3.63628217991126    2.15832393820219
179       2.13819983256753    3.73006832150012    2.54491289812829
190       3.75043519209013     3.9648005327935    3.92390212208367
194      0.568066300441991    3.10473678634654   0.291430225906352
201       3.62004271729521    1.01256981864625   0.649907946561098
212       1.35643734826438    2.46937705213463   0.146204789532264
218       2.05590220777862    2.25043877236389    1.07783027980169
224       2.28477173393822    3.00561777782716   0.543476084203437
226       1.24204502973752    2.27325527148888    1.22619206452071
227       1.57395579503073    2.45481552322954    1.38862325306133
232       2.26571102632524    2.41374893412799   0.441343528096976
237       2.96743297237996    3.88777363170242    2.43737217745365
243        3.4168223330681   0.177492106813564    2.10844323712928
249     0.0989850342973348    3.84441883685186    2.43360638814625
250       3.83572342469645  0.0142910216313915    1.83737910579833
253       3.13268885075252    3.99787213392851    2.03918353850099
256     0.0847856592538977    3.91020278977208    1.98975579514186
267       3.17865025664255    1.90985523327969    1.99549874507421
268       3.46094781683003    1.93658357748523    1.96434080753997
271       1.64005856830787    1.30083628887932    2.94747008434939
274      0.782399835757764    1.12894769270653    2.87920518928532
275       1.34685697016924    1.88703512426896    2.26899865909441
280      0.796084983422797    1.46350202103879    3.47045791832202
281       1.76474141554418    1.51583052017867     2.8682176788768
295       2.34599473601098     1.4174114805763    1.36069964114218
296       2.56345237984354    1.35986789085584    1.36566722151152
302       3.20356490152485     2.0649417389349     0.6029186305145
303       3.04475726282771    2.33826121321877   0.994303434873115
306       2.88784422163522    1.93227022083145    1.46041822885963
314       2.42078054310337   0.109779287233967    2.43734935880238
319        1.8733480569698   0.624019402506363    3.49924977336535
320       2.42362106894879    1.11124165677482    2.37284966324262
334      0.121807136310299    1.64514995059056   0.856904861440848
337       3.57533225738309    2.26475789586857   0.386587317829958
342       3.41870604559283    3.05546541857313  0.0691649054728903
344       1.15488575004239    1.65730013367434    1.95681309773653
346      0.964415766248355     1.7054336402396    1.71088598647119
348       1.24324183710586    1.22532859827927     1.7306599674798
349       1.00723624731686    1.36620835618189    1.51041912422196
359       3.94995745424568   0.435107366793255    1.60270198918929
364      0.976951283624921    3.97512514159836    1.57337227019739
365       1.25726681775006  0.0780042020417329    1.86163332664319
367        1.5789239300337    3.57185277853128  0.0576729374591366
369      0.713399095471417   0.859242987723549    2.91644445866495
377       1.27959741221196   0.776357939189997    2.60630563118871
379       2.66521731498586    1.03677337272478    1.78763485642083
388       0.37342291754631     2.2360545981553    1.49442462529871
392       3.76181247227558     2.2944835777444    1.73852872093669
395      0.388104702287385   0.739986677019337    2.72282527601688
402      0.563911986671473   0.579321860785754    1.60650395738808
403      0.708366367531185   0.335846944859972    1.78693788284504
404      0.752784624644597    1.24041815384105     1.4509341094251
405       1.07401102725357    0.34741067989992    2.02684667865058
408       1.30536183348263   0.669103268574897    2.03890022820785
412       3.85125003675455    1.13945899134032    1.84286703188957
416      0.456591994052635   0.331696838414169    1.92445425081108
417      0.198452055726862    1.06330410821841    1.92773322931608
419      0.563559640224789    1.42592291268834    1.58372813098122
420      0.346001020099251   0.549399916211339    1.75755801040485
422      0.203650385182606    1.70081728323324      1.323775602849
440        2.4120963832901    1.00322427664778    1.92461113558794
445       3.66397201190244    2.30221486542952    2.12122144309808
450      0.882770506565441   0.314781139011333   0.843153548347344
464       3.01745014285937    3.61420987138459    1.35132367914766
468        1.7231274290955   0.536812535551885    3.04904709733858
476       1.02271778272758    1.19449228742233   0.811045332498432
481      0.333777823616639    2.00689919621088    0.39002196030934
487         1.850025435152    3.88513367155051   0.123067269241827
509      0.832004865056694    3.50925764363885    1.47792642465607
510       2.12387342625069    2.00212404566628    3.37134849716098
511       2.21789227521529    1.70727883141001    3.18857524817411
514        3.0581905756457    3.34089878279903    2.82642917387174
520       2.41536507257314    2.01149842064588  0.0994914249906062
522      0.740680630633577    1.12401972803444   0.933978936919307
527       3.56026233583744     2.2521780349457   0.276390527993032
529       3.44983261279499      2.665650341207    3.93705665240948
531       2.85838576727075   0.723031738255782    1.64628174652249
532       3.36622321324528    0.70882786542103    1.90718461492281
533      0.716718604889886     1.2624498706831    3.77925460263091
537       3.83967747941619    1.60149209262641    1.43402316249323
538       3.56102679017575     1.9909031102254    1.66818493298518
549       1.47625259719838   0.598410054905917   0.356657715022077
551       2.81087419673069    2.11318359811345    2.68159806085021
560       1.08510610943591    3.98132545212011    1.20363824718484
573       1.73146199562543    3.05277145261532    3.45142075104156
580        1.9485837192601    3.27728739158178    2.03814668444846
583       2.97438936369337    1.47836980864592    3.98644047453219
584       2.87567343928036    1.64983988262869   0.185657366097919
585       2.52578128971117     2.2108677086064   0.164501140516395
586       3.01381128783316    1.99448098753366   0.269054513682251
605       1.08584449156395    2.45373867581743    1.16133882249922
619       1.14437701103237    3.60520707355546    3.21943623085506
620      0.875435886795214    3.76783002847766    3.64846930825974
625       1.02902587067577    2.56101682489614   0.412682738682135
627       0.76475333296105    2.59141012840322   0.303231383734017
629         3.380519437384   0.358759766531998    3.79526152779462
631       2.02815408041074    3.58759356634556    3.24589557112345
632       1.66314662304373    3.37778068339747    3.45405287332198
633      0.167821851680317    3.18198215027262   0.571222277145135
634       3.74901615878622     3.3256356544472   0.313755294225984
640       2.87894173686328    3.45845344134919    2.53006413482009
641       3.00035903699508    3.10628585754798    2.13567366502429
642       1.30432978946645   0.370029125466243    3.01124384154414
646        2.1652682647832    1.55651920181842    2.56296252413283
656      0.424354266205315    2.75036778256588    3.42992349907792
670       1.68899247488051    0.78752070148078    2.79575583501759
671       2.20805107579527   0.691950624624222    2.45073389930064
672       3.63333787460397    1.29660624807505    2.20557416378351
677      0.205999272519735    2.05885019837678   0.541587557904755
678      0.389586159303982    2.38609624339203   0.707461244255585
689       3.90969069990103   0.379996730113867    1.03433147246504
702       3.74805690519874    3.73277436519907    1.60468088239644
704       1.16732146219293     1.1329855133961    2.67896007114922
705       1.09467265668188     1.6720229439185    2.13103538671586
706       1.81889878411942    1.58862565762581    3.12149701919147
708       3.17171069986665    2.05299913584708   0.121823048916313
714       3.15006083028697    3.67413455337342    3.46138173269146
716       2.97420962534706    1.35554021162666  0.0845166967274195
717       2.88117888247687    1.50825403713299   0.285236282597425
718       3.49691871085974    2.41064934594295    3.00221082504355
719       3.48714227839424    2.71691578170291     2.6651962138437
735       2.34490146153077    2.39187273065324      2.231048974983
738      0.953535359619301    3.35136241028925    2.74264044036232
739       1.74121596087079    2.88742608967467   0.131204820696888
740       2.21375462885214    2.75780673517532   0.298036852807183
757      0.740030261780134    2.26306136237026    2.47722189156164
768       1.24900047174034    2.00239182995802   0.556312745044117
781       1.75159161777736    1.01959160227197    1.52496212587775
782        2.1480726385158    1.26342189134279    1.66598523841545
793       3.64935347244617   0.780856943104376    1.67265019912445
803       2.31209261363707    2.03718860365696    1.43342298414785
804       2.61775248436142    2.18339186436586    1.46433638761794
805       2.04759029454404   0.290918398076751    3.01334499495253
806       2.35420743976412   0.399863537528417    2.68357261411831
819       3.60889073805084    2.67425784629863    2.43248164510581
820       3.52668834091357    2.67212714699522     2.3226744345343
825      0.976128875018163    2.37706050750868   0.580677420293483
826       0.64440734606044    2.36525451012323   0.495504323407114
830       3.12165834331865    2.00039369650963    1.25890494443183
836       2.54516349726467    2.13330982534951    2.71150195478996
837       2.43926517923783    1.74645530749417    2.79785041790576
838       3.06634095528198    0.22127203617775    3.54199052994934
840       2.80384132037534   0.575146259108601    3.01191733958682
847       3.11655587597015    2.48669736662508    3.78217907675009
848       2.66331940713459    2.67453573568626    3.72860805329485
858       2.32845101758776    1.32354592284153   0.522519331912252
873       3.72976868376171    1.27835802581784    3.74868369315621
881       2.65301566872825   0.908376956089589    3.97617744987759
911       2.97502559808198    2.28856870292793    2.28652187375065
912       2.63340257553364     2.4647625437068    2.05032342956875
914      0.146351373609758  0.0281832761700525    2.73418379421489
915       1.10237958431226    0.58632978632791    2.72197867032173
928       3.26661837796438    3.59948295964597    1.66148608195975
929       3.22635576418382    3.30536111669879    1.71083845161631
937       3.60426634192941    1.07959805450501    2.84693088905891
943      0.734397308144466   0.123688870537522   0.615894661299454
951      0.431917541698845   0.354191973856807    3.88795470741055
952      0.182083835004515   0.211341099704495    3.70066510541792
958       3.20886033969133    1.56263300933589    3.18630298586481
974      0.236577515344845    1.14585790966229    2.49389856369309
990       2.15140289919769    1.32147896106409    1.03783451037421
991       1.73758149995193    1.04715309754454     1.1625280630269
1000       2.6651467540544    1.34185695207643    3.44805794672194
1001      2.50572356878055   0.900398116038379     3.6390420123305
1009      3.37677846909287    1.11625863878978     2.2769533605899
1010      3.05888237444139    1.30344212872494    2.23316771714575
1012      2.64813081203107    1.22630134174741    1.13966752318858
1022      3.39764163042411   0.996588340777034    2.72772676447741
1029       3.8710626246528    1.29345583249688     2.5762913783533
1035     0.601533963897427    2.44249287376052    1.42359085731172
1036     0.449137198217934     2.4247397806647    1.33041170685905
1048      2.72236810647702    3.31126285943972   0.366366298529667
1053      1.52750973797672    2.81626146070101     1.4005784695415
1058      0.53250646718388    1.78103925364894    3.34619100510793
1065      1.75494415271772   0.584006684288972    1.79005994679106
1067      2.20354918542095   0.600824972967704    2.03165255196194
1071      2.68335711124128   0.295988855922507     1.0211684854822
1085      2.30313495335266     1.1984699422246   0.876326077099026
1087      3.14152431057703    3.77010579062677    0.84626723788499
1088      3.04689085874894    3.30688440037114   0.644128360647693
1089      3.87670628014879    1.70743651562626    2.95604964058533
1090      3.58856158441569    1.37283792751549    3.10964348636668
1096      1.28691766893272     2.8749547989792    1.29247001373585
1097     0.968141777731676     3.1472982501911    1.64802927679066
1115    0.0876319844406084    2.87428245074995    1.21522953086239
1121     0.980682775236552   0.118443175027289   0.171731194213032
1122      1.06289401584649    3.73797228619342  0.0871842161221217
1153      1.68479134938923   0.598386038982166   0.881855576906004
1167     0.365115314475104    1.35628889144319   0.625460485031036
1171      3.32539367200169    2.69423776781883    2.39776926369854
1172      3.36413833503172    2.73454596542189    2.64675643171564
1176     0.951069236372098    1.47815283830505   0.435364549660221
1177     0.497345638778502    1.52489446370394    0.38252955184867
1178      3.54602919836143    0.67841100693335   0.889967617558981
1181      2.23685582212949    1.02438632035675   0.375313389170482
1184     0.729561743098677    2.12510742430695    3.33233840378269
1185     0.538796730240236    2.42741970542577    3.57967914797601
1186      2.04301380714701    2.82355911241984    2.37950525572739
1189      2.87988051380342   0.775292629984275    1.27370968625947
1190      3.41661604778536   0.861571975836372    1.11527709657241
1191       3.5706957727074    3.11846027558133    1.74197739595206
1192      3.67304047067473    2.78867038726635    1.43118942105157
1193     0.573120404188418    2.88230013759894    3.55860646881219
1196     0.954155721150059     0.2988073403778    2.45438278752034
1199      3.29149797144076   0.257251908696732   0.639968224491775
1202      2.94972111593448    1.41758829344477    3.03001706795784
1203       2.7697003164869    1.62009449604291    2.77473000118275
1204      2.94492315737235   0.115031970294868   0.743577955031108
1207      3.61341079772853    3.45038916130651    2.94143607604862
1208      3.94916626339819    3.90030492415603    2.59472176564355
1214     0.485344561304246     1.3854255772899    2.59570252604418
1215     0.528833357134411   0.335284511896269    2.42133843144445
1216     0.283574208631152     3.9812435539691    2.59632111935064
1217     0.330796270511028    2.25624687205552    3.65221880391397
1219     0.190984983405008    2.00139272410805   0.107936799987192
1220      1.18215979250623    3.82642458717662    2.67732111139773
1221     0.954858149361033    3.58316839387724    2.81784930239395
1222      3.00352065478126    1.14807754723106    2.81587217966586
1223      2.85570125598823    1.29232819194438    2.56791835677942
1224      3.21037919542807   0.502884658759162  0.0688097825866609
1226      2.00163412483649     2.7668421750014    3.06146065191339
1227      1.69413632901549    2.71672653712407    3.09493437752403
1228       3.2499679569678    3.56003657910623    2.93471095775903
1231      3.76694562974401   0.728283250750616    3.55364174596203
1232      0.13999285359961   0.543570612459544    3.54234888847999
1235      3.97420007476517    1.65847266600316    2.72497238392395
1236      3.80738296552122     2.3015829611748    2.29743897045439
1238      3.66915680114436   0.814511210465805     2.9610510921492
1239     0.111089235103937   0.576137770211823     2.9405239946015
1242     0.450634930814205    3.18189453901148    3.76646180314217
1243     0.368583422048986    1.80881384342284    3.44458705879629
1244     0.233519062448719    1.56623148471686    3.86945209962315
1245      3.11517131769194    2.43143104310141    2.96518777943754
1246      3.24424760434536    2.33870168970523    3.08061785225699
1248     0.358174109527691    1.65968753505692    2.73489471194074
1249     0.243075588240905    3.85050837049537    3.45347068745742
1250     0.698450039215113    3.63092480543518    3.53377867735739
1252      3.47788586945605    1.23172632508533   0.878723669447339
1253      3.64271870517045    1.52042098511099   0.985247530920953
1261     0.775006628468155    3.06182693947454    1.70132910820355
1262      3.14611881769271    1.48731979325903   0.812653386859426
1263      3.26141099924539    1.71827296397573   0.888934737807711
1264      3.75464277107049    3.79323327135813   0.486031332237591
1266      3.51407941565278    3.94853400391663    0.72480898715055
1267     0.850427045024765    1.73124733529158    2.12702258322744
1270   0.00591736090528899    3.86792307188123   0.722766102525704
1271      3.80920346451257    3.99121661915539   0.932234298389749
1273      3.90452764569284    2.96816564310567    2.54145788129972
1275     0.158664396669894    3.39918252512303    2.29475507525702
1277     0.522272270267613    2.25097204684128     1.5859198017988
1278     0.821712375248399    1.72556377481587    1.75590145469299
1279     0.223854347707109    3.31546717807147    1.34573288406016
1280      3.92410291775589    3.49305386717811    1.66896429982861
1282     0.640307874074366    2.13297659343488    2.37201700266147
1283     0.500264274724036    2.32160713948592    2.23657432077988
1284     0.128272613294952    3.56818366057395    1.87591975898704
1285     0.523998204796847    3.36862244845991    1.57045989293051
1287      1.42847705635752   0.602811958491799  0.0466453769761253
1288       0.6523596773916   0.779399074326252    3.61050297618379
1289     0.962344972917908   0.491908522149611    3.70460264976864
1290      3.43431483311412    0.71056259351041    2.82120918590349
1291      3.05573907935894   0.431095665073354    3.01333769930021
1293      3.17122430449554    3.98844500694493    2.64621323862771
1294      3.46018419144021   0.158658307600696    2.48464436152709
1296      2.31976021965909   0.311665093144356    1.97265331699202
1298     0.408036732503944    2.85405144106891     2.5828537609607
1299     0.605143454063483    2.50162794070957    2.35321162241614
1301      2.69083328406352   0.300780169005636    1.73761038798605
1302      2.60699379877396  0.0649262301418995    1.38571072649323
1303     0.779893929927571    2.94183457606956    2.21319688893852
1304     0.567848969832709    3.09559067519594    2.44113859995086
1305      2.97098810846534    3.02436216510892    1.05299354332178
1306      2.95598440682385    3.26525622708968    1.38663219099604
1309       1.7286845876429   0.260736154249225    1.65887333567995
1332      3.68191248622977    3.53876699865378     3.7260441049614
1333      3.71378702462791    3.30855830556605    3.90922417948899
1334      1.68168657089218   0.190933996267792    1.20884516036243
1335      1.93286561205675    3.99948239044193    1.10562282407481
1336       3.8343312020448    3.47836535108946     3.5809346400546
1337      3.91582850813385    3.25447617894655     3.6939754633378
1338      2.02396291029539  0.0713638247418768    1.75678125925647
1339      2.18047697620453    3.91777729578037    1.42630879878974
1343      1.95416975554525    3.12665084711367    1.13166249003017
1344      2.19339189465358     3.3553425645815    1.47500271203981
1346      2.67411000060216     3.1186493100518    1.44804602762117
1348      2.58714379662411     0.5248439969552    3.44594679198158
1350      2.18568987433234   0.349328843735793    3.38884302092321
1351      2.21617622470418    3.94233588382092    3.62199543829431
1352     0.904770711194193    3.42230721592459   0.448258938736073
1365     0.738493583424066      3.661813860545   0.758889048852008
1366      0.97784110242752    3.63152840433444    1.10107486522367
1367      2.84601328006129    3.50073060297685    3.59548820949967
1370      2.63232874709337    2.75972104806318    3.74956560005314
1371      2.90925502331432    3.16221509556705    3.95416955320673
1373       2.8882003373006   0.476276677114833  0.0148857919296354
1376      1.71233582913062    1.40317940195118    3.20439270358628
1377      1.95504312551609   0.906207773181515    3.60325227050622
1378      2.81301822727521   0.288181360381213    3.68068345309592
1379      2.57348583746729    3.90180157716226    3.77458133283821
1380      1.35909580073778    1.61553257767777    3.61297157173987
1382      1.45921338184757   0.751854067222891   0.143609422502405
1383      1.11477733309423    1.30727903291155  0.0824864378528359
1385      1.40815748612843    1.49806516945838    3.93314496746754
1386       1.7482405335478     1.0070303332762 0.00496042703687425
1389       2.0734143453534    3.81462478917539   0.410724562608502
1390      2.68408178867349   0.157467458108118   0.503648975653486
1391      2.50689666357106    3.81763577358915   0.285439392045279
1398      1.69112205876945    2.27609436118356    1.91256056862375
1399      1.46929421488009    1.89897925762818    2.08249612686351
1400      2.02466495946987    2.11309864646137    1.93655331949196
1401      1.93221345472892    1.79587456000409    2.06213743449073
1402      1.29170456283463    2.16290050337286    3.49962326900949
1403      1.50833232244683    2.21370773308573    3.22571355124823
1406      2.66108147566456    3.24127371034115    3.27933527791044
1407      2.55686333555404    2.80623950837345    3.48898796253136
1408      1.71260952905318     1.9508443336994     3.3400460586635
1409      1.46994747592692     1.9059915534349    3.61667901616068
1410      2.24855999479797    3.30638700755157     3.1198411056902
1411      2.08801287349248    2.97298904775702    3.24725090428836
1414      1.63535273750202     3.2341463681897     0.3557969378276
1415      1.78778331253688    3.34925419780918   0.902838057186864
1416      1.90217867396085    3.32746680529643   0.579961674424844
1417      1.34804669118209    3.23771448176748   0.922157593361163
1418      1.25992328597688     3.1615271442282   0.584769054734563
1419      1.82910828858721   0.562032682353795   0.727863657906979
1420      2.19024608915929   0.814313535332298   0.683366447771453
1422      2.42503458057281   0.334448182232646   0.769559787457513
1423      2.07230460649848   0.187141134514944   0.787123199383718
1447      2.34763676331813     2.5264640447369   0.864764373747421
1448      2.68493295634493    2.49720878886389    1.08386207599833
1452      2.33549594569022    2.85316072912391   0.878024764011521
1453      2.69486810332212    2.87850062708691     1.1103638604262
1454      1.16043396523188     3.0547509315625    2.30690548301266
1457      1.58695057801473    3.01072930464738    2.01297344465053
1458      1.29849866026156    3.17443258210484    2.08921835220731
1459       1.4355685373879     2.7397129142367     2.4166516963126
1460      1.64989203374663    2.76845021414296    2.20343081678701
edges 758         
2                 3           11
3                11           15
17               15            2
18                2           10
24               11           10
25                3            5
28               12            5
42               40           42
47               45           39
71               47           45
99               54           53
105              53           64
113              99           98
114              98           87
138              93           98
139              99           80
140              80           76
141              80           74
167             106          110
169             110          104
173             106          111
192             125          139
238             163          157
239             157          155
244             157          162
261             172          104
281             171          168
282             168          179
283             179           39
287             173          176
288             176          179
320             201          125
334             212           10
335              11          232
351             226            5
352             226          227
353             227          218
354             218            3
386             250          243
387             243          253
389             237          253
395             250          256
396             256          249
436             267          268
460             274          280
462             281          271
467             275          281
468             112          275
497             306          296
498             296          295
513             303          302
535             314          237
538             314          179
562             201           99
565             139           98
586             337          302
617              12          349
618             349          348
622             344          346
623             346          226
624             346          349
625             348          344
628             250          359
651             173          365
656             365          364
678             274          369
696             379          296
716             388          392
730             369          395
766             365          405
767             405          408
776             408          348
777             349          404
779              74          402
780             402          403
781             403          364
782             403          405
783             404          402
784             267          306
795             106          212
799             162          342
802             403          416
803             416          256
813             377          408
818             419          404
819             416          420
820             420          417
823             402          420
824             419          417
827             157          337
828             359          420
832             422          419
833             417          412
834             334          422
839             388          422
842             303          155
896             379          440
899             320          440
912             392          445
915             268          445
929              74          450
932               9          450
986             319          468
1009              9          476
1012             12          476
1038            367          487
1041             79          487
1106            364          509
1110            510          511
1113             42          510
1141            510          520
1142             15          520
1148            404          522
1149            476          522
1150             74          522
1166            527          529
1168            337          527
1170            342          529
1173             54          529
1176            531          532
1179            243          532
1181            379          531
1186            280          533
1189             87          533
1194            537          538
1196            422          537
1197            392          538
1199            412          537
1200            268          538
1235             79          549
1236              9          549
1270            364          560
1273            450          560
1313            110          573
1332            176          580
1333             45          580
1340            583          584
1342            138          583
1346            520          584
1347            585          586
1350            520          585
1351            584          586
1353            232          585
1354            302          586
1412            226          605
1454            619          620
1456            172          619
1457            171          619
1460             96          620
1476            625          627
1480            194          627
1481            212          625
1483            111          627
1488            190          629
1493            631          632
1496            168          631
1497            573          632
1498            367          632
1499            619          632
1500            633          634
1501            194          633
1502            163          633
1503            165          633
1505            162          634
1523            640          641
1524             39          640
1525            514          640
1526            237          640
1527             47          641
1531            468          642
1533            171          642
1542            320          646
1545            281          646
1574             53          656
1619            670          671
1620            271          670
1621            468          670
1622            377          670
1623            320          671
1627            412          672
1629            268          672
1642            677          678
1643            481          677
1644            337          677
1645            334          677
1647            163          678
1683            359          689
1685             80          689
1727            250          702
1732            704          705
1733            271          704
1734            274          704
1735            377          704
1736            275          705
1738            344          705
1740            511          706
1742            281          706
1747            138          708
1748            527          708
1749            586          708
1771            716          717
1773            583          716
1774            125          716
1776            584          717
1778            718          719
1781             54          718
1782             64          719
1846            104          738
1847            739          740
1848            212          739
1849            573          739
1851            232          740
1853            224          740
1905            112          757
1942              5          768
1944             10          768
1985            781          782
1986            348          781
1990            440          782
1991            295          782
2026            412          793
2027            532          793
2028            359          793
2059            803          804
2060            218          803
2061            295          803
2064            306          804
2066            805          806
2067            468          805
2069            168          805
2070            671          806
2072            314          806
2112            819          820
2114            719          819
2118            445          820
2133            825          826
2134            625          825
2135            768          825
2136            605          825
2137            627          826
2138            481          826
2139            678          826
2151            306          830
2152            538          830
2153            303          830
2170            836          837
2171             42          836
2172            735          836
2173            551          836
2174            511          837
2175            646          837
2178            714          838
2179            629          838
2187            806          840
2207            847          848
2208            529          847
2209            708          847
2212            585          848
2213             40          848
2247             15          858
2250            717          858
2290            138          873
2293            139          873
2323            716          881
2413            911          912
2415            267          911
2416            551          911
2417             47          912
2418            804          912
2419            735          912
2428            369          915
2429            642          915
2430            377          915
2468            928          929
2469            702          928
2470            464          928
2471            253          928
2474            641          929
2519             76          943
2522            450          943
2541            951          952
2542             76          951
2543             93          951
2544             96          951
2545            190          952
2565            138          958
2616            417          974
2618            395          974
2667            990          991
2669            295          990
2670            781          991
2672              3          990
2673             12          991
2699           1000         1001
2700            583         1000
2702            511         1000
2703            881         1001
2729           1009         1010
2732            532         1009
2733            379         1010
2735            672         1009
2736            267         1010
2741            296         1012
2772            937         1022
2773           1009         1022
2795            672         1029
2796            937         1029
2797            974         1029
2814           1035         1036
2817            605         1035
2818            388         1036
2820            678         1036
2856            224         1048
2876            227         1053
2889            280         1058
2911           1065         1067
2913            408         1065
2915            671         1067
2916            781         1065
2918            440         1067
2975            990         1085
2976            858         1085
2977           1012         1085
2981           1087         1088
2984            464         1087
2985            162         1088
2986           1048         1088
2988           1089         1090
2989            718         1089
2992            958         1090
2993            937         1090
2994            873         1090
3011           1096         1097
3012            605         1096
3013           1053         1096
3017            509         1097
3071            163         1115
3074           1036         1115
3091           1121         1122
3092             79         1121
3093            943         1121
3094             96         1121
3095            367         1122
3097            620         1122
3197            991         1153
3198              9         1153
3242             99         1167
3243            334         1167
3244            522         1167
3256            820         1171
3257            641         1171
3258            911         1171
3260            514         1172
3261           1171         1172
3262            719         1172
3273           1176         1177
3274            768         1176
3275            476         1176
3277            481         1177
3278           1167         1177
3279             87         1177
3281            201         1178
3283            689         1178
3291            858         1181
3292            881         1181
3301           1184         1185
3302            757         1184
3303           1058         1184
3305            656         1185
3307            111         1185
3311            735         1186
3314             45         1186
3317           1189         1190
3318            531         1189
3319           1071         1189
3320           1012         1189
3321            793         1190
3322           1178         1190
3324           1191         1192
3325            820         1191
3327            929         1191
3328            392         1192
3329           1115         1192
3330            155         1192
3332            111         1193
3333            104         1193
3334            656         1193
3342            405         1196
3345            915         1196
3354           1178         1199
3358           1202         1203
3360           1000         1202
3361            837         1203
3363            958         1202
3364            551         1203
3366           1071         1204
3367           1199         1204
3368           1087         1204
3374           1207         1208
3376             64         1207
3377            249         1208
3380            914         1208
3395            274         1214
3398            974         1214
3399           1215         1216
3400            395         1215
3401           1196         1215
3402            416         1215
3403            914         1216
3405            249         1216
3407           1217         1219
3409             54         1217
3411            527         1219
3412           1185         1217
3414            481         1219
3415           1220         1221
3416            171         1220
3417           1196         1220
3418            173         1220
3419            172         1221
3420           1216         1221
3421            738         1221
3422           1222         1223
3423           1022         1222
3424           1202         1222
3425            840         1222
3426           1010         1223
3427           1203         1223
3428            320         1223
3430            125         1224
3431           1199         1224
3432            629         1224
3436           1226         1227
3438           1186         1226
3439             42         1226
3440            110         1227
3444            714         1228
3445           1207         1228
3446            514         1228
3452           1231         1232
3454            629         1231
3455            952         1232
3457            139         1231
3458             93         1232
3466           1235         1236
3469           1089         1235
3470            819         1236
3472           1029         1235
3473            445         1236
3475           1238         1239
3476            937         1238
3477           1231         1238
3479            395         1239
3480           1232         1239
3481            914         1239
3487            194         1242
3490           1193         1242
3491           1243         1244
3492           1058         1243
3493           1217         1243
3494           1089         1243
3495             87         1244
3496           1219         1244
3497            873         1244
3498           1245         1246
3499            551         1245
3500           1172         1245
3501             40         1245
3502            958         1246
3503            718         1246
3504            847         1246
3509           1214         1248
3510           1235         1248
3511           1058         1248
3512           1249         1250
3513            914         1249
3515            952         1249
3516            172         1250
3517           1242         1250
3518            620         1250
3521           1252         1253
3523            201         1252
3524            334         1253
3526           1190         1252
3527            537         1253
3549           1035         1261
3552           1097         1261
3553           1262         1263
3554           1012         1262
3555           1252         1262
3556            717         1262
3557            830         1263
3558           1253         1263
3559            302         1263
3561           1264         1266
3563            634         1264
3565           1087         1266
3566            190         1264
3568           1199         1266
3572            705         1267
3575           1214         1267
3578           1270         1271
3579             76         1270
3580           1264         1270
3581            165         1270
3582            689         1271
3583           1266         1271
3584            702         1271
3589             64         1273
3592            819         1273
3596           1273         1275
3597            249         1275
3601           1277         1278
3602            388         1277
3604           1035         1277
3605            419         1278
3606           1267         1278
3607            346         1278
3608           1279         1280
3611            165         1279
3612            702         1280
3614           1115         1279
3615           1191         1280
3617           1282         1283
3618           1248         1282
3619           1267         1282
3620            757         1282
3621           1236         1283
3622           1277         1283
3624           1284         1285
3625           1275         1284
3626           1280         1284
3627            256         1284
3628           1261         1285
3629           1279         1285
3630            509         1285
3636            319         1287
3637             79         1287
3638           1288         1289
3639             93         1288
3640            533         1288
3641            369         1288
3642             96         1289
3643           1287         1289
3644            642         1289
3645           1290         1291
3648           1022         1290
3649            840         1291
3651           1238         1290
3652            838         1291
3654           1293         1294
3655           1228         1293
3656           1291         1293
3657            237         1293
3658           1208         1294
3659           1290         1294
3660            243         1294
3665            314         1296
3668           1067         1296
3670           1298         1299
3673            656         1298
3674            757         1299
3676           1273         1298
3677           1283         1299
3679           1301         1302
3680            531         1301
3681           1296         1301
3682            253         1301
3683           1071         1302
3685            464         1302
3686           1303         1304
3687           1261         1303
3688           1299         1303
3690           1275         1304
3691           1298         1304
3692            738         1304
3693           1305         1306
3696            155         1305
3697            929         1306
3699           1088         1305
3700            464         1306
3706            365         1309
3709           1065         1309
3777           1332         1333
3779            190         1332
3780            634         1333
3782            714         1332
3783            342         1333
3784           1334         1335
3785           1153         1334
3786           1309         1334
3787            560         1334
3791           1336         1337
3792           1207         1336
3793           1332         1336
3794           1249         1336
3795             53         1337
3796           1333         1337
3797           1242         1337
3798           1338         1339
3799           1296         1338
3800           1309         1338
3801            176         1338
3802           1302         1339
3803           1335         1339
3814           1343         1344
3817           1339         1344
3819           1053         1343
3820            580         1344
3825             47         1346
3826           1344         1346
3827           1306         1346
3832            840         1348
3835           1001         1348
3837           1350         1351
3838            319         1350
3839           1348         1350
3840            805         1350
3841            487         1351
3843            631         1351
3847            194         1352
3850           1122         1352
3885           1365         1366
3886            943         1365
3887           1352         1365
3888            165         1365
3889            560         1366
3891            509         1366
3895            714         1367
3901           1370         1371
3902            740         1370
3904            848         1370
3905           1048         1371
3906           1367         1371
3907            342         1371
3912            881         1373
3915           1224         1373
3919           1376         1377
3921            271         1376
3922            319         1377
3924            706         1376
3925           1001         1377
3926           1378         1379
3927            838         1378
3928           1373         1378
3929           1348         1378
3930           1367         1379
3932           1351         1379
3935           1376         1380
3936            280         1380
3940           1382         1383
3943            549         1382
3944           1176         1383
3946           1287         1382
3947            533         1383
3949           1385         1386
3950           1380         1385
3951           1383         1385
3952              2         1385
3953           1377         1386
3954           1382         1386
3955           1181         1386
3964            487         1389
3965           1390         1391
3966           1373         1390
3968           1204         1390
3969           1379         1391
3970           1389         1391
3971           1048         1391
3990           1398         1399
3992            227         1398
3993            344         1399
3996            275         1399
3997           1400         1401
3998            735         1400
3999           1398         1400
4000            803         1400
4001            646         1401
4002           1399         1401
4003            782         1401
4004           1402         1403
4007           1184         1402
4008            112         1403
4010            106         1402
4011           1227         1403
4015           1406         1407
4017            514         1406
4018             40         1407
4020           1367         1406
4021           1370         1407
4022           1408         1409
4023            510         1408
4024           1403         1408
4025            706         1408
4026              2         1409
4027           1402         1409
4028           1380         1409
4029           1410         1411
4030            631         1410
4031           1406         1410
4032             39         1410
4033            573         1411
4034           1407         1411
4035           1226         1411
4041            739         1414
4044            367         1414
4045           1415         1416
4046           1335         1415
4048           1343         1415
4049           1389         1416
4050           1414         1416
4051            224         1416
4052           1417         1418
4053           1366         1417
4054           1415         1417
4055           1096         1417
4056           1352         1418
4057           1414         1418
4058            625         1418
4059           1419         1420
4062           1153         1419
4063           1085         1420
4065            549         1419
4066           1181         1420
4068           1422         1423
4069           1390         1422
4070           1420         1422
4071           1071         1422
4072           1389         1423
4073           1419         1423
4074           1335         1423
4148           1447         1448
4149            218         1447
4150            232         1447
4152            804         1448
4153            303         1448
4164           1452         1453
4165           1343         1452
4166            224         1452
4167           1447         1452
4168           1346         1453
4169           1305         1453
4170           1448         1453
4174           1303         1454
4177            738         1454
4180           1457         1458
4181            580         1457
4183           1053         1457
4184            173         1458
4185           1454         1458
4186           1097         1458
4187           1459         1460
4188           1227         1459
4189           1454         1459
4190            112         1459
4191           1186         1460
4192           1457         1460
4193           1398         1460
polygons 443         
0                 2            3         2247         2672         2975         2976
1              1009         1012         2673         3197         3198
2              1236         3198         4062         4065
3                17         2247         3291         3949         3952         3955
4                18         1944         3274         3944         3951         3952
5                17            3           24           18
6                25           24            2         1942         1944
7                28           25         2667         2672         2673
8              3943         3954         3955         4059         4065         4066
9                28         1012         1942         3274         3275
12             1009         1236         3275         3940         3943         3944
13             2171         2172         3311         3438         3439
14               42         3439         4018         4034         4035
16               47         3314         3438         4029         4032         4035
17             3260         3500         3501         4015         4017         4018
18             1524         1525         4017         4031         4032
19             1527         2413         2417         3257         3258
20             2416         3258         3261         3499         3500
21             2172         2173         2413         2416         2419
23               42         2171         2173         3499         3501
24               71         2417         2419         3311         3314
27               47           71         1523         1524         1527
28             1781         2989         3409         3493         3494
29             1778         2114         2989         3466         3469         3470
31             3469         3492         3494         3510         3511
33             3470         3592         3621         3670         3676         3677
34               99         1574         3305         3409         3412
35             3617         3620         3674         3677
37              105         1574         3589         3673         3676
38               99          105         1778         1781         1782
40             1782         2114         3589         3592
43              113          114         3242         3278         3279
44             1189         3273         3279         3944         3947
46             2519         2542         2544         3093         3094
47             3092         3094         3637         3642         3643
48              138          113          139          140         2542         2543
49              140          141          929         2519         2522
51              929          932         1009         1149         1150
53             1235         3637         3943         3946
54              932         1235         1236         2522         3092         3093
55              139          141         1150         3242         3244
56             2543         2544         3638         3639         3642
57              114          138         1189         3639         3640
60             4008         4011         4188         4190
61             1905         3674         3688         4174         4189         4190
63              167         3440         4004         4010         4011
64              169         1846         3440         4177         4188         4189
65             1846         3333         3334         3673         3691         3692
66              169          167          173         3332         3333
67             1905         3302         4004         4007         4008
68             3305         3307         3332         3334
69              173         3301         3307         4007         4010
71             2772         3476         3648         3651
72              192         3430         3432         3454         3457
73             2179         3432         3915         3927         3928
74             2293         2993         2994         3457         3476         3477
76             1773         2323         2699         2700         2703
77             2703         3835         3912         3928         3929
78             3423         3425         3645         3648         3649
80             1342         2565         2700         3360         3363
81             1774         2323         3430         3912         3915
83              192         1342         1773         1774         2290         2293
84             2290         2565         2992         2994
86             3649         3652         3832         3927         3929
89             1502         1503         3071         3611         3614
90             2468         2469         3327         3612         3615
91              238          239         3071         3329         3330
92              239          244         2985         3696         3699
93             2469         2470         2984         3565         3583         3584
94             1505         2981         2985         3561         3563         3565
95             3578         3581         3584         3608         3611         3612
96             3324         3327         3330         3693         3696         3697
97             2981         2984         3693         3699         3700
98              244          238         1500         1502         1505
99             1500         1503         3563         3580         3581
100             261         1846         3419         3421
101             261          169         1313         1456         1497         1499
105             281         1457         1493         1496         1499
106             282          283         1496         4030         4032
107             281          287          288          282         3416         3418
108              47          283          288         1332         1333
109            1333         3314         4181         4191         4192
110            1313         3436         3440         4033         4035
111            1456         1457         3415         3416         3419
112            3415         3418         3421         4177         4184         4185
113             287         1332         4180         4181         4184
114            1493         1497         4029         4030         4033
116            2541         2542         2545         3566         3579         3580
117            2545         3515         3779         3793         3794
118            3563         3566         3777         3779         3780
119            1460         3091         3094         3097
120            1460         2541         2544         3512         3515         3518
121            1500         1501         3487         3780         3796         3797
122            1501         1503         3847         3887         3888
123            2519         3579         3581         3886         3888
124            3097         3487         3517         3518         3847         3850
127             320         3281         3354         3430         3431
129            2250         2976         2977         3554         3556
130            3281         3322         3523         3526
131             320         1771         1774         3523         3555         3556
132            3366         3968         4069         4071
133            2977         3319         3320         4063         4070         4071
135             334           24          335         1847         1848         1851
136            1851         1853         4150         4166         4167
137             334         1481         1944         2134         2135
138            1481         1848         4041         4057         4058
139             351         1412         1942         2135         2136
140             351          352          353          354           25
141            4045         4048         4051         4165         4166
142            3013         3819         4048         4054         4055
144             335            2          354         4149         4150
148            2134         2136         3012         4052         4055         4058
149             353         2876         3819         4149         4165         4167
150            1847         1853         4041         4050         4051
152             352         1412         2876         3012         3013
153            2474         3256         3257         3325         3327
154             386          387         1727         2469         2471
155             389          387         3654         3657         3660
156             389         1523         1526         2468         2471         2474
157            1525         1526         3446         3655         3657
158             386          395          396         3377         3658         3660
159            1782         3260         3262         3376         3445         3446
160            3374         3376         3377         3589         3596         3597
163            2112         3325         3592         3596         3615         3625         3626
166             395         1727         3612         3626         3627
167             396         3597         3625         3627
168            1747         2209         2565         3502         3504
170            2170         2173         3361         3364
171            2174         2702         3358         3360         3361
173            1346         1347         1350         1351
174            2207         2213         3498         3501         3504
175              42         1113         1141         1350         2212         2213
176            1110         1113         2170         2171         2174
177            1110         1141         1340         1346         2700         2702
179            1340         1342         1351         1747         1749
180             436          915         2118         2415         3256         3258
181            2415         2416         2736         3364         3426         3427
182            2988         2989         2992         3502         3503
183             915         1629         2795         3466         3472         3473
184             436         1629         2729         2735         2736
185            2735         2772         2773         2795         2796
187            2889         3303         3936         4007         4027         4028
189             460         1733         1734         3921         3935         3936
190             462         1742         3921         3924
191            1732         1734         3395         3572         3575
192             460         2889         3395         3509         3511
193             467          468         1742         4008         4024         4025
194             462          467         1732         1733         1736
195             468         1736         1905         3572         3619         3620
197              71         1333         3820         3825         3826
200            2876         3992         4183         4192         4193
201            2059         2418         2419         3998         4000
202            2417         2418         3825         4152         4168         4170
203            3814         3819         3820         4181         4183
204            3311         3998         3999         4191         4193
205             353         2060         3992         3999         4000
207            2059         2060         4148         4149         4152
208             354         2060         2061         2669         2672
210             497          498         2059         2061         2064
211             498         2669         2741         2975         2977
213            1351         1354         1776         3553         3556         3559
214             497         2151         2741         3553         3554         3557
216             335            3         1142         1350         1353
217             513         2153         3557         3559
218            2064         2151         2153         4152         4153
219            1142         1346         1776         2247         2250
221             513         1347         1353         1354         4148         4150         4153
222            3455         3480         3481         3513         3515
224            3374         3380         3513         3792         3794
225            3444         3445         3782         3792         3793
226            1488         2178         2179         3779         3782
227            1488         2545         3452         3454         3455
228            3843         3930         3932         4020         4030         4031
230             535         2072         2187         3649         3656         3657
231            3444         3446         3895         4017         4020
232             538          283          535         1524         1526
233             282          538         2066         2069         2072
234            2178         3895         3926         3927         3930
235            1496         2069         3837         3840         3843
238            3835         3838         3839         3922         3925
239             986         1620         1621         3919         3921         3922
240             462         1542         1545         1619         1620         1623
241            1623         2070         2187         3422         3425         3428
242             986         2067         3838         3840
243            1740         2699         2702         3919         3924         3925
245            1542         2175         3361         3427         3428
246            1545         1740         1742         2174         2175
247             140         1685         3578         3579         3582
248             562          139         1685         3281         3283
250             192          565          113          562          320
251             138          565         3452         3457         3458
252            3283         3354         3568         3582         3583
253            1488         3431         3432         3561         3566         3568
257            2541         2543         3455         3458
258            1168         1643         1644         3411         3414
259            3277         3279         3414         3495         3496
260             565          114         2293         3495         3497
261             586         1168         1354         1748         1749
262             586         1644         1645         3524         3558         3559
263            1747         1748         2290         3411         3496         3497
265             562         3242         3243         3521         3523         3524
268            1643         1645         3243         3277         3278
271            3777         3782         3783         3895         3906         3907
273            1173         1781         2208         3503         3504
274              99         1170         1173         3783         3795         3796
275            1170         2207         2208         3901         3904         3907
276            2213         3904         4018         4021
279             105         3376         3791         3792         3795
282            1991         2061         3997         4000         4003
283             617          618         1986         2670         2673
284            1985         1991         2667         2669         2670
285             622          623          352         3990         3992         3993
286             351          623          624          617           28
287             625         1985         1986         3993         4002         4003
289             622          625          618          624
291             628         1683         1727         3582         3584
292            3367         3368         3565         3568
294             387         1176         1179         3680         3682
295            3318         3319         3679         3680         3683
296            2984         3366         3368         3683         3685
300            2470         2471         3679         3682         3685
301             628          386         1179         2027         2028
302            1683         2028         3283         3321         3322
303             287          651         3706         3800         3801
304            3803         3814         3817         4046         4048
305             656         1270         3706         3786         3787
306            1106         1270         3889         3891
307             656          651         1106         3017         4184         4186
308            1332         3798         3801         3817         3820
310            4045         4046         4049         4072         4074
311            1038         3964         4044         4049         4050
313            1041         1235         3964         4065         4072         4073
314            1038         1041         3091         3092         3095
315             932         1273         3198         3785         3787
316            3095         3850         4044         4056         4057
318            1531         1621         1622         2429         2430
319            1620         1622         1733         1735
321             678         1734         1735         2428         2430
322             460          678         1186         3640         3641
324            2428         2429         3638         3641         3644
325            3636         3922         3946         3953         3954
326            1186         3936         3947         3950         3951
327             986         1531         3636         3643         3644
331             696         1181         2741         3318         3320
332            3683         3802         3803         4068         4071         4074
334            2670         2916         3197         3709         3785         3786
335             498          696          896         1990         1991
336             896         1181         2918         3668         3680         3681
341             912         2118         3324         3325         3328
342             716          912         3473         3602         3621         3622
343            2814         2818         3602         3604
344             716         2818         3074         3328         3329
345            3549         3604         3622         3677         3687         3688
347            1527         2474         3697         3825         3827
348            3685         3700         3802         3817         3826         3827
351             538          288         3665         3799         3801
352             389          535         3665         3681         3682
356            1166         1173         3407         3409         3411
357            2618         2796         2797         3475         3476         3479
358             730         3458         3479         3480         3639         3641
359             730          678         2618         3395         3398
363            1186         1189         2889         3491         3492         3495
365            2817         3011         3012         3549         3552
366            1647         2820         3071         3074
367            2133         2136         2139         2814         2817         2820
369            1476         1480         3847         4056         4058
370            3611         3629         3630         3885         3888         3891
371            3017         3552         3628         3630
372            1480         1501         1502         1647         2137         2139
374             281         1531         1533         2067         2069
377            1038         1493         1498         3841         3843
379            1454         1457         1460         1533         3642         3644
380            1041         3636         3637         3837         3838         3841
381            1454         1498         1499         3095         3097
386             623         1412         2817         3601         3604         3607
387             468         3990         3996         4187         4190         4193
388            1736         1738         3993         3996
389            3552         3687         4174         4185         4186
390             622         1738         3572         3606         3607
391             766          767         2913         3706         3709
394             776         1986         2913         2916
396             617          777         1012         1148         1149
397             779          780          781          929         1270         1273
398             781          782          766          656
399             779          783         1148         1150
400             783          777          618          776          767          782          780
401             784          436         1200         2151         2152
402             696          497          784         2733         2736
403            1627         2026         2027         2732         2735
404            1176         1181         2729         2732         2733
405            1194         1199         1200         1627         1629
406            1199         2026         3321         3521         3526         3527
407            1113         3436         3439         4011         4023         4024
408             795          334           18         4010         4026         4027
410            1353         1851         2212         3902         3904
411              17         1141         1142         4022         4023         4026
412             167          795         1313         1848         1849
413             467         1545         3996         4001         4002
415             799         2985         2986         3905         3907
416            3905         3906         3930         3969         3971
417             799         1505         3780         3783
420            2703         3292         3925         3953         3955
421            3950         3952         4026         4028
422             781          802          803         1106         3624         3627         3630
423             396          803         3399         3402         3405
424            3405         3420         3421         3597         3690         3692
425             802          782         3342         3401         3402
426             766          651         3342         3417         3418
428            1179         2732         2773         3648         3659         3660
429             896          899         2733         3426         3428
430            2070         2072         2915         3665         3668
431             899         1623         2915         2918
433             813          767         2430         3342         3345
435             624          818          777         3605         3607
436             819          820         2616         2618         3400         3402
437             625          776          813         1732         1735         1738
438             730         2428         3345         3400         3401
439             823          819          802          780
440             783          818          824          820          823
441             824         2616         3398         3575         3605         3606
442            1480         1483         3332         3487         3490
443            1483         2137         2138         3307         3407         3412         3414
444             799          244          827         1166         1168         1170
445             827          238         1642         1644         1647
446            1642         1643         2138         2139
447            1574         3334         3490         3795         3797
448             779          141          828          823         1683         1685
450             832          824          833         1196         1199
451             834         1196         3524         3527
452             833          820          828         2026         2028
453             818          832          834         1148         3243         3244
454             795          173         1476         1481         1483
455             261         3333         3490         3516         3517
456            1454         1456         3516         3518
459            1497         1498         1849         4041         4044
461             833         1627         2616         2795         2797
462             839          832         3601         3602         3605
463             716          839         1194         1196         1197
464             912          915         1197         1200
467             842         3696         4153         4169         4170
468             842         1197         2152         2153         3328         3330
469             784         2064         2413         2415         2418
470            1853         2856         3901         3902         3905
471            2856         3970         3971         4049         4051
472            1533         2429         3345         3416         3417
474             813         1619         1622         2911         2913         2915
476             834          839         1642         1645         2818         2820
477             827          239          842          513          586
478             899         1542         1990         4001         4003
479            3403         3419         3420         3512         3513         3516
480            3377         3380         3403         3405
482             828          628          395          803          819
483            3399         3400         3403         3479         3481
484            2856         2986         3699         4164         4166         4169
492            1985         1990         2911         2916         2918
493            2112         2118         3470         3473
495            1273         2522         3885         3886         3889
496            1771         2250         2323         3291         3292
500            2468         2470         3697         3700
501            1619         1621         2066         2067         2070
503            3924         3935         4022         4025         4028
504            1149         3244         3273         3275         3278
505            2133         2135         2138         3273         3274         3277
507            3841         3932         3964         3969         3970
513            3011         3017         3891         4053         4055
514            1110         1740         4023         4025
515            1523         1525         3257         3260         3261
517            1166         1748         2208         2209
518            1176         2027         3317         3318         3321
519            3638         3640         3643         3940         3946         3947
520            1194         2152         3527         3557         3558
523            3358         3363         3364         3498         3499         3502
526            3784         3787         3889         4046         4053         4054
528            1847         1849         3902         4021         4033         4034
530            1340         1771         1773         1776
531            1347         1749         2207         2209         2212
533            3686         3692         4174         4177
535            3302         3303         3511         3618         3620
539            1476         2133         2134         2137
540            2179         3454         3477         3645         3651         3652
541            2066         2187         3832         3839         3840
542            2170         2172         2175         3997         3998         4001
543            2699         3360         3424         3425         3832         3835
544            3301         3302         3305         3670         3673         3674
548            3380         3475         3481         3651         3658         3659
550            2112         2114         3256         3261         3262
553            2178         3444         3652         3655         3656
554            1778         3262         3498         3500         3503
557            2797         3398         3472         3509         3510
558            2814         3074         3549         3614         3628         3629
559            2772         2992         2993         3363         3423         3424
570            2976         3291         4063         4066
573            2988         2994         3491         3494         3497
575            3292         3912         3966         4066         4069         4070
579            3317         3319         3322         3354         3366         3367
581            3784         3785         4062         4073         4074
582            3317         3320         3526         3554         3555
585            2796         2988         2993         3469         3472
587            3091         3093         3850         3886         3887
595            2667         2975         3197         4059         4062         4063
599            2729         2773         3422         3423         3426
604            2981         2986         3368         3965         3968         3971
606            3011         3013         4180         4183         4186
607            3301         3303         3412         3492         3493
609            2911         3668         3709         3799         3800
617            3324         3329         3608         3614         3615
626            3436         3438         4187         4188         4191
627            3399         3401         3415         3417         3420
628            3367         3431         3915         3966         3968
629            3358         3422         3424         3427
630            3374         3445         3654         3655         3658
632            3509         3575         3618         3619
633            3407         3491         3493         3496
634            3452         3475         3477         3480
635            3466         3510         3617         3618         3621
636            3512         3517         3791         3794         3797
637            3521         3553         3555         3558
639            3624         3625         3628         3686         3687         3690
640            3561         3578         3580         3583
641            3601         3606         3617         3619         3622
642            3596         3676         3690         3691
643            3608         3624         3626         3629
644            3645         3654         3656         3659
645            3679         3681         3798         3799         3802
646            3670         3686         3688         3691
647            3693         3827         4168         4169
648            3784         3786         3798         3800         3803
653            3777         3791         3793         3796
654            3814         3826         4164         4165         4168
655            3837         3839         3926         3929         3932
656            3885         3887         4052         4053         4056
659            3901         3906         4015         4020         4021
660            3926         3928         3965         3966         3969
661            3919         3935         3949         3950         3953
662            3940         3949         3951         3954
663            3965         3970         4068         4069         4072
665            3990         3997         3999         4002
666            4004         4022         4024         4027
667            4015         4029         4031         4034
668            4045         4050         4052         4054         4057
669            4059         4068         4070         4073
671            4148         4164         4167         4170
676            4180         4185         4187         4189         4192
cells 64          
0                 0            1            2            3            4            5            6            7            8            9           12          570          595          662
1                13           14           16           17           18           19           20           21           23           24           27          515          667
2                28           29           31           33           34           35           37           38           40          535          544          607          635
3                43           12           44           46           47           48           49           51           53           54           55           56           57          504          519
4                60           61           63           64           65           66           67           68           69          533          544          646
5                71           72           73           74           76           77           78           80           81           83           84           86          540          543          559
6                89           90           91           92           93           94           95           96           97           98           99          500          617          640
7               100           64          101          105          106          107          108           16          109          110          111          112          113          114          626          676
8               116          117          118           46          119          120          121          122           99          123          124          587          636          653
9                81          127          129          130          131          132          133          496          570          575          579          582          628
10              135          136            6          137          138          139          140          141          142          144          148          149          150          152          668
11              153          154           90          155          156          157          158          159           40          160          163          166          167          515          550          630
12              168          170           23          171          173          174          175          176           80          177          179          523          531
13              180          181           20          182          183          184          185           29          493          523          550          554          559          585          599          629
14              187          189          190          191          192          193          194          195           67          503          535          632          666
15              197          109           24          149          200          201          202          203          204          205          207          654          671
16              144            0          208          129          210          211          213          214          173          216          217          218          219          207          221
17              222          224          225          226          117          227          540          548          553          630          634          644
18              228          106          157          230          231          232          233          234          235           18           86          541          553          655
19              238          190          239          240          241          242          243          171          245          246          501          541          543          629
20              247          248          250           72          127          251          252          253          116           48          257          227          640
21              258          259          260          261          213          262          179           83          263          265          131          268           43          250          530          637
22              225          271          231          273          274          275          276          159           38          279          174           17          554          653          659
23              282          283          284          285          205          140            7          286          287          208          289          665
24              291           93          292          294          295          296          154          300          301          252          302          518          579
25              303          304          305          306          142          307          308          203          113          513          526          606          648
26              310           54          311          313          314          315            2          316          495          526          581          587          656          668
27              318          319          321          322          189          239          324          325          326          327          519          661          662
28              295          331          332          133          334          335          336          211          284          492          581          595          609          645          648          669
29              341          342           33          343          344          163          345          493          558          617          639          642          643          646
30              197          308          232          347          156           27          300          348          351          108          352          500          645
31              263          168           84           28          182          273          356          517          573          633
32              357           31          358           57          251          359          192          322          260          363           74          557          573          585          634
33              365          366          367           89          369          370          148          371          122          372          513          539          558          656
34              374          327          377          235           47          379          242          380          314          381          119          105
35              195           61          200          345          386          387          285          152           35          388          389          365          390          606          641          676
36              391          305          334          394          315          283          396            1          397          398           51          399          400
37              401          402          184          331          214          403          404          405          406          518          520          582          637
38              407          408           63          110          276           14          410            5          411          412          216          175          135          528          666
39              413          193          387           60          204           13          246          407          176          514          542          626          665
40               73          271          234          415          292          416           94          417          118          226          253          604          628          660
41              219            3          420          411          243           76          177          421          496          503          514          530          661
42              422          307          423          167          424          425          389          398          426          112          371          533          627          639
43              241          155          428           78          429          230          430          404          336          431          294          352          599          644
44              433          435          289          400          359          321          191          390          425          436          437          438          439          440          441
45              372          442          274          417          121           68          443          444           34          258          445          446          447           98          356
46              448          399          440          265          450          451          406          302          130          248          452           55          453
47              454          138          442          455          412          101          381          456           66          124          369          316          459
48              461          342          462          463          441          450          464          405          183          557          632          635          641
49              347          467           96          464          468          341          153          401          218           19          469          202          180          647
50              150          470          471          311          377          228          459          416          114          507          528          659          667
51              374          107          233          351          391          426          433          472          430          303          474          318          501          609
52              451          262          476          445          477          217          468          344           91          366          463          520
53              478          394          287          388          437          431          240          319          474          194          413          492
54              386          435          286          139          343          396          462          453          476          268            9          367          446          504          505
55              279          455          224          424          479           65          447          100          160           37          480          636          642
56              181          402          170          282          478          201          429          335          245           21          210          469          542
57              158          428           71          301          357          436          461          482          452          423          480          185          483          403          548
58              484          471          296          141          310          304          348          332          132           97          604          647          654          663
59              470          415          484          467           92          221          410          136          477          444          275          261          517          531          671
60              379          456          111          257           56          358          120          222          483          438          479          324          472          627
61              259          443          363          187          326          408          454           69           44          137            4          421          505          539          607          633
62              291          247          123           95           49          397          422          370          306          166          482          448          439          495          643
63              313           53          380          420          238            8          325           77          507          575          655          660          663          669

