2.19e-05
2.20e-04
2.01e-04
2.01e-04
1.95e-04
1.89e-04
1.84e-04
1.78e-04
1.73e-04
1.67e-04
1.63e-04
1.58e-04
1.54e-04
1.50e-04
1.46e-04
1.42e-04
1.38e-04
1.35e-04
5.09e-04
2.03e-04
2.38e-04
2.18e-04
2.15e-04
2.38e-04
2.30e-04
9.25e-04
8.71e-04
8.47e-04
8.30e-04
8.15e-04
8.02e-04
7.88e-04
7.75e-04
7.62e-04
7.49e-04
7.36e-04
7.24e-04
7.12e-04
7.03e-04
6.96e-04
6.84e-04
6.77e-04
6.69e-04
6.60e-04
6.04e-04
5.85e-04
5.74e-04
5.63e-04
5.51e-04
5.39e-04
5.28e-04
5.16e-04
5.04e-04
4.92e-04
4.79e-04
4.65e-04
4.52e-04
5.78e-04
6.37e-04
6.68e-04
6.66e-04
6.58e-04
6.49e-04
6.40e-04
6.31e-04
6.22e-04
6.13e-04
6.05e-04
5.97e-04
5.89e-04
5.81e-04
5.73e-04
5.66e-04
5.58e-04
5.52e-04
5.43e-04
5.36e-04
5.29e-04
5.21e-04
5.18e-04
5.10e-04
5.06e-04
4.98e-04
4.92e-04
4.85e-04
4.79e-04
4.75e-04
4.68e-04
4.62e-04
4.57e-04
4.52e-04
4.47e-04
4.41e-04
4.36e-04
4.31e-04
4.26e-04
4.21e-04
4.16e-04
4.11e-04
4.06e-04
4.01e-04
3.96e-04
3.92e-04
3.87e-04
3.82e-04
3.78e-04
3.74e-04
3.69e-04
3.64e-04
3.61e-04
3.55e-04
3.51e-04
3.48e-04
3.43e-04
3.38e-04
3.35e-04
3.30e-04
3.26e-04
3.22e-04
3.19e-04
3.14e-04
3.09e-04
3.06e-04
3.03e-04
2.98e-04
2.95e-04
2.91e-04
2.87e-04
2.84e-04
2.81e-04
2.76e-04
2.72e-04
2.68e-04
2.66e-04
2.62e-04
2.60e-04
2.56e-04
2.52e-04
2.49e-04
2.46e-04
2.43e-04
2.39e-04
2.35e-04
2.33e-04
4.18e-04
4.00e-04
3.93e-04
3.87e-04
3.81e-04
3.76e-04
3.71e-04
3.66e-04
3.60e-04
3.56e-04
3.51e-04
3.46e-04
3.41e-04
3.36e-04
3.31e-04
3.26e-04
3.21e-04
3.16e-04
3.12e-04
3.07e-04
3.03e-04
2.99e-04
2.95e-04
2.91e-04
2.86e-04
2.82e-04
2.78e-04
2.74e-04
2.71e-04
2.66e-04
2.62e-04
2.59e-04
2.56e-04
2.52e-04
2.48e-04
2.44e-04
2.42e-04
2.38e-04
2.34e-04
2.30e-04
2.28e-04
2.24e-04
2.20e-04
2.17e-04
2.15e-04
2.12e-04
2.09e-04
2.06e-04
2.03e-04
2.00e-04
1.97e-04
1.94e-04
1.91e-04
1.88e-04
1.86e-04
1.83e-04
1.81e-04
1.79e-04
1.76e-04
1.74e-04
1.72e-04
1.69e-04
1.67e-04
1.64e-04
1.62e-04
1.60e-04
1.58e-04
1.56e-04
1.54e-04
1.52e-04
1.50e-04
1.48e-04
1.46e-04
1.45e-04
1.43e-04
1.41e-04
1.39e-04
1.37e-04
1.36e-04
1.34e-04
1.32e-04
1.31e-04
1.29e-04
1.28e-04
1.26e-04
1.25e-04
1.23e-04
1.21e-04
1.20e-04
1.19e-04
1.17e-04
1.16e-04
1.15e-04
1.13e-04
1.12e-04
