3.04e-02
2.90e-02
2.77e-02
2.63e-02
2.50e-02
2.36e-02
2.25e-02
2.13e-02
2.02e-02
1.91e-02
1.81e-02
1.71e-02
1.61e-02
1.51e-02
1.42e-02
1.33e-02
1.24e-02
1.16e-02
1.08e-02
9.99e-03
9.25e-03
8.53e-03
7.84e-03
7.18e-03
6.56e-03
5.96e-03
5.39e-03
4.86e-03
4.34e-03
3.86e-03
3.41e-03
2.98e-03
2.59e-03
2.54e-03
2.16e-03
1.82e-03
1.50e-03
1.26e-03
7.09e-04
5.18e-04
3.57e-04
2.26e-04
1.27e-04
6.52e-05
2.85e-05
1.03e-05
1.88e-06
3.57e-06
7.62e-06
2.35e-05
5.33e-04
5.69e-04
6.22e-04
9.48e-04
9.44e-04
7.42e-04
7.28e-04
7.70e-04
6.25e-04
6.67e-04
7.36e-04
7.19e-04
7.25e-04
7.25e-04
7.20e-04
7.25e-04
7.69e-04
7.76e-04
7.49e-04
6.29e-04
5.29e-04
5.72e-04
5.91e-04
6.28e-04
5.28e-04
6.06e-04
4.92e-04
5.77e-04
5.95e-04
6.20e-04
6.56e-04
6.84e-04
7.17e-04
7.33e-04
7.32e-04
7.41e-04
5.92e-04
6.28e-04
5.29e-04
4.61e-04
5.25e-04
5.58e-04
5.94e-04
6.20e-04
6.56e-04
6.61e-04
6.91e-04
7.12e-04
7.14e-04
7.26e-04
7.69e-04
8.24e-04
8.48e-04
8.18e-04
7.83e-04
7.76e-04
7.50e-04
8.00e-04
6.41e-04
6.78e-04
6.89e-04
7.11e-04
5.65e-04
5.85e-04
6.02e-04
6.32e-04
6.86e-04
7.08e-04
7.03e-04
7.36e-04
7.46e-04
7.52e-04
7.51e-04
7.50e-04
7.76e-04
7.55e-04
7.49e-04
7.55e-04
7.57e-04
7.51e-04
7.69e-04
8.46e-04
8.66e-04
7.33e-04
5.80e-04
4.74e-04
5.14e-04
5.75e-04
6.34e-04
6.43e-04
5.36e-04
5.75e-04
6.17e-04
6.80e-04
5.90e-04
6.06e-04
6.20e-04
7.06e-04
7.02e-04
7.28e-04
7.27e-04
7.27e-04
7.26e-04
7.25e-04
7.59e-04
8.49e-04
8.46e-04
1.02e-03
9.47e-04
8.86e-04
8.38e-04
9.99e-04
1.16e-03
1.12e-03
1.31e-03
1.16e-03
1.30e-03
1.45e-03
1.55e-03
1.67e-03
1.45e-03
1.58e-03
1.74e-03
1.84e-03
1.92e-03
1.98e-03
2.05e-03
