vertices 379         
1         1.44355038922379    2.63742628845595    1.66224390599982
3        0.771196250098181    3.30338665317258    2.07078843653136
4        0.802533923968007    1.97728442447296    1.72681532944495
5       0.0695312991349833     2.8907941358542    1.77300598690164
7         1.04789027695757     2.0212456851873    1.63560400583313
9        0.398176098841904     3.3140174403713    1.79169842364707
11       0.992240798321609    2.71735636394064    2.35833704158601
12       0.881228102679992    2.75001517904252    2.37604480740994
24       0.448111124157618    3.34242461937632    1.37028849704851
27       0.138495737805204     3.2105664049341    3.29583252527223
30        3.23062827307948    2.71069009663132     3.6089777294243
31        3.87778621648002    3.45759066550646    3.30229328651114
33        3.79747298858523    2.24208945494856    3.36991113051288
34        3.19137894662294    3.11825616316203    3.51593774161053
38       0.117476434116952    2.50919941821057    2.94215644844114
40      0.0510810088184885     2.3577270592109    3.23257007935578
43        3.39255734646879   0.885671699065041    1.85998170067045
47        2.89951699937899   0.823904462863908    1.26801949257854
48        3.24153120294897    0.59304928552275    2.42489022779122
53        2.46942490774723  0.0972278940832925     2.2271197428785
57        3.03190742223691    1.07072076974877    1.66631816671992
59        3.54759916150188   0.521036683322749    1.58347621096055
61        3.38299142493282    0.62704928180183     2.3272099265542
70        2.24149741882275   0.675601705171007    2.23340747510486
71        3.06855430566054  0.0990355536434729      2.380240892434
73        2.42330451428049 0.00187421613225215    1.95655832098308
85        0.91874007740949     3.4573516729204    1.12464771563838
88       0.987933166323546    2.74568833448145   0.143981857299163
89        1.11350562786723     3.3503556310452   0.412469735809181
96       0.381681748853763    2.70988120633606   0.162827742128047
98        3.86765886780436     3.1355649842374   0.563691851561392
104      0.496909234745431    3.28182676804904    3.87256099311697
109      0.527164999081448    3.83469060022941   0.184979500770819
115       1.01592228944177   0.504421105252955   0.421929161811424
124      0.579263553517186   0.358523717422223   0.407902909921204
125      0.531734674724197    1.31435979880162    1.46851304397781
128       1.11442726973224    1.27108720700951    1.21511502301621
130      0.781449776396958    1.26251370701893   0.353897004568609
134       0.42591741635838   0.394720360313406    1.48653840866808
135     0.0459815489910168   0.608835113369368   0.752484695864764
138       1.30130301421137   0.530433614381296   0.851480164099779
142      0.685096968283399   0.609856347769085    1.66907545750813
152      0.811465715286949    2.76285505342214    2.75632300745224
154      0.362222938939456    2.19971694454942    3.05010489173293
157      0.328925509262132     2.3781044653152    2.85821103095047
160       1.23154986142793      1.250409157798    2.53938185541301
166       1.22226696446812     2.6418365916412    2.82087253428121
167       1.58828563403221      1.746434565262    2.84887259214732
168      0.104162399823943  0.0187162724252896    1.73337511366765
172       3.60395838973764    3.39872032350827    2.24475568663148
174     0.0982947449153675    3.98388199388115    1.92298542143076
176       2.95194139999597    3.28314714471717    1.49869832092736
180      0.695321690077716    1.46560295248987     3.9994662661592
189       1.80382300184573    1.32148839672599  0.0773041573583082
191       1.97063319861316   0.837396940182468    3.04243089018607
195       2.24640175003568   0.393847286646282   0.184253638115286
199       2.08257768835558    1.58371442216024    3.74126614229512
200       2.13760035017979    1.05994221721255     3.0287795206088
204       1.64083893049471   0.735831443539204    3.65412207422439
206       1.43375264418521    3.93489221053687    1.50493883430549
207       1.56121004499162    3.47828867328532    1.03171457844449
215       1.16404170802491     3.4924108333592    1.26837071756636
225       2.05073370474242   0.177367278096058   0.753406096836975
226       1.53930141136568    3.83907747702758   0.217955974997103
228       2.20129708972488   0.154304292497255   0.325476187232636
229       1.79000938627638  0.0922829945396353   0.825484133192699
230        1.3054608334168    3.98460285664349    3.95076628308496
231       1.37627362572721   0.718437557339644    3.68041371498014
232       1.18486799199514   0.145708828332234    3.94504262770358
238      0.591183691983038  0.0814307427745891  0.0878601370065938
239        1.4209929673905    3.42873329215221   0.445364409113837
241       1.05247284851465  0.0502475998909692    3.86651450468785
245       2.32656641379794    3.88538680962708    2.45964268508792
248       2.04011026561215    2.66223935789254    2.86247412593045
249       2.21961492597028    2.73140541262338    3.17804219696457
251       2.01726766512218  0.0520822715299819    2.74994780753258
253       2.26003353271748    2.78569024288527    2.42713380780668
263      0.735619861361797   0.557071830273575    2.09370039750131
270      0.468119785791175   0.267822661988076    2.29168316417541
283       3.09652868677568    3.96171425864222    2.63574005766484
300        1.8902749744045    2.71656332845736   0.232232515073565
308       2.66777505441287    3.34986442135261   0.904230482331054
318       3.34941959276211   0.656933710160727   0.546470417942673
319       2.94823365693826    1.05396183591262   0.867709014150468
336       3.29817162689233    1.33944689276219    2.92868692025198
346       3.09508461044912    1.74205120265924    2.79085923014068
350      0.842595794290808   0.346657461102878    3.24177489298453
351       0.30984222577715   0.509097151543575    3.22970237235174
352      0.190890088672273   0.393818686839269    3.02868718704328
353      0.914434615513131  0.0604239599671883    2.94247132324714
355       1.69728203831821    1.35178128582779    1.72167314683655
356       1.27289842781001     1.4516458682265    1.27465508688192
361       0.11792092828931   0.411980578866476    3.56694474024291
363      0.151368727084652    1.14768525772057    3.62722717284198
367        1.6072396738721    1.69144316043187    1.96840092760944
371       1.93782619967433    1.69294955156037    2.98797532745143
375       3.32700459891383    1.46141372457886    3.53822036623303
380       3.43687276460876    1.75800784560639   0.360530143033209
383       3.16935678703766    1.97190648856107     3.1870026273126
384       2.77451370123763    2.23830214301107    3.46808213524669
385          2.09273721564    1.85082483884753    2.86963249689581
386       2.36291851906233    2.26332625879753    3.38251286503503
388       3.40542418013987    1.54776833148834    3.35625036661193
389       3.71058737183297    1.58120807051913    3.43928742932105
391       3.99817311869873    1.93958094399412   0.817130879061259
393       3.65122207644014    2.03961472307961   0.433761202771857
394       3.95405814536108    2.11041612098789  0.0677581504962653
396       2.19278604726613    1.95297371748258    2.38348847738415
397       2.00523138104152     1.9448462054498    2.75369533931159
402       3.12729525521748     3.3040006400226    3.86030192422036
403        2.8991731176375     3.4873587713408     3.8662803293935
404       2.63706972824025    3.43805697157427   0.103503928158819
411       3.29236240778305   0.394064249593985     3.6838647037556
413       3.89027209806835    0.24204382253311    3.49487020000262
414       3.89613845498549   0.202122813102349     3.1741812915058
425       1.79911784144663    3.85298983267134   0.013899942452495
427       2.11423040738839    3.36767586990404    3.86542905184352
438        2.2579975190267    3.24554747291224    1.18356667027152
443       1.87410428628066    2.57384980773952    1.71141265195881
444        1.9438743448111    1.83854390233581     1.9577094637211
449      0.322232245626403    0.76364700926525   0.348817503182806
455      0.344653042270382    3.57388432883601    1.26965269102138
470       3.08617531955249    1.37450533316489   0.906854875243321
477       2.68933967116115    3.76020500897749     2.7816014781006
480      0.254849260462213    2.43381907139523    3.96238370886442
482       3.94181063256506    2.29547553247061    3.98708753179575
484       1.94728478011533    2.96140003960408    3.43202655163239
490       1.59797188117867    2.91205869987851    2.86864259190383
494       1.40768737345017    1.67388179932847    2.31521684183791
495       1.60501161222136    1.83747072704714    2.75386129887861
504       2.12154986416745    1.08175025761376    2.96936588262848
506       2.93662909963837   0.927372667664424    3.21036084518526
508       3.03407171036334     1.0761205244473    3.50348088094918
509       3.36243478220538    3.53605740664092    2.68854255490027
510       3.88265692138066    3.58930096252276    3.04790281696254
516       3.05747679852624    1.03365669399478    2.90984097094488
517       3.33603171029108   0.665985948539884    2.64248219609853
520       1.48691689536439   0.727203536140595     2.6176658107949
524       3.22703555524131    3.95417283269002    3.99592083165829
529      0.852739081145808    3.30531216564406    1.23668710849126
531      0.268704869462888    3.66258535974133  0.0697489636522183
532       3.91505423183094    3.59607393115802   0.390676819044471
542       1.10777850249646   0.760753276095819     3.2348924854812
544       1.46495294455258   0.875739464873642    2.79044985934997
549      0.777277264936147     3.3136859874193    3.88384783570682
551       0.33457500869483    1.04783638532804    3.24441419549978
553      0.207897357079106    1.21864190793703      3.025705936534
557       2.07473740668797   0.764613600758506    1.87904353548764
567      0.044287030490636    3.47420644502538    2.90845648142083
568       3.57914771426709    3.34779103075047    2.41391841886797
582       1.03708796645182    2.75254480546013   0.220849323314863
585       1.08050745355735    1.12543409029074   0.355878544143974
592       3.55655880641793    3.20725178671861    2.16585254174596
594       0.87194907639337    3.59141417481574  0.0738173874025376
595       1.11631825561604     3.9197730224215    3.86118426937247
596        1.6392455140307    1.54385025998879   0.701010579424969
597       1.32971361251001    1.53376827068572   0.880054161763289
605       2.12166793343865    2.96030408857624    2.22723535221253
606       1.72721266109717    3.94082898886478      3.838158720097
608       1.92442120391843   0.868166354121697    2.91974151142934
609       1.88581719493397   0.648560865311005    2.65490885251898
617       1.24104879416609    2.55059116334271    3.83221914112125
619       1.27938784516821    2.96494117675536    3.25030284766949
620       2.56790055892623     3.8610941610511    3.11906980555972
622       2.59063920879661    3.45250741936789    3.39222015948445
632        2.4901493086662    3.20505147796927    1.56723481714705
633       2.13020676716475    3.58811590208236     2.2010231065805
634       2.20235276512363     3.6980934072936    1.92667224138744
639       2.67009006009555     3.0237421135532   0.425677773900926
642       1.63416918393866    3.81204270181108    2.69942671864616
649       2.99190256421342    2.74492770952287   0.339715511963297
650       3.22514643589439    2.69071294792941   0.516214500352904
654       1.29578581436499    1.20250630250487   0.655928468346157
655       1.63570568745118    1.38172097995481   0.566396257974316
658       3.31182749865074    2.23529529931449    3.16188569063558
659       3.03864173510563    2.50963837153272    3.37296683715418
662       1.72844682038225     3.6980927901868    1.12211579282849
663       1.59600363850498     3.9475248781628    1.44873569810689
664       3.04680239180977   0.428794786980168    3.36457840787859
665       3.32478203790909   0.370813135140186    2.92753506862979
666       0.19651741850352    3.65759651275156    2.05705901190979
669        2.7507908478132    2.98943885576589    3.07081369239168
670       2.79717662283854    3.06785623455604     2.7738550783468
671       1.92232623798711   0.311905309205409    3.75317977841222
672       2.20032190475929    0.32012526724105    3.29024393205767
674      0.451168913550889    1.44278721355837     2.8758036244901
678       1.07364159893313    3.30402940135846    1.40449224877245
679       1.40729821226786    2.69649547683707    1.45971965291846
680       1.62487587391006    1.42812633602867   0.159261326692921
681       1.23830391219741    1.21655746761371   0.054242702504333
682       3.56843294542201    1.43900385051075    3.71006632907133
683       3.74051162377221    1.52004241043101    3.61294303053069
684       3.51773480609918    3.72062217478682    3.99301259959966
685       3.89612544410271    3.80530793042964    3.70740213195855
688       1.95985840263695    2.72428301047227   0.161884683682126
694       1.03183463553644    2.06892776975621    2.00323073680693
695       1.16236654548852    2.07310321104796    1.79826350431098
696       3.07154739876234     3.0697225702842     1.6011255342908
697       2.88743744689266    2.89690354208582    1.68796514200284
701       1.27577197122051    1.25343035526334    2.69241257462818
703       1.14954256608587   0.360847668214159    1.29203654372101
704        1.3974373551866   0.181487068587346    1.46238800365117
707    0.00709086710375019    2.47605981422331    3.45628078913548
708       3.82867914440986    2.38131453331334    3.52006079717212
713       2.53511571448839    1.61985269097815    2.59242315598878
715       1.98957195374754    1.81394934730298    3.65479743738186
720      0.460157784455775   0.236004658764915   0.628951153554349
721      0.679604736796145   0.152268300932937    1.13199551231318
725       2.45799960498811     2.9201851469232    2.39344442654033
727      0.213593524896747    3.21306052024224    3.08879233433317
728      0.588783649462437    3.29188238930346    2.98531213076428
731       2.54699282515529   0.942589090027496    2.27705464249072
732       2.54286535308047    1.18060944781912    2.63996120158384
733       1.55170475071804    3.06709282758148    3.15978939079481
734       1.54173339932404    3.54123907128025    3.17542123582924
736       2.10751717233447    1.12732773814547   0.468018906484504
738       1.12334508140378    2.66561544552976    2.92918827931494
740       3.12036779125969   0.129042558708729   0.254932904270732
742       2.18247821033503  0.0102944130689494    3.13052082337715
750       1.64976209788632   0.874695350615519    1.92627655943407
755      0.437319023851139    1.13711261427658    1.60723772253214
756       1.60814993880598    2.13114431479871   0.601803359907228
757       1.60514925998959    2.48367290822688   0.147949874550375
760      0.426323372366074    2.08323788311022   0.183393438301755
763      0.616107530080297    3.75280907367682    1.06601790134391
764      0.409771565844582    3.91615442379819   0.566115645128577
767        1.0366303337878   0.113131866037563    2.36096057955922
768       1.19753884890608   0.153649036269051    2.63058226290305
769       2.25947419299934     3.0705031605915    2.19294799096617
770       2.48003661591853    3.05225141293343    1.64223230154688
771        0.9822770347515     3.3520403932575    3.33977713591519
772       1.14483454480782    3.64197525620963    3.31290367682054
773     0.0149746623073751   0.819442452449241    3.82054333103823
774       3.68191879171245   0.890071640119963     3.9115640816606
775       1.62775205033209    1.89411172461964    3.87061970176187
776       1.61433164162591     2.4484784346577  0.0379977045607314
777       2.97767743613521   0.529484342631732    3.39967896625497
779         1.193875390492    1.36471150690977   0.821100550536722
780      0.749703242052406    1.43734771073717   0.578856013363783
782       3.04038851627337    3.33455037305684    1.18802879023458
784       3.85341724408521    3.20072795527295   0.887566462266432
785       3.22250901809322    3.72719136147808    1.16953198262349
788      0.593653018980858    2.53941609358709    0.23556396218195
789      0.495134264629884    2.30717714171237   0.062861408441546
791       2.25893227632314    2.66551859927461     0.3838741245201
792       2.10792622848708    3.35855334754202    3.56652771736964
793       1.87396890394218    3.67677650987217    3.43234016376676
798       2.03500379598089    1.14297937898058    0.61796478886205
799       1.04202852600122   0.472368962272005    2.13630924246299
800       1.38278243153363   0.832271236312224    2.38091491000405
803       2.25804046025248    2.17418362955781    3.69050452016864
804       1.89432626593527    2.58432912683966    3.94072649799121
806      0.820631876694034    2.51735522326736   0.577096923226627
807       1.25777274818485    2.13854710307941   0.795776404484684
811       3.78875733830488    1.36473598778186    2.30064032492524
813       2.01876184549677    2.98431973912504     1.0562838704596
815       2.10297216034776    2.64902582973103   0.523382630713666
818       1.73198414031422   0.252210242888372   0.938173911073822
822      0.648059630840587    2.47003680952407   0.515714922635925
823      0.478973958136464    2.06510869235952   0.435137001422036
824       1.30547444224615     3.6949485547496    2.04545085285337
829       2.66389702063798     2.3960462946177   0.303546666566555
830       2.59205608139544    2.13196341677527    3.84608301605878
831       2.09778076637593    2.64846460864425    1.38226358735699
837       3.34026962427332    2.58017975297209    1.18654537206344
840       1.09945553825076   0.566827485891087    1.50860215369127
841       1.25574547321223    0.49131097253928    1.68698778163907
842       2.81057893968122    3.17027964990382    3.14233520264008
843       2.86511268295863    3.28380199682074    2.86540208380234
844       2.12644701414125   0.436203663874171    1.63821041561706
845       1.60043174665572   0.140120508463592    1.40319351694045
847      0.533228923978348    3.70618468207646    2.37037781265504
848      0.468807502478105    3.65341285696531    2.73304716775371
849       1.96513317757669    2.71026038846572    1.20084849180018
850       2.03193600066566    2.38771611490202   0.783168326064162
852       2.87786966809655    2.74545506506992    2.25161706992856
853       1.66723230708325    3.17598093487563    2.37412290853264
854       1.68894461595465     3.5472764843694    2.33703972180949
855      0.164845960142143    2.50734616725817    1.91808933614553
861       3.22841511282439    2.46921255489625   0.615686710668638
862       3.51276909135809    1.43050525474038   0.663304748715855
865        3.4278172427602   0.474127482641348   0.701155564315737
867       3.14920726867662    2.81568263865741   0.160084083191155
868       3.36376573706605    2.74334116176355   0.363941054159817
869       3.50709136087879   0.722191873994677    2.56960430258165
871     0.0666969906106959    0.63029139152981    2.72935155742627
875       3.33946186946588   0.136164326425017   0.603045114884683
877       1.07006133129702    3.32473115893132    1.94295407006737
878       1.25530420989135    3.01210393936862    2.08208960918391
882       2.65586525580462    3.88613831329235    0.40384383610472
883        2.6532212230731    3.83558023769641   0.730788024136382
887       2.36751147349197   0.744683053354863    1.33182102829748
888       2.10598675776805    1.19786625265456   0.694017907321249
890       2.49716982408033    1.55728918219653    3.93917262292898
892      0.739505492590879    2.68631975352288   0.979123666524066
893        1.1257851936433    2.39652344071786    1.24729849398826
894       2.69724337616571    1.83607069171753     3.9659752154604
896       3.87583197298319    3.46588631394086   0.914197566449338
897       3.92381793294384    3.69590552286591   0.549143715078954
900        2.3172405167592   0.532551463781308    1.33289635713455
901       1.97509478659134   0.378210330699433   0.895904651040925
902       3.67859883680047    1.24765198007436    1.86318759789951
905       2.51090652319222    1.73753726270457     2.3524495954476
906      0.649916863627609  0.0168242015707371    2.45426472444114
907      0.603463626272768    3.99054823320795    2.74440273227709
908       3.68106388487758    1.12414134961327    2.63104755795963
909     0.0850011126134217    1.06884866661395    2.74709902103725
910      0.128191347034792   0.674624880842065    1.34316021527134
911       0.25235361895153    1.12583446918057     1.5039560086362
912     0.0659516264699565   0.801287055390291   0.614967206186407
913       3.65649976582075   0.896634228327295    0.43493988636683
914       3.08228665996342   0.635112483227176    3.68360299990971
915       2.84670875863772   0.580232971584458   0.082782953146603
917       3.10972789153224   0.456244995255969   0.144699986805297
918       3.25393078860431    0.53655877343927    3.77894612493674
920       3.06728050669593    3.97115791138014    0.97634658351824
922       1.92903604018647     1.5041743396114   0.862473248287461
930       3.61702121037049   0.148432939047289    1.74908754238064
932       0.51560347700606    2.65238973142162   0.986168675900411
937      0.207860900858488    2.98799385418146    1.19433155044518
938     0.0104404505207943     2.7894351096416    1.45556116432006
939       3.61139487535583   0.118901738570419    1.91835785288261
940         3.331132247209      3.882951859225    2.03217686312057
942       3.00477814264643    2.05598206331693    2.23202143113832
943       2.29020392810626    2.09718280231199   0.906989329173435
944       2.35898266485167    2.15518302683839    1.19794798234469
945       3.19628182841581     3.9332151515491    1.46097172316593
946       3.06543255866083    3.79976592529319    1.70413818399614
947       3.17830266519363   0.473940467566353    1.21726299103016
948       3.02767468492812   0.189809637411286    1.23785684363453
949       2.36551314765696    1.22449369982271    0.45871493525271
950       2.38418674020442    1.26145179338607   0.556404677937893
951      0.827158909299836    2.00915264446435    1.96635952423789
954      0.507069743206529    2.35556339478494     2.1692927671437
955      0.267072561681872    2.20299220886202    2.43820496494177
956       3.39238559000647    2.84625317556235    1.23800797324797
957       3.37047304531519    2.99090473795928    1.04507582588842
959       2.19214019221231   0.946777218522169    1.76685402838683
961       2.52862361824072    1.10972399647428    1.99453204393657
962       2.49036123947199    1.54508383000285    2.01158434048291
965      0.945349551212939    1.45619405916509     3.8148376445837
966       1.90877756150171    1.36608213340727    1.65449273137266
967       2.09865677684959    1.67299236958223    1.79570348764275
968       3.97865428835564    2.28852348516794    2.31746286409438
981       3.46373487216326     1.8545544547666    1.81838129244267
984       3.15520130109283    1.45184791846871    1.54894018746079
985       3.50760051110056     1.5447030781415     1.6623336801267
986       3.25568304348588    2.00144848193853    2.44557462962976
987       3.57834576532473    1.86979896819542    2.21486393510052
988      0.843355451836754    1.37038118001483    3.05630702357273
989      0.800145752513388    1.17558334852016    3.25987940086211
1018     0.969121239836914      2.148570642188    3.31449936678675
1020      1.01132017722273    2.15562573996753    3.62579962776613
1021      2.81888528685625    1.93365590034203   0.405301544405847
1022      2.68955147600557    1.76889718432135   0.630318626189256
1026      2.76899782481188    2.18645014127075   0.499597191520653
1027      2.58613190200386    2.04988112557067   0.788944017548894
1028       1.1011351218216    1.90074215449745    3.30951937241963
1029      1.13783612842055    1.91294333909523    3.60682170833415
1030     0.305096359379832    1.29093986979552    2.46846866086772
1032     0.493482488362389    1.22042907263079    2.30044185230091
1033     0.415058961674899    1.41204021308679    2.52226253712889
1034     0.587523657910473    1.35498768266982    2.38136192499877
1035     0.298680389630612    1.30915830026867    1.33345229463953
1037      3.97710948024639    1.64868723194908    1.22662025871305
1038     0.248079686674817    1.30960403319253   0.936557214583356
1039      3.96741119530683    1.60717505735892   0.961471691753469
1040      3.52606984907866    3.14035401915188    2.33020386634685
1042      3.08192522820496    2.84052538853167    2.47067635962107
1043      3.78207579758258    2.50310661842686    2.57012464565762
1044      3.37869086923129    2.36480955658788    2.65475338070137
1071     0.239164513438748    2.33105286700986    1.36163506944519
1072    0.0145442301159128    2.09787462496572    1.22875683724115
1073    0.0792378537574478    2.44548796283796    1.48814427163557
1074      3.85048149454917    2.26157608175443    1.39122339641754
1075      2.65151031027546    2.12813160843026    1.19508631041231
1076      3.00670896685626    2.43402815105476    1.43075462380442
1078        3.126076711503    1.95358509700491    1.80938252488527
1079       2.9414893781415     1.7486010535677       1.67710968577
edges 758         
13                3            9
14                9           24
16               11           12
17               12            3
23                5            9
29                4            7
39               27           31
46               30           34
47               34           31
49               38           40
62               33           40
63               43           61
64               61           48
69               57           43
70               43           59
75               57           47
95               73           53
96               53           71
115              71           48
116              53           70
161             104           96
166              85           89
172              96           98
177             124          115
190             128          125
200             115          138
210             142          134
230             152           12
231              11          166
249             152          157
252             154          157
260             174          168
283             130          180
307             199          200
313             200          191
319             191          204
321             199          189
322             189          204
339             215          206
345             215          207
360             225          228
364             226          229
365             229          225
367             195          228
369             226          230
370             230          232
371             232          115
376             232          231
382             231          204
388             232          241
391             124          238
392             238          241
395             215           85
396             207          239
397             239           89
400             239          226
404             109          238
423             249          248
427             251          245
430             253          248
436             270          263
452             270          174
453             168          134
454             142          263
471              38          157
483              71          283
487              53          245
564             319          318
568              47          319
582             104           27
586             154           40
608             336          346
628             353          350
631             352          351
632             351          350
641             128          356
642             356          355
656             350          241
659             351          361
660             361          238
670             180          363
672               7          356
674             355          367
684             371          167
708             371          385
709             385          386
711             386          384
715             383          346
716             336          388
717             388          383
718             383          384
720             388          375
728              33          389
729             389          388
735               4          125
741             393          391
742             380          393
743             393          394
756             396          397
758             385          397
776             402          403
777             403          404
795             386          249
800             402           34
805             248          397
807             396          253
819             413          414
820             413          411
821             361          413
823             239          300
825             352          414
860             425          427
862             228          425
864             404          427
865             226          425
899             308          438
913             443          444
914               1          443
917             367          444
919             396          444
933             130          449
936             124          449
951             168          455
954              24          455
999             319          470
1020            245          477
1023            283          477
1027            480          482
1031            394          482
1032             96          480
1039            249          484
1057            166          490
1060            248          490
1069            494          495
1070            160          494
1071            367          494
1073            167          495
1074            397          495
1075            166          495
1102            371          504
1104            200          504
1109            506          508
1113            375          508
1114            200          506
1117            509          510
1121             31          510
1123            283          509
1124            414          510
1140            516          517
1142            336          516
1143            506          516
1144             48          517
1166            403          524
1167            411          524
1183             85          529
1186             24          529
1188            531          532
1191            109          531
1194            104          531
1195             98          532
1223            542          544
1225            231          542
1228            350          542
1230            520          544
1244             88          549
1247            104          549
1250            551          553
1252            351          551
1255            363          551
1257            389          553
1270             70          557
1299            567          568
1301            510          567
1303            172          568
1304            509          568
1353             89          582
1356             88          582
1362            115          585
1365            130          585
1381            172          592
1384              5          592
1386            594          595
1387            109          594
1388            549          594
1389             89          594
1390            241          595
1392            230          595
1393            596          597
1399            356          597
1423            443          605
1424            253          605
1426            425          606
1428            230          606
1432            608          609
1433            191          608
1434            504          608
1435            544          608
1436            251          609
1437             70          609
1438            520          609
1463            617          619
1465             88          617
1472            620          622
1476            403          622
1477            477          620
1508            176          632
1511            438          632
1512            633          634
1515            245          633
1517            632          634
1518             73          634
1534            308          639
1535            404          639
1544            251          642
1565            649          650
1567            639          649
1581            654          655
1583            585          654
1584            138          654
1585            596          655
1595            658          659
1596             33          658
1598            383          658
1599             30          659
1601            384          659
1609            662          663
1610            207          662
1611            438          662
1612            229          662
1613            206          663
1614            634          663
1616            664          665
1617            620          664
1618            411          664
1620            283          665
1621            414          665
1622            517          665
1624              9          666
1625            172          666
1626            174          666
1632            669          670
1634            249          669
1637            659          669
1639            671          672
1640            195          671
1641            606          671
1642            204          671
1645            191          672
1650            154          674
1651            553          674
1662            678          679
1664            529          678
1665            215          678
1666              1          679
1669            680          681
1671            655          680
1672            189          680
1674            585          681
1675            231          681
1676            682          683
1677            375          682
1678            380          682
1680            389          683
1681            394          683
1682            363          683
1683            684          685
1684            402          684
1685            532          684
1686            524          684
1687             31          685
1688            531          685
1689            413          685
1695            300          688
1698            427          688
1715            694          695
1716             11          694
1717            494          694
1719              1          695
1720            367          695
1721              7          695
1722            696          697
1724            592          696
1725            176          696
1740            160          701
1741            544          701
1742            167          701
1745            703          704
1747            138          703
1751            206          704
1759            707          708
1760             27          707
1761            480          707
1762             40          707
1763             30          708
1764            482          708
1765             33          708
1778            346          713
1781            385          713
1786            199          715
1789            371          715
1800            720          721
1803            124          720
1804            703          721
1806            135          720
1807            134          721
1817            253          725
1819            670          725
1823            727          728
1824             38          727
1825             27          727
1826            567          727
1827            152          728
1837            731          732
1838             70          731
1840             48          731
1841            504          732
1842            713          732
1843            516          732
1844            733          734
1845            484          733
1846            490          733
1847            619          733
1849            642          734
1855            195          736
1857            189          736
1862            166          738
1863            619          738
1864            152          738
1869            524          740
1875            251          742
1876            620          742
1877            672          742
1901            557          750
1903            355          750
1917            142          755
1919            125          755
1920            756          757
1921            596          756
1925            582          757
1926            300          757
1932            394          760
1935            180          760
1943            763          764
1944            455          763
1945            721          763
1946             85          763
1948            720          764
1949            109          764
1957            767          768
1961            642          768
1962            520          768
1963            353          768
1964            769          770
1965            605          769
1966            633          769
1967            725          769
1969            632          770
1970            697          770
1971            771          772
1972            728          771
1973            549          771
1974            619          771
1975            353          772
1976            595          772
1977            734          772
1978            773          774
1979            361          773
1980            449          773
1981            363          773
1984            682          774
1985            775          776
1987            715          775
1988            680          775
1989            617          776
1991            757          776
1993            664          777
1994            506          777
1995            672          777
1999            779          780
2000            654          779
2001            597          779
2002            128          779
2003            130          780
2010            308          782
2012            176          782
2019             98          784
2026            782          785
2029            788          789
2030             88          788
2032             96          788
2034            760          789
2035            480          789
2040            688          791
2041            639          791
2043            792          793
2044            427          792
2045            622          792
2046            484          792
2047            606          793
2048            742          793
2049            734          793
2062            655          798
2065            736          798
2066            799          800
2067            767          799
2069            263          799
2070            520          800
2071            750          800
2072            160          800
2080            803          804
2081            386          803
2082            715          803
2084            484          804
2085            776          804
2086            688          804
2089            806          807
2092            597          807
2094            582          806
2095            756          807
2113            813          815
2115            438          813
2117            791          815
2118            207          813
2120            300          815
2126            229          818
2129            138          818
2139            822          823
2140            806          822
2141            788          822
2143            780          823
2144            760          823
2145            391          823
2149            767          824
2152            206          824
2162            829          830
2164            791          829
2165            649          829
2167            803          830
2168            384          830
2172            443          831
2175            770          831
2196            840          841
2197            142          840
2198            128          840
2199            703          840
2200            799          841
2201            750          841
2202            704          841
2203            842          843
2204             34          842
2205            669          842
2206            622          842
2207            509          843
2208            670          843
2209            477          843
2210            844          845
2211            557          844
2213             73          844
2214            704          845
2215            818          845
2216            663          845
2219            847          848
2221              3          847
2222            728          848
2224            666          847
2225            567          848
2226            849          850
2227            813          849
2228            831          849
2229            679          849
2230            815          850
2232            756          850
2237            697          852
2239            725          852
2240            853          854
2241            605          853
2243            490          853
2244            633          854
2245            824          854
2246            642          854
2248              5          855
2267            650          861
2268            837          861
2269            393          861
2271            470          862
2273            380          862
2281            318          865
2284            135          865
2286            867          868
2287            649          867
2288            402          867
2289             30          867
2290            650          868
2291             98          868
2292            482          868
2294            869          871
2296             61          869
2298            270          871
2299            517          869
2301            352          871
2313            865          875
2314            740          875
2318            877          878
2319            678          877
2320            824          877
2321              3          877
2322              1          878
2323            853          878
2324             11          878
2334            882          883
2335            228          882
2336            740          882
2337            404          882
2338            225          883
2340            308          883
2350            887          888
2353             47          887
2354            798          888
2361            508          890
2364            199          890
2366            892          893
2367            529          892
2368            806          892
2370            679          893
2371            807          893
2372              7          893
2374            830          894
2375            890          894
2376            375          894
2380            896          897
2381            784          896
2382            785          896
2383            455          896
2384            532          897
2385            875          897
2386            764          897
2394            900          901
2395            887          900
2396            844          900
2398            798          901
2399            818          901
2400            225          901
2402             43          902
2403            811          902
2412            713          905
2414            396          905
2415            906          907
2416            270          906
2417            847          906
2418            767          906
2419            352          907
2420            848          907
2421            353          907
2422            908          909
2423            336          908
2424            869          908
2425            811          908
2426            553          909
2427            871          909
2429            910          911
2430            135          910
2431             59          910
2432            134          910
2434            902          911
2435            755          911
2436            912          913
2437            135          912
2439            449          912
2440            318          913
2441            862          913
2442            774          913
2443            914          915
2446            508          914
2449            777          914
2450            195          915
2452            917          918
2453            740          917
2454            915          917
2455            318          917
2456            411          918
2457            914          918
2458            774          918
2463            875          920
2464            785          920
2465            883          920
2470            596          922
2473            888          922
2495             59          930
2498            168          930
2501            892          932
2503            822          932
2516            937          938
2517             24          937
2518            932          937
2519            784          937
2520              5          938
2523            939          940
2524            174          939
2525            930          939
2526             61          939
2527            172          940
2529             71          940
2534            852          942
2536            905          942
2537            943          944
2539            922          943
2540            850          943
2543            831          944
2544            945          946
2545            785          945
2546            930          945
2548            176          946
2549            940          946
2550             73          946
2551            947          948
2552             47          947
2553            865          947
2554             59          947
2555            900          948
2556            920          948
2557            945          948
2558            949          950
2559            736          949
2560            890          949
2561            915          949
2562            888          950
2564            319          950
2568            694          951
2571              4          951
2574            954          955
2575            855          954
2576            951          954
2577             12          954
2580            157          955
2581            956          957
2582            938          956
2583            696          956
2584            837          956
2585            784          957
2586            782          957
2587            650          957
2592            557          959
2595            887          959
2597            961          962
2598             57          961
2599            959          961
2600            731          961
2603            905          962
2609            681          965
2612            180          965
2613            966          967
2614            922          966
2615            959          966
2616            355          966
2617            944          967
2618            962          967
2619            444          967
2623            955          968
2626            855          968
2670            984          985
2671             57          984
2673            470          984
2674            902          985
2675            981          985
2677            986          987
2678            942          986
2680            346          986
2681            981          987
2682            968          987
2683            811          987
2684            988          989
2685            674          988
2687            701          988
2688            551          989
2689            965          989
2690            542          989
2781           1018         1020
2783            154         1018
2785            789         1020
2786            738         1018
2788            617         1020
2789           1021         1022
2790            894         1021
2791            380         1021
2793            950         1022
2794            470         1022
2805           1026         1027
2806            829         1026
2807            861         1026
2808           1021         1026
2809            943         1027
2811           1022         1027
2812           1028         1029
2813            167         1028
2814           1018         1028
2815            988         1028
2816            775         1029
2817           1020         1029
2818            965         1029
2820           1030         1032
2822            909         1030
2824            263         1032
2825            811         1030
2827            755         1032
2828           1033         1034
2829            955         1033
2830           1030         1033
2831            674         1033
2832            951         1034
2833           1032         1034
2834            160         1034
2836           1035         1037
2838            911         1035
2840            985         1037
2841            125         1035
2844           1038         1039
2845            780         1038
2846           1035         1038
2847            912         1038
2848            391         1039
2849           1037         1039
2850            862         1039
2852           1040         1042
2854            568         1040
2856            670         1042
2857            592         1040
2859            852         1042
2860           1043         1044
2861            968         1043
2862           1040         1043
2863             38         1043
2864            986         1044
2865           1042         1044
2866            658         1044
2949           1071         1072
2951              4         1071
2952           1037         1072
2954            932         1071
2955            391         1072
2956           1073         1074
2957            938         1073
2958           1071         1073
2959            855         1073
2960            837         1074
2961           1072         1074
2962            981         1074
2963           1075         1076
2966            944         1075
2967            697         1076
2969           1027         1075
2970            837         1076
2972           1078         1079
2973            981         1078
2974           1076         1078
2975            942         1078
2976            984         1079
2977           1075         1079
2978            962         1079
polygons 443         
0              1715         1716         1719         2322         2324
1              1666         1719         1721         2370         2372
2              1662         1666         2318         2319         2322
3                13           14         1186         1664         2319         2321
4                16           17         2318         2321         2324
5                17           23           13         2248         2575         2577
6              2571         2575         2576         2951         2958         2959
7                29         2366         2372         2501         2951         2954
8                29         1715         1721         2568         2571
9                14           23         2516         2517         2520
10             2248         2520         2957         2959
11             1186         2367         2501         2517         2518
12               16         1716         2568         2576         2577
15               39         1121         1301         1825         1826
16               46           47           39         1759         1760         1763
17               49         1760         1762         1824         1825
18             1304         2207         2208         2852         2854         2856
19               46         1599         1637         2204         2205
20               47         1117         1121         2203         2204         2207
21             1595         1596         1599         1763         1765
22             1299         1824         1826         2854         2862         2863
23               62           49         1596         2860         2863         2866
24               62         1759         1762         1765
25               63           64           69         1840         2598         2600
26               70           63         2495         2525         2526
27               69           75           70         2552         2554
29             1270         1838         2592         2599         2600
31               95           96         2529         2549         2550
33             2213         2396         2544         2550         2555         2557
35             2353         2395         2551         2552         2555
36               75         2353         2595         2598         2599
37               64          115         2523         2526         2529
38              115           96          116         1838         1840
40             2211         2395         2396         2592         2595
41             2495         2546         2551         2554         2557
43               95          116         1270         2211         2213
46              954         1183         1186         1944         1946
48             1188         1191         1949         2384         2386
49             1191         1194         1247         1387         1388
50             1195         2019         2380         2381         2384
51              954         2381         2383         2517         2519
54             1356         2030         2094         2140         2141
56              161         1244         1247         2030         2032
57             2140         2368         2501         2503
59              166         1183         1353         2094         2367         2368
60              166         1387         1389         1943         1946         1949
61              172         2019         2032         2141         2503         2518         2519
64             1244         1353         1356         1388         1389
66              161          172         1188         1194         1195
67              177          933          936         1362         1365
69              933         2003         2439         2845         2847
70              190         1999         2002         2841         2845         2846
71             1584         1747         2000         2002         2198         2199
72              200         1362         1583         1584
74              200          177         1747         1800         1803         1804
76             1365         1583         1999         2000         2003
77              210         1917         2429         2432         2435
78              190         1917         1919         2197         2198
79             1800         1806         1807         2430         2432
80              210         1804         1807         2197         2199
81              936         1803         1806         2437         2439
82             2429         2430         2437         2838         2846         2847
83             1919         2435         2838         2841
85             1073         1075         1862         2786         2813         2814
86              230           16          231         1862         1864
88             1069         1070         1073         1740         1742
90             1740         2685         2687         2828         2831         2834
91              231         1069         1075         1716         1717
92             1742         2687         2813         2815
93              249          230         2574         2577         2580
94              252          249         1864         2783         2786
95              252         1650         2580         2829         2831
98             1650         2685         2783         2814         2815
99             1070         1717         2568         2832         2834
100              14          260          951          954         1624         1626
102             260         2498         2524         2525
103             951         2382         2383         2498         2545         2546
104            2012         2026         2544         2545         2548
105              23         1381         1384         1624         1625
106            1381         1724         1725         2527         2548         2549
108            1625         1626         2523         2524         2527
109            1384         1724         2520         2582         2583
110            1725         2012         2581         2583         2586
112             283         1935         2003         2143         2144
113            1999         2001         2089         2092         2139         2140         2143
114            1393         1921         2092         2095
115            1585         1671         1920         1921         1985         1988         1991
116            1393         1581         1585         2000         2001
117             283         1365         1674         2609         2612
118            1669         1988         2609         2816         2818
119            1935         2034         2612         2785         2817         2818
120            1356         1465         1925         1989         1991
121            1465         2029         2030         2785         2788
122            1985         1989         2788         2816         2817
124             307         1109         1114         2361         2364
125            2361         2443         2446         2560         2561
126             313         1114         1645         1994         1995
127             319         1639         1642         1645
128             313          307          321          322          319
130             322         1640         1642         1855         1857
131            1855         2450         2559         2561
133             321         1857         2364         2559         2560
134            1639         1640         1995         2443         2449         2450
135             914         1423         2241         2322         2323
136             339         1665         2152         2319         2320
137            1512         1613         1614         2152         2244         2245
138             339          345         1609         1610         1613
139            1610         1611         2115         2118
140             345         1662         1665         2118         2227         2229
141             914         1666         2172         2228         2229
143            1511         1969         2115         2175         2227         2228
144            1965         1966         2240         2241         2244
145            1423         1964         1965         2172         2175
147             360          364          365          862          865
148             367          360         1855         2065         2398         2400
149             365         2126         2399         2400
150             369          370          371          200          364         2126         2129
151             369          865         1426         1428
152             371          376         1362         1674         1675
153            1671         1672         1857         2062         2065
154            1581         1584         2062         2129         2398         2399
156             382          322         1669         1672         1675
157             382          376          370         1428         1641         1642
158             367          862         1426         1640         1641
161             388          370         1390         1392
162             371          177          391          392          388
163             339          395         1745         1751         1804         1945         1946
164             395          345          396          397          166
166            1745         1747         2129         2214         2215
167             397          400          369         1386         1389         1392
168             364          400          396         1610         1612
169            1609         1612         2126         2215         2216
170             391          404         1803         1948         1949
171             404          392         1386         1387         1390
172            1613         1751         2214         2216
174            1020         1515         1819         1966         1967         2208         2209
176            1544         1849         1875         2048         2049
177             423         1039         1060         1845         1846
178            1039         1634         2045         2046         2205         2206
179             427         1020         1477         1875         1876
180             427         1515         1544         2244         2246
181             430          423         1632         1634         1817         1819
182             430         1060         1424         2241         2243
183            1424         1817         1965         1967
184             436         2067         2069         2416         2418
189            1751         2067         2149         2152         2200         2202
191            2149         2221         2320         2321         2417         2418
192             436          452          260          453          210          454
193             454         2069         2196         2197         2200
194             452         1626         2224         2416         2417
195              13         1624         2221         2224
197             395         1183         1664         1665
198             453          951         1807         1944         1945
199            1303         1381         2854         2857
200            1823         1826         2222         2225
201            2574         2575         2623         2626
202             471         2580         2623         2861         2863
206              17          230         1827         2219         2221         2222
208             249          471         1823         1824         1827
209            1299         1303         1625         2219         2224         2225
210            1384         2248         2626         2857         2861         2862
212            1140         1144         1837         1840         1843
213             115          483         1144         1620         1622
214             483           96          487         1020         1023
215            1023         1477         1616         1617         1620
217            1140         1143         1616         1622         1993         1994
218            1104         1114         1143         1841         1843
220            1617         1876         1877         1993         1995
221             487          116          427         1436         1437
222            1432         1434         1437         1837         1838         1841
224            1432         1433         1436         1645         1875         1877
225             313         1104         1433         1434
226            1695         1926         1991         2085         2086
227            1921         2232         2470         2539         2540
228             321         1672         1786         1987         1988
230            1585         2062         2354         2470         2473
231            2473         2539         2562         2793         2809         2811
232            1786         2082         2167         2364         2374         2375
237            1920         1926         2120         2230         2232
238            1695         2040         2117         2120
239            2117         2164         2230         2540         2805         2806         2809
242            1565         2165         2267         2806         2807
243            2267         2268         2581         2584         2587
244             899         1508         1511         2010         2012
245             899         1534         2041         2113         2115         2117
246            1534         1565         1567         2010         2586         2587
247            1508         1722         1725         1969         1970
248            2537         2809         2966         2969
249            1722         2583         2584         2967         2970
250            1970         2175         2543         2963         2966         2967
253            2434         2674         2836         2838         2840
254             564          999         2271         2440         2441
255              75          568          999         2671         2673
256            2281         2284         2436         2437         2440
257             564          568         2281         2552         2553
258              69         2402         2670         2671         2674
259              70         2402         2429         2431         2434
260            2284         2430         2431         2553         2554
263            1827         1863         1864         1972         1974
264            1244         1463         1465         1973         1974
266             582         1247         1823         1825         1972         1973
267            1032         2029         2032         2035
268             586         1761         1762         2035         2781         2783         2785
269             471           49          586          252
270             582          161         1032         1760         1761
275            2960         2962         2970         2973         2974
276            2237         2534         2967         2974         2975
277            2582         2584         2956         2957         2960
279              63         2296         2402         2403         2424         2425
281             608         2423         2425         2677         2680         2683
282             608         1142         1778         1842         1843
283            1140         1142         2299         2423         2424
285            1778         2412         2536         2678         2680
286            2403         2674         2675         2681         2683
288              64         1144         2296         2299
289            2597         2598         2671         2976         2978
290            1230         1740         1741         2070         2072
291             628         1223         1228         1230         1962         1963
292             631          632          628         2419         2421
293            2298         2301         2415         2416         2419
294             632         1228         1252         2688         2690
295            2066         2069         2072         2824         2833         2834
296            1651         2426         2822         2830         2831
297             631         1250         1252         2301         2426         2427
298             436         2298         2427         2820         2822         2824
299            1957         1963         2415         2418         2421
300             641          642         1903         2196         2198         2201
301            1901         1903         2592         2615         2616
302             641         1399         2001         2002
303             642         1393         1399         2470         2614         2616
304             367         2335         2336         2450         2453         2454
306            2281         2313         2314         2453         2455
307             568         2350         2353         2562         2564
308             564         2454         2455         2558         2561         2564
309            2338         2394         2400         2465         2555         2556
310             360         2334         2335         2338
311             656          388          376         1225         1228
312             632          659          660          392          656
313            1225         1675         2609         2689         2690
314             391          660          936         1979         1980
315             659         1252         1255         1979         1981
317             670         1255         2612         2688         2689
318             670          283          933         1980         1981
322             672         1399         2092         2371         2372
323            2095         2226         2229         2232         2370         2371
324             913         2172         2543         2617         2619
325             674          917         2613         2616         2619
326             674          642          672         1720         1721
327             913          914          917         1719         1720
329             307         1102         1104         1786         1789
330             684         1102         1434         1435         1741         1742
331             382          319         1223         1225         1433         1435
334             684         1789         1987         2812         2813         2816
335            2440         2442         2452         2455         2458
336            1113         1677         1984         2446         2457         2458
337            1678         1984         2273         2441         2442
339            2271         2273         2789         2791         2794
340             999         2564         2793         2794
341            1113         2361         2375         2376
342            1677         1678         2376         2790         2791
345             708          709         1789         2081         2082
346             711         2081         2167         2168
347             715          608          716          717
348             718          711          709          715         1778         1781
349             717          720          718         2168         2374         2376
351             708         1102         1781         1841         1842
352             720          716         1109         1113         1142         1143
356             715         1598         2680         2864         2866
357             728          729          717         1596         1598
358            2623         2682         2683         2825         2829         2830
360             716          729         1257         2422         2423         2426
361             728           62          586         1257         1650         1651
363            2848         2849         2952         2955
364             735         2836         2841         2949         2951         2952
365             190          735           29          672          641
366            2139         2145         2503         2949         2954         2955
367            2143         2145         2844         2845         2848
369            2675         2840         2952         2961         2962
370             741         2268         2269         2955         2960         2961
371            2673         2794         2811         2969         2976         2977
372             742         2269         2791         2807         2808
373             742          741         2273         2848         2850
374             742          743         1676         1678         1681
375             720          729         1676         1677         1680
376            1599         1601         2162         2165         2168         2287         2289
377             728         1031         1680         1681         1764         1765
378             718         1595         1598         1601
379            1763         1764         2286         2289         2292
380             743         1031         2267         2269         2290         2292
382            1270         1437         1438         1901         2070         2071
383             674         1070         1071         1903         2071         2072
384             919         2414         2603         2618         2619
386            1230         1432         1435         1438
387             756          917          919         1069         1071         1074
388             758          756         1781         2412         2414
389             758          708          684         1073         1074
390            1971         1972         1975         2222         2420         2421
391            1849         1961         1963         1975         1977
392             231         1057         2243         2323         2324
393            1057         1846         1847         1862         1863
394            1844         1847         1971         1974         1977
395            1957         1961         2149         2245         2246
396            2617         2618         2966         2977         2978
399            1195         1684         1685         2286         2288         2291
400            2019         2290         2291         2585         2587
401             776          777         1535         1567         2287         2288
402             776         1166         1684         1686
403             777         1166         1869         2336         2337
404            1534         1535         2334         2337         2340
405            2010         2026         2340         2464         2465
407            1685         1686         1869         2314         2384         2385
408            1167         1869         2452         2453         2456
409            1166         1167         1472         1476         1617         1618
410             860          862          864         2335         2337
412             777          864         1476         2044         2045
413            1618         1993         2449         2456         2457
414             795         1039         2080         2081         2084
415             711          795         1601         1634         1637
416             800           46         2288         2289
419             800          776         1476         2204         2206
420            1698         2044         2046         2084         2086
421             864         1535         1698         2040         2041
423             805         1057         1060         1074         1075
426             807          913          919         1423         1424
427             807          756          805          430
428            1071         1715         1717         1720
429            1819         2239         2856         2859
430             807         1817         2239         2414         2534         2536
431             709          758          805          423          795
433            1806         1948         2284         2313         2385         2386
434            2464         2545         2556         2557
435             453         2431         2432         2495         2498
438            1117         1123         1124         1620         1621
439            1023         1123         2207         2209
440             819         1121         1124         1687         1689
441              47          800         1683         1684         1687
442             820          819         1616         1618         1621
443             820         1167         1683         1686         1689
444             172         1027         1032         2291         2292
445              39          582         1194         1687         1688
446             404          660          821         1191         1688         1689
448             820          821         1978         1979         2456         2458
450             823          396         2113         2118         2120
451             397          823         1353         1925         1926
453             656          628         1390         1975         1976
454             825         1124         1301         2225         2419         2420
455             819          825          631          659          821
456            1964         1967         1970         2237         2239
458             735         1919         2571         2827         2832         2833
459             454         1917         2824         2827
461            1508         1517         1518         2548         2550
462            1518         1614         2210         2213         2216
463             365          899         1611         1612         2338         2340
464             483         1123         1303         1304         2527         2529
465             825         1621         1622         2294         2299         2301
466             452         2294         2296         2298         2524         2526
467            1392         1428         1976         1977         2047         2049
468            1463         1845         1847         1989         2084         2085
469             400          823          860          865         1695         1698
470            1250         1255         1257         1680         1682
471            1676         1682         1978         1981         1984
474            1436         1438         1544         1961         1962
476             670         1681         1682         1932         1935
477            1027         1031         1932         2034         2035
478             743          741         1932         2144         2145
479              95          487         1512         1515         1518
483             860         1426         2043         2044         2047
487            1511         1517         1609         1611         1614
490            1978         1980         2436         2439         2442
492            1943         1944         2380         2383         2386
494            1595         1632         1637         2856         2865         2866
496            2403         2434         2435         2820         2825         2827
497            2271         2670         2673         2840         2849         2850
499            1472         1477         2203         2206         2209
500            1027         1759         1761         1764
501            1844         1845         2043         2046         2049
503            1844         1846         1849         2240         2243         2246
504            1639         1641         1877         2047         2048
505            2516         2519         2581         2582         2585
506            1109         1994         2446         2449
507            1117         1299         1301         1304
508            1957         1962         2066         2067         2070
510            1662         1664         2366         2367         2370
511            1188         1683         1685         1688
514            1223         1741         2684         2687         2690
515            1567         2041         2164         2165
516            1386         1388         1971         1973         1976
517            1250         1651         2684         2685         2688
518            1565         2286         2287         2290
519            1901         2201         2202         2210         2211         2214
522            1920         1925         2089         2094         2095
523            1581         1583         1669         1671         1674
525            1722         1724         2237         2852         2857         2859
526            2162         2374         2790         2806         2808
527            2065         2354         2558         2559         2562
529            1463         1863         2781         2786         2788
530            1472         1876         2043         2045         2048
531            2026         2381         2382         2585         2586
532            1512         1517         1964         1966         1969
536            1632         2203         2205         2208
537            2626         2681         2682         2956         2959         2962
538            2040         2080         2086         2162         2164         2167
540            1745         2196         2199         2202
541            1837         1842         2412         2597         2600         2603
542            1985         1987         2080         2082         2085
544            1800         1943         1945         1948
545            2314         2334         2336         2463         2465
546            2066         2071         2200         2201
547            2422         2425         2822         2825
548            2029         2034         2139         2141         2144
549            2380         2382         2385         2463         2464
550            2350         2354         2394         2395         2398
551            2089         2366         2368         2371
553            2113         2226         2227         2230
554            2210         2215         2394         2396         2399
555            2534         2678         2859         2864         2865
556            2240         2245         2318         2320         2323
557            2226         2228         2537         2540         2543
558            2350         2473         2595         2614         2615
559            2268         2805         2807         2963         2969         2970
560            2219         2415         2417         2420
561            2436         2441         2844         2847         2850
562            2313         2463         2551         2553         2556
563            2294         2422         2424         2427
566            2536         2603         2972         2975         2978
567            2375         2558         2560         2789         2790         2793
568            2443         2452         2454         2457
569            2537         2539         2613         2614         2617
570            2516         2518         2954         2957         2958
571            2523         2525         2544         2546         2549
572            2677         2678         2681         2973         2975
573            2574         2576         2828         2829         2832
574            2597         2599         2613         2615         2618
575            2684         2689         2812         2815         2818
576            2677         2682         2860         2861         2864
579            2670         2675         2972         2973         2976
584            2789         2805         2808         2811
586            2781         2812         2814         2817
588            2820         2828         2830         2833
589            2836         2844         2846         2849
590            2852         2860         2862         2865
596            2949         2956         2958         2961
597            2963         2972         2974         2977
cells 64          
0                 0            1            2            3            4            5            6            7            8            9           10           11           12          510          570
1                15           16           17           18           19           20           21           22           23           24          494          507          536          590
2                25           26           27           29           31           33           35           36           37           38           40           41           43          571
3                46           11           48           49           50           51           54           56           57           59           60           61           64           66          492
4                67           69           70           71           72           74           76           77           78           79           80           81           82           83
5                85           86           88           90           12           91           92           93           94           95           98           99          573
6               100           51          102          103          104          105          106          108          109          110            9          505          531          571
7                54          112          113          114          115          116           76          117          118          119          120          121          122          522          523          548
8               124          125          126          127          128          130          131          133          134          506
9               135          136            2          137          138          139          140          141          143          144          145          487          532          556
10              147          148          149          150          151          152           72          130          153          154          156          157          158          523
11              161          162          150          163           60          164          166          138          167          168          169           74          170          171          172          544
12              174          176          177          178          179          180          181          182          144          183          499          501          503          530          536
13              184           46          100          163          136            3          189          191          192          193          194          195          197           80          198          540
14              199           22          200          201          202            5          195          206          208           93          105          209          210
15               38          212          213          214          215          217          218          179          126          220          221          222          224          225
16              226          115          227          228          133          153          230          231          232          237          238          239          526          527          538          542          567          584
17              242          243          244          239          143          245          246          110          247          248          249          250          515          553          557          559
18              253          254          255          256          257          258          259          260           27           82          497          561          589
19              121          263          264          266          267          268           56           17          208           94          269          270          529
20              275          109          249          276          277          210           10          525          537          555          572          576          590
21              279          281          282          283          285          286           25          212          288          258          289          541          566          572          579
22              290          291          184          292          293          294          295          296          297           90          298          299          508          514          517          588
23              300           71          301          230          154          302           40          166          303          116          519          540          550          554          558
24              304          306          307          308          131           35          309          257          310          148          527          545          550          562
25              311          312          294          117          313          152          314          315          317          318          162           67
26              114          227          322            1          323          141          324          325          303          326          327          557          569
27              329          225          330          331          228          118          313           92          334          128          156          514          575
28              335          336          125          337          339          340          341          342          308          254          567          568
29              345          329          346          347          348          349          282          232          351          352          218          124          341
30              356          347          357          358          281          360          361           23           95          296          269          202          547          576
31              113           57          322          363          364            7          302          365           70          366          367          551          589
32              369          339          363          370          275          371          372          373          497          559          579          584          597
33              374          372          342          357          375          349          242          376          377          378          379           21          380          518          526
34              382          222          351          325          301          383           29          384          290          386          330          387           88          388          389          541          574
35              263           86          390          206          391            4          392          191          299          393          394          395          503          556          560
36              396          248          340          255          307          231           36          289          371          558          569          574
37              399          400          401          402          403          404          246          405           50          407          518          531          545          549
38              408          403          409          410          304          412          220          413          158          134          483          504          530          568
39              346          414          415          416          376           19          178          401          419          412          420          421          515          538
40              423          392          426          182          427          135          387            0          327           91          428
41              429          415          285          181          430          356          378          348          431          388          427          494          555
42              198          433           79          434          103           41          260          435          492          544          549          562
43              438          439          215          419          440          441           20          402          442          443          409          499
44              444          399          416          270          379           16          445          441           66          500          511
45              446          170           48          335          306          256          407           81          433          448          314          443          408          490          511
46              450          451          164           59          237          197          323          140          510          522          551          553
47              446           49          171          200           15          292          390          445          440          453          266          454          455          312          516
48              456          183          430          276          250          396          324          145          426          384          566          597
49              295          383           99          458          365           78          300          193          459          326          428            8          546
50              405          461          244          104          462           33          169          149          463          309          434          487          554
51              108          194          209          464          454          465          438          213          293           37          288          466          507          560
52              151          467          167          120           64          264          394          226          451          468          469          420          483          501          516
53              448          315          336          352          283          217          360          470          471          465          297          375          455          442          413          506          563
54              389          334           85          414          177          468          122          393          431          423          345          529          542          586
55              358          201          253          286          369          364           83          458            6          496          537          573          588          596
56              410          463          404          310          450          139          168          245          147          421          469          238
57              467          161          386          331          474          176          157          311          224          453          391          291          127          504
58              279          259           26          192          435           77          298          466          102          459          496          547          563
59              361          268           98          119          476          470          317          377           24          477          500          517          575          586
60              400          478          380          477          444           61          243          277          370          267          366          505          548          570          596
61              476          318          471          478           69          337          112          367          373          374          490          561
62              106          247          461           31          456          464          214          174          199           18          429          439          479          525          532
63              462          479          180          382          172           43          189          474          395          137          221          508          519          546

