2.28e-05
1.38e-05
1.31e-05
1.25e-05
1.19e-05
1.14e-05
1.09e-05
1.04e-05
9.92e-06
9.48e-06
9.05e-06
8.63e-06
8.27e-06
7.88e-06
7.52e-06
7.20e-06
6.88e-06
6.59e-06
6.28e-06
6.01e-06
5.75e-06
5.51e-06
5.27e-06
5.04e-06
4.83e-06
4.61e-06
4.41e-06
4.23e-06
4.04e-06
3.88e-06
3.71e-06
3.56e-06
3.40e-06
3.27e-06
3.12e-06
3.00e-06
2.87e-06
2.75e-06
7.04e-05
6.94e-05
7.63e-05
9.70e-05
9.34e-05
8.91e-05
8.50e-05
8.11e-05
7.74e-05
7.39e-05
7.05e-05
6.73e-05
6.43e-05
6.15e-05
5.87e-05
5.35e-05
5.07e-05
4.85e-05
4.64e-05
4.43e-05
4.24e-05
4.05e-05
3.88e-05
3.71e-05
3.55e-05
3.41e-05
3.25e-05
3.12e-05
2.99e-05
2.86e-05
2.74e-05
2.63e-05
2.51e-05
2.41e-05
2.31e-05
2.21e-05
2.12e-05
2.03e-05
1.95e-05
1.87e-05
1.79e-05
1.72e-05
1.65e-05
1.58e-05
1.52e-05
1.45e-05
1.40e-05
1.34e-05
1.29e-05
1.23e-05
1.18e-05
2.68e-05
2.31e-05
2.22e-05
2.13e-05
2.05e-05
1.96e-05
1.89e-05
1.81e-05
1.75e-05
1.68e-05
1.61e-05
1.55e-05
1.49e-05
1.44e-05
1.39e-05
1.34e-05
1.29e-05
1.24e-05
1.20e-05
1.15e-05
1.11e-05
1.08e-05
1.04e-05
1.00e-05
9.69e-06
9.36e-06
9.04e-06
8.74e-06
8.46e-06
8.17e-06
7.90e-06
7.64e-06
7.39e-06
7.16e-06
6.94e-06
6.72e-06
6.52e-06
6.31e-06
6.11e-06
5.92e-06
5.75e-06
5.57e-06
5.41e-06
5.24e-06
5.09e-06
4.94e-06
4.79e-06
4.66e-06
4.52e-06
4.39e-06
4.27e-06
4.15e-06
4.03e-06
3.92e-06
3.81e-06
3.71e-06
3.61e-06
3.51e-06
3.42e-06
3.33e-06
3.24e-06
3.16e-06
3.07e-06
3.00e-06
2.92e-06
2.84e-06
2.76e-06
2.69e-06
2.63e-06
2.56e-06
2.49e-06
2.44e-06
2.38e-06
2.31e-06
2.27e-06
2.21e-06
2.15e-06
2.11e-06
2.05e-06
2.00e-06
1.96e-06
1.91e-06
1.86e-06
1.81e-06
1.77e-06
1.74e-06
1.69e-06
1.66e-06
1.62e-06
1.58e-06
1.55e-06
1.51e-06
1.48e-06
1.44e-06
1.42e-06
1.38e-06
1.36e-06
1.32e-06
1.30e-06
1.27e-06
1.24e-06
1.21e-06
1.19e-06
1.17e-06
1.15e-06
1.12e-06
1.09e-06
1.07e-06
1.04e-06
1.03e-06
1.01e-06
9.93e-07
