3.99e-03
2.60e-03
1.51e-03
8.00e-04
4.26e-04
2.30e-04
1.28e-04
7.54e-05
4.91e-05
3.63e-05
3.05e-05
2.81e-05
2.75e-05
2.77e-05
2.82e-05
2.88e-05
2.94e-05
2.99e-05
3.04e-05
3.09e-05
3.13e-05
3.17e-05
3.21e-05
3.25e-05
3.28e-05
1.56e-04
1.21e-04
1.04e-04
9.68e-05
9.48e-05
9.50e-05
9.61e-05
9.74e-05
9.88e-05
1.00e-04
1.01e-04
1.02e-04
1.03e-04
1.03e-04
1.04e-04
1.05e-04
1.05e-04
1.06e-04
1.06e-04
1.06e-04
1.07e-04
1.07e-04
1.07e-04
1.08e-04
1.08e-04
1.08e-04
1.09e-04
1.09e-04
1.09e-04
1.09e-04
1.10e-04
1.10e-04
1.10e-04
1.10e-04
1.10e-04
1.10e-04
1.10e-04
1.11e-04
1.11e-04
1.11e-04
1.11e-04
1.11e-04
1.11e-04
1.11e-04
1.11e-04
1.11e-04
1.11e-04
1.11e-04
1.10e-04
1.10e-04
1.10e-04
1.10e-04
1.10e-04
1.09e-04
1.09e-04
1.09e-04
1.08e-04
1.08e-04
1.08e-04
1.07e-04
1.07e-04
1.06e-04
1.06e-04
1.05e-04
1.05e-04
1.04e-04
1.03e-04
1.03e-04
1.02e-04
1.01e-04
1.00e-04
9.94e-05
9.84e-05
9.75e-05
9.64e-05
9.53e-05
9.41e-05
9.29e-05
9.16e-05
9.02e-05
8.88e-05
8.72e-05
8.56e-05
8.39e-05
8.21e-05
8.02e-05
7.81e-05
7.59e-05
7.36e-05
7.11e-05
6.83e-05
6.54e-05
6.21e-05
5.85e-05
6.40e-03
5.56e-03
4.78e-03
4.08e-03
3.50e-03
3.04e-03
2.70e-03
2.42e-03
2.21e-03
2.05e-03
1.93e-03
1.83e-03
1.75e-03
1.68e-03
1.63e-03
1.59e-03
1.56e-03
1.53e-03
1.51e-03
1.49e-03
