6.01e-03
5.74e-03
5.66e-03
5.60e-03
5.55e-03
5.50e-03
5.46e-03
5.42e-03
5.38e-03
5.35e-03
5.33e-03
6.01e-03
5.99e-03
5.97e-03
5.96e-03
5.95e-03
5.95e-03
5.94e-03
5.94e-03
5.93e-03
5.93e-03
5.93e-03
5.92e-03
5.92e-03
5.92e-03
5.91e-03
5.91e-03
5.91e-03
5.90e-03
5.90e-03
5.90e-03
5.85e-03
5.83e-03
5.82e-03
5.80e-03
5.79e-03
5.78e-03
5.79e-03
5.78e-03
5.77e-03
5.78e-03
5.77e-03
5.75e-03
5.77e-03
5.75e-03
5.77e-03
5.74e-03
5.76e-03
5.73e-03
5.75e-03
5.72e-03
5.73e-03
5.70e-03
5.71e-03
5.39e-03
5.40e-03
5.40e-03
5.40e-03
5.34e-03
5.34e-03
5.32e-03
5.30e-03
5.28e-03
5.30e-03
5.25e-03
5.26e-03
5.25e-03
5.23e-03
5.20e-03
5.18e-03
5.15e-03
5.13e-03
5.10e-03
5.07e-03
5.04e-03
5.01e-03
4.95e-03
4.94e-03
4.92e-03
4.86e-03
4.85e-03
4.82e-03
4.80e-03
4.73e-03
4.71e-03
4.69e-03
4.62e-03
4.59e-03
4.56e-03
4.48e-03
4.42e-03
3.96e-03
3.85e-03
3.77e-03
3.67e-03
3.57e-03
3.60e-03
3.69e-03
3.63e-03
3.63e-03
3.64e-03
3.64e-03
3.65e-03
3.66e-03
3.66e-03
3.67e-03
3.67e-03
3.67e-03
3.67e-03
3.68e-03
3.68e-03
3.68e-03
3.68e-03
3.67e-03
3.67e-03
3.69e-03
3.67e-03
3.68e-03
3.66e-03
3.67e-03
3.65e-03
3.65e-03
3.65e-03
3.64e-03
3.62e-03
3.61e-03
3.60e-03
3.58e-03
3.56e-03
3.54e-03
3.52e-03
3.50e-03
3.47e-03
3.44e-03
3.41e-03
3.38e-03
3.35e-03
3.31e-03
3.27e-03
3.22e-03
3.18e-03
3.68e-03
3.31e-03
3.16e-03
3.09e-03
3.02e-03
2.94e-03
2.84e-03
2.73e-03
2.61e-03
2.46e-03
2.27e-03
1.98e-03
4.38e-03
4.27e-03
4.37e-03
4.47e-03
4.54e-03
4.59e-03
4.61e-03
4.62e-03
4.65e-03
4.67e-03
4.70e-03
4.72e-03
4.75e-03
4.78e-03
4.81e-03
4.85e-03
4.88e-03
4.92e-03
4.96e-03
5.00e-03
5.04e-03
5.06e-03
5.12e-03
5.14e-03
5.20e-03
5.26e-03
5.33e-03
5.39e-03
5.46e-03
5.53e-03
5.60e-03
5.68e-03
5.76e-03
5.86e-03
5.96e-03
6.09e-03
5.42e-03
5.42e-03
5.41e-03
5.39e-03
5.38e-03
5.34e-03
5.33e-03
5.33e-03
5.32e-03
5.28e-03
5.27e-03
5.27e-03
5.23e-03
5.23e-03
5.20e-03
5.20e-03
5.17e-03
5.17e-03
5.17e-03
5.14e-03
5.14e-03
5.11e-03
5.09e-03
5.10e-03
5.07e-03
5.05e-03
5.06e-03
5.04e-03
5.02e-03
5.03e-03
5.01e-03
5.00e-03
4.98e-03
4.97e-03
