2.77e-03
1.68e-03
8.57e-04
3.08e-04
8.08e-05
2.16e-05
3.69e-05
3.25e-05
3.05e-05
2.90e-05
2.76e-05
2.62e-05
2.48e-05
2.35e-05
2.23e-05
2.11e-05
2.00e-05
1.89e-05
1.79e-05
1.69e-05
1.60e-05
1.51e-05
1.43e-05
1.35e-05
1.28e-05
1.20e-05
1.14e-05
1.07e-05
1.01e-05
9.54e-06
8.99e-06
8.48e-06
8.00e-06
7.53e-06
7.08e-06
6.67e-06
6.28e-06
5.91e-06
5.55e-06
5.22e-06
4.91e-06
4.62e-06
4.34e-06
4.08e-06
3.84e-06
3.61e-06
3.38e-06
3.17e-06
2.98e-06
2.80e-06
2.62e-06
2.46e-06
2.31e-06
2.16e-06
2.03e-06
1.89e-06
1.78e-06
1.66e-06
1.56e-06
1.46e-06
1.36e-06
1.28e-06
1.19e-06
1.12e-06
1.04e-06
9.71e-07
