5.76e-05
5.02e-05
3.52e-05
2.46e-05
1.72e-05
1.20e-05
8.32e-06
1.16e-04
8.11e-05
5.63e-05
3.91e-05
2.72e-05
1.88e-05
1.30e-05
9.03e-06
1.01e-04
7.06e-05
4.91e-05
3.41e-05
2.36e-05
1.64e-05
2.71e-06
8.09e-05
5.65e-05
3.95e-05
2.76e-05
1.93e-05
1.35e-05
9.38e-06
7.10e-05
4.97e-05
3.48e-05
2.43e-05
1.70e-05
1.18e-05
8.22e-06
5.67e-05
3.97e-05
2.77e-05
1.93e-05
1.42e-05
9.83e-06
2.26e-05
1.58e-05
1.10e-05
7.68e-06
1.98e-05
1.38e-05
9.58e-06
2.01e-05
1.40e-05
9.80e-06
1.58e-05
1.10e-05
7.66e-06
1.75e-05
1.23e-05
8.54e-06
1.41e-05
9.82e-06
1.45e-05
1.01e-05
7.02e-06
1.23e-05
8.59e-06
1.30e-05
9.05e-06
1.30e-05
9.07e-06
9.74e-06
1.01e-05
6.99e-06
1.11e-05
7.74e-06
8.56e-06
8.96e-06
