5.51e-04
4.55e-05
1.77e-05
1.55e-05
1.47e-05
1.41e-05
1.35e-05
1.30e-05
1.24e-05
1.19e-05
1.14e-05
1.10e-05
1.05e-05
1.01e-05
9.69e-06
9.32e-06
8.94e-06
8.60e-06
8.24e-06
7.91e-06
7.62e-06
7.31e-06
7.02e-06
6.75e-06
6.48e-06
6.24e-06
6.00e-06
5.78e-06
5.55e-06
8.24e-04
6.97e-04
7.13e-04
7.08e-04
7.00e-04
2.15e-03
2.13e-03
2.12e-03
2.10e-03
2.07e-03
2.05e-03
2.03e-03
2.01e-03
1.99e-03
1.96e-03
1.94e-03
1.92e-03
1.90e-03
1.87e-03
1.85e-03
1.83e-03
1.81e-03
1.79e-03
1.77e-03
1.75e-03
1.73e-03
1.71e-03
1.69e-03
1.67e-03
1.65e-03
1.63e-03
1.62e-03
1.59e-03
1.58e-03
1.56e-03
1.54e-03
1.52e-03
1.51e-03
1.49e-03
1.48e-03
1.47e-03
1.47e-03
5.59e-03
5.50e-03
5.47e-03
5.45e-03
5.43e-03
5.82e-03
5.84e-03
5.86e-03
5.87e-03
5.88e-03
5.89e-03
5.89e-03
5.89e-03
5.89e-03
5.89e-03
5.89e-03
5.89e-03
5.89e-03
5.89e-03
5.89e-03
5.89e-03
5.89e-03
5.88e-03
5.88e-03
5.88e-03
5.88e-03
5.88e-03
5.88e-03
5.88e-03
5.92e-03
5.91e-03
5.94e-03
5.92e-03
5.96e-03
5.98e-03
5.93e-03
5.97e-03
5.99e-03
5.94e-03
5.98e-03
6.00e-03
5.95e-03
5.99e-03
6.02e-03
5.97e-03
6.01e-03
6.04e-03
5.99e-03
6.03e-03
5.99e-03
6.03e-03
6.06e-03
5.98e-03
6.03e-03
6.03e-03
6.03e-03
6.03e-03
6.03e-03
6.04e-03
6.05e-03
6.06e-03
6.07e-03
6.08e-03
6.09e-03
6.04e-03
6.07e-03
