1.66e-03
1.02e-03
5.30e-04
2.50e-04
1.02e-04
4.69e-05
2.65e-05
1.84e-05
1.50e-05
1.35e-05
1.26e-05
1.41e-03
1.06e-03
8.08e-04
6.56e-04
5.65e-04
5.10e-04
4.71e-04
4.65e-04
4.73e-04
4.80e-04
4.83e-04
4.84e-04
5.22e-04
5.02e-04
5.14e-04
4.96e-04
5.09e-04
5.01e-04
5.60e-04
7.35e-04
8.56e-04
6.14e-04
5.33e-04
4.90e-04
4.77e-04
4.69e-04
4.73e-04
4.88e-04
4.72e-04
5.33e-04
4.83e-04
4.61e-04
4.77e-04
4.64e-04
4.78e-04
5.46e-04
4.87e-04
4.53e-04
4.66e-04
5.58e-04
5.19e-04
6.88e-04
7.43e-04
7.76e-04
8.73e-04
5.93e-04
4.89e-04
4.56e-04
4.50e-04
4.37e-04
4.52e-04
4.37e-04
4.97e-04
6.21e-04
5.37e-04
4.60e-04
4.36e-04
4.33e-04
1.40e-03
3.30e-04
3.85e-04
1.74e-04
2.51e-04
3.13e-04
2.61e-04
2.56e-04
2.52e-04
2.49e-04
2.30e-04
2.20e-04
2.30e-04
2.19e-04
2.12e-04
2.09e-04
1.66e-04
2.43e-04
2.21e-04
2.10e-04
2.05e-04
2.01e-04
1.59e-04
2.35e-04
2.32e-04
3.51e-04
2.65e-04
2.15e-04
2.04e-04
1.99e-04
2.11e-04
2.01e-04
1.54e-04
2.31e-04
2.09e-04
1.98e-04
2.08e-04
1.97e-04
1.91e-04
2.03e-04
1.50e-04
2.75e-04
2.12e-04
1.96e-04
1.88e-04
2.00e-04
1.89e-04
1.99e-04
1.46e-04
2.21e-04
1.98e-04
2.04e-04
2.06e-04
1.90e-04
1.98e-04
1.86e-04
1.95e-04
1.84e-04
1.94e-04
1.82e-04
2.16e-04
2.11e-04
2.08e-04
2.06e-04
1.88e-04
2.19e-04
2.11e-04
2.08e-04
2.06e-04
1.87e-04
1.94e-04
1.81e-04
2.14e-04
1.90e-04
1.95e-04
1.81e-04
1.90e-04
1.95e-04
1.80e-04
1.89e-04
1.94e-04
1.96e-04
1.36e-04
1.15e-04
1.06e-04
1.01e-04
9.72e-05
9.42e-05
9.16e-05
8.92e-05
8.69e-05
8.47e-05
8.25e-05
8.04e-05
7.84e-05
7.92e-05
7.57e-05
7.31e-05
7.09e-05
6.90e-05
6.71e-05
6.54e-05
6.37e-05
6.21e-05
6.05e-05
5.90e-05
5.75e-05
5.60e-05
5.46e-05
5.32e-05
5.18e-05
5.05e-05
4.93e-05
4.80e-05
4.68e-05
4.56e-05
4.44e-05
4.33e-05
4.22e-05
4.12e-05
4.01e-05
3.91e-05
3.81e-05
3.44e-05
3.40e-05
3.34e-05
3.27e-05
3.19e-05
3.12e-05
3.04e-05
2.96e-05
2.89e-05
2.82e-05
2.75e-05
2.68e-05
2.61e-05
2.54e-05
2.48e-05
2.41e-05
2.35e-05
2.30e-05
2.24e-05
2.18e-05
2.12e-05
2.06e-05
2.01e-05
1.96e-05
1.91e-05
1.86e-05
1.81e-05
1.77e-05
1.72e-05
1.68e-05
1.64e-05
1.59e-05
1.55e-05
1.52e-05
1.48e-05
1.44e-05
1.40e-05
1.37e-05
1.33e-05
1.29e-05
1.26e-05
1.23e-05
1.19e-05
1.16e-05
1.13e-05
1.11e-05
1.08e-05
1.05e-05
1.02e-05
9.96e-06
9.72e-06
9.46e-06
9.21e-06
8.98e-06
8.75e-06
8.53e-06
8.29e-06
8.08e-06
7.86e-06
7.65e-06
7.47e-06
7.26e-06
7.09e-06
6.91e-06
6.71e-06
6.54e-06
6.37e-06
6.22e-06
6.05e-06
5.91e-06
5.75e-06
5.59e-06
5.45e-06
5.31e-06
5.18e-06
5.03e-06
4.90e-06
4.78e-06
4.67e-06
4.54e-06
4.43e-06
4.31e-06
4.20e-06
4.09e-06
3.98e-06
3.87e-06
3.78e-06
3.69e-06
3.60e-06
3.49e-06
3.40e-06
3.32e-06
3.23e-06
3.15e-06
3.08e-06
3.01e-06
2.92e-06
2.84e-06
2.77e-06
2.69e-06
2.62e-06
2.55e-06
2.47e-06
2.41e-06
2.36e-06
2.29e-06
2.23e-06
2.17e-06
2.11e-06
2.06e-06
2.01e-06
1.97e-06
1.91e-06
1.92e-06
1.89e-06
1.87e-06
1.84e-06
1.81e-06
2.70e-06
2.65e-06
2.60e-06
2.53e-06
2.46e-06
2.40e-06
2.34e-06
2.28e-06
2.22e-06
2.16e-06
2.10e-06
2.05e-06
2.00e-06
1.95e-06
1.89e-06
1.85e-06
