2.54e-03
1.87e-03
8.40e-04
4.29e-04
2.09e-04
1.12e-04
6.91e-05
4.93e-05
3.95e-05
3.44e-05
3.13e-05
2.93e-05
2.78e-05
2.65e-05
2.54e-05
2.44e-05
2.34e-05
2.25e-05
2.17e-05
2.10e-05
2.02e-05
1.96e-05
1.89e-05
1.83e-05
1.77e-05
1.71e-05
1.66e-05
1.61e-05
1.56e-05
1.51e-05
1.46e-05
1.42e-05
1.38e-05
1.34e-05
1.30e-05
1.26e-05
1.22e-05
1.19e-05
1.16e-05
1.12e-05
1.09e-05
1.06e-05
1.03e-05
1.01e-05
9.78e-06
9.53e-06
9.27e-06
9.02e-06
8.80e-06
8.56e-06
8.35e-06
8.13e-06
7.93e-06
7.73e-06
7.53e-06
7.34e-06
7.14e-06
6.97e-06
6.80e-06
6.65e-06
6.49e-06
6.32e-06
6.18e-06
6.03e-06
5.88e-06
5.75e-06
5.61e-06
5.48e-06
5.35e-06
5.22e-06
5.09e-06
4.98e-06
4.86e-06
4.74e-06
4.64e-06
4.54e-06
4.45e-06
4.34e-06
4.24e-06
4.15e-06
4.05e-06
3.97e-06
3.88e-06
3.80e-06
3.72e-06
3.63e-06
3.56e-06
3.47e-06
3.40e-06
3.33e-06
3.26e-06
3.19e-06
3.12e-06
3.06e-06
3.00e-06
2.93e-06
2.87e-06
2.80e-06
2.76e-06
2.70e-06
2.65e-06
2.59e-06
2.53e-06
2.49e-06
2.44e-06
2.39e-06
2.34e-06
2.29e-06
2.25e-06
2.20e-06
2.16e-06
2.12e-06
2.08e-06
2.03e-06
1.99e-06
1.96e-06
1.92e-06
1.88e-06
1.84e-06
1.81e-06
1.77e-06
1.74e-06
1.71e-06
1.67e-06
1.64e-06
1.61e-06
1.58e-06
1.55e-06
1.53e-06
1.50e-06
1.47e-06
1.43e-06
1.41e-06
1.38e-06
1.36e-06
1.34e-06
1.31e-06
1.28e-06
1.26e-06
1.23e-06
1.21e-06
1.19e-06
1.17e-06
1.15e-06
1.13e-06
1.12e-06
1.09e-06
1.07e-06
1.05e-06
1.03e-06
1.01e-06
9.96e-07
