vertices 381         
0         3.18888555180476   0.508586008932631   0.341400095393033
1        0.202775528955157    3.95464832056717   0.849246810258977
4       0.0502565717782363   0.226922394793606   0.484679591575027
8        0.431919851459938   0.365853763780988     1.0294771633045
10         3.3910354457297   0.254138085453838   0.322904623700179
20        3.06481823238719   0.229474992439897     1.5404925297785
21         2.9776411330448   0.417984873025895     1.4979256306817
28      0.0953699704824214   0.148051835569109   0.105200465476372
31        3.54570384560073   0.169061994956681 0.00459869455123256
38       0.419078130935912   0.440221272385095    3.85919526805893
40        3.72949966342401    3.53538084426772    3.52351659948197
42       0.514606790731657   0.111475396330886    3.74173006764348
44        3.34625054778039   0.533836452345165    3.71453232193843
45         3.4986166242046    3.68735556630658    3.80027753364959
50        3.76981250878417    3.58800821653462    3.78600860253028
51       0.190898509754469    3.91808570987793 0.00443645764333843
54        1.23705251981901    1.92251173638856    3.06105480868189
55        1.45303983151525    2.32926386549301    2.10778940540305
59        1.19131398842984    2.01749504125433    2.50478434738664
62        1.42105738708358    1.80444748632463    2.36108761350738
68        1.64515956972542    1.58863998281651    2.66614728493246
69        1.48848429970564    1.66092031223118     3.0880489497768
74        1.58837727557368    2.00966891617209    2.12776604104476
75        2.20607707584176    2.69996889524785    2.67031717155738
76        1.99495491448071     1.6732314330313     2.6913944195482
80        1.24294657571207    2.37279981507559    2.30887801673483
83        1.84015772197131    2.05628673727421    2.15399214523334
88        3.10144388690087     3.1670637804055   0.333648725078892
98         3.0544541326113    3.47108169508594  0.0970036060907591
99        3.64424364668365    2.37367872961344    3.58724280882817
100     0.0752448392631575    3.04509531984789  0.0644334022906493
101       3.99106503940289    3.22445660721346   0.132634416708292
102       3.78120396497699    3.05226594197881   0.366684062613008
105       2.95095929478543     2.3799588112954   0.101177477956518
106       2.72867813625515    2.63515346542777   0.125133114420174
110      0.285738054478997    3.77316346391133   0.813688664047336
113       3.67037980439779    3.23595167177034    1.02298223878291
114    0.00449242272626531    3.62402914574403    1.10343966818101
118      0.318121799726968    3.61225818904874   0.258768986990871
120      0.968828581341203    3.11616714440333   0.404831340399589
126       1.69654808578271    3.03622393687518    1.39265802164101
132       0.92720213735204    3.00013693009741    1.08891663168174
136       1.36279636328388    2.95463104684925   0.340155804698121
137       1.69166938661222    3.19285587446804   0.225564601620925
142      0.859536603826743    3.27975736187603    1.23399632670755
144       2.84099667991027    1.60712334312217    3.71335623892658
145       2.82167631686773    1.46002659806269    3.94502535270572
147        2.4656519923496    2.67201363000569    3.92764755455553
149       1.97628906911301    1.19247177449721   0.184883239895284
151       2.22807476467884    1.05322357654463    3.87659521004666
152       2.14151715891538    1.06909267658896    3.71260999930691
154       1.71850232071338    1.84836561688294    0.16149564254519
156       2.36204005368778    1.38854747511276    3.42594973330807
159       2.62674343260863    2.61208523377543   0.199735318643312
161       2.26549532893613    1.45407709294964    2.60242916508702
162       3.34600256023125    1.57014832183211    3.39811060242137
163       3.32082035350501    1.49575864317303    3.14785403793101
168       1.57842313196073    2.09165163950974   0.696828782169389
169       1.94861749681491     2.0070910983076   0.752892344704595
171       1.89990290269431    3.05459193095187    3.79391232943711
180       3.19501652842604    3.12922966776269    1.23269313716003
181       3.58277086954415    2.08603926364371    1.05133252847525
182       3.59000008805891    2.36534715872962    1.25900613981011
183       2.93102373325114     2.6072581423276    1.22235194187939
184       3.15904022129021    2.35151785250022    1.26250833128315
198      0.838006594431037    2.40253273073787    2.19314837292608
200      0.604222411856221    2.40251169260213    1.75197829245962
201      0.531276442221617    3.18951316740965    1.52852199995189
206       1.09204367034336    2.41325250973433    1.37067073647984
208       1.94360287807813    3.04350659517091    1.87671907088727
211      0.429207904991731    2.86752225937669     1.5086889633984
212      0.452601475271981     2.6286937573098    1.78923613229625
213      0.675127252377615    2.64631202653145    2.24808829742988
221       3.10283424262642   0.686865694045718    3.99261932087862
223       2.41182415330842   0.600966439088252    3.90441689307031
227       1.88112467957246   0.845500217545656   0.579799739789082
233         2.115255094522    3.88115676032668    2.42100443474049
241       1.97938507787826   0.487374257714284    2.64203691761266
242       1.86166476888219    3.63150810171923     2.5592737150822
246       1.96316364883021    3.38248824679013    2.88334912648757
247       2.15480099362719   0.624155308245017    3.50298522037756
255        1.2706857124497    1.90354374534621    1.06173550251816
256       1.06606472536066    0.82533082796116   0.766162123555499
258       1.25264664520721    0.75499473640084   0.542302898867192
260       1.51321677318078     1.6264076252812    1.40844004185974
262       2.01459226580368     1.6263778279606    1.31314764583035
265       1.27455607091019     1.2878144552413    1.41842556427332
266       1.35667892480738    1.11422954073497    1.37837766258393
268         3.545510148087    1.13369263706309    2.99257207755889
271       3.53986080418156    1.84034696237319     2.5031023124281
273       2.68498240870282    2.73749141499424    2.67625245454192
274       3.66116325938606    2.90417994081606    2.46483114217375
276       3.80039568605563    2.66199818139091    2.37855049317689
279      0.106191620399299    2.61215097447452    2.97712627268685
283       3.57668306446218    2.31428866939812    2.23141305100004
287       2.21357860810542    1.80710775311584    1.59613126180921
288       2.39556797311612    2.45422136922631     1.4589047670611
296       0.24309156087212      2.838863833022      3.104980806515
301      0.171721993928779    3.52859552634729    2.81099009031424
318      0.982194554340444    2.50800064981779    3.86584522158165
325       2.67453994933974    2.88091496031568    1.88878473221885
331      0.174005369541908    2.61342570369026    2.97954957508139
332      0.120378591403509    2.62699330989529    1.79231356994775
333      0.134834207970608     3.3714142399362    1.50503854911251
334      0.116076799752761    3.71807697746961    1.94762504276974
335        3.6530547165469    3.29393424886255    2.15204553779321
336       3.85143656508093    3.62171332404113    2.25985668549281
339       3.10741683295008   0.130386006321168    2.04466629316952
344       3.74911835362575    0.50543522722639    2.47874123432753
345      0.836329769403973    1.98056013525139    2.44924675010507
353       2.04069510292684   0.809950284029899    1.67941313741729
355       1.31256238794813    0.87082482686493    1.70516810628885
356       1.81195742914428   0.691265577792594    1.85496659912152
358       1.01949656295712   0.407393795180429    1.60178723835798
361       1.78866190377468   0.363542420207502      1.822393520527
362      0.854631154691626   0.365047145856757      1.074747697658
367       3.67306568458915    1.61914239825725    2.42815548692603
368       3.51199646018022    1.22977501680268    2.15391426165664
373       3.74474118953141    1.58220457488005    2.71591113404142
378       1.54417810759246    1.07068693480588    2.51462535262842
379       1.93190267693083   0.825312705917961    2.38384657404844
392      0.557237494938264    1.58585644286439    2.20896071731976
395      0.671612981372348    1.28051635761785    2.00192308863604
398       2.74418241640993    2.52282265539907    1.51033810522031
413      0.310493666816372   0.696119712784395    2.00621048510551
414      0.601113053656782   0.824145198074544    2.19264106243212
425       3.88472115527416    2.30030874283384    1.74815920347269
428      0.183506061310366   0.839657051794909   0.817649730427055
429      0.315012384907076   0.672896382431569   0.751319016044038
434       1.89740211927422    2.90048181089165   0.916194415631235
437       2.01211449626813    2.39650966170899    3.55001533243547
438       1.76746859185726    2.18000394406953    3.61588485523425
440       3.68695178536196    3.10583930619587    1.18024577607442
442       3.97091007428438    3.17101220174528    1.51801910632163
457       3.93842251091487    1.44627060036352   0.337844770276322
482      0.712581036375773   0.758998480430181    2.18498184844741
485       2.87437606406217    3.74038429261014   0.397733129305154
486       2.26121373232959  0.0688144567876776   0.189659435617179
487       2.56273145868432    2.63033222313972   0.730413511710601
488       2.24245365380764    2.54437821339182   0.942591334772435
489       1.45418606136351    1.96540902360395   0.303390821162564
490       1.25961888518063    2.50307653167389    3.93397938911714
491       1.20776305249067   0.165954324503737    1.64991093210285
492       1.05855236378301    3.81066566839271     2.1080263235408
504       0.60854987464175    0.74222400339443  0.0309906502997988
506       2.42928801812844    3.95455735550659    2.58025207501936
508       2.56048701556812    1.24311313249442    3.00436366199265
510       2.10311448953187    1.85502631064505    2.52698679984147
513       1.87542543048833    2.72843820046554    2.24352409449201
514       1.78761268158647    2.53284187743154    2.12226531676996
516       2.14325924302865    3.45383337032772   0.804312627216387
519     0.0569962131186944     3.7887177366418    3.03009868876149
520       3.71414713542925   0.037359563890244    2.81413825517855
521       2.25218418099694   0.997524009971305    2.40575407901871
524        2.3026265789882   0.454058634726823    3.64137511392684
528      0.811107603647848      1.247501748278    3.37129805181624
531       1.53315099121854    2.75445617293029   0.793131498401926
532        1.2782406519479    2.83073094326556    1.15590313912884
539       2.16269719337553  0.0217613075866901    3.83956084831791
545      0.975885434915363    1.69928761515122   0.903586692567808
548      0.624748078168719    3.03445422415334  0.0362228900992217
549        0.7183580385001    2.90638802352649   0.153708683263726
550       1.04740029468083 0.00532930538398624   0.959388400439006
551      0.761225253481132    3.66351175877064   0.842761434311142
552      0.615477655633292    2.00677816479855    3.46213896538882
553      0.761923551076148    1.78127005044397    3.20843062234116
555       2.16364648829768    2.30975300003596    3.38958606758734
558       2.06747227598113   0.989033731192972   0.913838312787581
559       1.87734250256566     1.1316492283855    1.31069394419943
561       2.60637341271816    2.68700847308981    3.88935576706528
567      0.480990671743385  0.0857921008741341    3.19120491597939
572       3.94213813678243    3.79497229530097    1.11355879866953
574       3.84942006072893    2.77206905195213    1.15017269709769
575      0.125836876339001     2.8727565246432    1.49995001042471
584       2.93986251154453    1.97557732772654    2.56847230101186
585         2.357334233559      1.655321840061     2.4462426631502
586       1.47740079373587    2.49858875629865    3.58452388423555
587       1.72394707678404    2.71273155542535    3.51263464493179
593       1.25205731315278    3.88690603543731    1.25844191927836
596       1.90821352568088  0.0930559217933189    2.42245682351297
597       1.65413443160917    3.88526466763192    2.54782447940273
598       2.05188432449107    3.10283283278685   0.699332226138705
599       2.55719809177532    2.81125977049553   0.616506621501598
600      0.274357302512517    2.16886064214101    3.14504934672141
603       3.43565354727776    1.84862404919453    3.31998588396375
606      0.921977705717103    1.43388470629779     1.0228939689193
607        1.0041676431607   0.884686169633644   0.714256079424482
611       0.54346391309497    1.84251705759035    2.93167997303902
612      0.333172153118114    1.52688373867578    2.74873766070161
618      0.686429782259225   0.399442893228185     1.9164157944559
619      0.871289726161318    3.87474390254142    2.20983352680435
623       2.39930200402831    1.04365262377541    2.06584474285455
625       2.90577545924753    3.28010399166628    1.79366662336413
626       3.16850685463355    3.33948320206448    2.17790062673185
631        2.0534130415183   0.532728393706957   0.595242480474128
641       2.95285325943126   0.356011130624815   0.496734983476396
642       2.35749659954061   0.362954421744511   0.247549553756403
644       2.10360799603265   0.201845523471377    1.46612396853576
651       2.29562825833121    2.46751855113137    2.81673022719442
652       2.67101583999064    2.53143384427495    2.79871486600142
655       3.09216849132648  0.0868628641038465   0.516207246988191
656       3.19445946585799    3.83814000444223    1.02928240846518
659       1.33219562628801     3.8907432252943    0.19328727726007
664      0.543094606137372     3.5332635506776     2.7677166851628
666      0.692294158347191    3.64876235715895    2.21182709733135
687       1.87894947714504    2.98544069634622    2.78577505752815
695      0.763459074492559    3.92362413342184    3.05137123285414
697       2.26674549624257    1.37008377414577   0.884439773808813
698       2.06647961478603    1.54763742078557    1.30765508668578
700       2.98106285086112   0.166102061906661    1.45736505567984
705       2.90465493892523    2.30589282492997    1.58042406411035
706       3.19466504113215   0.391048317411127    3.35348331440642
707         2.599010878446    0.34857828467537    3.28864318962054
719       3.79774215045085   0.481581753770389    2.73532174071187
726        2.5713966003137    3.64633142002142    2.95596935799639
728       2.91406161369282    3.83756267915516    2.15632625607469
729       3.10223123859835    3.66657459759083    2.31413903764381
730       1.69811489841855    3.10558977199004     1.4211469812582
731       1.14146806844689    3.42884022577164     1.4314143439894
733       3.84231721853953    2.86126441349179    3.26882206823825
734       3.98418942913984    2.85484124133696    3.09003423179283
738       0.65843308533055     3.1789776317713    2.87530776222374
740       1.72243893169407     1.3016857677601  0.0326861397872834
741       1.76933615963522    1.24249141154094    3.75497891384746
742       1.81068820631725     3.9102651481395     1.0910479215681
743       2.02265403796603    3.55600790606957     1.1296120149861
744       2.90825300263322    2.75900398997606    2.36212356366527
745        3.0812935039593    2.96289559043321    2.46084946153961
746       1.97237618906661    2.79476126730665    1.84947347716521
747       2.00309800267191    2.86243148933466    1.91517203013572
751       1.67751236240793    3.16291726885465    2.26045259328202
752       1.03382185616767     3.4747711610113    2.00784897197537
759      0.433535344851681   0.805372520698156   0.666976627563365
760      0.282122597703087   0.965860323883077   0.747417330654509
765       3.31405803088681    1.20242372938032    1.49473492840883
768      0.209764980666735   0.426066741280498    1.40311640018753
769      0.372047741066876   0.416497048167867    1.82074711054679
770      0.892890431124532    2.98685697004497     2.4029990389315
771      0.855783229826063    3.40215051170691     2.0640940391806
772       0.36487359113883    1.51145067599056    1.57648934275613
773      0.299007775013515    1.72948368875677    1.77224547703793
777       2.83285589302516   0.597564356860048   0.927678256801618
778       2.25200536522182   0.667974593873181   0.937459009414415
780       1.62701274736477    2.94504424404968    3.20430004414291
781      0.581905378189309    1.55524083062447    1.12035053973046
782      0.395360524630033    1.48077943386936    1.06936344336336
783        1.6871879094219    2.92208068553252     2.4206290544098
784       1.34498643912632     2.7786168585871    2.52133832972328
785       1.14161272630632    1.05454953776525    1.99005102132935
786       1.09555128171782    1.22334977209475    1.93528531897817
787     0.0183124894929353   0.824385119248222    1.28324407176818
788       3.31287377937476   0.895952988070188    1.28693265817678
789      0.652772160663218    2.72442067282877     1.2157155550268
792       3.30001399986856    2.03574531288993    1.01916309453943
795       1.77787052663176  0.0955726753747899   0.608527432745885
796       1.38330523500675   0.145780516803784   0.528022057386316
797       3.06110886240152     1.9735320274116    2.38828849091569
798       3.14019850563493    2.32687924616126    2.19811717392734
800       3.42729982065433   0.889643084041122    2.89145005328951
802      0.136441123315538    1.73497854762617    1.77384890118556
803       2.86313310327558   0.824330002241925    1.99296040242511
804       3.11959074653151     1.1947148920056    1.89683999786485
805       1.90269794596659    3.90791310127966   0.420518543065437
806       1.64221898509017    3.76017308543534   0.146012897134712
807       1.72397859753146    3.36979521732899    3.27546006720563
812      0.732495065968539    2.88687609735573    3.58609284045555
813       3.90875924122302    2.94589349310134    3.31680500691317
814     0.0307726202673847    2.90363557624441    3.11781362961225
815      0.894794507380719    3.48012432714501   0.349956277866396
816      0.723183062349623    3.48294688618097   0.163958981883196
817        2.7795705260167    3.34309713581848    3.68137786579286
819       2.38314487659326    3.62018521812585    3.55126792927645
820         3.516982857642   0.795499076372178    2.98197673605169
821       3.65829421345451   0.972421830939987    3.10292204365184
822       1.90832665658479    3.43576224364223    3.58391285056604
823       1.74618026687227    3.82585567160407    3.83573494854094
827       2.62992136649534    3.71626182650725    3.14590604235855
828      0.804309994088296    2.41983574136541    1.36834177417815
829      0.716413026914657    1.81956301560043   0.967627950278064
830       2.95535314747584   0.646623568439802    2.25266539664064
831       3.44247031963439   0.811404827679355    2.47761817779092
832       3.39381705856231    1.72311277449876    3.03556445462916
833       3.65327970017223    1.75304085735998    2.78747156252734
837      0.296963568535196   0.835846830647263    3.57010800027125
838       3.68477486791652   0.960653302934635    3.49170676021589
840       2.89109735704097   0.363414808078409    1.41244850536488
841       2.25669830156244   0.470678453305651    1.39422949533728
842     0.0442401219319894    2.18608083948774    3.14137237012942
843        3.7990720484387    2.09766221441844    3.46904802436807
844        1.4120440629443     2.8662300302602    3.17408290056927
845      0.966804708009023    3.16826698731158    3.27034242202679
846      0.727664228321134    2.01202265527257   0.081414055123843
848        3.9237692906149  0.0787506774705428    1.48867093219565
849     0.0251313604260602 0.00359330191176149    1.85645299589212
850       3.35764285257368   0.904788129777005    0.58993559202775
851       3.11304903476687   0.943490527663752   0.926891540006271
852       2.91795351439353    1.38635084123168   0.908943188600433
853        3.0489349496055    1.57124293781044      1.225882121312
856       1.23310619737789    1.13403573460889    3.29642471435995
857       1.40748419621761   0.989719615515591    3.60770472578402
860      0.739466107450481     1.2273367247635    3.67570952106396
862        1.3556885120977    2.50302755005783    3.47818405361061
863      0.963523435862274    2.51775619578071    3.69440001798708
865       3.07019278427858     2.9355791957633    3.17624077465081
867       3.56144750950657    1.28973007696545    3.67755737497977
869      0.548946869129272    1.82060542534393    3.79975104813323
870      0.159724499654796    1.80656984245818    3.92316694498976
871       1.13795901120926    1.73167836850844   0.341661429656554
876       3.21753726182282     1.1893551601664  0.0190429248094535
877       3.34702655838307    1.26567247812403   0.351968224362684
879       3.86794142901593    1.28096452980603    1.66802095945561
880     0.0660171524169487    1.55177238578431     1.5745925104999
883     0.0803180821161292    1.15208209937387    1.59915431811162
884      0.231630399868003    1.45541482568986    1.51150705812016
885       2.69473714340639    3.73180960603855    1.56160286879194
886       2.44633894322785    3.73898648636526    1.56792438064149
888       3.89315469291815    2.83338814882874   0.285353055487449
889       3.68444187086318    2.49494127241387   0.150137688219644
896      0.474348309015274    1.02850293690841    3.77399513524269
897     0.0403353300313093    1.46336321002801    3.97632574687075
898       2.88297986453068    2.98553056572836    2.78451366284534
899       2.73980813202771    3.56638965652484    2.93466420582496
905       2.46102332505859    3.63394246535828    1.76412894283377
906       2.69279716211393    3.63135164760845    1.75499336630835
909       1.27974814796407    0.80960217193681    2.95219250706919
912       1.98659571474679    1.77937131824951    3.27363550090365
913       1.80305921014855    1.76244189075496    3.36404640222523
930      0.946579283220931   0.106241148383954    2.84986550546163
931      0.822610841371009   0.620780659714754    2.76950117916735
946       2.93472550239572     3.2461457834479   0.722013505383172
948       2.84363875131519    3.44517350295539   0.757541016880146
1007      3.16916840493333    3.29355020800939    1.03205510242787
1008      3.02343462265102    3.52842473380686    1.03956906236772
1016     0.336911006525721   0.850765404029784    3.09531002544882
1017     0.375097302810352   0.682304321672191    2.97388120031162
1019     0.507508532216722   0.768367420991468    2.87507578876237
1020     0.451440961298115   0.945710532104126    3.02673056860302
1022      1.60136882248882   0.538468009832645    3.43465976666855
1026      1.50563866454981   0.499688780129684    3.06502783574225
1027      1.31962925590811  0.0914622837968478    2.99415362664119
1036      2.47541989513097    1.52517238122014    2.01104557425464
1037      2.30381585935521    1.71206768771105    1.61094607836038
1041       2.7531278532604    1.60696004993278    1.94449796882398
1042      2.69469165247016     1.7759275003186    1.61895511638088
1043      2.92383398742543    2.26201332024649    3.76159284106519
1045      3.22410082275641    2.28281692968555    3.50581423167982
1046      2.70384994273101    2.47478902423594    3.63048940000624
1047      2.92705066777877    2.58342483309703    3.30491953333269
1048    0.0392344360242565    2.57910511801835   0.540312425216229
1051     0.401924487064673    2.10825951028548   0.445685520000412
1052     0.343571522840469    2.53798166746895   0.545064641811118
1054      2.61459208098914    2.38993770618128   0.382237411408547
1056      3.61656605608963  0.0519699338551717    2.23359784177139
1057      3.60843120205654    3.89259787851594    2.34722182665361
1058      1.04162898572047    3.75397770120497    3.38427824606251
1061      1.42923111958662  0.0262239447192587    3.66621808846888
1062       1.3037697803259    3.83683481357715    3.35533748113232
1063      3.26270500934197    1.98198139416852   0.676801517699855
1065      3.06291501148101    1.58679546122712   0.557018653414497
1066     0.917247100361442    3.88447685046432    3.77932591065699
1067      1.21054931561368  0.0496968011053561    3.89388544493399
1068      2.07176771972017    1.88999936017041   0.469224827806945
1069      2.23306027475974    1.56885488083784   0.486636595438848
1070      2.87452775140554    2.19005245233891   0.326108102708041
1071      2.78867581319372    1.69311226555911   0.317031938110791
1078      3.69971136409557    2.06039152197772   0.671554157680381
1079    0.0189126036464861    1.82666063240277    0.54099822019639
1080      3.89610959196588    2.29151397857575   0.439308093284872
1081     0.126308964951372    2.01561082641788   0.380943568395324
1083      1.16569715988196   0.846193487726099   0.435716253046055
1084      1.03252382217391   0.746011168892346  0.0768506497540174
1085      1.28786590207611    1.15495591761968    0.14607264976978
1086      1.14837772619959    1.01029404663387    3.91607638693288
1120       3.2883853871599    3.94596632226811    3.23967449009503
1121      3.44346481534291    3.64318406946179    3.55106802652692
1161      2.44234965211927   0.569238799845088    3.06533631123541
1162      2.60073735271161    0.80344204703836    2.89235915859872
1163      2.34880455574145   0.498546329088474     2.7627241929849
1164        2.503143524451   0.719267574617671    2.66039679275589
1165      2.96796115195437    3.38084905520428    3.41041654730864
1166      2.79681454155672    3.64047465322504    3.12792796693783
edges 762         
3                 8            1
4                 1            4
5                 4           10
17                0           10
41               20           21
61               31           28
62               28           51
63               51           50
64               50           45
65               45           31
66               31           44
68               38           28
72               42           38
74               40           50
75               51           42
93               54           69
94               69           68
95               68           62
96               62           59
97               59           54
103              59           80
108              55           74
109              74           83
113              55           80
114              62           74
123              68           76
145              45           98
151             102          101
152             101          100
156             105          106
157             106           88
158              88          102
161              50          101
162              88           98
166             102          113
167             113          114
168             114          110
169             110          118
170             118          101
177              31           10
181               4           28
182              51          118
183             110            1
202             136          120
203             120          132
209             137          136
210             132          142
233             106          159
234             159          147
241             144          145
242             145          151
243             151          149
246             144          156
247             156          152
248             152          151
258              76          161
260             162          144
263             162          163
275             168          169
280             171          137
281             171          147
302             181          182
309             180          183
314             182          184
315             184          183
332             200          198
333             198           80
334              55          206
341             142          201
342             201          211
344             198          213
347             200          212
348             212          213
353             211          212
373             221            0
375             151          223
376             223          221
381             227          149
415             246          242
417             242          233
431             262          169
432             262          260
433             260          255
434             255          168
436             266          265
437             265          260
438             227          258
439             258          256
440             256          266
455             163          268
456             152          247
461              44          221
482             279          276
483             276          283
484             283          271
490             274          276
491             262          287
492             287          288
496              74          260
497             255          206
499             287           83
577              75          273
591             276          332
594             335          274
595             335          336
596             336          301
597             279          331
598             331          213
599             212          332
600             296          331
603             334          333
604             333          201
606             336          334
634              59          345
635             345          198
642             256          362
648             362          358
654             361          356
655             356          353
658             266          355
659             355          358
662             356          355
670             368          367
671             367          271
679             373          268
680             367          373
687             356          379
688             379          378
693             241          379
713              20          339
718             378           68
722             345          392
729             395          392
749             288          398
750             398          183
751             325          398
773               8          362
785             413          414
788             414          395
804             344          413
826             283          425
830             425          182
838             333          114
845             425          332
856             428          429
860               8          429
863               4          429
880             126          434
883             437          438
886             147          437
887             154          438
893             440          442
895             113          440
897             333          442
898             180          440
900             335          442
1021            414          482
1027            485          486
1030             98          485
1034            487          488
1035            183          487
1038            288          488
1039            434          488
1040            169          488
1041            489          490
1042            154          489
1044            168          489
1046            318          490
1047            136          490
1048            491          492
1050            361          491
1051            358          491
1091             38          504
1099            233          506
1104            163          508
1105            161          508
1106            156          508
1113             83          510
1116             76          510
1119            513          514
1122             75          513
1123             83          514
1126             55          514
1137            519          520
1139            301          519
1140             40          519
1146            379          521
1147            161          521
1155            247          524
1157            223          524
1179            531          532
1180            136          531
1181            434          531
1182            168          531
1183            132          532
1184            126          532
1185            206          532
1205            524          539
1208            486          539
1228            255          545
1234            548          549
1237            100          548
1238            318          549
1239            120          549
1241            550          551
1243            362          550
1245            142          551
1246            110          551
1248            552          553
1253            528          553
1254             54          553
1259            437          555
1266            558          559
1269            353          559
1271            227          558
1272            266          559
1277            106          561
1278            147          561
1297            519          567
1299             42          567
1314            114          572
1315              1          572
1319            574          575
1320            182          574
1321            440          574
1323            332          575
1324            442          575
1325            211          575
1351            584          585
1355            161          585
1356            510          585
1358            586          587
1360            438          586
1361            490          586
1363            437          587
1364            171          587
1384            491          593
1387            550          593
1390            596          597
1391            361          596
1392            241          596
1393            233          596
1394            492          597
1396            242          597
1397            598          599
1398            434          598
1399            516          598
1400            137          598
1401            487          599
1403            159          599
1405            552          600
1406            331          600
1415            162          603
1425            606          607
1427            545          606
1428            265          606
1431            256          607
1441            611          612
1442            600          611
1443            345          611
1444            553          611
1445            373          612
1446            392          612
1464            618          619
1465            358          618
1466            482          618
1468            492          619
1482            521          623
1485            353          623
1487            625          626
1489            325          625
1490            180          625
1493            335          626
1509            227          631
1537            641          642
1538              0          641
1541            223          642
1542            631          642
1543            486          642
1548            361          644
1569            651          652
1570            510          651
1571            555          651
1572             75          651
1573            584          652
1575            273          652
1583            655          656
1584            641          655
1585            485          655
1586             10          655
1589            572          656
1614            664          666
1618            619          666
1619            301          664
1621            334          666
1685            246          687
1687             75          687
1712            664          695
1713            567          695
1718            697          698
1720            558          697
1722            262          698
1723            559          698
1729            656          700
1731             20          700
1744            184          705
1747            398          705
1748            706          707
1750             44          706
1753            524          707
1791            344          719
1794            520          719
1813            246          726
1815            506          726
1819            728          729
1820            339          728
1822            506          728
1824            626          729
1826            730          731
1827            126          730
1829            208          730
1830            142          731
1831            593          731
1835            733          734
1837             99          733
1838            279          734
1841            274          734
1852            296          738
1853            664          738
1858            740          741
1859            149          740
1860            154          740
1862            152          741
1865            742          743
1867            593          742
1868            644          742
1869            516          743
1870            730          743
1872            744          745
1873            273          744
1874            325          744
1877            626          745
1878            274          745
1879            746          747
1880            126          746
1881            514          746
1882            288          746
1883            208          747
1884            513          747
1885            325          747
1895            751          752
1897            242          751
1898            208          751
1900            492          752
1901            731          752
1923            759          760
1924            607          759
1925            504          759
1926            429          759
1928            457          760
1929            428          760
1953            768          769
1955              8          768
1956            618          769
1959            413          769
1960            770          771
1962            738          770
1963            213          770
1964            752          771
1965            666          771
1966            201          771
1967            772          773
1968            395          772
1971            392          773
1973            200          773
1983            777          778
1986            558          778
1988            641          777
1989            631          778
1995            687          780
1996            587          780
1997            781          782
1998            606          781
1999            772          781
2001            760          782
2004            783          784
2005            513          783
2006            751          783
2007            687          783
2008             80          784
2009            770          784
2011            785          786
2012            355          785
2013            378          785
2014            482          785
2015            265          786
2016             62          786
2017            395          786
2018            787          788
2019            768          787
2021            428          787
2022             21          788
2023            765          788
2028            132          789
2031            211          789
2037            181          792
2040            184          792
2043            795          796
2044            631          795
2046            742          795
2047            258          796
2048            659          796
2049            550          796
2050            797          798
2051            271          797
2053            584          797
2054            283          798
2055            705          798
2056            744          798
2063            268          800
2068            367          802
2069            773          802
2070            425          802
2071            803          804
2072             21          803
2073            623          803
2075            765          804
2077            368          804
2078            805          806
2079            486          805
2080            795          805
2081            516          805
2083            659          806
2084            137          806
2088            246          807
2091            780          807
2099            296          812
2102            548          812
2103            813          814
2104             40          813
2105            733          813
2106            100          813
2107            301          814
2108            734          814
2109            296          814
2110            815          816
2111            120          815
2112            659          815
2113            551          815
2114            548          816
2116            118          816
2118            817          819
2120            561          817
2123             98          817
2125            539          819
2126            820          821
2127            706          820
2128            719          820
2129            800          820
2132            268          821
2133            822          823
2134            171          822
2135            807          822
2136            819          822
2137            806          823
2139            539          823
2151            707          827
2152            819          827
2153            726          827
2154            828          829
2155            200          828
2156            789          828
2157            206          828
2158            781          829
2160            545          829
2161            830          831
2162            339          830
2164            803          830
2165            344          831
2166            800          831
2167            368          831
2168            832          833
2169            584          832
2170            163          832
2171            603          832
2172            271          833
2173            373          833
2184            837          838
2188            821          838
2190             38          837
2191             44          838
2193            840          841
2194            700          840
2195            777          840
2196             21          840
2197            644          841
2198            778          841
2199            353          841
2200            842          843
2201            833          842
2202            600          842
2203            279          842
2204            603          843
2206             99          843
2207            844          845
2208            780          844
2210            784          844
2212            812          845
2213            738          845
2217            318          846
2221            848          849
2222             20          848
2223            768          848
2224            572          848
2226            769          849
2227            334          849
2228            850          851
2229              0          850
2231            428          850
2232            777          851
2234            788          851
2235            852          853
2236            697          852
2238            851          852
2240            792          853
2241            765          853
2249            856          857
2252             69          856
2253            741          857
2255            528          856
2262            528          860
2267            862          863
2268            586          862
2269            844          862
2270             54          862
2271            318          863
2272            812          863
2273            552          863
2278            733          865
2284            838          867
2286            162          867
2290            869          870
2291            846          869
2292            860          869
2293            552          869
2296            843          870
2298            545          871
2299            846          871
2300            489          871
2313            876          877
2314            221          876
2315            867          876
2316            145          876
2317            850          877
2318            457          877
2322            879          880
2324            765          879
2325            181          880
2327            368          879
2328            802          880
2336            883          884
2337            413          883
2338            879          883
2339            787          883
2340            772          884
2341            880          884
2342            782          884
2343            885          886
2347            743          886
2349            700          885
2350            644          886
2352            888          889
2355            100          888
2356             99          889
2358            102          888
2359            105          889
2377            896          897
2378            860          896
2379            837          896
2380            504          896
2381            870          897
2382            867          897
2383            457          897
2384            898          899
2385            273          898
2386            865          898
2387            745          898
2388            726          899
2390            729          899
2407            905          906
2408            233          905
2409            886          905
2410            208          905
2411            728          906
2412            885          906
2413            625          906
2424            378          909
2427            856          909
2430            912          913
2431            156          912
2432            555          912
2433             76          912
2434            741          913
2435            438          913
2436             69          913
2487            930          931
2488            695          930
2490            619          930
2492            909          931
2493            482          931
2541            946          948
2543             88          946
2545            485          948
2546            599          946
2548            516          948
2734           1007         1008
2735            180         1007
2736            946         1007
2737            113         1007
2738            885         1008
2739            948         1008
2740            656         1008
2764           1016         1017
2767            837         1016
2768            567         1017
2770            821         1016
2771            719         1017
2773           1019         1020
2774            414         1019
2775           1017         1019
2776            931         1019
2777            612         1020
2778           1016         1020
2779            528         1020
2784            247         1022
2787            857         1022
2796           1026         1027
2797            909         1026
2798           1022         1026
2799            241         1026
2800            930         1027
2802            597         1027
2828           1036         1037
2829            623         1036
2831            585         1036
2832            698         1037
2834            287         1037
2844           1041         1042
2845            804         1041
2846           1036         1041
2847            797         1041
2848            853         1042
2849           1037         1042
2850            705         1042
2852           1043         1045
2854            105         1043
2856             99         1045
2857            144         1043
2859            603         1045
2860           1046         1047
2861            555         1046
2862           1043         1046
2863            561         1046
2864            652         1047
2865           1045         1047
2866            865         1047
2870            574         1048
2873            888         1048
2876           1051         1052
2877            846         1051
2879            829         1051
2880            549         1052
2881           1048         1052
2882            789         1052
2887            487         1054
2890            159         1054
2892           1056         1057
2893            344         1056
2894            849         1056
2895            339         1056
2896            520         1057
2897            336         1057
2898            729         1057
2902            695         1058
2905            845         1058
2908           1061         1062
2909            823         1061
2911           1022         1061
2912            807         1062
2913           1058         1062
2914           1027         1062
2916           1063         1065
2920            877         1065
2921            792         1063
2923            852         1065
2924           1066         1067
2925            816         1066
2926           1058         1066
2927             42         1066
2928            659         1067
2929           1061         1067
2931           1068         1069
2932            154         1068
2933           1054         1068
2934            169         1068
2935            149         1069
2937            697         1069
2938           1070         1071
2939           1054         1070
2940           1063         1070
2941            105         1070
2942           1069         1071
2943           1065         1071
2944            145         1071
2963           1078         1079
2965            181         1078
2966            782         1079
2968           1063         1078
2969            457         1079
2970           1080         1081
2971            889         1080
2972           1078         1080
2973           1048         1080
2974            870         1081
2975           1079         1081
2976           1051         1081
2979           1083         1084
2981            607         1083
2982            504         1084
2984            258         1083
2985           1067         1084
2986           1085         1086
2987            740         1085
2988           1083         1085
2989            871         1085
2990            857         1086
2991           1084         1086
2992            860         1086
3098           1120         1121
3101            706         1120
3102             45         1121
3104            520         1120
3105             40         1121
3228           1161         1162
3230            707         1161
3231            800         1162
3233            247         1161
3234            508         1162
3235           1163         1164
3236            241         1163
3237           1161         1163
3238            506         1163
3239            521         1164
3240           1162         1164
3241            830         1164
3242           1165         1166
3243            865         1165
3244           1121         1165
3245            817         1165
3246            899         1166
3247           1120         1166
3248            827         1166
polygons 445         
0                 3         1315         1955         2223         2224
1                 4            5         1315         1583         1586         1589
2                 3            4          860          863
3              2018         2021         2228         2231         2234
4                17            5          856          863         2229         2231
5              1538         1988         2228         2229         2232
6              2022         2195         2196         2232         2234
9              1583         1584         1729         1988         2194         2195
10             1589         1729         1731         2222         2224
11               17         1538         1584         1586
12              856          860         1955         2019         2021
14               41         2018         2019         2022         2222         2223
15               41         1731         2194         2196
16             1794         2127         2128         3101         3104
17             1750         2126         2127         2188         2191
18             2184         2188         2767         2770
20               61           62           63           64           65
21               66           68           61         2184         2190         2191
22               65           66         1750         3098         3101         3102
23               72         1299         2190         2764         2767         2768
24               74           63           75         1140         1297         1299
25             1137         1140         3098         3104         3105
26               64           74         3102         3105
27             1137         1297         1794         2768         2771
28               72           75           62           68
30              883         1259         2430         2432         2435
32             1259         1363         1571         1572         1687         1995         1996
33               93           94           95           96           97
34               93         1360         2268         2270         2435         2436
35               97          103         2008         2210         2269         2270
36              108          109         1123         1126
37              113          103           96          114          108
38              113         1119         1126         2004         2005         2008
39             1358         1996         2208         2268         2269
41             1116         1570         1571         2432         2433
42              109          114           95          123         1113         1116
43             1122         1687         2005         2007
46               94          123         2430         2433         2436
47             1113         1119         1122         1123         1570         1572
48             2104         2105         2278         3105         3243         3244
49             1837         2278         2856         2865         2866
51             2120         2860         2863         2866         3243         3245
52              145         2123         3102         3244         3245
55              151          152         2355         2358
56              156          157          158         2352         2358         2359
57             2356         2359         2852         2854         2856
58              161          151          158          162          145           64
59               74          152          161         2104         2106
60              157          162         1277         2120         2123
61             1837         2105         2106         2352         2355         2356
63              156         1277         2854         2862         2863
64              166          167          168          169          170          151
65              158          166         2543         2736         2737
66              162         1030         2541         2543         2545
67              145           65          177         1030         1585         1586
68              181           62          182          169          183            4
69                5          177           61          181
70              168          183         1314         1315
71              167         1314         1589         2734         2737         2740
72             1583         1585         2545         2739         2740
74              161          170          182           63
76             1241         2048         2049         2112         2113
77             1865         1869         2046         2080         2081
79              202          203         1179         1180         1183
80              209         1180         1181         1398         1400
81              210         1183         1184         1826         1827         1830
82             1399         1400         2078         2081         2084
84             1241         1245         1387         1830         1831
85             1387         1867         2043         2046         2049
86              210          203         1245         2111         2113
87              880         1398         1399         1827         1869         1870
88              880         1179         1181         1184
89              209          202         2083         2084         2111         2112
90              886         1259         1278         2861         2863
91              887         1858         1860         2434         2435
92              233          234         1277         1278
93              156          233         2890         2939         2941
94              241         2854         2857         2938         2941         2944
95              242          243         2935         2942         2944
96              241          246          247          248          242
98              246         2431         2432         2857         2861         2862
99             1859         1860         2931         2932         2935
100             247         1862         2430         2431         2434
101             234          883          886          887         2890         2932         2933
102             243          248         1858         1859         1862
103            1573         2169         2171         2859         2864         2865
104             258         1116         1355         1356
105             260         1415         2852         2857         2859
106             263          246          260         1104         1106
107             263         1415         2170         2171
108            1104         1105         1351         1355         2169         2170
109             258         1105         1106         2431         2433
112             275         1042         1044         2932         2934
113             209          280         1047         1358         1361         1364
114             280          281          234         1397         1400         1403
115            1401         1403         2887         2890
116             275         1039         1040         1181         1182
118            1034         1040         2887         2933         2934
119            1041         1044         1047         1180         1182
120             281          886         1363         1364
121             887         1041         1042         1360         1361
122            2037         2921         2965         2968
123             166          895         1321         2358         2870         2873
124             302         1320         2870         2965         2972         2973
125             895          898         2735         2737
126             309         1035         1401         2546         2735         2736
127             314          315          309          898         1320         1321
128             314          302         2037         2040
130             315         1035         2040         2887         2921         2939         2940
131             233          157         1403         2543         2546
134            2359         2940         2941         2968         2971         2972
137            1883         1884         1898         2005         2006
139             332          333          113          334         2155         2157
141            1183         1185         2028         2156         2157
142             210          341          342         2028         2031
143             333          344         1963         2008         2009
144             332          347          348          344
145             341         1830         1901         1964         1966
146            1895         1960         1964         2004         2006         2009
147             353          347         2031         2155         2156
148             348          353          342         1960         1963         1966
149             334         1126         1184         1185         1880         1881
150            1826         1829         1895         1898         1901
152            1827         1829         1879         1880         1883
153            2236         2923         2937         2942         2943
155            2228         2238         2317         2920         2923
156            2313         2316         2920         2943         2944
157             373         2229         2313         2314         2317
159             242          375          376         2314         2316
160            1720         1983         1986         2232         2236         2238
161             381         1271         1720         2935         2937
163             373          376         1537         1538         1541
164            1271         1509         1986         1989
165             375          243          381         1509         1541         1542
166            1815         2151         2153         3230         3237         3238
169            1099         1392         1393         3236         3238
171            1205         1753         2125         2151         2152
172             415         1396         2088         2802         2912         2914
173             417         1390         1393         1396
174             417          415         1099         1813         1815
175            1155         1205         2139         2784         2909         2911
176            1813         2088         2135         2136         2152         2153
178            1390         1392         2796         2799         2802
179            2784         2798         2799         3233         3236         3237
180            1155         1753         3230         3233
182            1042         1860         2300         2987         2989
183             431         1718         1722         2931         2934         2937
184             431          432          433          434          275
185             436          437          432         1272         1722         1723
186             438          439          440         1266         1271         1272
187             434         1044         1228         2298         2300
189             438          381         1859         2984         2987         2988
190             433          437         1228         1427         1428
191             436          440         1425         1428         1431
192             439         1431         2981         2984
194            1748         2127         2129         3228         3230         3231
195            2063         2126         2129         2132
196             263          455         2132         2188         2284         2286
197             247          456         1106         3228         3233         3234
198             455         1104         2063         3231         3234
199             375          456          248         1155         1157
201             260          241         2286         2315         2316
202             461         2191         2284         2314         2315
203             461          376         1157         1748         1750         1753
204            1575         2385         2386         2864         2866
205            1573         1575         1873         2050         2053         2056
208            2051         2053         2168         2169         2172
210            1872         1873         2385         2387
211             482          483          484         2172         2201         2203
212             484         2050         2051         2054
213            1835         1841         1878         2278         2386         2387
214            2204         2206         2856         2859
215            1835         1837         1838         2200         2203         2206
216             490          482         1838         1841
217             483          490         1872         1878         2054         2056
218             431          491          492         1038         1040
219             880         1038         1039         1880         1882
220             334          108          496          433          497
221             497          434         1179         1182         1185
222             492          499         1123         1881         1882
224             432          496          109          499          491
225            1619         1852         1853         2107         2109
227            1852         2099         2212         2213
228            1712         1853         2213         2902         2905
229            2102         2114         2212         2905         2925         2926
231            1139         1297         1619         1712         1713
234            1237         2099         2102         2103         2106         2109
235            1139         1140         2103         2104         2107
236             152          170         1237         2114         2116
237             182           75         2116         2925         2927
240            1299         1713         2902         2926         2927
244            2249         2255         2262         2990         2992
247            1041         1046         2217         2299         2300
248            2217         2271         2273         2291         2293
249              93         1253         1254         2252         2255
251            2249         2252         2253         2434         2436
253            1046         1361         2267         2268         2271
254            1248         1254         2267         2270         2273
255            1858         2253         2986         2987         2990
256            1868         1989         2044         2046         2197         2198
257            1869         2343         2347         2548         2738         2739
258            1729         2349         2738         2740
260            1027         1537         1543         1584         1585
261            1542         1543         2044         2079         2080
262            1027         2079         2081         2545         2548
263            1487         1489         1872         1874         1877
264             577         1122         1873         1874         1884         1885
265             577         1685         1687         1813         2384         2385         2388
266            1815         1819         1822         2388         2390
267            1824         1877         2384         2387         2390
268             415         1685         1897         2006         2007
270             417         1897         1898         2408         2410
271            1489         1883         1885         2407         2410         2413
272            1099         1822         2407         2408         2411
273            1487         1819         1824         2411         2413
274             490          591          594          900         1323         1324
275             594          595          596         1841         2107         2108
276             482          597          598          348          599          591
277             600          597         1838         2108         2109
278             598          600         1852         1962         1963
279             603          604         1621         1965         1966
280             353          599         1323         1325
281             596          606         1614         1619         1621
282             603          606          595          897          900
283             342          604          897         1324         1325
284            1234         1238         2102         2271         2272
285             280         2084         2133         2134         2137
286            1364         1996         2091         2134         2135
287             202         1046         1047         1238         1239
288            1234         1239         2110         2111         2114
289            2091         2207         2208         2905         2912         2913
290            2083         2137         2909         2928         2929
291            2161         2162         2165         2893         2895
292            1819         1820         2892         2895         2898
293            1820         1822         2162         3235         3238         3241
294            2390         2896         2898         3104         3246         3247
295            1748         2151         3101         3247         3248
296            1791         2128         2129         2165         2166
298            1791         1794         2892         2893         2896
299             600         1405         1406         2099         2272         2273
300              97          634         1254         1443         1444
301             635          344          598         1406         1442         1443
302             634          103          333          635
303            1248         1405         1442         1444
307             439          642         1243         2047         2049
309             648         1051         1243         1384         1387
311             654          655         1548         2197         2199
313             438         1509         2043         2044         2047
314             440          658          659          648          642
315            1050         1384         1548         1867         1868
316             655          662          658         1269         1272
317            1266         1269         1986         2198         2199
319             662          654          659         1050         1051
320            1147         1355         1482         2829         2831
321             670          671         2051         2077         2845         2847
322            2071         2077         2161         2164         2167
324             679          455         2168         2170         2173
325             671          680         2172         2173
327             670          679          680         2063         2166         2167
328            1105         1147         3234         3239         3240
329            1482         2073         2164         3239         3241
330             281         1278         2118         2120         2134         2136
333            1685         1995         2088         2091
334             577         1569         1572         1575
336             687          688          662         2012         2013
337             654          693          687         1391         1392
339            2013         2014         2424         2492         2493
340             659         1465         1466         2012         2014
341             688          693         2424         2797         2799
342            1048         1051         1464         1465         1468
343            1394         1468         2490         2800         2802
344            1048         1050         1390         1391         1394
347              41          713         2072         2162         2164
348             687          655         1146         1482         1485
349            1485         2072         2073         2193         2196         2199
350             713         1731         1820         2349         2411         2412
351            1391         1393         1548         2350         2408         2409
352             693         1146         3235         3236         3239
355             718           94         2252         2424         2427
357             456         1862         2253         2784         2787
358             258          123          718          688         1146         1147
361             722          332          635         1971         1973
362             634           96          729          722         2016         2017
363            1428         1968         1998         1999         2015         2017
365             729         1967         1968         1971
367             114          496          437         2015         2016
368             497         1228         2154         2157         2160
369            1427         1998         2158         2160
370            1967         1973         1999         2154         2155         2158
372            1394         1396         1895         1897         1900
373            1048         1384         1831         1900         1901
374            1829         1870         2347         2409         2410
376            1027         1030         1208         2118         2123         2125
377            1208         2078         2079         2137         2139
378            1490         2412         2413         2734         2735         2738
379             749          750         1034         1035         1038
380             751          749         1879         1882         1885
381             751          309          750         1489         1490
383             597         1406         2202         2203
384            2206         2296         2356         2970         2971         2974
385            1238         2217         2876         2877         2880
386            2290         2291         2877         2974         2976
388            1405         2200         2202         2290         2293         2296
389            1234         1237         2355         2873         2880         2881
393             181           68          863         1091         1925         1926
394             183            3          773         1241         1243         1246
395             169         1246         2110         2113         2116
397             642          773          860         1431         1924         1926
398            1924         1925         2979         2981         2982
400            2047         2048         2928         2979         2984         2985
401              72         1091         2924         2927         2982         2985
402             648          773         1465         1953         1955         1956
403             436          658         2011         2012         2015
404             785         1021         1466         1956         1959
406             788         1021         2011         2014         2017
407             788          785         1968         2336         2337         2340
408            1953         1959         2019         2337         2339
409            1929         2001         2021         2336         2339         2342
411            1425         1923         1924         1997         1998         2001
413            1997         1999         2340         2342
415             713         2221         2222         2894         2895
416            2022         2023         2071         2072         2075
417             804         1959         2226         2893         2894
420             804         2165         2167         2327         2337         2338
421            2075         2077         2324         2327
424             177           66          461          373           17
425            2313         2315         2318         2382         2383
426            1091         2190         2379         2380
427            1928         1929         2231         2317         2318
428            1157         1205         1208         1541         1543
430             203         1239         2028         2880         2882
431            2160         2298         2299         2877         2879
433            1269         1485         1723         2828         2829         2832
434             491         1722         2832         2834
435             499         1113         1356         2828         2831         2834
436              95          718         2011         2013         2016
439             680         1445         1446         1971         2068         2069
440             679         1445         2132         2770         2777         2778
441             729          788         1446         2773         2774         2777
442             785          804         1791         2771         2774         2775
443             670         2068         2322         2327         2328
444             671          484          826         2068         2070
445             830          302         2070         2325         2328
446            2037         2240         2241         2322         2324         2325
447             314          830          826         1744         2054         2055
448            1744         2040         2240         2848         2850
449            2075         2241         2844         2845         2848
451            2023         2234         2235         2238         2241
452            1718         2235         2236         2832         2848         2849
453             749          492         1747         2834         2849         2850
454             751         1747         1874         2055         2056
455             603          838         1314         2221         2224         2227
456            1464         1618         1621         1956         2226         2227
457             168          838          604          341         1245         1246
458            1468         1618         1900         1964         1965
460            1614         1618         1712         2488         2490
461            2318         2916         2920         2963         2968         2969
463            1928         2001         2966         2969
464            2325         2341         2342         2963         2965         2966
466             845          599          347         1973         2069         2070
467            1319         1325         2031         2870         2881         2882
468            1997         2158         2879         2966         2975         2976
469             845          830         1319         1320         1323
470             596         1137         1139         2896         2897
472            1021         2493         2774         2776
473             606         2227         2892         2894         2897
474             750          315         1744         1747
475            1441         1442         1445         2173         2201         2202
477             722         1441         1443         1446
478             591          483          826          845
479             893          898          900         1487         1490         1493
480             594         1493         1877         1878
482            2262         2378         2379         2767         2778         2779
483            2255         2427         2492         2773         2776         2779
484             595         1493         1824         2897         2898
485            1415         2204         2286         2296         2381         2382
486            1253         1441         1444         2777         2779
488            2381         2383         2969         2974         2975
491             838          167          893          895          897
492             856         1923         1926         1929
494            1034         1039         1397         1398         1401
495             883         1358         1360         1363
496             893         1319         1321         1324
501            1923         1925         1928         2377         2380         2383
503            1865         1868         2347         2350
505            1248         1253         2262         2292         2293
507            2488         2800         2902         2913         2914
510            1464         1466         2487         2490         2493
512            1351         2053         2831         2846         2847
513            2378         2380         2982         2991         2992
514            1351         1356         1569         1570         1573
515            1119         1879         1881         1884
516            1397         1399         2541         2546         2548
517            2125         2133         2136         2139
518            1713         2487         2488         2768         2775         2776
519            1425         1427         2298         2981         2988         2989
520            1569         1571         2860         2861         2864
521            1266         1718         1720         1723
524            1995         2004         2007         2208         2210
526            2168         2171         2200         2201         2204
527            1826         1831         1865         1867         1870
529            1962         2009         2207         2210         2213
530            2071         2073         2829         2845         2846
531            1537         1542         1983         1988         1989
534            2153         2388         3246         3248
535            2193         2194         2197         2343         2349         2350
536            2110         2112         2924         2925         2928
537            2043         2048         2078         2080         2083
538            1614         1853         1960         1962         1965
539            2018         2023         2324         2338         2339
543            2787         2911         2929         2985         2990         2991
545            2050         2055         2844         2847         2850
547            1967         2069         2328         2340         2341
548            2126         2128         2764         2770         2771
550            1835         2103         2105         2108
552            2161         2166         3231         3240         3241
553            1953         2221         2223         2226
554            1983         2193         2195         2198
555            2154         2156         2876         2879         2882
556            2235         2240         2916         2921         2923
557            2133         2135         2908         2909         2912
558            2207         2212         2267         2269         2272
559            2118         2152         3242         3245         3248
560            2291         2292         2299         2986         2989         2992
561            2184         2284         2377         2379         2382
562            2249         2427         2787         2797         2798
563            2290         2292         2377         2378         2381
564            2384         2386         3242         3243         3246
566            2322         2336         2338         2341
567            2343         2407         2409         2412
568            2352         2873         2971         2973
571            2487         2492         2796         2797         2800
578            2541         2734         2736         2739
592            2764         2773         2775         2778
593            2796         2798         2908         2911         2914
594            2828         2844         2846         2849
597            2852         2860         2862         2865
598            2876         2881         2970         2973         2976
599            2931         2933         2938         2939         2942
600            2908         2913         2924         2926         2929
601            2916         2938         2940         2943
603            2963         2970         2972         2975
604            2979         2986         2988         2991
612            3098         3242         3244         3247
620            3228         3235         3237         3240
cells 64          
0                 0            1            2            3            4            5            6            9           10           11           12           14           15
1                16           17           18           20           21           22           23           24           25           26           27           28          548
2                30           32           33           34           35           36           37           38           39           41           42           43           46           47          495          524
3                48           49           51           52           55           56           57           26           58           59           60           61           63          597
4                64           65           58           66           67           68           69            1           70           71           72           20           74          578
5                76           77           79           80           81           82           84           85           86           87           88           89          527          537
6                90           30           91           92           93           63           94           95           96           98           99          100          101          102          599
7                41          103          104          105          106          107          108           98          109          514          520          597
8               101          112          113           80          114          115          116          118          119          120          121          494          495
9               122          123          124          125          126          127          128          115          130          131           65           93           56          134          568
10              137           38          139          141          142          143          144          145          146          147          148           81          149          150          152          515
11              153          155          156          157          159            5          160           95          161          163          164          165          531
12              166          169          171          172          173          174          175          176          178          179          180          517          557          593
13               99          182          112          183          184          185          186          161          187          189          190          191          192          519          521
14              194          195          196          197          106          198          180          199          159           96           17          201          202          203
15              204          205          208          210          211          212          213          214          215           49          103          216          217          526
16              218          116          184          219           88          220          149          221          222           36          224
17              225          227          228          229           24          231          234          235           74          236          237           59          240
18              244           91          121          182          247          248          249          251          253           34          254          255          505          560
19              256          257          258           77            9          260          261           72          262          503          531          535          554
20               43          137          263          210          264          265          174          266          267          268          270          271          272          273
21              274          216          275          276          277          278          225          279          148          280          281          282          283          538
22              284          229           39          253          113          285          286          287           89          288          289          290          536          557          558          600
23              291          292          293          294          166           16          266          194          295          296          298          534          552          620
24              254           35          299          300          301          302          303          227          278          143          529          558
25              307          256           85          309          311          313          186          164          314          315          316          317          319
26              320          321          322          324          325          208          327          108          198          328          329          512          530          552
27              120          286          330           51          176           32          333          204          265          334           90          520          534          559          564
28              319          336          337          339          340          341          342          343          178          344          510          571
29              169          272          347          293          348          349           15          311          350          351          337          352          329          535          567
30              355          341          251          179          357          197          100          109           46          328          358          352          562          620
31              361          362          302          363          190          365           37          367          220          368          139          369          370
32              372          315          373          150          270          374          351          173          344          503          527
33               92          131          114          330          285          376           66           60           82          262          377          516          517
34              378          126          257          219          152           87          379          380          381          271          374          494          516          567          578
35              215          383          384          277          234          299          248          284          385           61          386          388          389          550          568          598
36              237          393            2          394          395          307          192          397          398           76           68          400          401           28          536
37              402          314          340          403          363          191          397          404          406          407          408          409           12          411          413          492
38              415          347           14          416          417          291          322          420          421          408          539          553
39               69            4          424          202           21          425          426          157          393          427          492          501          561
40               22          424           67          203          163           52          260           11          428          171          376          295          559          612
41              247          287          187          430          431          141          385          368          221          119           79          555
42              320          358          316          433          348          434          224          435          336           42          104          403          436          367          185
43              377          357          199          175          261          428          400          255          189          165          102          313          290          537          543          604
44              439          440          327          195          441          365          442          296          420          407          443          547          548          566          592
45              421          321          444          443          445          446          128          447          448          449          212          545
46              416          451            6          160          449          349          433          452          317          521          530          554          594
47              435          453          205          454          380          264          222          334           47          512          514          515          545          594
48              455          456           70          279          145          457          309           84          458          373          342          402          394            0          553
49              228          172          343          146          333          458          460          268          289          372          507          524          529          538
50                3          427          461          155          122          446          451          463          464          409          539          556          566
51              466          445          280          467          124          370          464          468          147          469          413          547          555          598          603
52              470          281          231          298          417          442          456          472          404          460          473           27          510          518
53              218          130          118          434          452          448          453          474          153          183          379          556          599          601
54              444          439          475          325          211          383          477          301          361          466          276          144          478
55              274          127          479          480          381          263          474          478          469          454          217          447          496
56              426          240          482          483           23          401          244          507          513          518          543          562          571          592          593          600
57              275           48          213          294          267          484          480          470          235           25          550          564          612
58              440          485          475          324          303          482          486           18          196          107          388          505          526          561          563
59              461          156          425          384          134          488           94           57          485          105          201          214          601          603
60              355          249          339          441          362          406          436          300          477           33          483          472          486
61              488          463          398          411          431          369          468          386          501          513          519          560          563          604
62              123          457          395          288          430          236           86          142           64          491          467           55          389          283          496
63              282          479          125          350          273          484          415          292          473          378           10          258           71          491          455

