1.48e-01
1.31e-01
1.16e-01
1.03e-01
9.04e-02
7.97e-02
7.02e-02
6.17e-02
5.43e-02
4.77e-02
4.19e-02
3.67e-02
3.22e-02
2.82e-02
2.47e-02
2.17e-02
1.90e-02
1.66e-02
1.45e-02
1.27e-02
1.11e-02
9.73e-03
8.51e-03
7.44e-03
6.51e-03
5.69e-03
4.98e-03
4.35e-03
3.80e-03
3.33e-03
2.91e-03
2.54e-03
2.22e-03
1.94e-03
1.70e-03
1.49e-03
1.30e-03
1.14e-03
1.00e-03
8.71e-04
7.66e-04
6.70e-04
5.92e-04
5.16e-04
4.50e-04
3.98e-04
3.55e-04
3.12e-04
2.71e-04
2.42e-04
2.12e-04
1.89e-04
1.68e-04
1.47e-04
1.26e-04
1.17e-04
1.02e-04
9.05e-05
8.13e-05
6.64e-05
6.45e-05
5.42e-05
5.01e-05
4.96e-05
4.50e-05
3.83e-05
3.83e-05
3.08e-05
3.08e-05
3.07e-05
1.96e-05
2.15e-05
1.90e-05
1.95e-05
1.75e-05
1.36e-05
1.24e-05
1.30e-05
9.91e-06
7.40e-06
7.34e-06
8.92e-06
1.01e-05
8.54e-06
9.24e-06
3.20e-06
6.17e-07
