3.48e-04
2.52e-04
2.43e-04
2.35e-04
2.28e-04
2.21e-04
2.14e-04
2.08e-04
2.02e-04
1.95e-04
1.89e-04
1.84e-04
1.78e-04
1.72e-04
1.67e-04
1.62e-04
1.57e-04
1.52e-04
1.47e-04
1.43e-04
1.38e-04
1.34e-04
1.30e-04
1.26e-04
1.22e-04
1.18e-04
1.14e-04
1.36e-04
1.33e-04
1.29e-04
1.08e-04
1.04e-04
1.01e-04
9.79e-05
9.50e-05
9.21e-05
8.93e-05
2.24e-04
2.03e-04
1.94e-04
1.86e-04
1.78e-04
1.70e-04
1.62e-04
1.55e-04
1.49e-04
1.42e-04
1.14e-02
1.07e-02
1.03e-02
1.01e-02
1.00e-02
1.00e-02
9.96e-03
9.91e-03
9.87e-03
9.83e-03
9.78e-03
9.74e-03
9.69e-03
9.65e-03
9.60e-03
9.55e-03
9.50e-03
9.45e-03
9.40e-03
9.35e-03
9.29e-03
9.23e-03
9.18e-03
9.11e-03
9.05e-03
8.97e-03
8.90e-03
8.82e-03
8.73e-03
8.64e-03
8.52e-03
9.96e-03
9.15e-03
8.94e-03
8.85e-03
8.78e-03
8.72e-03
8.67e-03
8.62e-03
8.58e-03
8.55e-03
8.53e-03
8.52e-03
8.52e-03
8.54e-03
4.28e-03
4.20e-03
4.15e-03
4.11e-03
4.08e-03
4.04e-03
4.01e-03
3.97e-03
3.94e-03
3.91e-03
3.88e-03
3.85e-03
3.82e-03
3.79e-03
3.76e-03
3.73e-03
3.69e-03
3.66e-03
3.62e-03
3.56e-03
1.71e-03
1.42e-03
1.40e-03
1.41e-03
1.42e-03
1.42e-03
1.42e-03
1.43e-03
1.43e-03
1.44e-03
1.44e-03
1.44e-03
1.43e-03
1.43e-03
1.42e-03
1.40e-03
1.38e-03
2.68e-03
2.44e-03
2.40e-03
2.38e-03
2.37e-03
2.37e-03
2.36e-03
2.36e-03
2.35e-03
2.35e-03
2.35e-03
2.35e-03
2.34e-03
2.34e-03
2.34e-03
2.34e-03
2.33e-03
2.33e-03
2.33e-03
2.33e-03
2.32e-03
2.32e-03
2.32e-03
2.32e-03
2.32e-03
2.31e-03
2.31e-03
2.31e-03
2.31e-03
2.31e-03
2.31e-03
2.31e-03
2.31e-03
2.31e-03
2.31e-03
2.31e-03
2.31e-03
3.14e-03
3.00e-03
2.92e-03
2.91e-03
2.86e-03
2.84e-03
2.79e-03
2.76e-03
2.70e-03
2.68e-03
2.63e-03
7.73e-03
6.47e-03
5.94e-03
5.57e-03
5.33e-03
5.27e-03
5.21e-03
5.20e-03
5.09e-03
5.08e-03
5.07e-03
5.00e-03
4.93e-03
4.91e-03
4.84e-03
4.78e-03
4.76e-03
4.69e-03
4.67e-03
4.60e-03
4.54e-03
4.52e-03
4.45e-03
8.87e-03
8.08e-03
7.99e-03
7.90e-03
7.81e-03
7.72e-03
7.62e-03
7.51e-03
7.40e-03
7.28e-03
1.12e-03
1.03e-03
9.96e-04
9.66e-04
9.38e-04
9.09e-04
8.80e-04
8.52e-04
8.22e-04
7.92e-04
7.63e-04
7.33e-04
7.03e-04
6.72e-04
6.39e-04
6.06e-04
5.74e-04
5.41e-04
5.06e-04
4.70e-04
4.33e-04
3.92e-04
3.49e-04
3.01e-04
1.59e-03
1.41e-03
1.36e-03
1.33e-03
1.29e-03
1.26e-03
1.23e-03
1.20e-03
1.17e-03
1.15e-03
1.12e-03
1.09e-03
1.06e-03
1.03e-03
1.01e-03
9.80e-04
9.55e-04
1.01e-03
1.01e-03
9.79e-04
9.52e-04
9.27e-04
9.01e-04
8.76e-04
8.52e-04
8.29e-04
8.06e-04
7.83e-04
7.60e-04
7.39e-04
7.18e-04
6.97e-04
6.76e-04
6.57e-04
6.37e-04
6.18e-04
5.99e-04
5.81e-04
5.63e-04
5.46e-04
5.29e-04
5.12e-04
4.95e-04
4.79e-04
4.63e-04
4.47e-04
4.32e-04
4.16e-04
4.01e-04
3.55e-04
3.30e-04
3.14e-04
2.99e-04
2.83e-04
2.67e-04
2.52e-04
2.36e-04
2.19e-04
2.02e-04
1.83e-04
1.61e-04
1.27e-04
3.93e-03
2.98e-03
2.56e-03
2.35e-03
2.20e-03
2.08e-03
1.97e-03
1.87e-03
1.76e-03
1.65e-03
1.54e-03
1.43e-03
1.32e-03
1.21e-03
1.10e-03
9.90e-04
8.75e-04
7.56e-04
6.30e-04
4.93e-04
3.37e-04
3.70e-03
2.96e-03
2.64e-03
2.52e-03
2.44e-03
2.36e-03
2.29e-03
2.22e-03
2.15e-03
2.07e-03
2.00e-03
1.93e-03
1.86e-03
1.79e-03
1.72e-03
1.65e-03
1.59e-03
1.52e-03
1.45e-03
1.39e-03
1.32e-03
1.26e-03
1.19e-03
1.13e-03
1.07e-03
1.00e-03
9.44e-04
8.84e-04
8.26e-04
7.68e-04
7.14e-04
6.61e-04
6.12e-04
5.65e-04
5.20e-04
4.78e-04
4.39e-04
4.01e-04
3.66e-04
3.33e-04
3.01e-04
2.72e-04
2.45e-04
2.20e-04
1.96e-04
1.74e-04
1.54e-04
1.35e-04
1.19e-04
1.04e-04
9.01e-05
7.85e-05
6.86e-05
6.10e-05
5.57e-05
5.28e-05
5.23e-05
4.97e-05
2.64e-04
1.37e-04
1.28e-04
1.24e-04
1.20e-04
1.16e-04
1.13e-04
1.09e-04
1.06e-04
1.02e-04
9.91e-05
9.60e-05
9.30e-05
9.01e-05
8.72e-05
8.45e-05
8.19e-05
7.93e-05
7.68e-05
7.44e-05
7.21e-05
6.98e-05
6.76e-05
6.55e-05
6.35e-05
6.15e-05
5.96e-05
5.78e-05
5.60e-05
5.43e-05
5.25e-05
5.09e-05
4.93e-05
4.78e-05
4.63e-05
4.49e-05
4.34e-05
4.21e-05
4.08e-05
3.95e-05
3.83e-05
3.72e-05
3.60e-05
3.49e-05
3.39e-05
3.28e-05
3.18e-05
3.08e-05
2.98e-05
2.89e-05
2.81e-05
2.72e-05
2.64e-05
2.56e-05
2.48e-05
2.41e-05
2.34e-05
2.26e-05
2.19e-05
2.13e-05
2.06e-05
2.00e-05
1.94e-05
1.88e-05
1.82e-05
1.77e-05
1.88e-05
1.82e-05
1.76e-05
1.71e-05
1.66e-05
1.60e-05
1.55e-05
1.50e-05
1.46e-05
1.41e-05
1.37e-05
1.33e-05
1.29e-05
1.25e-05
1.21e-05
1.17e-05
1.13e-05
1.10e-05
1.07e-05
1.03e-05
1.01e-05
9.75e-06
9.45e-06
9.17e-06
8.87e-06
8.59e-06
8.34e-06
8.10e-06
7.85e-06
7.63e-06
7.42e-06
7.19e-06
6.98e-06
6.76e-06
6.59e-06
6.37e-06
6.19e-06
6.00e-06
5.81e-06
5.68e-06
5.50e-06
5.33e-06
5.16e-06
5.02e-06
4.91e-06
4.73e-06
4.62e-06
4.46e-06
4.33e-06
4.22e-06
4.06e-06
3.98e-06
3.87e-06
3.73e-06
1.08e-05
1.05e-05
1.01e-05
9.80e-06
9.45e-06
9.14e-06
8.81e-06
8.50e-06
8.22e-06
7.91e-06
7.64e-06
7.38e-06
7.11e-06
6.85e-06
6.61e-06
6.38e-06
6.14e-06
5.95e-06
