1.62e-05
1.07e-05
1.05e-05
1.02e-05
9.82e-06
9.52e-06
9.24e-06
8.96e-06
8.70e-06
8.42e-06
8.19e-06
1.72e-05
1.55e-05
1.49e-05
1.81e-05
1.55e-05
1.50e-05
1.45e-05
1.40e-05
1.36e-05
1.32e-05
1.28e-05
1.24e-05
1.20e-05
1.16e-05
1.13e-05
1.10e-05
1.06e-05
1.03e-05
1.00e-05
9.75e-06
9.47e-06
9.20e-06
8.94e-06
8.70e-06
8.46e-06
8.22e-06
8.00e-06
7.79e-06
7.59e-06
7.38e-06
7.18e-06
7.00e-06
6.83e-06
6.65e-06
6.48e-06
6.32e-06
6.17e-06
6.01e-06
5.87e-06
5.73e-06
5.60e-06
5.46e-06
5.34e-06
5.22e-06
5.11e-06
4.99e-06
4.89e-06
4.78e-06
4.68e-06
4.58e-06
4.48e-06
4.40e-06
4.30e-06
4.22e-06
4.14e-06
4.05e-06
3.98e-06
3.90e-06
3.83e-06
3.76e-06
3.69e-06
3.63e-06
3.56e-06
3.50e-06
3.44e-06
3.38e-06
3.33e-06
3.27e-06
3.22e-06
3.17e-06
3.12e-06
3.07e-06
3.03e-06
2.98e-06
2.94e-06
2.90e-06
2.86e-06
2.81e-06
2.78e-06
2.74e-06
2.70e-06
2.67e-06
2.64e-06
2.61e-06
2.57e-06
2.54e-06
2.51e-06
2.48e-06
2.46e-06
2.43e-06
2.41e-06
2.38e-06
2.36e-06
2.33e-06
2.31e-06
2.29e-06
2.26e-06
2.24e-06
2.22e-06
2.20e-06
2.18e-06
2.16e-06
2.14e-06
2.12e-06
2.11e-06
2.09e-06
2.07e-06
2.06e-06
2.04e-06
2.03e-06
2.01e-06
2.00e-06
1.99e-06
1.98e-06
1.97e-06
1.95e-06
1.94e-06
1.93e-06
1.92e-06
1.91e-06
1.90e-06
1.89e-06
1.88e-06
1.87e-06
1.86e-06
1.85e-06
1.84e-06
1.84e-06
1.83e-06
1.82e-06
1.81e-06
1.81e-06
1.80e-06
1.80e-06
1.79e-06
1.78e-06
1.78e-06
1.77e-06
1.76e-06
1.76e-06
1.76e-06
1.75e-06
1.75e-06
1.75e-06
1.74e-06
1.74e-06
1.73e-06
1.73e-06
1.73e-06
1.73e-06
1.72e-06
1.73e-06
1.72e-06
1.72e-06
1.72e-06
1.72e-06
1.72e-06
1.71e-06
1.71e-06
1.71e-06
1.71e-06
1.71e-06
1.71e-06
1.71e-06
1.06e-03
7.91e-04
7.03e-04
6.19e-04
5.23e-04
4.03e-04
2.94e-03
2.13e-03
1.94e-03
1.86e-03
1.79e-03
1.73e-03
1.66e-03
1.60e-03
1.53e-03
1.46e-03
1.40e-03
1.34e-03
1.27e-03
1.21e-03
1.14e-03
1.08e-03
1.02e-03
9.62e-04
9.02e-04
8.43e-04
7.85e-04
7.29e-04
6.75e-04
6.20e-04
5.67e-04
5.18e-04
4.72e-04
4.30e-04
3.90e-04
3.53e-04
3.19e-04
2.88e-04
2.59e-04
3.18e-04
3.00e-04
2.71e-04
2.49e-04
2.29e-04
2.10e-04
1.94e-04
2.07e-04
1.62e-04
1.51e-04
1.40e-04
1.31e-04
1.22e-04
1.13e-04
1.06e-04
9.91e-05
9.29e-05
7.58e-05
6.81e-05
6.45e-05
6.10e-05
5.78e-05
5.48e-05
5.21e-05
2.96e-04
2.23e-04
2.05e-04
1.95e-04
1.85e-04
1.77e-04
1.69e-04
1.62e-04
1.55e-04
1.49e-04
1.43e-04
1.37e-04
1.32e-04
1.27e-04
1.22e-04
1.18e-04
1.13e-04
1.09e-04
1.05e-04
1.01e-04
9.79e-05
9.43e-05
9.10e-05
8.78e-05
8.47e-05
8.18e-05
7.90e-05
7.62e-05
7.36e-05
7.11e-05
6.87e-05
6.63e-05
6.41e-05
