1.12e-05
7.07e-06
4.26e-05
2.67e-05
1.68e-05
1.05e-05
6.60e-06
9.94e-05
6.22e-05
3.88e-05
2.43e-05
1.52e-05
1.06e-05
6.65e-06
1.04e-04
6.51e-05
4.08e-05
2.56e-05
1.61e-05
1.01e-05
6.39e-06
6.98e-05
4.36e-05
2.74e-05
1.72e-05
1.08e-05
6.80e-06
6.41e-05
4.01e-05
2.51e-05
1.58e-05
9.93e-06
1.93e-05
1.20e-05
7.46e-06
2.11e-05
1.31e-05
8.17e-06
1.70e-05
1.06e-05
6.59e-06
1.53e-05
9.49e-06
1.67e-05
1.03e-05
6.45e-06
1.41e-05
8.79e-06
1.21e-05
7.52e-06
1.41e-05
8.73e-06
1.16e-05
7.22e-06
1.04e-05
6.46e-06
9.64e-06
8.83e-06
1.09e-05
6.81e-06
9.43e-06
8.47e-06
