time 0            512         
0      1.00382
1      1.01715
2      1.00603
3      0.993159
4      1.00865
5      1.00114
6      1.00499
7      0.963652
8      1.00697
9      1.0086
10     1.02038
11     0.987828
12     0.981138
13     0.99659
14     0.991076
15     1.00715
16     0.968496
17     1.00532
18     0.99099
19     1.03584
20     1.01135
21     0.999205
22     0.984465
23     1.03851
24     1.03444
25     0.987615
26     1.01519
27     1.01784
28     1.02424
29     1.0042
30     1.03952
31     0.984745
32     1.02036
33     1.01822
34     1.01451
35     1.01917
36     0.972905
37     1.00162
38     1.018
39     0.983504
40     0.999466
41     1.00273
42     0.97159
43     0.972363
44     1.00583
45     1.01943
46     0.990092
47     0.984495
48     1.00831
49     1.01562
50     1.00378
51     1.00473
52     0.962134
53     1.02403
54     0.96169
55     1.02507
56     1.0299
57     1.01442
58     0.99466
59     0.988437
60     0.987808
61     1.00549
62     1.01693
63     1.006
64     0.97924
65     1.0343
66     1.01998
67     0.97798
68     1.00929
69     1.00165
70     0.994114
71     0.999264
72     1.00513
73     1.00534
74     1.00814
75     0.995535
76     0.998616
77     0.97026
78     1.00051
79     0.986713
80     0.98886
81     1.00869
82     1.01682
83     0.970661
84     1.03097
85     0.992037
86     1.0113
87     1.01826
88     0.960923
89     1.00875
90     0.973214
91     1.00568
92     0.977763
93     1.00049
94     0.95845
95     0.999222
96     1.00276
97     1.00941
98     0.982676
99     0.988456
100    0.992034
101    1.0155
102    0.988798
103    0.993372
104    0.994108
105    0.967971
106    1.01223
107    0.974459
108    1.00712
109    1.00562
110    1.01913
111    0.975869
112    1.02515
113    1.01187
114    1.0217
115    1.00953
116    0.995018
117    0.987889
118    1.01501
119    1.01649
120    0.997802
121    0.955381
122    1.00449
123    0.994115
124    0.989108
125    1.00122
126    1.02578
127    1.00652
128    0.993693
129    0.998728
130    0.984223
131    1.01999
132    1.01691
133    1.00048
134    1.01008
135    0.964676
136    1.00516
137    1.00524
138    1.00844
139    0.979979
140    1.01313
141    0.980835
142    1.00871
143    0.998518
144    0.978153
145    1.01029
146    1.01942
147    0.999025
148    0.983527
149    0.991709
150    0.98873
151    1.0207
152    0.998334
153    0.988514
154    1.00071
155    0.990984
156    1.03073
157    0.95913
158    0.97575
159    1.0043
160    1.00494
161    0.997662
162    0.992085
163    1.01707
164    1.0067
165    1.00695
166    1.01572
167    1.00611
168    0.996795
169    0.998778
170    1.00669
171    0.981022
172    1.02435
173    1.00589
174    1.00801
175    1.00855
176    1.00186
177    0.996236
178    0.953493
179    1.01374
180    0.993809
181    1.00917
182    1.00952
183    1.01015
184    1.00003
185    0.985648
186    0.993175
187    0.985123
188    1.01618
189    1.0046
190    0.980755
191    0.980238
192    1.005
193    1.00492
194    0.975512
195    1.00971
196    0.978553
197    1.00026
198    1.00444
199    1.02836
200    1.013
201    1.00868
202    1.02509
203    1.02025
204    1.00649
205    1.01329
206    1.00189
207    1.00398
208    1.01578
209    0.970664
210    1.00732
211    1.01861
212    1.01685
213    0.979289
214    0.994305
215    0.998328
216    1.0168
217    0.985499
218    1.02154
219    0.990329
220    1.00788
221    0.984232
222    1.00273
223    0.987019
224    1.01955
225    0.98651
226    1.00226
227    0.983632
228    0.971205
229    0.997046
230    1.01449
231    0.983325
232    1.01641
233    0.998364
234    0.987412
235    1.00998
236    1.00325
237    0.984597
238    0.998471
239    0.989343
240    1.01795
241    0.987526
242    0.975591
243    0.993634
244    1.01655
245    0.996151
246    0.968586
247    0.998571
248    0.984753
249    1.00515
250    0.972181
251    1.01703
252    1.00921
253    1.00238
254    1.02128
255    0.985355
256    1.00823
257    1.00832
258    0.99737
259    1.00685
260    0.978574
261    1.00745
262    0.983122
263    0.974257
264    1.00033
265    1.01986
266    0.997013
267    1.01578
268    1.01139
269    1.04364
270    1.00332
271    0.994756
272    1.00755
273    1.03085
274    1.01564
275    0.997069
276    1.01623
277    1.0086
278    0.972486
279    0.986485
280    1.00483
281    0.996083
282    0.994006
283    0.98298
284    1.01021
285    1.01955
286    1.01283
287    1.01428
288    0.969333
289    0.975196
290    0.987997
291    1.00888
292    0.988422
293    1.00749
294    1.01563
295    0.987994
296    1.00085
297    0.987582
298    0.946407
299    0.993811
300    1.0064
301    1.00574
302    1.02857
303    0.995055
304    1.00856
305    1.00571
306    0.997838
307    1.01658
308    0.982207
309    0.996369
310    1.00091
311    0.980993
312    1.02754
313    0.967964
314    0.999076
315    0.961367
316    0.97406
317    1.01221
318    0.971306
319    0.995027
320    1.01743
321    1.01905
322    1.01086
323    1.00822
324    1.01712
325    1.02333
326    1.03199
327    0.997061
328    0.968386
329    0.974446
330    1.00116
331    0.991683
332    1.0102
333    1.01007
334    0.99273
335    0.96417
336    0.986638
337    0.970842
338    0.992081
339    1.02468
340    1.02968
341    1.00251
342    1.01426
343    0.990629
344    0.989366
345    1.02208
346    0.995182
347    1.01546
348    1.01378
349    1.02212
350    1.00933
351    1.00151
352    0.99889
353    0.976321
354    1.02392
355    0.986623
356    0.986618
357    0.988079
358    0.939876
359    1.04563
360    1.01476
361    1.00073
362    1.00372
363    1.01773
364    1.01574
365    0.979168
366    1.01251
367    1.00549
368    1.0282
369    1.00524
370    1.00881
371    0.99558
372    1.00827
373    0.990562
374    1.0048
375    1.00638
376    1.00103
377    0.995554
378    1.0017
379    1.01689
380    1.01717
381    1.00644
382    0.976418
383    1.01563
384    0.934668
385    0.999309
386    1.03166
387    0.978637
388    1.03866
389    1.00995
390    1.00518
391    1.01796
392    0.982702
393    1.0087
394    1.01662
395    1.00938
396    0.987395
397    0.978999
398    0.989738
399    1.01687
400    0.99834
401    0.986742
402    0.995722
403    1.00519
404    0.979398
405    0.99146
406    0.989746
407    0.992148
408    1.00888
409    0.973324
410    1.00726
411    0.981825
412    0.992367
413    0.978566
414    1.02453
415    0.98832
416    0.96726
417    0.988692
418    0.985575
419    1.0226
420    0.970413
421    1.00135
422    0.995639
423    0.990936
424    0.98755
425    0.974922
426    0.997865
427    1.00474
428    0.970329
429    1.01179
430    1.0071
431    1.02835
432    1.0104
433    1.00935
434    1.02566
435    0.977413
436    1.01809
437    0.98692
438    0.972565
439    0.999421
440    0.990134
441    0.955095
442    1.00895
443    1.01546
444    0.966613
445    1.00432
446    1.00402
447    1.00444
448    0.986938
449    0.995125
450    1.02322
451    1.03025
452    0.987502
453    0.986999
454    0.97939
455    1.00916
456    1.02418
457    0.99924
458    0.987501
459    0.997876
460    0.996371
461    0.984536
462    0.980694
463    1.01639
464    1.01734
465    0.994296
466    1.00359
467    0.99521
468    1.02232
469    1.00401
470    1.00633
471    1.00119
472    1.01006
473    1.00974
474    1.01908
475    1.00106
476    0.990366
477    1.01722
478    0.994991
479    0.986326
480    1.01671
481    0.965727
482    1.00702
483    0.979313
484    1.00003
485    1.01282
486    1.00186
487    0.998418
488    1.02108
489    0.99516
490    0.989689
491    0.982304
492    0.975096
493    1.017
494    1.02249
495    1.02255
496    0.985058
497    1.03418
498    0.987716
499    1.03587
500    1.00523
501    1.01535
502    1.00894
503    1.0204
504    0.955932
505    0.975225
506    1.02625
507    1.002
508    1.03195
509    0.995126
510    0.996834
511    0.97601

time 10           512         
0      1.00611
1      1.01829
2      1.00412
3      0.99246
4      1.00894
5      0.998412
6      1.00427
7      0.964856
8      1.00867
9      1.00985
10     1.0176
11     0.986675
12     0.98152
13     0.997314
14     0.990361
15     1.00881
16     0.968841
17     1.00759
18     0.990898
19     1.03363
20     1.01378
21     0.999334
22     0.984544
23     1.0401
24     1.03456
25     0.98753
26     1.01577
27     1.01768
28     1.02609
29     1.00323
30     1.04049
31     0.984007
32     1.01927
33     1.01826
34     1.01053
35     1.02068
36     0.971002
37     1.00109
38     1.01908
39     0.985453
40     1.00212
41     1.00473
42     0.973702
43     0.974864
44     1.00272
45     1.01797
46     0.992239
47     0.981715
48     1.00923
49     1.01381
50     1.0021
51     1.00703
52     0.964363
53     1.02707
54     0.961599
55     1.02452
56     1.02615
57     1.01359
58     0.993724
59     0.987376
60     0.987299
61     1.00363
62     1.01593
63     1.00996
64     0.977171
65     1.03335
66     1.01654
67     0.975181
68     1.00812
69     1.00566
70     0.995329
71     1.00006
72     1.00236
73     1.00536
74     1.01078
75     0.996708
76     0.996271
77     0.970464
78     0.998724
79     0.992416
80     0.991372
81     1.00439
82     1.01696
83     0.970305
84     1.03043
85     0.993571
86     1.01269
87     1.01392
88     0.964446
89     1.00622
90     0.973672
91     1.00571
92     0.976856
93     0.999244
94     0.956779
95     0.996924
96     1.00396
97     1.00832
98     0.984133
99     0.990184
100    0.995453
101    1.01663
102    0.986669
103    0.993853
104    0.997482
105    0.966982
106    1.01026
107    0.974465
108    1.00499
109    1.0057
110    1.02007
111    0.973977
112    1.02595
113    1.01337
114    1.01601
115    1.00957
116    0.996771
117    0.987758
118    1.01617
119    1.01223
120    0.995272
121    0.954771
122    1.00517
123    0.994943
124    0.984582
125    1.00215
126    1.02641
127    1.00808
128    0.997431
129    0.999626
130    0.985383
131    1.02222
132    1.02273
133    1.00198
134    1.00972
135    0.963131
136    1.00474
137    1.00343
138    1.01102
139    0.980263
140    1.01136
141    0.983255
142    1.00173
143    0.996557
144    0.979229
145    1.01008
146    1.01938
147    0.998976
148    0.983633
149    0.993383
150    0.98774
151    1.01992
152    0.998262
153    0.987491
154    0.999944
155    0.990624
156    1.02998
157    0.963616
158    0.972287
159    1.00257
160    1.00181
161    0.996699
162    0.992116
163    1.01613
164    1.00748
165    1.00748
166    1.01865
167    1.00411
168    0.993726
169    1.00085
170    1.0056
171    0.983796
172    1.02233
173    1.00365
174    1.00762
175    1.00968
176    1.00318
177    0.993978
178    0.953606
179    1.01096
180    0.993212
181    1.00982
182    1.00878
183    1.00321
184    0.99571
185    0.980524
186    0.99677
187    0.983627
188    1.01325
189    1.00301
190    0.980622
191    0.983205
192    1.001
193    1.00456
194    0.978617
195    1.00815
196    0.981698
197    0.999899
198    1.00764
199    1.02994
200    1.01435
201    1.01045
202    1.02371
203    1.0175
204    1.00455
205    1.01625
206    1.0037
207    1.00488
208    1.01168
209    0.969556
210    1.00731
211    1.01801
212    1.01776
213    0.982346
214    0.994192
215    1.00121
216    1.01286
217    0.985439
218    1.02109
219    0.99244
220    1.00612
221    0.984143
222    0.998841
223    0.986681
224    1.01758
225    0.988298
226    1.00353
227    0.984503
228    0.971522
229    1.00045
230    1.01622
231    0.984902
232    1.01776
233    0.996562
234    0.985033
235    1.01433
236    1.00323
237    0.984706
238    0.998949
239    0.987859
240    1.01399
241    0.98916
242    0.974201
243    0.99355
244    1.01407
245    0.992098
246    0.972241
247    1.00068
248    0.984253
249    1.00796
250    0.974197
251    1.01548
252    1.00932
253    1.0037
254    1.02275
255    0.987608
256    1.00907
257    1.01058
258    0.998149
259    1.00972
260    0.980381
261    1.0067
262    0.983891
263    0.972085
264    1.00032
265    1.01793
266    0.994958
267    1.01487
268    1.01025
269    1.03833
270    1.00388
271    0.99089
272    1.00921
273    1.03225
274    1.01729
275    0.994774
276    1.01864
277    1.00662
278    0.975735
279    0.988852
280    1.00656
281    0.997147
282    0.996087
283    0.981983
284    1.00938
285    1.01909
286    1.01347
287    1.01424
288    0.970926
289    0.976538
290    0.990419
291    1.0078
292    0.987313
293    1.00818
294    1.01504
295    0.988431
296    1.00468
297    0.99013
298    0.94835
299    0.995046
300    1.00698
301    1.00918
302    1.03038
303    0.995369
304    1.01078
305    1.00461
306    0.997462
307    1.00888
308    0.981969
309    0.99915
310    0.998597
311    0.981292
312    1.02366
313    0.970169
314    0.998177
315    0.961815
316    0.971288
317    1.01581
318    0.972762
319    0.997794
320    1.01368
321    1.0114
322    1.00832
323    1.00939
324    1.02109
325    1.02106
326    1.03354
327    0.995388
328    0.966006
329    0.974039
330    1.00273
331    0.989294
332    1.00686
333    1.01225
334    0.994935
335    0.965642
336    0.984208
337    0.972833
338    0.993903
339    1.02304
340    1.02952
341    1.00352
342    1.01607
343    0.988969
344    0.986455
345    1.02296
346    0.995377
347    1.0123
348    1.00937
349    1.02297
350    1.00798
351    1.00518
352    0.999502
353    0.978271
354    1.01991
355    0.98514
356    0.985246
357    0.989842
358    0.944818
359    1.0447
360    1.01554
361    1.00301
362    1.0015
363    1.01547
364    1.01503
365    0.982101
366    1.01235
367    1.00709
368    1.03033
369    1.00758
370    1.00946
371    0.994616
372    1.00763
373    0.989381
374    1.00916
375    1.00724
376    1.00325
377    0.995185
378    1.00135
379    1.0176
380    1.0172
381    1.00797
382    0.971921
383    1.01213
384    0.94126
385    0.995243
386    1.03239
387    0.977792
388    1.03741
389    1.00834
390    1.0084
391    1.01809
392    0.980293
393    1.01021
394    1.01872
395    1.00776
396    0.984296
397    0.977453
398    0.990565
399    1.01646
400    1.00089
401    0.986037
402    0.995056
403    1.00762
404    0.980547
405    0.991358
406    0.993186
407    0.991739
408    1.00935
409    0.978149
410    1.00537
411    0.978737
412    0.990829
413    0.981734
414    1.02102
415    0.989139
416    0.965803
417    0.988946
418    0.991294
419    1.02185
420    0.972379
421    1.00376
422    0.997382
423    0.989275
424    0.987772
425    0.973315
426    1.0006
427    1.0066
428    0.974365
429    1.00713
430    1.00656
431    1.03021
432    1.01072
433    1.00973
434    1.02612
435    0.974202
436    1.01462
437    0.988957
438    0.970548
439    0.997506
440    0.990763
441    0.955762
442    1.01045
443    1.0182
444    0.967903
445    1.00752
446    1.00618
447    1.00635
448    0.987238
449    0.995078
450    1.02402
451    1.028
452    0.986473
453    0.984998
454    0.980268
455    1.01073
456    1.0236
457    0.999808
458    0.991637
459    0.996788
460    0.998364
461    0.983413
462    0.979185
463    1.01807
464    1.01701
465    0.993674
466    1.00336
467    0.993632
468    1.02716
469    1.00093
470    1.01043
471    1.0029
472    1.01074
473    1.01567
474    1.01459
475    1.00123
476    0.992413
477    1.019
478    0.988597
479    0.990264
480    1.01847
481    0.963079
482    1.00747
483    0.981454
484    0.997903
485    1.0129
486    1.00402
487    0.998205
488    1.01986
489    0.994208
490    0.986374
491    0.981546
492    0.977122
493    1.0159
494    1.02291
495    1.02224
496    0.98705
497    1.03286
498    0.986272
499    1.03561
500    1.0031
501    1.00843
502    1.00791
503    1.02093
504    0.954669
505    0.973044
506    1.02258
507    1.00244
508    1.03282
509    0.992541
510    0.99546
511    0.975414

time 14.835       512         
0      1.00611
1      1.01829
2      1.00412
3      0.99246
4      1.00894
5      0.998412
6      1.00427
7      0.964856
8      1.00867
9      1.00985
10     1.0176
11     0.986675
12     0.98152
13     0.997314
14     0.990361
15     1.00881
16     0.968841
17     1.00759
18     0.990898
19     1.03363
20     1.01378
21     0.999334
22     0.984544
23     1.0401
24     1.03456
25     0.98753
26     1.01577
27     1.01768
28     1.02609
29     1.00323
30     1.04049
31     0.984007
32     1.01927
33     1.01826
34     1.01053
35     1.02068
36     0.971002
37     1.00109
38     1.01908
39     0.985453
40     1.00212
41     1.00473
42     0.973702
43     0.974864
44     1.00272
45     1.01797
46     0.992239
47     0.981715
48     1.00923
49     1.01381
50     1.0021
51     1.00703
52     0.964363
53     1.02707
54     0.961599
55     1.02452
56     1.02615
57     1.01359
58     0.993724
59     0.987376
60     0.987299
61     1.00363
62     1.01593
63     1.00996
64     0.977171
65     1.03335
66     1.01654
67     0.975181
68     1.00812
69     1.00566
70     0.995329
71     1.00006
72     1.00236
73     1.00536
74     1.01078
75     0.996708
76     0.996271
77     0.970465
78     0.998724
79     0.992416
80     0.991372
81     1.00439
82     1.01696
83     0.970305
84     1.03043
85     0.993571
86     1.01269
87     1.01392
88     0.964446
89     1.00622
90     0.973672
91     1.00571
92     0.976856
93     0.999244
94     0.956779
95     0.996924
96     1.00396
97     1.00832
98     0.984133
99     0.990184
100    0.995453
101    1.01663
102    0.986669
103    0.993853
104    0.997482
105    0.966982
106    1.01026
107    0.974465
108    1.00499
109    1.0057
110    1.02007
111    0.973977
112    1.02595
113    1.01337
114    1.01601
115    1.00957
116    0.996771
117    0.987758
118    1.01617
119    1.01223
120    0.995272
121    0.954771
122    1.00517
123    0.994943
124    0.984582
125    1.00215
126    1.02641
127    1.00808
128    0.997431
129    0.999626
130    0.985383
131    1.02222
132    1.02273
133    1.00198
134    1.00972
135    0.963131
136    1.00474
137    1.00343
138    1.01102
139    0.980263
140    1.01136
141    0.983255
142    1.00173
143    0.996557
144    0.979229
145    1.01008
146    1.01938
147    0.998976
148    0.983633
149    0.993383
150    0.98774
151    1.01992
152    0.998262
153    0.987491
154    0.999944
155    0.990624
156    1.02998
157    0.963615
158    0.972287
159    1.00257
160    1.00181
161    0.996699
162    0.992116
163    1.01613
164    1.00748
165    1.00748
166    1.01865
167    1.00411
168    0.993726
169    1.00085
170    1.0056
171    0.983796
172    1.02233
173    1.00365
174    1.00762
175    1.00968
176    1.00318
177    0.993978
178    0.953606
179    1.01096
180    0.993212
181    1.00982
182    1.00878
183    1.00321
184    0.99571
185    0.980524
186    0.99677
187    0.983627
188    1.01325
189    1.00301
190    0.980623
191    0.983205
192    1.001
193    1.00456
194    0.978617
195    1.00815
196    0.981698
197    0.999899
198    1.00764
199    1.02994
200    1.01435
201    1.01045
202    1.02371
203    1.0175
204    1.00455
205    1.01625
206    1.0037
207    1.00488
208    1.01168
209    0.969556
210    1.00731
211    1.01801
212    1.01776
213    0.982346
214    0.994192
215    1.00121
216    1.01286
217    0.985439
218    1.02109
219    0.99244
220    1.00612
221    0.984143
222    0.998841
223    0.986681
224    1.01758
225    0.988298
226    1.00353
227    0.984503
228    0.971522
229    1.00045
230    1.01622
231    0.984902
232    1.01776
233    0.996562
234    0.985033
235    1.01433
236    1.00323
237    0.984706
238    0.998949
239    0.987859
240    1.01399
241    0.98916
242    0.974201
243    0.99355
244    1.01407
245    0.992098
246    0.972241
247    1.00068
248    0.984253
249    1.00796
250    0.974197
251    1.01548
252    1.00932
253    1.0037
254    1.02275
255    0.987608
256    1.00907
257    1.01058
258    0.998149
259    1.00972
260    0.980381
261    1.0067
262    0.983891
263    0.972085
264    1.00032
265    1.01793
266    0.994958
267    1.01487
268    1.01025
269    1.03833
270    1.00388
271    0.99089
272    1.00921
273    1.03225
274    1.01729
275    0.994774
276    1.01864
277    1.00662
278    0.975735
279    0.988852
280    1.00656
281    0.997147
282    0.996087
283    0.981983
284    1.00938
285    1.01909
286    1.01347
287    1.01424
288    0.970926
289    0.976538
290    0.990418
291    1.0078
292    0.987313
293    1.00818
294    1.01504
295    0.988431
296    1.00468
297    0.99013
298    0.94835
299    0.995046
300    1.00698
301    1.00918
302    1.03038
303    0.995369
304    1.01078
305    1.00461
306    0.997462
307    1.00888
308    0.981969
309    0.99915
310    0.998597
311    0.981292
312    1.02366
313    0.970169
314    0.998177
315    0.961815
316    0.971288
317    1.01581
318    0.972762
319    0.997794
320    1.01368
321    1.0114
322    1.00832
323    1.00939
324    1.02109
325    1.02106
326    1.03354
327    0.995388
328    0.966006
329    0.974039
330    1.00273
331    0.989294
332    1.00686
333    1.01225
334    0.994935
335    0.965642
336    0.984208
337    0.972833
338    0.993903
339    1.02304
340    1.02952
341    1.00352
342    1.01607
343    0.988969
344    0.986455
345    1.02296
346    0.995377
347    1.0123
348    1.00937
349    1.02297
350    1.00798
351    1.00518
352    0.999502
353    0.978271
354    1.01991
355    0.98514
356    0.985246
357    0.989842
358    0.944818
359    1.0447
360    1.01554
361    1.00301
362    1.0015
363    1.01547
364    1.01503
365    0.982101
366    1.01235
367    1.00709
368    1.03033
369    1.00758
370    1.00946
371    0.994616
372    1.00763
373    0.989381
374    1.00916
375    1.00724
376    1.00325
377    0.995185
378    1.00135
379    1.0176
380    1.0172
381    1.00797
382    0.971921
383    1.01213
384    0.94126
385    0.995243
386    1.03239
387    0.977792
388    1.03741
389    1.00834
390    1.0084
391    1.01809
392    0.980293
393    1.01021
394    1.01872
395    1.00776
396    0.984296
397    0.977453
398    0.990565
399    1.01646
400    1.00089
401    0.986037
402    0.995056
403    1.00762
404    0.980547
405    0.991358
406    0.993186
407    0.991739
408    1.00935
409    0.978149
410    1.00537
411    0.978737
412    0.990829
413    0.981734
414    1.02102
415    0.989139
416    0.965803
417    0.988946
418    0.991294
419    1.02185
420    0.972379
421    1.00376
422    0.997382
423    0.989275
424    0.987772
425    0.973315
426    1.0006
427    1.0066
428    0.974365
429    1.00713
430    1.00656
431    1.03021
432    1.01072
433    1.00973
434    1.02612
435    0.974202
436    1.01462
437    0.988957
438    0.970548
439    0.997506
440    0.990763
441    0.955762
442    1.01045
443    1.0182
444    0.967903
445    1.00752
446    1.00618
447    1.00635
448    0.987238
449    0.995078
450    1.02402
451    1.028
452    0.986473
453    0.984998
454    0.980268
455    1.01073
456    1.0236
457    0.999809
458    0.991637
459    0.996788
460    0.998364
461    0.983413
462    0.979185
463    1.01807
464    1.01701
465    0.993674
466    1.00336
467    0.993632
468    1.02716
469    1.00093
470    1.01043
471    1.0029
472    1.01074
473    1.01567
474    1.01459
475    1.00123
476    0.992413
477    1.019
478    0.988597
479    0.990264
480    1.01847
481    0.963079
482    1.00747
483    0.981454
484    0.997903
485    1.0129
486    1.00402
487    0.998205
488    1.01986
489    0.994208
490    0.986374
491    0.981546
492    0.977122
493    1.0159
494    1.02291
495    1.02224
496    0.98705
497    1.03286
498    0.986272
499    1.03561
500    1.0031
501    1.00843
502    1.00791
503    1.02093
504    0.954669
505    0.973044
506    1.02258
507    1.00244
508    1.03283
509    0.992541
510    0.99546
511    0.975414

