3.57e-06
4.89e-05
3.91e-05
3.82e-05
9.39e-05
1.06e-04
8.26e-05
8.10e-05
7.68e-05
7.38e-05
7.14e-05
6.90e-05
6.68e-05
6.49e-05
6.34e-05
6.16e-05
6.03e-05
5.90e-05
5.77e-05
5.65e-05
5.56e-05
5.44e-05
5.35e-05
3.90e-05
3.89e-05
3.83e-05
3.80e-05
3.77e-05
3.74e-05
3.70e-05
3.68e-05
3.65e-05
3.62e-05
3.60e-05
3.58e-05
3.55e-05
3.54e-05
3.52e-05
3.50e-05
3.48e-05
3.46e-05
3.45e-05
3.43e-05
3.42e-05
3.40e-05
3.39e-05
3.37e-05
3.36e-05
3.34e-05
3.33e-05
3.32e-05
3.30e-05
3.29e-05
3.27e-05
3.25e-05
3.24e-05
3.22e-05
3.21e-05
3.19e-05
3.18e-05
3.16e-05
3.15e-05
3.13e-05
3.11e-05
3.09e-05
3.07e-05
3.06e-05
3.03e-05
3.01e-05
2.99e-05
2.97e-05
2.95e-05
2.93e-05
2.91e-05
2.88e-05
2.85e-05
2.83e-05
2.81e-05
2.78e-05
2.75e-05
2.72e-05
2.70e-05
2.67e-05
2.64e-05
2.61e-05
2.58e-05
2.55e-05
2.51e-05
2.48e-05
2.45e-05
2.41e-05
2.38e-05
2.34e-05
2.31e-05
2.27e-05
2.23e-05
2.19e-05
2.16e-05
2.11e-05
2.08e-05
2.04e-05
2.00e-05
1.96e-05
1.91e-05
1.87e-05
1.83e-05
1.79e-05
1.75e-05
1.71e-05
1.66e-05
1.62e-05
1.58e-05
1.54e-05
1.50e-05
1.45e-05
1.41e-05
1.37e-05
1.33e-05
1.29e-05
1.24e-05
1.21e-05
1.17e-05
1.13e-05
1.09e-05
1.05e-05
1.01e-05
9.76e-06
9.40e-06
9.05e-06
8.72e-06
8.39e-06
8.08e-06
7.77e-06
7.47e-06
7.18e-06
6.91e-06
6.64e-06
6.38e-06
6.14e-06
5.90e-06
5.69e-06
5.48e-06
5.28e-06
5.09e-06
4.90e-06
4.74e-06
4.57e-06
4.42e-06
4.27e-06
4.14e-06
4.02e-06
3.90e-06
3.78e-06
3.68e-06
3.57e-06
3.49e-06
3.39e-06
3.31e-06
3.23e-06
3.15e-06
3.08e-06
3.01e-06
2.95e-06
2.89e-06
2.83e-06
2.78e-06
2.72e-06
2.67e-06
2.63e-06
2.59e-06
2.54e-06
2.50e-06
2.46e-06
2.42e-06
2.38e-06
2.34e-06
2.31e-06
2.28e-06
2.25e-06
2.21e-06
2.18e-06
2.16e-06
2.13e-06
2.10e-06
2.08e-06
2.05e-06
2.03e-06
2.00e-06
1.98e-06
1.96e-06
1.94e-06
1.92e-06
1.90e-06
1.88e-06
1.86e-06
1.84e-06
1.83e-06
1.81e-06
1.79e-06
1.78e-06
1.77e-06
1.75e-06
1.74e-06
1.73e-06
1.71e-06
1.70e-06
1.68e-06
1.68e-06
1.67e-06
1.66e-06
1.65e-06
1.64e-06
5.40e-06
4.81e-06
4.60e-06
4.36e-06
4.23e-06
4.10e-06
4.01e-06
3.92e-06
3.86e-06
3.80e-06
3.75e-06
3.71e-06
3.68e-06
3.65e-06
3.61e-06
3.59e-06
3.57e-06
3.54e-06
3.52e-06
3.50e-06
3.48e-06
3.45e-06
3.44e-06
3.41e-06
3.40e-06
3.37e-06
3.36e-06
3.34e-06
3.32e-06
3.30e-06
3.28e-06
3.26e-06
3.24e-06
3.22e-06
3.21e-06
3.18e-06
3.16e-06
3.14e-06
3.12e-06
3.10e-06
3.08e-06
3.05e-06
3.03e-06
3.01e-06
2.99e-06
2.97e-06
2.94e-06
2.92e-06
2.90e-06
2.87e-06
2.85e-06
2.83e-06
2.81e-06
2.78e-06
