1.86e-06
1.97e-06
1.90e-06
6.26e-05
3.06e-05
2.92e-05
2.76e-05
2.61e-05
2.47e-05
2.34e-05
2.21e-05
2.09e-05
1.98e-05
1.88e-05
1.78e-05
1.69e-05
1.60e-05
1.52e-05
1.44e-05
1.37e-05
1.30e-05
1.23e-05
1.17e-05
1.11e-05
1.06e-05
1.01e-05
9.55e-06
9.08e-06
8.63e-06
8.22e-06
7.81e-06
7.44e-06
7.08e-06
6.74e-06
6.42e-06
6.12e-06
5.82e-06
5.55e-06
5.30e-06
5.05e-06
4.81e-06
4.59e-06
4.38e-06
4.17e-06
3.98e-06
3.80e-06
3.63e-06
3.46e-06
3.31e-06
5.54e-05
6.14e-05
5.59e-05
5.38e-05
5.12e-05
4.91e-05
4.71e-05
4.51e-05
4.32e-05
4.16e-05
4.00e-05
3.85e-05
3.70e-05
3.57e-05
3.42e-05
3.30e-05
3.17e-05
3.06e-05
2.94e-05
2.85e-05
2.75e-05
2.64e-05
2.55e-05
2.46e-05
2.38e-05
2.30e-05
2.23e-05
2.15e-05
2.08e-05
2.00e-05
1.94e-05
1.88e-05
1.81e-05
1.76e-05
1.70e-05
1.65e-05
1.60e-05
1.55e-05
1.50e-05
1.44e-05
1.40e-05
1.35e-05
1.31e-05
1.27e-05
1.23e-05
3.20e-05
2.30e-05
2.26e-05
2.20e-05
2.13e-05
2.08e-05
2.01e-05
1.95e-05
1.89e-05
1.84e-05
1.78e-05
1.73e-05
1.68e-05
1.63e-05
1.58e-05
1.53e-05
1.49e-05
1.44e-05
1.40e-05
1.36e-05
1.32e-05
1.28e-05
1.25e-05
1.21e-05
1.17e-05
1.14e-05
1.10e-05
1.07e-05
1.04e-05
1.01e-05
9.85e-06
9.52e-06
9.24e-06
9.02e-06
8.72e-06
8.48e-06
8.23e-06
8.03e-06
7.76e-06
7.58e-06
7.33e-06
7.09e-06
6.89e-06
6.73e-06
6.50e-06
6.38e-06
6.17e-06
5.96e-06
5.83e-06
5.66e-06
5.50e-06
5.32e-06
5.17e-06
5.05e-06
4.88e-06
4.75e-06
4.59e-06
4.46e-06
4.36e-06
4.24e-06
4.12e-06
3.99e-06
3.88e-06
3.77e-06
3.64e-06
3.56e-06
3.42e-06
3.35e-06
3.28e-06
3.19e-06
3.06e-06
2.99e-06
2.91e-06
2.81e-06
2.73e-06
2.66e-06
2.59e-06
2.50e-06
2.45e-06
2.36e-06
2.30e-06
2.24e-06
2.18e-06
2.12e-06
2.05e-06
1.98e-06
1.94e-06
1.87e-06
1.84e-06
1.80e-06
1.73e-06
1.67e-06
1.63e-06
1.58e-06
1.56e-06
1.50e-06
1.45e-06
1.41e-06
1.39e-06
1.34e-06
1.31e-06
1.27e-06
1.24e-06
1.21e-06
1.15e-06
1.14e-06
1.11e-06
1.08e-06
1.03e-06
1.01e-06
9.75e-07
