vertices 381         
3         2.77640925426081    1.23133585774845    1.36122478329301
6         2.32653810700873    1.17961724614318    1.27623471443573
7         2.42717978095864   0.515465731405355    1.67777395261694
8         3.23948106840737   0.250451284017715   0.703901119629899
27        3.03299483949676   0.709627875882531   0.474747049600766
32        0.47857143706002     2.1551609698637   0.599344090435436
34        0.14343837174741    2.49190710814834    1.12174897968529
36       0.452103885988191    2.44194678536553    1.66070529342093
40       0.469506460267389    1.20725173572023    1.16759477165207
42        0.99716195526861     1.3758196083414    1.11722126431894
47      0.0257445759560618    1.85177727900991     1.5520627115387
51         1.0699558698055    2.45551775693399   0.990488251464502
52       0.857023446532725    2.54363654387296   0.909322231753496
57       0.156646893598107    2.18451823234077    0.73539713314541
58        3.93831667165444    1.87766557211618   0.913942163559664
75        2.76313242777851    3.29930751817441    3.95470818122911
82        2.07805161281194    3.23987167415951    2.91153798883591
85        2.56298061720126    3.54363106564306     2.4549664688942
101       0.53097082090388    1.95898510918117     3.3351341398494
102      0.850004282818023    2.07441564804211    3.62799721505699
107      0.962869403136869    2.49859126977398    3.57772383803296
109       1.38905302856986      2.112096241867     2.3698359505114
113       1.51803529706567    1.77355124239702    3.42300594081056
116       1.27222161175672    1.96202641192778    3.67442110555794
118       1.16914181443186    3.67444393766972    3.47795614707757
119       1.44021367615691   0.368318728693642    3.23578574955211
123      0.722740617401376    3.56107207452032     3.5628987126644
127       1.29844627186964   0.140918458070583    3.61920228896136
139        2.1698654306322   0.166279418112949    2.70645421593045
144       2.29692588065502   0.567009095956266    2.46033051641383
153       2.92931116857613    1.89879803450453     1.6489574853993
156       3.24783203295056    2.03985109753735    1.78109074709479
158       3.11665155421608    2.08792500613003    1.21545511424857
163       3.59707299248926    1.74437234699959    1.97858207068713
165       2.82624860061441    1.59681033231005    1.70135201833223
166       3.05842583464337    1.32477073774827    1.91738063818919
168       3.54671238811313      1.511949718275    2.02326767693536
171       3.71912966110874    1.24152126948081    1.81644051172403
174       2.98264802753835    3.28865823792732    1.40487185152977
175       2.50974952685907     3.5465306121002    1.93250388274155
176       2.16753408136108    2.90475318894524    1.59501136433553
180       2.34854142075848    2.80645466385474    1.11429929320607
183       2.88382349323877    3.14179624762502    1.04236895783039
201       1.92021168984704    1.87919301770229   0.792817324918939
206      0.481937185286577   0.708628482079473    1.07731426055228
209      0.971599066526861   0.531043567176075   0.944426729767668
215       3.72385400849604    1.84426263438331    2.42798539428788
221       2.56943712663794    1.73446937206612    1.82457353838233
222       2.65036585009918    1.97388017213263    1.78138107189239
228       3.68622380036736    1.55974770766407    2.50910757460352
235       2.13227434330755    2.67786664583507    1.76649780348981
244       1.96742920099929    2.48154967756747   0.496083375257544
251        2.1386951178064   0.494971546839767    2.17197899576725
252       1.86900116338045    1.21773992001864    2.51144514660846
253       1.73386651882682   0.907322241718962    2.04392826365115
272       3.73693942568189   0.706218402805891    2.95915683222311
273     0.0339041046557426    1.15503936055753     3.2356640312565
278       3.98694299967727    1.36140829253475     3.5860786938643
281       2.87080981396024    2.40548079733726   0.938546681335715
287       3.75603595298909    2.62221032126666    3.25630708747768
291       3.63202610304149    2.63263320721771    3.15928018436286
293      0.320499419275112    1.24644702795784    3.25043207819197
305       3.49560196605168    2.85023192412001    1.69946959555437
311      0.961041406482078   0.972725675644698    3.88173241634471
324       1.31766573926527    1.34433663471697 0.00260805747816202
325       3.31947041287301    3.93221746575202    2.33193321009445
328        3.5460512817939    3.67911576608734    3.58338235755058
338       3.74434165382495    3.55626084302603     2.5214546616718
340      0.526434006442645    3.15107027995966  0.0240795426643419
341       3.97450637835419    3.05330618675178  0.0296624668740796
343      0.639791134008276    3.18471834020913    3.77150796488979
347       3.69838904425333    3.37107421691111   0.410116762017306
348       3.50080785774698    3.61585076458667   0.288879408598829
349       3.65564569335085  0.0231027293431254    0.47785683046481
351      0.462410802124642    3.63361248756858   0.479781044522508
367       3.11453157231929    2.95561070718282   0.951040777474069
369     0.0224843265700804    3.49931873721498    1.03096232720641
370       3.55938020211058    3.07752752042186   0.562226477961048
373       3.71339671555089    3.04590354700612   0.986072171898225
374       3.25257786105987    3.04497935688899    0.56057673233876
376       3.81404623331188   0.198724984138388    1.02048395198336
381       3.77948796174992    2.70295171643864   0.221851310393843
382    0.00657756411562316    2.33214358183326   0.345903294661329
387       2.42121658269586    1.63012220180132    3.77179951925052
391      0.874659921245674    2.92340752538138      3.922001914475
394      0.807914139069777    3.10782434724849    2.50593370258576
404       2.52303323400365    2.15123538014742    3.16515530272339
414       1.46467262093499    1.28110691811866    2.85334432998963
416      0.322861277149133   0.699617300279579   0.925046688965137
417      0.554274150430595    1.31070608749972    3.97804925020118
418      0.253937373287298    1.10364708475146   0.279348364241219
428      0.755299273169118    2.91591710942152   0.110324177327803
434      0.575859819621626    3.35652405251408    1.10778266872696
438      0.421461539502506    2.26412977860986   0.300632852747962
462      0.110100864953115    1.44478614449517    1.41551697960144
463      0.397079356782354     1.3040257189796    1.45770589903344
466       3.00314626758539    0.68721759062581    1.68272629339288
467       3.06935075512064   0.915021184362673    1.57117885009529
469      0.856613237343645    1.93438483877284    1.80786350397681
470      0.490652141318804    2.15923023259455    1.80547245389215
476       1.52879876206232    1.00697020129293    1.64138218729437
480       3.22257144434336    1.74998009176077   0.371329701541502
502       2.49338189279356    2.03842719778236    2.76408242326494
503       2.71958354665951    2.29399305489651    2.20819430175271
510       2.68479927535291    1.47496948774861    3.60977852434158
511       1.73245752100365    3.17222174703354    2.86698859210769
517       1.96732894038716    3.97135014163001    2.28628970178423
519       3.78822772077975    3.38438789848169    3.29484801426618
520       3.96912560176067    3.09376362990146     3.4492757284805
524       1.87228316094138   0.462854728800785    3.22328669068789
532       2.41716202496598    2.46364740943949    1.06175458539396
533        2.1571507749773     2.2457663104802   0.643462127609961
536       1.53114875255009    3.54069141389896    1.78633626485436
537       1.70070668210503    3.90331800612906    2.28071942202334
544       2.09164949417111    1.30073690872769    3.78478623035607
545       1.61980828545047    1.40429146134734    3.58482439107012
551       3.46240175367859    2.18716151412268    2.62655491116688
552       3.69930604764965     2.5117303788982    2.74038670527475
557        3.3514936054066   0.180510134087716    2.35767713117399
561        3.8712742682237   0.319521190006329  0.0893197671005698
562      0.651181451846375    2.67952455771871    1.18505340281093
563      0.758393631306654    2.63566721543564    1.41670936350659
564       2.12814240598279   0.870375126922657    1.39656267297643
565       1.75688746040095    1.06176735165194    1.70720509894998
566       3.32672622079628   0.899208937954044    1.10198482586922
567       3.37145832521236   0.343337958044144     1.0407242714038
568       3.06743452561533     1.7991456407416   0.435628776715248
570        2.5513985010742    1.79204062042274   0.249006038073573
571       2.36190002810262    3.97511769080837    2.81503574091136
572       2.26115099875249    3.72281734695993    2.64236148365658
576       3.85818380970558  0.0456995759993259    1.32059680547772
577       1.63609520015085    1.83026860071026    2.66571253814297
578       1.40127173743797    1.58615853912084    2.89014473954527
581        1.6215563266209   0.052596795950266 0.00450633343672807
585       3.20852509637757    2.05437646917675    3.07170700527997
587       2.69834614249546    1.99669554684735    3.06018996444654
591       2.35149840838841    2.17000700609676    2.86813271553386
592      0.873130710641386    1.59416551794982    2.69387687086138
594      0.319468133730327    2.14021871960406    2.58436039935332
595      0.569897412079935     1.6965374562519    2.87437466327601
599       1.99832576404276    3.92682347716499    2.47733516738872
601      0.402062117948592    3.13757442608732    3.37025897525748
603       1.74066794782984    3.87868247279484  0.0628132758576534
611       1.96518268287872    1.83053110988608    1.45338140214755
612       2.28687175355857    2.23921721288201    1.51129147849492
614       2.60042202620685    1.16324317021277    3.50964527359122
623       2.27459139357642   0.584479369507568   0.506970126014532
631       3.12411199245976   0.949709985286622    1.67892763395789
635       2.84854927388622  0.0271694396517368    2.81144909538871
637       3.44527132426193    2.97462526764533    1.22051938886378
638       3.39101262892703    3.12551422314773    1.43529865378805
639       3.24292381894609    1.77771078934595    3.17372709479237
640       2.82546532833702     1.6504931446654    3.20306983141528
642       2.96602846364367    3.76370025836031    2.63260238039532
646         2.158968050113    1.00114394645867    2.70209867698401
648       1.73421299966462  0.0698013573014649 0.00832826293528723
649       2.10261273255107   0.619832195468524   0.282587292892636
650       2.96947841640525  0.0594678921163644   0.633359402751456
651         2.716315932034   0.520584614946463   0.382815858615137
657        3.2724309925023    1.67317489888827   0.537555946895071
664       3.88215522327578 0.000598649131172525   0.652304796693287
665       3.99536145957573    3.64678679612148   0.683762082378621
666       3.12833314233046    2.35249660366196    2.17589943953573
668       1.56378192708806    1.08763013498048    3.20094687313063
673       1.78441128461863    2.08883796281635    2.87158434606508
675       2.35197228400522    1.59085630600086    2.48065510792802
676       1.96306013731007    1.51168850313271    2.41681212725394
682      0.265091928391886    1.43703943974847    3.58243816234524
683      0.346166439212909    1.81404951972375     3.6122469451231
685       3.14514248983736     2.5568984723764   0.164003869039294
687       3.63217563162422    3.54647140279776    1.59096847982006
688       3.94574947980628    3.72011205984974    1.35100364643929
690       1.09460895894337    3.77877924656835    0.79229154201712
692      0.951347947019771   0.322154161282872    2.53455412312844
694       3.00208293277339    3.39345138110841   0.405714015584478
695       3.10881782318008      3.595963511254   0.320047935218615
698       2.20786412990921    3.75590891560313    1.86537875943788
701       3.10022269898883    1.10519248888676   0.769295799810061
702       3.36425748384379    1.40691837627326   0.534985189416195
708       3.57514654204438    1.74745353698642    3.65244024456145
709       3.26373685100198    1.53710427576715  0.0492053604448105
711      0.739118413299822   0.786089001556084    3.23881168220063
712       1.00213766226069   0.778338211421242    3.01965248667986
719        2.6002627984525   0.551369264461159    3.86523733938712
721       2.84452371368789   0.795771043658901    3.70786506851498
723       1.64998717652511    2.41914111685268   0.467889842967403
724       3.47761136554239    1.43312165146662    2.83804108246355
725       3.82450111921333    1.18781363651183    2.91613883460938
726       2.89998583264738    1.25722330536581    0.85703509967512
727       3.15138636275094    1.70065264318713    0.60308561605034
728       2.35629203758836    3.97857725717752    3.47364259638914
736       1.66227911066877    3.86854600651811  0.0599532209447574
738        2.8938110545463    2.18066242714185   0.435971717238427
739       2.52173807198204    2.09071457389335   0.292107296163371
740       2.08317217141309    1.61128116368806    1.57641975797432
741       1.90236027792745    1.55593218452904    1.70845647442312
742       3.03831092399135   0.703755225027497    1.75255709427268
743       3.38715359735816   0.368255703933658    1.91090756556475
744       1.34597504555217    3.14548881760142    2.43052032069927
745       1.36675918109659    3.18540244088919    1.89627070531204
746       2.35400244817933    1.17310334419769   0.813770131461538
747       2.16783945833159    1.46753705670813   0.554492380806328
750       2.24530650301757    1.04105526218915    3.60534423438974
751       1.93286584574673   0.893968412389691    3.18534008282879
759       2.77635169351704    3.90202736682675   0.860816741633599
760        2.2782580085466  0.0841409836091342   0.831075741317227
761      0.509189532331243    2.24133318865204    2.38931449464354
762      0.919047027254823    1.98095084157033    2.31818708550172
763      0.586929403651301    2.67984338663419    3.09767074647082
764      0.761421127452593    2.72624425086682    2.68961175784541
768       2.14249911769956     0.1668927771485    1.13018887036339
769       2.42252433734901   0.140167380820637    1.50725090724525
770       3.19338889493126    2.67329346953645    2.14567828762787
771        3.5642611498394     2.8384652298254    2.48930663298907
773         1.689641413131     3.1547582585297    3.48387976018658
776      0.243362011057903   0.280469437078566   0.364653896282606
777      0.969826525713855   0.738404367256864    3.48315492904658
778       1.19631878337797   0.745177616374982    3.23200054937206
779      0.468118797077843     2.4769615657972    2.49457163059131
781      0.768525794519048    3.47992117226361   0.747056083250028
782      0.985239342148902    2.99784477505876   0.502518470585564
783         2.083864253795   0.293958588748941     3.6119587117774
784       2.30090625619649   0.627864297046217    3.84436387327433
786       3.18234722422196   0.485191352221776    3.29205886349428
790       0.41091310979956   0.532927984076005   0.467772916114902
796      0.707316580512793    3.45451323428106    2.73731848275563
797      0.582659006612248  0.0772142492328821    3.75857728234142
798      0.972352087597128   0.381219417858816    3.75150236447087
801       1.44812916839371    2.64669653995778    2.71399618027289
802         1.563389855713    2.82144566828627    2.61664307499116
806       1.55614399782994    2.51047737249785    2.62176882907607
807       1.67240701777424     2.6865140115881    2.52273221307237
809       1.25585810065966   0.358298066641573    2.06048797554141
810       1.44765636373708   0.826138213244054    1.99561975450083
812       2.77361537026754    3.44782140162365   0.710114854930258
816       1.26777329935625   0.849324925227393   0.971682543130422
817      0.129330645831033    3.64060163136452    3.14002460278235
818      0.469210084738673    3.41550599752338    3.23044723465069
823      0.478922661947734   0.162754399900567    0.28631759709179
825       3.42476594242046    2.44732084091168    3.33446663469259
832       3.92217566659799    3.33155771128078    2.16145711982489
834        1.9820792202651   0.684365549179188    1.12163076616803
835       1.48545273157867   0.719729020574364    1.22168926806114
836       1.10843702974725    1.49077790763266    1.42190348826314
837        0.8253440955981    1.51562086253718    1.66316296638456
839       2.38304227473269    3.26441572459646     3.9462267173684
840       2.28998931771178    2.97919432233504    3.76869890320382
841        2.9620319843175  0.0490458789186821    3.27920846926427
842       2.66411897692362  0.0336130270975372    3.56910881727795
849       3.86483430461785    3.00132979643805    2.15572685519191
850      0.361283878438285    2.79339145375033    2.15506796125004
851       1.41304015869842     3.4236311210076    3.70440699913024
852        1.1567885036827    2.97648824721132    3.96770667707998
855      0.978023256091825   0.444497973793735    2.26768292227763
856       3.96899469238011    1.31817289172558     2.6510147652185
857      0.477496841197732    1.47345100452625     2.8608880657442
868     0.0699477116037307    1.42191680955589   0.903622851294908
869     0.0873094801226207     1.3311727456407    1.01895161636229
873       2.14162336707721   0.840158666959337    0.67182692216917
875      0.209966343027828     1.3648144858999   0.838330153913849
876      0.221584163396589    1.26639390115497   0.967806715388668
880       1.81337231061515    3.06657698833964    1.52058227316331
885       2.15369314222806    3.50574461449144    3.72738626704836
886       2.04626867903498    3.22637948679345    3.52285087265915
888       1.06677725781929    2.49172759152625    1.35846839781566
889       1.75617800506542    3.50148757643659    1.61630683271436
890       1.68089333123376    3.75549814548662    1.18407686511122
891       2.92082354889299    3.58422740457106    3.84669755119052
892       3.21742379805042    3.63960889105485    3.46299753802521
893      0.275922998507912     2.3577824599909    2.68419355661207
894      0.320447643850507    2.42191096647034    3.03448900056732
896       2.53734426075208    3.16804254174524    1.81560401124404
898       1.16135496332667   0.483437209523023   0.273867085773496
899       0.94430690144769   0.344344738672852   0.548363778322843
900      0.650982526681759    1.77379743105777   0.583806353313578
903       1.72453127500876    2.65799868668271    1.88103823364428
904        1.5713011389027    2.89481676183899    1.70091191802687
905      0.971950697216686    0.54008212050026  0.0974769347908427
906      0.676242546802399   0.387153762267484   0.372526420482804
917       2.35642544396686    2.98356902037168    2.78203289655579
922        1.4019764592455    3.57273996163551   0.617559153352086
924       1.51126988729551   0.930470898816475   0.488987963322493
925       1.94930576673767   0.903107720202857   0.447215447134354
926       2.61776025695789    3.15747366830897    2.55220093286565
927       2.63173673077564    2.90372842544343    2.18939072448201
930       2.01060243344077    3.67759066422644   0.613316040883512
934      0.612837633376543     1.9162572326353    3.89502501067455
935        2.4654721448733    2.69592460025414    2.20213213026834
936       2.24304554278933    2.69580696421548    2.59046610011857
940       2.29427179515251    3.34562300056475   0.550745331005854
941       2.07704083617923    2.93427642474051     0.8297014322926
942       1.53018120225132    1.26020033365523   0.341401395906567
943       1.92832405127806     1.2061807005137   0.324048503529257
949       1.17425984404705     1.6336090532212  0.0842628738497832
950      0.739682155842884    1.66016743257597   0.102188281209917
951       1.32490632579718    3.99937910547699    2.74094532189599
953       1.68781499075951    3.84839452023503    2.46146900143623
967       1.73246103418912    1.80845851330213    1.57944552812054
968       1.49570210652898    2.13249465481371    1.80978366135557
970       2.89001880432319    3.97488835853599    1.37619254530053
973       2.62555046614816    2.72257657495388    3.63150879412097
974       2.68762101849826    2.69185057713796    3.42854891417335
975       1.29146652320536    1.82822463621328    1.38981580684896
976       1.18193092362363    2.06865696429718    1.58603441422883
977       2.78684221752062    2.77797851690658    3.67667964593737
978       2.86224834230992    2.74945722970416    3.47316031881743
979       1.78846294405896    3.05062018889352   0.959356905162747
980       1.71097832504971    3.53436906614262   0.834860429053117
983       2.27455016000859    2.02380802182776    3.56697846243681
984       1.40052708539866    2.72406955400109   0.712093293814108
985       1.14814376583377    3.01141559153819   0.466344046902591
986       1.21962875423774    3.66430662654775     2.8452908469694
987       1.49477260635338    3.43636496624277    2.64336584164562
989       1.69168901244587    2.00182540707773    3.39451953686512
990       2.96483975562898    3.74295367988366     1.5458125019197
991       3.29790579009581    3.87064690521325    1.67974928989728
992        1.2361972506478    1.93596770954758   0.918779278420807
994       1.50816975644264    1.93622891557333   0.683993982155049
995       1.08859419592225    1.71909168633468   0.788336567589986
996       1.32817354211346    1.66164620038782   0.506627786287164
997       3.17605438922017   0.205225503415837    1.42976594607602
998       3.35634023931005  0.0962230818578281    1.59006875823335
999       2.07658547797895    2.54383756921419    3.98167192721108
1000       2.3462686624798    2.34619151247177    3.86849963822362
1007      1.04396400676592  0.0931657255449481    1.54520087749208
1008      1.11387298190264    3.85985876075298    1.46687894350961
1023     0.617929012863161   0.109635292839351    1.70529034398181
1024     0.348002645222384   0.351807612349371    1.55861222483089
1050      1.16159591751063   0.233584481671245    1.26419899779694
1051      1.22492456267783    3.93383153685144    1.22158257561323
1052      3.21856287322993    3.29133333628113    2.87490892262372
1053      3.42956899977961    3.22404387669979    2.83842549262147
1057      3.26709753742939    3.24780064245556    3.07070457477284
1058      3.45007974523557    3.19137268323704    3.02553874642908
1064      3.57880873881851    2.41012690676639    3.50007396219542
1066      3.53470576212244     2.4433802998864  0.0156865693999006
1074      1.46733949327338    2.26265924767617    3.64421011148139
1076      1.61509248368854    2.47314941928003    3.88112723140528
1077      3.71202474596562    2.04097097411292     3.7128055714713
1078      3.62791813200314    2.20359920498651  0.0687129793837035
1080         3.85969728886   0.409665077661108    2.56840278107146
1087      3.22954661369159   0.908879091759859  0.0886113096068146
1088      3.38066655544809    1.28723199144315   0.171005789426833
1090      1.34357522641512    2.50527096222882    3.55969764256882
1091      1.44645784760231    2.67741036965243    3.72964147464425
1093     0.627057582036226   0.315773257996001    2.12746704410736
1094      2.70839142491574   0.668702408651277    2.42509059145215
1097      3.81795415983895    1.10827154445461    3.98185445082219
1098      3.65995637299928   0.739526229856468    3.91527204131025
1099       3.2087839551332   0.608559155881009    3.00302908729618
1100      3.01813371196275   0.340093560691466    2.66389394990865
1102     0.157829941939027   0.183765830938495    2.71874910632124
1103      0.56755455802294   0.148181991253117    2.45126227382241
1106     0.867449835478431    3.15258131601406    1.75988000146443
1107     0.129466366181607    3.75686399363645    2.73149146661625
1108     0.440034204140607    3.67178157693046    2.53373760605921
1109     0.364362851387498    3.42537808944488    2.17145749400576
1110     0.586799428784495    3.11886595720921    2.17347703143485
1111     0.489286829390056    3.71106014177226    1.66247544949482
1112     0.734855360476168     3.5407993092617    1.50523255437093
1113      2.54233193993898    1.22074615172077    2.70437105141934
1115      2.73221342522803    1.26925786557203    3.00198975120212
1116      2.75242233037064    1.09791441926432    2.59357084616154
1117      2.93505821138584    1.13082306106611    2.84964926343296
1119      3.41382430918133    2.20335256218713    1.42928509323108
1120      3.56293743114976    2.65924034746603    1.44057344805767
1121      3.83022928926442   0.194418306901685    3.59196757231897
1124      3.89964039985019    2.06803021657956    1.30470274738089
1125    0.0513196645844844    2.40181154718731    1.31940425314108
1126     0.134125561042243   0.130153166124938    3.39841526441891
1127     0.169187193536013   0.393903904359872    3.14243212230522
1128      3.88031578042977   0.661658313475411    3.17853085892506
1129      3.67105273331725   0.507000730747808    3.47606080276882
1131     0.289212384912442   0.612260884420675    1.95373239990919
1132   0.00586384456311887   0.655451030067334    2.09407785069761
1133     0.310620500655984   0.919242570242127    1.95655508409064
1134     0.055152681193193    0.94403394050294    2.08059978795775
1140      1.06945874656868   0.902083113128982    2.28033844253776
1141     0.797524113289997    1.15322275910815    2.17080890133134
1143     0.819375857015641    1.38900468868633    2.65559667594607
1144      1.09186812312616    1.10656008599596    2.71837372404767
edges 762         
1                27            8
29                3            6
64               58           57
65               57           34
70               57           32
71               32           52
80               40           42
91               52           51
149             116          102
150             102          107
155             113          116
163             101          102
185             119          127
190             118          127
196             123          118
209             144          139
233              47          163
234             163          156
239             171          168
240             168          163
247               3          165
248             165          166
253             158          153
254             153          165
265             168          166
266             153          156
276             174          183
277             183          180
278             180          176
331             206           40
336             209          206
356             215          228
359             153          222
360             222          221
361             221          165
367             163          215
368             168          228
421               7          251
422             251          144
423             251          253
424             253          252
457             273          278
473             158          281
487             293          273
506             291          287
543             311          324
584             325          338
586             341          340
587             340          343
590             341          347
594             351          340
595             328          348
596             348          347
602             348          349
603             123          343
637             235          176
644             281          367
645             367          183
651               8          349
662             347          370
663             370          373
664             373          369
667             374          370
672             374          367
685              57          382
693             382          381
695             373           34
698             381          370
715             107          391
720             343          391
774             341          381
777             252          414
789             417          311
790             417          418
797             416          206
813             175           85
831             391          428
833             428          340
869             438          382
871             438           32
872             376          416
874             369          434
876             438          428
948             462          463
949              47          462
950             171          462
954              40          463
962             466          467
968               7          466
969               3          467
971             469          470
975              36          470
978              47          470
1070            502          503
1074            222          503
1093            387          510
1100             82          511
1117            251          517
1122            519          520
1124            328          519
1125            341          520
1128            287          520
1141            119          524
1144            139          524
1163            532          533
1164            281          532
1165            180          532
1168            244          533
1169            201          533
1177            536          537
1181            517          537
1202            544          545
1206            324          545
1208            387          544
1209            113          545
1222            551          552
1224            215          551
1228            291          552
1243            325          557
1258            349          561
1259            562          563
1260             52          562
1261             34          562
1262            434          562
1264             36          563
1266            564          565
1267              6          564
1268              7          564
1271            253          565
1272            476          565
1273            566          567
1275            467          566
1277            376          567
1279              8          567
1281            568          570
1283            480          568
1285            387          570
1289            571          572
1291            139          571
1293             82          572
1295             85          572
1307            376          576
1310            577          578
1312            109          577
1314            113          578
1316            414          578
1327            127          581
1339            585          587
1341            551          585
1343            502          587
1346            404          587
1358            404          591
1359            502          591
1364            578          592
1368            594          595
1371            215          594
1372            592          595
1373            101          595
1386            572          599
1387            517          599
1388            139          599
1394            520          601
1395            343          601
1426            611          612
1429            201          611
1430            235          612
1431            222          612
1432            532          612
1437            510          614
1494            171          631
1495            467          631
1496            166          631
1508            571          635
1514            637          638
1515            373          637
1516            367          637
1519            174          638
1520            305          638
1521            639          640
1523            585          639
1525            510          640
1526            587          640
1532            325          642
1533            635          642
1534             85          642
1546            252          646
1548            144          646
1551            648          649
1553            603          648
1554            623          649
1556            581          648
1558            650          651
1559              8          650
1562             27          651
1563            623          651
1583            480          657
1584             58          657
1604            664          665
1605            349          664
1606            376          664
1608            347          665
1609            369          665
1610            351          665
1612            503          666
1613            551          666
1614            156          666
1619            414          668
1620            545          668
1635            591          673
1637            577          673
1641            675          676
1642            221          675
1644            502          675
1646            252          676
1647            577          676
1664            682          683
1665            278          682
1666            417          682
1667            293          682
1670            101          683
1675            374          685
1680            687          688
1681            638          687
1684            369          688
1685            576          688
1703            694          695
1705            374          694
1706             75          694
1707            650          695
1708            348          695
1720            175          698
1723            517          698
1726            701          702
1728             27          701
1729            566          701
1730            657          702
1749            708          709
1750            278          708
1751            639          708
1754            510          709
1755            480          709
1758            711          712
1761            692          712
1763            293          711
1787            719          721
1791            614          721
1792            651          719
1801            244          723
1802            724          725
1803            639          724
1805            228          724
1806            273          725
1807            272          725
1809            726          727
1810              3          726
1811            701          726
1813            158          727
1814            657          727
1815            568          727
1818            571          728
1843            603          736
1846            581          736
1848            738          739
1849            281          738
1850            568          738
1851            685          738
1852            533          739
1853            570          739
1855            740          741
1856            611          740
1857            221          740
1858              6          740
1860            676          741
1861            565          741
1862            742          743
1864            631          742
1865            466          742
1866            557          743
1869            744          745
1871            394          744
1875            536          745
1876            746          747
1878            726          746
1879              6          746
1881            570          747
1882            201          747
1890            750          751
1892            544          750
1893            614          750
1894            524          751
1895            668          751
1896            646          751
1920            759          760
1921            650          759
1924            623          760
1927            761          762
1928            594          761
1929            470          761
1931            592          762
1932            469          762
1933            109          762
1934            763          764
1937            107          763
1940            601          763
1941            394          764
1950            768          769
1953            760          768
1954              7          769
1955            698          769
1957            770          771
1958            666          770
1960            305          770
1961            552          771
1968            511          773
1976            561          776
1979            664          776
1980            777          778
1981            311          777
1982            711          777
1984            668          778
1985            712          778
1986            119          778
1989            764          779
1990            761          779
1994            781          782
1995            351          781
1996            690          781
1997            434          781
1998            428          782
2000             52          782
2001            783          784
2002            524          783
2003            648          783
2004            728          783
2005            750          784
2006            649          784
2007            719          784
2013            721          786
2026            416          790
2027            776          790
2028            418          790
2043            394          796
2047            797          798
2051            777          798
2053            123          797
2054            127          798
2058            801          802
2060            764          801
2061            744          802
2064            511          802
2074            806          807
2075            673          806
2076            801          806
2077            109          806
2079            802          807
2085            537          809
2089            253          810
2090            809          810
2091            476          810
2096            694          812
2097            759          812
2098            183          812
2107             42          816
2110            209          816
2111            817          818
2114            519          817
2115            123          818
2116            796          818
2117            601          818
2131            351          823
2132            797          823
2133            776          823
2138            585          825
2140            291          825
2161            338          832
2164            687          832
2166            834          835
2167            768          834
2169            564          834
2171            816          835
2172            476          835
2173            836          837
2175            476          836
2176             42          836
2177            469          837
2179            463          837
2182            839          840
2184             75          839
2189            841          842
2192            635          841
2193            728          842
2195            786          841
2196            719          842
2214            849          850
2215            305          849
2216            832          849
2217            771          849
2218             36          850
2220            779          850
2221            851          852
2222            118          851
2223            736          851
2224            773          851
2225            391          852
2233            692          855
2236            809          855
2237            856          857
2238            228          856
2240            725          856
2241            595          857
2243            293          857
2276            868          869
2277            702          868
2279             58          868
2280            566          869
2282            462          869
2293            623          873
2294            834          873
2295            746          873
2299            875          876
2301            418          875
2302            868          875
2303             40          876
2304            416          876
2305            869          876
2320            176          880
2331            885          886
2332            603          885
2333            839          885
2334            728          885
2335            773          886
2336            840          886
2337             82          886
2342             51          888
2344            563          888
2345            889          890
2346            698          889
2347            880          889
2348            536          889
2349            768          890
2352            891          892
2353            695          891
2354            842          891
2355             75          891
2356            328          892
2357            841          892
2359            893          894
2360            594          893
2361            779          893
2362            552          893
2363            101          894
2364            763          894
2365            287          894
2370            174          896
2371            175          896
2372            176          896
2375            898          899
2377            581          898
2378            690          899
2381            209          899
2385             32          900
2388            875          900
2391            903          904
2392            235          903
2394            807          903
2395            880          904
2396            888          904
2397            745          904
2398            905          906
2399            311          905
2400            898          905
2401            798          905
2402            790          906
2403            899          906
2404            823          906
2440             82          917
2451            736          922
2454            690          922
2457            924          925
2459            898          924
2460            649          925
2462            816          924
2463            873          925
2464            926          927
2466            917          926
2467             85          926
2468            770          927
2470            896          927
2481            603          930
2484            760          930
2491            683          934
2492            102          934
2493            438          934
2494            935          936
2495            503          935
2496            927          935
2497            235          935
2498            591          936
2499            917          936
2500            807          936
2510            940          941
2511            812          940
2512            930          940
2513            839          940
2514            180          941
2516            244          941
2517            942          943
2519            924          942
2520            324          942
2521            747          943
2522            925          943
2523            544          943
2540            949          950
2542            116          949
2543            324          949
2544            900          950
2545            934          950
2546            417          950
2548            951          953
2550            119          951
2552            599          953
2553            692          951
2555            537          953
2597            967          968
2599            611          967
2600            903          968
2602            741          967
2603            109          968
2608            759          970
2611            769          970
2615            973          974
2617            840          973
2618            917          974
2621            404          974
2622            975          976
2623            836          975
2624            967          975
2626            469          976
2627            968          976
2628            888          976
2629            977          978
2630            685          977
2631            973          977
2632             75          977
2633            825          978
2634            974          978
2636            979          980
2637            880          979
2638            941          979
2640            890          980
2641            930          980
2642            922          980
2648            387          983
2651            404          983
2652            984          985
2653             51          984
2654            979          984
2655            723          984
2656            782          985
2657            922          985
2658            852          985
2659            986          987
2660            796          986
2661            951          986
2662            118          986
2663            744          987
2664            953          987
2665            511          987
2670            673          989
2671            983          989
2672            113          989
2673            990          991
2674            175          990
2675            970          990
2676            174          990
2677            325          991
2679            687          991
2681            992          994
2683            975          992
2685            201          994
2686             51          992
2688            723          994
2689            995          996
2690            900          995
2691            992          995
2692             42          995
2693            949          996
2694            994          996
2695            942          996
2696            997          998
2697            466          997
2698            970          997
2699            567          997
2700            743          998
2701            991          998
2702            576          998
2703            999         1000
2704            840          999
2706            244          999
2707            973         1000
2708            983         1000
2709            739         1000
2728           1007         1008
2730            809         1007
2731            536         1008
2778           1023         1024
2781            576         1024
2783           1007         1023
2784            206         1024
2865           1050         1051
2866            209         1050
2867           1007         1050
2868            835         1050
2869            690         1051
2870           1008         1051
2871            890         1051
2872           1052         1053
2873            642         1052
2874            926         1052
2876            338         1053
2877            771         1053
2888           1057         1058
2889            892         1057
2890            978         1057
2891           1052         1057
2892            519         1058
2893            291         1058
2894           1053         1058
2912           1064         1066
2914            825         1064
2916            685         1066
2917            287         1064
2919            381         1066
2944           1074         1076
2946            989         1074
2948            999         1076
2949            116         1074
2951            723         1076
2952           1077         1078
2953            683         1077
2954           1064         1077
2955            708         1077
2956            382         1078
2957           1066         1078
2958            480         1078
2963            557         1080
2966            272         1080
2984           1087         1088
2987             27         1087
2988            702         1088
2990            721         1087
2991            709         1088
2993           1090         1091
2994            801         1090
2995           1074         1090
2996            107         1090
2997            773         1091
2998           1076         1091
2999            852         1091
3004            855         1093
3006           1023         1093
3010            742         1094
3013            144         1094
3016           1097         1098
3017            278         1097
3018           1088         1097
3019            418         1097
3021           1087         1098
3022            561         1098
3023           1099         1100
3024            786         1099
3026            272         1099
3027            635         1100
3028           1094         1100
3029            557         1100
3032           1102         1103
3035            692         1103
3037           1080         1102
3038           1093         1103
3044            745         1106
3047            563         1106
3048           1107         1108
3049            338         1107
3050           1102         1107
3051            817         1107
3053           1103         1108
3054            796         1108
3055           1109         1110
3056            832         1109
3058           1108         1109
3059            850         1110
3060           1106         1110
3061            394         1110
3062           1111         1112
3063            688         1111
3064           1109         1111
3065           1023         1111
3066            434         1112
3067           1106         1112
3068           1008         1112
3070           1113         1115
3072            646         1113
3074            614         1115
3075            675         1113
3077            640         1115
3078           1116         1117
3079            166         1116
3080           1113         1116
3081           1094         1116
3082            724         1117
3083           1115         1117
3084           1099         1117
3087           1119         1120
3089            158         1119
3090            637         1120
3092            156         1119
3093            305         1120
3097            328         1121
3100            561         1121
3103           1124         1125
3104             47         1124
3105           1119         1124
3106             58         1124
3107             36         1125
3108           1120         1125
3109             34         1125
3110           1126         1127
3111            797         1126
3112           1121         1126
3113            817         1126
3114            711         1127
3116           1102         1127
3117           1128         1129
3118            273         1128
3119           1127         1128
3120            272         1128
3121           1098         1129
3122           1121         1129
3123            786         1129
3126           1131         1132
3128           1024         1131
3129            743         1132
3131           1093         1131
3132           1080         1132
3133           1133         1134
3135           1131         1133
3136            463         1133
3137            856         1134
3138           1132         1134
3139            171         1134
3156           1140         1141
3159            810         1140
3160            837         1141
3162            855         1140
3163           1133         1141
3165           1143         1144
3166            857         1143
3167           1141         1143
3168            592         1143
3169            712         1144
3170           1140         1144
3171            414         1144
polygons 445         
0                 1         1273         1279         1728         1729
1              1562         1563         1728         1811         1878         2293         2295
2               969         1275         1729         1810         1811
4              1267         1879         2169         2294         2295
5                29         1810         1878         1879
6                29          962          968          969         1267         1268
8              1924         1953         2167         2293         2294
10             1279         1559         1921         2608         2698         2699
11             1268         1950         1954         2167         2169
12              968         1954         2611         2697         2698
13                1         1558         1559         1562
14              962         1273         1275         2697         2699
15             1920         1950         1953         2608         2611
18             2342         2622         2628         2683         2686
19             2176         2623         2683         2691         2692
21               64           65         3103         3106         3109
22             1259         1261         1264         3107         3109
23               65           70           71         1260         1261
25               80         2299         2303         2388         2690         2692
26               70           64         2279         2302         2385         2388
27              971          975         1264         2344         2626         2628
28              975          978         3103         3104         3107
29               91         1259         1260         2342         2344
30              949         2276         2279         2282         3104         3106
31               80          954         2173         2176         2179
32              948          949          971          978         2177         2179
33              948          954         2282         2303         2305
35             2173         2177         2622         2623         2626
36               91           71         2385         2686         2690         2691
38             2184         2193         2333         2334         2354         2355
39             2352         2355         2629         2632         2889         2890
40             1289         1295         1508         1533         1534
41             1293         1295         2440         2466         2467
42             1508         1818         2189         2192         2193
44             2336         2337         2440         2615         2617         2618
45             2466         2618         2634         2874         2890         2891
46             2182         2184         2617         2631         2632
48             1289         1293         1818         2331         2334         2337
49             1534         2467         2873         2874
50             1533         2192         2357         2873         2889         2891
51             1927         1933         1989         1990         2060         2076         2077
52             1934         1937         2060         2994         2996
54              149          150         2949         2995         2996
55              155         2672         2946         2949
57              163          149          155         1314         1364         1372         1373
58             1310         1312         1364         1931         1933
59             1312         1637         2075         2077
60             1310         1314         1637         2670         2672
62             1368         1372         1927         1928         1931
63             1928         1990         2360         2361
65              150          163         1937         2363         2364
66             1368         1373         2359         2360         2363
67             1761         1985         1986         2550         2553
68              185         1980         1986         2051         2054
69              190          185         2550         2661         2662
71              196         2115         2116         2660         2662
72              190          196         2047         2053         2054
73             2053         2111         2115         3111         3113
75             1982         2047         2051         3110         3111         3114
76             2553         2660         2661         3035         3053         3054
78             1758         1761         3032         3035         3114         3116
79              209         1291         1508         3013         3027         3028
80             1791         2013         3024         3074         3083         3084
81             2192         2195         3023         3024         3027
82              209         1144         1548         1894         1896
83             1144         1291         1818         2002         2004
84             1787         1791         1893         2005         2007
86             1548         3013         3072         3080         3081
89             2001         2004         2007         2193         2196
91              233          234         3092         3104         3105
92              239          240          233          949          950
93             1584         1730         2277         2279
94             1726         1730         1809         1811         1814
96              247          248          969         1495         1496
97              253          254          247         1809         1810         1813
98              950         1275         1494         1495         2280         2282
99             1726         1729         2276         2277         2280
101            1584         1813         1814         3089         3105         3106
103             234          240          265          248          254          266
104             266          253         3089         3092
107             265          239         1494         1496
109            1720         2320         2346         2347         2371         2372
110             276          277          278         2370         2372
111            2370         2371         2674         2676
113             276         2097         2098         2608         2675         2676
114            1720         1955         2611         2674         2675
115            1953         2349         2484         2640         2641
116             278         2320         2514         2637         2638
118             277         2098         2510         2511         2514
120            2107         2171         2172         2175         2176
121            2107         2462         2519         2689         2692         2695
122            1266         1267         1855         1858         1861
123            1429         1856         1858         1876         1879         1882
124            1855         1856         2599         2602
125            1429         2599         2624         2681         2683         2685
127            1272         1861         2175         2602         2623         2624
128            1266         1272         2166         2169         2172
131            1882         2517         2521         2685         2694         2695
132            1876         2295         2463         2521         2522
136             331          954         2784         3128         3135         3136
137             336         2778         2783         2784         2866         2867
138              80          331          336         2107         2110
139            2236         2730         2783         3004         3006
141            2110         2171         2866         2868
142            2179         3136         3160         3163
143            2090         2091         2172         2730         2867         2868
145            1521         1803         3077         3082         3083
146             356         1224         1341         1523         1803         1805
147             254          359          360          361
148             361          248         1642         3075         3079         3080
149             234          367         1224         1613         1614
150             367          240          368          356
151            1343         1526         1644         3070         3075         3077
152             266          359         1074         1612         1614
153            1070         1339         1341         1343         1612         1613
154             368          265         1805         3078         3079         3082
156             360         1070         1074         1642         1644
159            1426         1430         2392         2597         2599         2600
160             360         1426         1431         1856         1857
161            1641         1642         1855         1857         1860
162            1074         1430         1431         2495         2497
163            1359         1635         1637         1641         1644         1647
165            2074         2077         2394         2600         2603
166            1312         1647         1860         2597         2602         2603
167            2392         2394         2494         2497         2500
168            1635         2074         2075         2498         2500
169            2182         2510         2513         2516         2704         2706
170            2332         2333         2481         2512         2513
171            1801         2516         2638         2654         2655
172            1843         2223         2224         2331         2332         2335
175            1801         2706         2948         2951
176            2652         2655         2658         2951         2998         2999
177            2335         2336         2704         2948         2997         2998
178            1496         1864         3010         3079         3081
180              29          247          361         1857         1858
181             421          422          968         1865         3010         3013
182             423          424          422         1546         1548
183             421          423         1266         1268         1271
185            1546         1641         1646         3072         3075
186             424         1271         1646         1860         1861
189            1554         1563         1792         2006         2007
190            1703         1707         1921         2096         2097
191            1558         1707         1792         2196         2353         2354
193            1706         2096         2184         2511         2513
194            1703         1706         2353         2355
196            1551         1553         1554         1924         2481         2484
198            1553         2003         2004         2332         2334
199            1806         1807         3118         3120
200             457         1750         1751         1802         1803         1806
201            2013         2990         3021         3121         3123
202            3024         3026         3117         3120         3123
203            1749         1750         2991         3017         3018
204            1437         1754         1791         2984         2990         2991
206             457         3016         3017         3117         3118         3121
207            1802         1807         3026         3082         3084
209             473         1813         1815         1849         1850
210             253          359          473         1164         1431         1432
211            1169         1852         1853         1881         1882
212            1163         1164         1848         1849         1852
213            1163         1169         1426         1429         1432
214            1664         1665         1750         2953         2955
215             487          457         1665         1667
218            1373         1664         1667         1670         2241         2243
219            1670         2363         2365         2917         2953         2954
221             506         2140         2914         2917
222            1222         1228         1341         2138         2140
223            1523         1751         2138         2914         2954         2955
224            1222         1224         1371         2360         2362
225             506         1228         2359         2362         2365
226             487         1806         2237         2240         2243
228            1802         1805         2238         2240
229             356         1368         1371         2237         2238         2241
231             233          367          978         1371         1928         1929
232            1614         1958         1960         3087         3092         3093
233            2214         2215         2218         3093         3107         3108
235             975         1929         1990         2218         2220
236            1961         2214         2217         2220         2361         2362
237            1957         1960         2215         2217
239            1327         2054         2377         2400         2401
240            1981         2051         2399         2401
241             543         2399         2400         2459         2519         2520
243            1551         1556         2377         2457         2459         2460
246             185         1141         1327         1556         2002         2003
247            1141         1894         1895         1984         1986
248             543         1206         1620         1980         1981         1984
249            1892         2005         2006         2460         2522         2523
250            1202         1206         2517         2520         2523
251            1124         2114         3097         3112         3113
252            2966         3037         3116         3119         3120
254            1243         1532         1533         3027         3029
255            2963         2966         3023         3026         3029
256            2195         2356         2357         3097         3122         3123
257            1124         2356         2888         2889         2892
259            2114         2876         2892         2894         3049         3051
260             584         1243         2963         3037         3049         3050
263             584         1532         2872         2873         2876
264             586          587         1125         1394         1395
265             590          594          586         1608         1610
266             595          596          590         1122         1124         1125
267            1258         1605         1976         1979
268             596          602         1604         1605         1608
269             603          587          594         2053         2131         2132
270             603         1395         2115         2117
271            1976         2132         2133         3100         3111         3112
272            1604         1610         1979         2131         2133
274             602          595         1258         3097         3100
276             584         2161         2164         2677         2679
277            1243         1866         2677         2700         2701
278            2161         3048         3049         3056         3058
279            3006         3038         3053         3058         3064         3065
280            1866         2963         3129         3132
282            2700         2702         2781         3126         3128         3129
283            1680         2164         3056         3063         3064
285            1685         2778         2781         3063         3065
289             637         2372         2470         2496         2497
291            1612         1958         2468         2495         2496
293             278          637         1165         1430         1432
294             644          645          277         1164         1165
295            1519         1520         1960         2370         2468         2470
296             276          645         1514         1516         1519
297             644          473         1516         3087         3089         3090
298            1514         1520         3090         3093
299             651         1277         1279         1605         1606
302            1277         1307         2696         2699         2702
303            1307         1604         1606         1609         1684         1685
304             662          663          664         1608         1609
305             596          667          662         1703         1705         1708
307            1519         1681         2673         2676         2679
308             663          667          672         1515         1516
309             602          651         1559         1707         1708
310             664         1514         1515         1680         1681         1684
311             645          672         1705         2096         2098
312             644          672         1675         1849         1851
313            1848         1851         2630         2631         2707         2709
315            1675         1705         1706         2630         2632
317            2617         2703         2704         2707
318            1163         1165         1168         2514         2516
319            1168         1852         2703         2706         2709
321              64          685         1583         1584         2956         2958
322            1283         1583         1814         1815
324            1283         1850         1851         2916         2957         2958
325             693         2919         2956         2957
326             695         1515         3090         3108         3109
328             698          667         1675         2916         2919
330             698          693          685           65          695          663
332            1285         1853         2648         2708         2709
333            1202         1208         1209         2648         2671         2672
334            2542         2688         2693         2694         2944         2949         2951
335            1168         1169         1801         2685         2688
337             155         1206         1209         2542         2543
338            2520         2543         2693         2695
339            1208         1285         1881         2521         2523
342             715         2225         2993         2996         2999
343             720          715         1395         1937         1940
344             603          196          720         2221         2222         2225
345            2061         2064         2663         2665
346            1968         2222         2224         2659         2662         2665
348            1871         2043         2659         2660         2663
349            1871         1941         2058         2060         2061
350            1934         1940         1941         2043         2116         2117
356            1807         2240         2966         3132         3137         3138
357            1862         1866         3010         3028         3029
360             368          239         2238         3137         3139
361            1494         1862         1864         3129         3138         3139
362            2615         2621         2651         2707         2708
363            1339         1346         2138         2621         2633         2634
364            1093         1281         1283         1285         1754         1755
365            1093         1346         1525         1526         2648         2651
366            2653         2655         2681         2686         2688
367             637         2320         2391         2392         2395
371            2342         2395         2396         2637         2653         2654
373            1100         1968         2335         2337
376            1141         1144         1388         2548         2550         2552
377             190         1327         1846         2222         2223
378            1553         1556         1843         1846
379            1100         1293         1386         2552         2664         2665
380            1289         1291         1386         1388
381             595         1708         2352         2353         2356
382             590          774          698          662
383             506         1122         1128         2892         2893
384             774         1125         1128         2912         2917         2919
385            2140         2633         2888         2890         2893
386             777         1310         1316         1646         1647
387            1931         1932         2177         3160         3167         3168
388            1932         1933         2603         2626         2627
389            1316         1364         3165         3168         3171
390            1271         1272         2089         2091
391             777          424         2089         3159         3170         3171
392             777         1546         1619         1895         1896
393            1358         1635         2651         2670         2671
394            1343         1346         1358         1359
395            1209         1314         1316         1619         1620
396            1093         1208         1437         1892         1893
398             543          789         2540         2543         2546
399             789          790         2028         2398         2399         2402
400             790         2301         2388         2544         2546
401            2110         2375         2381         2459         2462
402             797          336         2026         2381         2402         2403
404             797          331         2303         2304
405            2026         2028         2299         2301         2304
407             790         1665         1666         3017         3019
408            3022         3100         3121         3122
410             487         1763         3114         3118         3119
412            1976         2027         2028         3016         3019         3022
413             789         1666         1667         1763         1981         1982
416            1520         1681         2164         2215         2216
418             813         2371         2464         2467         2470
419             813         1532         1534         2673         2674         2677
421            2161         2216         2217         2876         2877
422            1181         1387         2552         2555
423             813         1295         1386         1387         1720         1723
425            1875         2347         2348         2395         2397
426            1869         2061         2079         2391         2394         2397
427            1177         1869         1875         2555         2663         2664
428            1177         1181         1723         2346         2348
429            1100         2064         2079         2440         2499         2500
430            1846         2375         2377         2378         2451         2454
431            1995         1996         2131         2378         2403         2404
433             831         1998         2225         2656         2658
434             833          594         1994         1995         1998
435             831          720          587          833
436            2233         3004         3035         3038
437            1758         1763         2243         3165         3166         3169
438            1761         2233         3162         3169         3170
439            2085         2233         2236         2548         2553         2555
440            1869         1871         3044         3060         3061
441            1875         2731         3044         3067         3068
442            2728         2783         3062         3065         3068
444            2043         3054         3055         3058         3061
445            1177         2085         2728         2730         2731
446            1358         2498         2499         2618         2621
447             423         1117         1181         2085         2089         2090
449            2345         2348         2731         2870         2871
451            2166         2167         2349         2865         2868         2871
452             421         1117         1723         1954         1955
453            2344         2396         2397         3044         3047
454            1259         1262         3047         3066         3067
455            1260         1262         1994         1997         2000
456              91         2000         2652         2653         2656
457            1996         1997         2869         2870         3066         3068
459            2454         2640         2642         2869         2871
461            1619         1984         1985         3169         3171
462            1372         2241         3166         3168
463             163         1670         2491         2492
464            1664         1666         2491         2545         2546
466             149         2492         2540         2542         2545
467             948          950         3133         3136         3139
468            1128         1394         1940         2364         2365
470            1228         1961         2877         2893         2894
471            1941         1989         2220         3059         3061
472            2378         2381         2865         2866         2869
473            1554         2293         2460         2463
477            1583         1730         1755         2988         2991
478            1562         1787         1792         2987         2990
479            1726         1728         2984         2987         2988
481             869         2491         2493         2952         2953         2956
483            2277         2301         2302         2988         3018         3019
484             871           70          685          869
485             871         2385         2493         2544         2545
486             872          797         1307         2781         2784
487             874         1609         1610         1995         1997
488             872         1606         1979         2026         2027
489             874         1684         3062         3063         3066
491              71          871          876         1998         2000
492             831          876          150          715         2492         2493
493               1          651         1258         2987         3021         3022
495             872         1273         1277         2280         2304         2305
497             695          664          874         1261         1262
498             833          586          774          693          869          876
499            1264         2218         3047         3059         3060
500            1862         1865         2696         2697         2700
502             209          422         1117         1387         1388
506            1437         1525         3074         3077
510             962         1495         1864         1865
511             971         1927         1929         1932
513            2091         2173         2175         3156         3159         3160
514            1749         1755         2952         2955         2958
518            3050         3051         3110         3113         3116
520            2221         2224         2997         2999
521            1890         1893         1896         3070         3072         3074
522            1070         1359         2494         2495         2498
524            1521         1525         1749         1751         1754
525            1968         2058         2064         2993         2994         2997
526            1122         1394         2111         2114         2117
527            1843         2451         2481         2641         2642
528            1890         1894         2001         2002         2005
529            2075         2076         2670         2946         2994         2995
530            1680         1685         2679         2701         2702
532            1202         1620         1890         1892         1895
534            1222         1613         1957         1958         1961
535            1281         1809         1815         1876         1878         1881
536            1281         1848         1850         1853
537            1339         1521         1523         1526
539            1558         1563         1920         1921         1924
541            1551         2001         2003         2006
544            1920         2097         2484         2511         2512
546            2629         2630         2633         2912         2914         2916
547            1994         1996         2454         2656         2657
548            1950         1955         2345         2346         2349
550            1758         1980         1982         1985
551            1787         2013         2189         2195         2196
552            1957         2464         2468         2872         2874         2877
553            2221         2223         2451         2657         2658
555            1934         1989         2359         2361         2364
556            2027         2133         2402         2404
557            2090         2236         3159         3162
558            2111         2116         3048         3051         3054
559            2047         2132         2398         2401         2404
560            2058         2074         2076         2079
561            2237         3133         3137         3163         3166         3167
562            2166         2171         2294         2457         2462         2463
565            2214         2216         3055         3056         3059
566            2182         2331         2333         2336
567            2189         2352         2354         2357
569            3004         3131         3135         3156         3162         3163
571            2276         2299         2302         2305
573            2345         2347         2636         2637         2640
574            2391         2396         2600         2627         2628
575            2375         2398         2400         2403
576            2540         2544         2689         2690         2693
579            2464         2466         2494         2496         2499
580            2636         2642         2652         2654         2657
581            2457         2517         2519         2522
582            2510         2512         2636         2638         2641
585            2548         2659         2661         2664
588            2597         2622         2624         2627
589            2673         2675         2696         2698         2701
590            2615         2629         2631         2634
591            2671         2703         2708         2944         2946         2948
592            2681         2689         2691         2694
594            2728         2865         2867         2870
598            2778         3006         3128         3131
599            2872         2888         2891         2894
606            2912         2952         2954         2957
608            2944         2993         2995         2998
609            3032         3037         3038         3126         3131         3132
611            2984         3016         3018         3021
612            3023         3028         3078         3081         3084
613            3032         3048         3050         3053
614            3055         3060         3062         3064         3067
615            3070         3078         3080         3083
616            3087         3103         3105         3108
617            3110         3112         3117         3119         3122
618            3126         3133         3135         3138
620            3156         3165         3167         3170
cells 64          
0                 0            1            2            4            5            6            8           10           11           12           13           14           15          539
1                18           19           21           22           23           25           26           27           28           29           30           31           32           33           35           36          571
2                38           39           40           41           42           44           45           46           48           49           50          566          567          590
3                51           52           54           55           57           58           59           60           62           63           65           66          529          555
4                67           68           69           71           72           73           75           76           78          518          550          558          613
5                79           80           81           82           83           84           42           86           89          521          528          551          612          615
6                91           92           30           93           94            2           96           97           98           99          101          103          104          107
7               109          110          111          113          114           15          115          116          118          544          548          573          582
8                 4          120          121          122          123          124          125           19          127          128          131          132          562          581          592
9               136          137           31          138          120          139          141          142          143          513          557          569          598
10              145          146          147          103          148          149          150          151          152          153          154          156          537          615
11              159          124          160          161          162          156          163           59          165          166          167          168          522
12              169          170          171          172          175          176          177          520          527          553          566          580          582
13              178          148          161          180          181           86          182          183          122           96            6          185          186          510
14               38          189          190          191           89          193          194          196          198          170          539          541          544
15              199          145          200          201          202          203          204           80          206          207          506          524          611
16              180           97          147          209          210            5          211          212          123          160          213          535          536
17              214          200          215          218          219          146          221          222          223          224           66          225          226          228          229
18              231           63           91          232          233           28          235          149          236          237          224          534          616
19              239          240           68          241          243          246          247          248          249          250          528          532          541          581
20              251          252          254           81          202          255          256          257          259          260           50          263          518          599          617
21              264          265          266          267          268          269          270           73          271          272          251          274          526
22              276          277          278          279          260          280          282          283          285          530          598          609          613
23              162          152          289          232          291          293          294          110          295          296          297          210          104          298
24              299           10          113          190          302          303          268          304          305          307          296          308          309          310          311          530          589
25              312          313           46          315          311          193          169          317          318          118          294          319          212
26              321          101          209          297          312          322          324          325          326          308          328          330           21          616
27              211          319          332          333          175          334          335          131          337          338          250          339           55          591
28               52          342          343          344          270          345           71          346          348          349          350          520          525
29              356          154          207          255          280          357          178          360          228          361          107          612
30              362          313          363          364          365          223          324          332          514          524          536          537          546          590          606
31              213          125          335           18          366          171          318          367          116          293          371          159          574          588
32              172           83          198          373          376          246           69          377          378           48          346          379          380          585
33              305          266          381          194          315          328          382          257          383           39          221          384          385          546
34              386          186          166          387           58          388           35          389          390          127          391          513          588          620
35              392          185          151           60          333          393          365          394          395          386          396          163          506          521          532
36              398          241          399          400           25          401          138          402          338          121          404          405          575          576
37              407          215          206          408          410           75          412          240          399          413          271          556          559          617
38              416          237          295          418           49          419          307          111          421          276          263          552
39              422          423          289          367          109          425          167          426           41          345          427          428          379          418          429          579
40              430          239          431          377           72          433          344          269          434          435          547          553          559          575
41              436          252          356          226          410          199          437           78          438          561          569          609          618          620
42              439           76          440          441          348          427          442          436          279          444          445          139          585          614
43              446           44          362          177          393          317          168          373          429          525          529          560          591          608
44              447          390          449          428          128          451          143           11          452          183          445          548          594
45              453          454          455          441          425           29          456          457          449          459          371          547          573          580
46               57          389          461          437          413          395          462          248          463          218          464          337          466          398          550
47              231          150          229           62          387           92          467          360          142           32          462          511          561
48              236          468          225          259          421          383          470          471          350          278          444          526          555          558          565
49              451          141          459          472          401          473            8          115          378          243          196          430          527          562
50              204          477          478          189          339            1          473          479           94          396          249          364          132           84          322          535
51              464           26          400          481          321          477          407           93          214          483          484          485          203          514
52              486          137          402          472          272          487          488          285          489          457          431          303          442          556          594
53               54          342          433          366          176           36          456          491          492          334          485          466          576          592          608
54              267          299          493          479            0           99          412          405          488          495          483          571          611
55               23          497          487          455          484          491          434          265          330          498          304          382
56              283          489          416          310          326           22          499          233          497          454          298          565          614
57              309          191          256          201          493          478          408          381          274           13          551          567
58              486          282          136           98           33          404          361          467          302          495          500           14          510          618
59               51          235          349           27          453          471          499          426          388          165          440          511          560          574
60              182          447          391          439          422          461          392          247          438           67          502           82          376          557
61              264          343          481          325          219          492          435          463           65          468          384          498          606
62              291          446           45          363          385          222          470          394          153          522          534          552          579          599
63              423           40           79          419          502          452          114          254          181          277          357          380           12          500          589

