7.03e-03
4.49e-03
2.53e-03
1.29e-03
6.68e-04
6.58e-04
3.81e-04
2.30e-04
1.45e-04
9.65e-05
6.85e-05
5.19e-05
4.15e-05
3.52e-05
3.11e-05
2.85e-05
2.65e-05
2.52e-05
2.42e-05
2.34e-05
2.28e-05
2.23e-05
2.18e-05
2.14e-05
2.11e-05
2.07e-05
2.04e-05
2.01e-05
1.50e-04
1.12e-04
8.90e-05
7.49e-05
6.59e-05
1.21e-04
1.12e-04
1.05e-04
1.00e-04
9.69e-05
9.42e-05
9.18e-05
9.00e-05
8.83e-05
8.69e-05
8.57e-05
8.44e-05
8.32e-05
8.21e-05
8.12e-05
8.02e-05
7.92e-05
7.82e-05
7.73e-05
7.64e-05
7.55e-05
7.46e-05
7.38e-05
7.28e-05
7.19e-05
7.10e-05
7.02e-05
6.94e-05
6.85e-05
6.77e-05
6.68e-05
6.61e-05
6.53e-05
6.45e-05
6.37e-05
6.29e-05
6.21e-05
6.13e-05
6.05e-05
5.98e-05
5.91e-05
5.83e-05
5.76e-05
5.68e-05
5.61e-05
5.54e-05
5.47e-05
5.40e-05
5.33e-05
5.26e-05
5.20e-05
5.13e-05
5.07e-05
5.00e-05
4.94e-05
1.32e-04
1.30e-04
1.29e-04
1.27e-04
1.26e-04
1.24e-04
1.23e-04
1.21e-04
1.20e-04
1.18e-04
1.17e-04
1.15e-04
1.14e-04
1.12e-04
1.11e-04
1.09e-04
1.08e-04
1.07e-04
1.05e-04
1.04e-04
1.03e-04
1.01e-04
9.99e-05
9.86e-05
9.72e-05
9.59e-05
9.45e-05
9.32e-05
9.19e-05
9.07e-05
8.94e-05
8.83e-05
8.70e-05
8.58e-05
8.47e-05
8.34e-05
8.23e-05
8.10e-05
7.99e-05
7.87e-05
7.76e-05
7.64e-05
7.54e-05
7.43e-05
7.32e-05
7.21e-05
7.11e-05
7.01e-05
6.90e-05
6.80e-05
6.70e-05
6.60e-05
6.51e-05
6.41e-05
6.30e-05
6.20e-05
6.11e-05
6.02e-05
1.61e-04
1.53e-04
1.47e-04
1.43e-04
1.39e-04
1.35e-04
1.32e-04
1.29e-04
1.27e-04
1.24e-04
1.22e-04
1.20e-04
1.18e-04
1.16e-04
1.14e-04
1.12e-04
1.09e-04
1.08e-04
1.06e-04
1.04e-04
1.02e-04
9.97e-05
9.78e-05
9.60e-05
9.41e-05
9.24e-05
9.06e-05
8.89e-05
8.72e-05
8.55e-05
8.39e-05
8.23e-05
8.06e-05
7.90e-05
7.74e-05
7.59e-05
7.43e-05
7.28e-05
7.13e-05
6.99e-05
6.84e-05
6.69e-05
6.56e-05
6.42e-05
6.28e-05
6.15e-05
6.01e-05
5.87e-05
5.74e-05
5.62e-05
5.50e-05
5.39e-05
5.26e-05
5.14e-05
5.03e-05
4.91e-05
4.80e-05
4.69e-05
4.58e-05
4.46e-05
4.36e-05
4.26e-05
4.16e-05
4.06e-05
3.96e-05
3.87e-05
3.78e-05
3.69e-05
1.37e-05
1.03e-05
8.20e-06
6.90e-06
6.10e-06
5.55e-06
5.18e-06
4.91e-06
4.65e-06
4.46e-06
4.30e-06
4.16e-06
4.04e-06
3.92e-06
